-2.166099784395990400e+16
3.429483853756421120e+18
1.324259748298707599e+20
-6.598240945846377513e+20
4.007784881967253422e+20
-6.310444080613965169e+21
-2.137832967351028207e+22
-6.718171974324557395e+22
1.757704680687380988e+22
1.142925971358750720e+19
-1.422309049689907200e+18
2.340367877442713944e+21
2.215111316853945165e+22
-1.155589112264893588e+23
-2.654909437832867380e+23
2.435485791514285866e+23
-7.382714713136930478e+23
-1.716279231127118053e+24
8.564769438929750589e+20
1.378081546958403535e+22
-1.505940388379006861e+22
1.653402489903591237e+23
5.185387673933299067e+23
-1.535259991910747682e+24
-2.000942111567398901e+24
-6.457736326192533621e+24
-7.506654763511518694e+25
-1.741610427074832761e+21
-5.362518604575966390e+22
2.758011030540641821e+23
2.107226571493702936e+23
3.011462113887509795e+24
-7.028432439483938499e+23
-1.539396104782070675e+24
3.568442065893770094e+24
-3.842061832779226810e+25
-2.124103866652268589e+26
5.495415365471559483e+21
5.681492871714305370e+22
5.628547510236349842e+23
-5.768769448084701792e+23
-4.170601720889968188e+24
1.846376766898851786e+23
3.074507486565722067e+24
-8.471425956651100489e+24
2.586724613336226911e+24
-2.288770365559619102e+25
1.148904146364965466e+25
-9.726996148451118086e+26
-2.660643929324189332e+22
-2.428379485777606067e+23
2.364389427734929042e+24
-7.252146896674669665e+24
3.265366386442694713e+24
-7.567454784899760909e+23
-2.636763431228736819e+25
9.714444545066717229e+24
1.475928476650649222e+25
3.351751073123175499e+25
-2.187884337450169221e+25
-1.203568377179610468e+26
-1.711650807342085645e+25
9.748290582240709160e+26
-5.733691678494761681e+22
-2.084456161258687064e+24
-6.293630072399061064e+24
-1.185203930858967716e+25
-1.031046937891651235e+25
2.604348956605495284e+24
9.333028389805564340e+24
2.213561013434676988e+25
-2.603857515893289408e+26
-4.279262674306728725e+24
-1.259845494921665331e+26
-4.967279280130822559e+26
3.634240617932151292e+26
6.085644552226496127e+26
-4.085296922001986215e+26
1.418671829810492001e+22
5.521303688014085656e+24
-1.043521542516335173e+26
-1.026761446012162730e+26
6.251499866366327487e+26
1.746937580647103107e+25
2.821869651649005746e+26
-9.108714119966241723e+26
-5.809421796133826448e+25
6.033804788462451234e+25
1.356893658473649480e+26
1.759808493685752667e+26
3.744953308059266899e+27
4.027294217514254739e+27
1.142197107363015524e+24
-8.321467946321588099e+24
-9.233739684497140950e+25
6.704597872298786192e+26
2.906844819767802370e+26
-2.563014278006302483e+26
5.850148676379676089e+26
7.663006565187903299e+25
6.029296383951010309e+25
-2.370534687331182759e+27
-2.623831332022780166e+27
-8.872306286992374885e+25
8.129926951618893915e+26
-2.881431345798209077e+21
3.032707572609675428e+21
3.546439909458461065e+21
-7.983026044380655072e+22
-2.070375732781422310e+23
1.076128058837328042e+23
-5.181800985231763073e+22
-3.705631181430044582e+24
-1.153763809826980703e+24
1.191605593289034228e+24
-9.177060296435953834e+24
-1.303133728048403278e+24
-2.170610897171251888e+25
-7.100899944639860778e+24
3.738871600333221663e+25
2.001595810445205746e+26
1.307081538443066433e+23
-7.586984522819095253e+23
-6.044575852094514384e+24
-3.042145044282757269e+25
2.684474268307652298e+25
1.179019900143180275e+26
4.725343701999102872e+26
8.993234092203328758e+26
-1.821742234273225931e+23
-4.150956548809000978e+24
4.927827057134951738e+24
7.873772112292218988e+24
1.390809680802375270e+25
3.188579195388138428e+25
8.576697512527998560e+26
-3.986667109397582863e+27
-2.258086773145839878e+27
1.522814162290878391e+24
-3.747862237059989607e+25
-2.801045019912781121e+25
5.377627237896760323e+25
5.351724345190655117e+25
1.412087291671667361e+25
-2.012765380697021085e+26
3.366933874886358308e+26
-3.549327589164760269e+26
1.337381435214810145e+27
6.038018952435073781e+27
-5.343723837317548780e+24
1.528406480930989404e+26
-1.507375465950365148e+26
9.412347916795414083e+25
-5.731961788861997311e+25
-9.407245010410741322e+25
1.377663596796256819e+26
-5.123417589935705678e+26
8.651513906814548170e+26
-2.889323683420618013e+27
-5.788929435786132163e+27
4.858559128147787806e+27
1.948741598074197895e+28
2.813071299543506021e+25
2.419285010883101533e+26
-2.792145338182103134e+26
7.587449977758150583e+25
4.393605416304555311e+26
2.353118680172276644e+26
6.739765300958075711e+26
-3.487994421848010984e+27
-9.714504205617281141e+26
-2.553334871169475211e+27
4.178008037998534869e+27
-9.661247258029227023e+25
2.509271616385240612e+27
4.694903313097756526e+28
1.392308159956417335e+26
1.052661605214263772e+26
7.636560722575144038e+27
2.704173357957214807e+27
3.425414677536652321e+26
-3.673119741946244754e+27
3.669409480996087514e+28
-1.226983714888336265e+27
2.760741815700804939e+27
1.584646105983571506e+28
1.670091601206574860e+28
-6.669725902690422064e+28
1.088721262903582978e+28
2.363681633726551222e+26
9.769234612940790740e+26
-1.226148714115282388e+28
4.831256570890653020e+28
1.126044917288630235e+28
-2.804264972472777514e+28
-1.407506405044401193e+28
-1.323360599258513353e+28
4.487426104185718448e+28
3.896190969058292490e+28
-1.976561221914249523e+27
-7.261401996340824585e+28
-2.152412113874492494e+23
4.851420706345271928e+24
-1.468783255693612621e+24
-3.249243155672430469e+23
2.127795613215797252e+25
3.177228232809274828e+25
-3.197139671962138245e+24
1.444505213975804773e+25
7.840223918871085605e+24
-1.477329848624149443e+24
-6.903624664203887040e+25
-6.196243087664677504e+25
-8.136029642443224782e+25
6.590227147351914416e+26
1.796873181689698462e+26
-3.424371496128049093e+25
-3.562245919785056602e+27
5.582146250613388164e+27
8.683799401636365312e+26
-2.992845643358138258e+27
-4.108584708076476865e+26
3.050967716655187742e+25
-3.876511755628492152e+25
-1.412206578980433294e+26
3.515994223590931378e+26
-1.348861393712028004e+27
9.716640229049497661e+26
-7.671460054922127465e+27
-2.928011101208971133e+28
1.348166199511318566e+26
3.257750071993541200e+26
-8.672385141755504861e+25
-2.411503129012812905e+26
2.267321320845994491e+27
3.205210082539800024e+26
1.136920742790890767e+27
2.380345410241583218e+27
6.669974504893510489e+27
1.015818291660106503e+28
-5.527529040502619398e+26
1.337821766326883503e+27
1.002077525874690455e+27
1.393668873022892932e+27
4.702741717820942126e+27
5.341649404130648243e+25
-3.664526983824988900e+27
-2.887863121408795373e+27
-1.368462562192598902e+27
-6.923102093842375116e+27
9.872398412578397739e+28
-8.130209586142717978e+28
-2.404802704952219488e+27
-7.209481508210229981e+27
5.294827694615546375e+26
4.122785983058694363e+27
1.438265219020019830e+27
3.770334163259786006e+27
9.243743445896961489e+27
3.536126823183211955e+27
-5.277518517851129417e+28
-8.191650949960813533e+28
3.217192371702918552e+28
-8.982437436548179801e+28
1.908775975185478149e+29
6.413279811803089258e+27
-3.834632220584602257e+28
-9.830802821298595887e+27
6.054477013697272493e+27
6.144596357573434575e+27
-1.381534816924331270e+29
4.204055756251615799e+28
1.980317918524137900e+28
2.165502863332568056e+29
-1.460295529332810868e+28
-9.095104705920400724e+29
-1.770637577410374266e+29
-5.691167840986956634e+27
-2.574767017030641794e+28
-2.348132720139378926e+28
-3.063663050520995522e+28
2.242880419564279869e+29
-4.679045588553761940e+28
1.590053374945692231e+29
4.514795610855519854e+28
3.870480228889913650e+29
1.483635784320122089e+29
1.404779666009690768e+29
-1.041634486319849853e+25
-1.670931267982827724e+25
8.049393469953119869e+24
-6.994528782597416357e+25
-1.782063845711501877e+25
-1.373540069637578523e+26
1.298571202126868026e+26
-4.481018622405585232e+25
-5.573055378468435823e+26
9.371053898808085604e+26
-7.510120331192703041e+26
8.282960544842539057e+26
-1.087821792157970961e+27
1.290844566376275576e+26
-2.652120878331057761e+26
-3.032880106388369036e+26
-9.390259314614182578e+26
4.399013680504525674e+26
3.005706413391690985e+26
-5.411366642151658800e+26
-2.763183366212715556e+26
2.280349410816976874e+27
2.693754477331745442e+27
-4.439778572072576893e+27
-1.036217901774386669e+27
4.070076365359391519e+27
1.400137381354060996e+28
9.961581168043883546e+26
-2.278714413285040221e+28
-6.149558356735012682e+27
5.713713023085962830e+27
9.684606983772613524e+28
2.447991864651199503e+28
1.075650465575982747e+29
1.121941207404878502e+27
9.701454331312560334e+26
2.395074574190832591e+26
2.066596430514276039e+27
-8.800890112794582970e+27
1.093824686870484320e+27
-6.820106012379365944e+26
2.409741106947833446e+27
-4.965981994450957541e+27
-1.559160145312798086e+27
-2.778109153944987951e+28
4.834732455227418815e+28
-6.518600253960663584e+27
1.644345257187300795e+29
-1.588519876067434209e+27
-1.264163212227761573e+26
4.896879150965105322e+27
-1.559865150764644178e+28
1.722102999870028339e+27
-1.216117616480387117e+28
-1.670905378133828457e+28
-2.668926254130135425e+27
7.718588800507917153e+28
-6.802290284108240183e+28
-7.962820474934739396e+29
-1.100442109785386445e+28
9.318550495353027005e+27
-1.067461470347784782e+26
-8.945867157307331757e+27
-2.244996024705729845e+28
1.324205049795618726e+29
3.698325218230554051e+27
-5.017369120438920432e+28
-1.268925594924052203e+29
-2.109471433445599330e+29
-5.945786877423446303e+29
-2.854549427254739224e+29
5.103329283526624845e+28
-1.823434054978967501e+29
3.866627594906481975e+28
2.178431143853977281e+28
1.585511473131722942e+29
6.578493856542038210e+28
-1.006322814663790196e+28
-7.123567895086772957e+29
4.068328979013819291e+28
-3.663091366621985898e+29
1.301447428959873282e+30
-8.065911590244855717e+28
9.417303168263695091e+28
1.659510997706493167e+29
-9.787471086930253615e+28
-3.133390535880393628e+28
9.008007802441959519e+29
-8.244507972450277685e+29
7.587904626031757658e+29
-7.859343709712265773e+29
1.643239089273782052e+30
1.812997206409386755e+25
-7.025178977278922642e+26
-7.409386181300154925e+26
-1.375040339087071266e+27
-8.825975642735002805e+26
-1.586488650207520146e+27
-4.171005572760148508e+27
5.963008830683354462e+27
-6.160583002031489638e+26
-3.623296538286607047e+25
8.069565403052536622e+24
-5.505157891562122484e+27
4.083077592780325645e+27
6.540867949714691588e+27
-1.862120055702766350e+27
3.577815391701773454e+25
3.365353511731107645e+27
-2.224090479118181432e+27
3.512391520484430135e+26
-6.005913715080035079e+27
2.087474633221718034e+28
1.248745261268937427e+28
1.454164453717850118e+28
2.344135695389661130e+28
-5.516440558179266203e+26
2.139913826178254091e+27
6.732782723764633031e+28
1.340703430352134729e+29
-1.592422545564284764e+28
2.771643650456583317e+28
7.034345707721575353e+28
-1.060149676665565948e+28
1.491664844200079535e+28
2.221069786757331622e+29
3.117525392014310540e+29
4.094238079701379080e+29
-1.599937194034535363e+29
6.614847049789029970e+27
-2.212348684837504325e+27
-7.724421688996743649e+27
-2.907472975028575166e+28
1.290058984188135234e+28
-4.450818302493102543e+27
-2.329332908410703120e+27
1.798214757979790622e+28
5.736019523591912975e+28
2.330689780227247366e+28
6.364428717275945213e+27
-1.727772501964973455e+28
1.272465095272174429e+28
1.871520247036814515e+28
1.291229520162725217e+28
8.855340794837301469e+28
2.060933423710043540e+28
-6.958328937855443179e+28
1.056880037510263817e+28
1.517064031691808231e+29
1.007644703543074469e+29
-2.670589762620672949e+29
-2.879980834989542933e+29
2.754672549050977748e+29
3.137174261048733770e+29
8.247926945686566193e+28
7.507065882334196025e+27
4.781118418413736932e+27
-3.029545065886764381e+27
1.164605715221433661e+28
8.690823348477463227e+27
8.388567077759576336e+27
-3.971555991357976066e+28
-1.153212663723542209e+28
5.091747484397402981e+28
-1.551241379232420502e+29
-2.536287768377235883e+29
-4.801046885331192458e+29
-2.791382039004324973e+29
2.232350900817725503e+29
-1.168305167258400581e+29
1.184576059699572211e+30
-1.450039817825332723e+30
4.375616106951265055e+29
-2.216237889451776843e+29
8.614877230442343086e+28
3.369330784788675018e+29
-5.436095020913478433e+29
-1.805017401551567567e+28
1.031885945399580260e+29
-5.515330040296249192e+29
1.501327686321896841e+29
2.352603707783714212e+30
3.283243509303903583e+30
5.262758083142493326e+29
4.230225392553651108e+28
-5.994560976751067742e+29
7.309753798967218036e+28
9.788933469034019257e+29
1.377578815455875552e+30
-1.488381958451222496e+30
-9.713570564417400184e+28
-2.919244797147402383e+30
-1.148330038451031997e+26
5.372622751275043618e+26
4.609253609920892468e+27
1.384252521354240345e+28
-1.396031151416295830e+28
2.784607507449455966e+27
-1.047914445408156957e+28
2.181039005732724730e+28
1.301831763556821283e+28
-1.632844648136650401e+28
-1.266050269725143562e+28
1.514848968559055361e+27
6.495818364190667844e+27
2.337581724003321133e+28
4.336407949876515712e+28
3.081810992851181064e+28
3.669794699283737827e+28
5.020092045999726062e+27
1.038869544843084021e+29
-5.975205058422208095e+28
2.266443908772406650e+29
-1.429122780836650963e+27
4.410475902130566710e+28
1.118155058117533750e+29
3.290662888348067167e+28
1.736982621865251970e+29
-4.329947651811252929e+28
3.531025529457831046e+29
-1.213249292820497612e+29
5.299974380248638371e+29
-1.213524188412776126e+28
-6.524136363245683580e+28
-7.071288335059765859e+29
3.282063745897856146e+29
-6.558151146184087147e+29
4.790273562560549824e+29
-4.637786253609784367e+29
1.354999600482530515e+28
1.063150465840925294e+29
1.571062734844562056e+27
1.413426982779305861e+29
1.613653291353209506e+29
-1.807454365063317551e+29
5.649582177734113046e+28
4.834463648009538135e+28
8.040106290008677261e+28
-4.232176968069218595e+28
9.649956312107767049e+26
3.528278674521663674e+29
2.497795143763415507e+28
6.859862050128832266e+29
-2.772334773525575944e+29
-4.867194795418287306e+29
-4.804694204600886591e+29
2.634027517490487317e+29
4.994268140949451630e+29
5.949189669028248986e+29
5.338496863393096324e+29
2.358431603102293981e+29
8.021198316565858166e+29
-1.164563918879628751e+30
1.373649506865223180e+30
6.544913088749480135e+29
2.159356923310039052e+30
7.830197669337855233e+29
1.478575146346166999e+29
5.255989136503607599e+29
-1.454324331338818918e+30
1.613198235368563893e+30
6.074150380224693195e+28
1.240238525953039568e+29
-3.394559271759117158e+29
-1.754076110964214449e+29
7.049917851222346438e+29
3.648111268686342907e+29
4.016960273770473143e+29
8.274082358231403860e+29
1.777564364192765684e+30
-4.402491721156867819e+29
2.388573627609726376e+29
-1.185154207286355784e+30
-2.421591211857838600e+30
-2.547505704662856683e+30
1.409018011020804186e+30
-2.408229785757002346e+30
2.188555730321430396e+30
-6.409793786375495841e+30
2.105283523882961948e+30
-7.888176654815307426e+29
8.543778117508240605e+29
5.433538474650420422e+29
-5.002738421026495467e+28
2.284766545602965772e+29
2.641179742103121197e+30
-6.337910928769906746e+29
-2.062941598076163157e+29
1.346231553368792302e+30
3.762389273477142812e+30
-1.582876368895552746e+30
6.100072258688142582e+30
-2.359956872449366599e+29
-3.059260311818544964e+27
3.858510536251037102e+28
-5.303840356522110203e+27
-5.510662969865551510e+28
-7.463691797045291692e+28
2.942619797002067927e+28
-1.305200626962425787e+28
-6.831677802895782802e+28
-1.154250247555047020e+29
-8.947649460139577294e+28
1.998715215632689135e+29
1.570412503398756395e+28
-1.595686722359966464e+29
6.022226652415343325e+29
3.601260494390793017e+29
-1.399106674872509331e+30
6.599814132469583561e+27
-2.227728033033815352e+29
3.342601215669885351e+29
3.458142605849845418e+29
4.135176206244547412e+29
1.477954247559960910e+28
3.858989389606762988e+29
-3.023965359700624647e+29
1.035100751692545173e+30
-4.208159364992403707e+29
5.564049581685802303e+29
1.148596314477135183e+30
1.798823126844050002e+30
-7.139089546679562783e+28
-8.283258434507728412e+29
-6.250709661104826334e+29
8.976760934640504550e+29
-9.573949262494282467e+29
-8.808141874892909465e+29
1.868843789656053113e+30
5.333004657084770797e+29
1.598027617737039998e+29
4.954883679528314358e+29
5.785708093927105176e+28
-2.654700582839287764e+29
9.891781481352964727e+29
-3.016003668648240068e+30
2.583651124564120552e+30
2.164560261843425002e+30
1.735856616025308687e+30
1.695262479352000235e+30
1.492366354984100508e+30
-8.425246590293410713e+29
5.942663115607057556e+30
-4.800982326144536882e+30
-4.348320123625928095e+29
8.512654791336835653e+28
2.203903125429458968e+30
-4.106226045482435929e+30
-1.180963801805439323e+30
6.409879630436638131e+30
7.436287651670837749e+29
2.401223373232349308e+30
1.104817795281191340e+29
4.335846169479577496e+29
-7.919999592735199576e+29
-8.102387024342720381e+29
5.273299691224258207e+29
6.387168374144078655e+30
-3.047852498200614984e+30
9.011040722007171423e+29
-1.022810128564173795e+31
-1.053067683929453079e+31
-3.509345382514343486e+28
4.843694226559428713e+29
-3.491914700232462425e+29
-4.637649315491783747e+30
-2.062911247113947028e+30
3.732011302122057888e+30
1.857608462520287203e+30
4.430935213959291724e+29
2.833530206655883637e+30
4.155249220203108959e+28
8.315820256018182323e+30
1.155525243073256006e+31
5.828704261150498721e+30
8.076578543849090087e+28
-4.633295598934793351e+28
4.105034749628551932e+30
-3.390292688244880158e+30
-4.286746560826398066e+30
2.558186612836438445e+30
5.494950703381517720e+30
1.744500863380716446e+31
-1.415595342216715110e+30
-1.369949708667615399e+31
-2.822185236751001158e+30
-7.984985105482134494e+30
-1.856987608148256211e+31
3.530540763151808722e+31
-2.274071054128093462e+30
6.185419647857297951e+27
4.071951234278750693e+31
2.931248795492019556e+29
-8.691581184651171651e+29
-2.574637762100622193e+31
1.411235724562080652e+31
6.934955240389328635e+30
-6.241308178940174250e+31
-1.892520482142966657e+31
-9.795950408859398265e+30
5.001896137153912884e+31
2.342148841172499661e+19
-7.242769085934580531e+19
-8.948331867747103539e+19
-4.845341592027185807e+20
1.295650104615018430e+21
6.747509909094748127e+21
6.475160464759403315e+22
-1.126631164916165037e+23
-2.047453192104252211e+20
6.173312516079785869e+21
-3.067062762138609333e+22
-1.467026749877073362e+23
2.112118263852081716e+22
3.177109403431047319e+23
-6.587625291983725892e+24
1.691507342769240737e+25
-4.482051811444746879e+21
4.391891473821550510e+21
2.680526751145436706e+23
-1.261877209074975134e+23
3.017041467917503719e+23
3.192429003824862765e+24
2.640684297929521837e+25
3.351752900100575142e+25
-5.569029708510088974e+22
-6.506471821214295785e+22
1.545339292810791721e+23
1.844885929200204909e+24
-1.557882367688310079e+24
-6.773730923302920118e+24
2.322269106138386438e+24
1.403655703467305401e+26
-5.268488664154688231e+26
-1.203523420531197917e+23
-2.127637856167235038e+24
-1.528765103126283100e+24
-1.344049381258712496e+24
-2.895464270594280700e+23
1.357284730359109076e+24
2.597201232346458662e+23
-4.220614360030809839e+24
7.282224038090512942e+24
1.539214900945333574e+25
2.451172832347593223e+26
-5.206803056701981873e+23
1.490332831039076329e+23
-2.401353629062495411e+24
6.285302682458899826e+24
1.657967173738743527e+23
-1.309902662977367661e+24
-4.522862409848289963e+24
-2.090190028878622826e+25
-4.469437798471973319e+25
-8.664284921706582383e+24
1.250992823324660521e+26
-1.358793706657689655e+26
-8.249821464870912461e+26
-1.758449898667634858e+24
1.787191685092933777e+25
-3.351279685276707310e+25
-7.145949784685506221e+24
-5.311569707400149586e+25
3.749315410293274408e+24
-2.817464796923502628e+25
-4.250749371324295514e+25
-1.350766347049179905e+25
-1.690684547437841858e+25
3.448057762159076933e+26
2.374327888201831513e+26
-1.070002240646701611e+27
1.139590067818955777e+27
-1.722790559057144710e+25
9.956681846116678620e+25
-2.114084186016163164e+26
-1.545688241773875627e+26
-1.006454813071056136e+26
2.042410470606566952e+26
-1.215171052533770114e+26
-1.122324218794904928e+26
-5.675752888712147588e+25
5.051466410413500137e+26
-2.799859936493296986e+26
-1.420690356760137469e+26
3.051021497580297425e+27
3.948992510880013901e+25
1.241381866083937027e+25
-6.218826505685556091e+26
4.157036097787540231e+26
-1.558093463211784221e+26
1.267101075462698928e+27
2.539076329294561725e+26
4.792920487793591238e+26
2.255424818788192389e+27
-1.454812314391490865e+26
-3.354884379466674048e+26
1.588743920472179267e+27
-1.944975704394444885e+22
-5.954138353982922713e+22
-2.259506746299313050e+23
9.532204494419014724e+23
1.897281341044038702e+23
5.256752348504129830e+23
-1.346625946793110978e+24
5.086682332784818022e+24
-7.069181261948531713e+24
1.222156443200238768e+25
-5.319699125642157449e+24
1.553606906355490023e+25
-3.667326637623466909e+25
-1.117157013133221293e+26
8.740597841047842802e+23
1.283872649186031882e+24
2.400400230549013224e+25
-3.832241827989932399e+25
-6.211875996902532057e+25
8.230411685897213818e+26
-3.827950188928980033e+27
2.956127036531744231e+23
1.716719508084540454e+24
-1.766968554546194235e+25
3.611204000061973718e+25
2.414983713633777988e+25
-3.200223973436620274e+26
-3.290564142136694050e+27
2.201883266272332847e+27
2.705674849495116458e+25
2.482653356706670139e+25
9.898268270755214119e+25
1.368463940260000533e+26
2.401410960643947482e+26
-7.550987178711604621e+24
4.718797782570595422e+26
7.438281689917891056e+26
-3.069996006545907183e+27
-2.223123421542743800e+28
-4.743085100267019001e+25
4.037779888074477220e+25
-1.275688216319364713e+26
2.064754868146636440e+26
-8.375386256364289372e+26
-2.358461659623767434e+26
1.466440832302794221e+27
1.088943411768552198e+27
-7.078460597518183188e+25
4.452636621942403073e+27
-6.251512434252178793e+27
8.250558662495734795e+27
8.366462839344647809e+25
-1.952376102936314968e+26
-2.586304494281783863e+26
5.783341219800705454e+26
-1.967809011270381331e+26
1.769763592583107441e+26
-2.219879758470722800e+27
-6.014951345741246936e+26
-6.763997932779613849e+27
1.322633667219107294e+28
9.332308627078574796e+26
3.092962593555630043e+28
3.438839169795996096e+28
1.360952673293280956e+27
4.120037152616453995e+26
-6.607003262395149030e+27
-7.115350000070689870e+27
1.137412583565566806e+28
-3.053351912955770906e+28
2.485166121795750219e+27
7.571283083609588295e+27
4.101406389089526632e+27
-5.685570939671501915e+27
-4.270038962268450104e+28
-1.562946978938573437e+28
-1.355841648640756846e+27
-3.423323615841028754e+28
-3.994930481457001279e+27
-1.816215576899617026e+28
-5.536825285189266197e+27
-1.692873701655365239e+27
-2.446223507174115108e+28
2.290183471954730305e+28
1.718716662401769132e+28
1.858839765367023568e+28
-4.026035931088173698e+28
2.883166855797387494e+24
1.316311388013652100e+25
9.924015595144813501e+24
1.475431366007804180e+25
2.726882260228637553e+23
1.818938835876661168e+25
2.962271875307775481e+25
5.591758625029328562e+25
1.003280204055065661e+26
-1.398823978455089497e+25
-2.793479285001905941e+26
2.023793793999505396e+26
1.432523236248482822e+25
1.740533881654863431e+24
-2.478378007794004897e+27
4.008396015371424392e+26
-8.485152439350474101e+27
-9.131863685554797633e+27
4.699158634529434716e+25
7.344229042354272421e+25
-1.546210261439834920e+26
5.372894917811719800e+26
2.368186401006672944e+27
9.639495335210073815e+27
3.510968086982271294e+28
-1.462725978035406910e+26
2.430331292628698275e+26
1.525797818867139350e+26
1.857380667065530032e+27
-1.377082433129095935e+27
5.002351595903046603e+27
5.896036621242914535e+27
1.761443659247696327e+28
-6.934775569598689656e+28
-9.518401366123066674e+26
-3.374308712809545839e+26
8.428087638290097165e+26
1.536014189836131886e+27
2.146029840832317490e+27
-1.474862448850873147e+27
5.562921606010868672e+27
3.391559273448476383e+28
3.632907678384084472e+27
-1.129717313795039238e+29
-6.162550511270258728e+28
-4.553136665748089499e+27
-2.704261972607203303e+27
8.383944900677657979e+27
1.466630793390423113e+27
9.153239513658660350e+27
-1.379801859306914841e+28
5.350106309085711493e+27
-3.628328488364122591e+28
-8.526563743462790236e+27
5.458891986396657671e+28
7.815095852896349457e+28
1.101857328999020959e+29
1.642400097572162531e+28
3.068280474892602347e+27
1.410039751341061700e+28
2.693007059845139657e+28
7.538845811116899285e+28
3.223348162188445323e+28
1.034516784365985839e+28
-1.633964805972189674e+28
-9.211923303422967775e+28
4.254135442768962882e+29
7.620182435667824982e+29
1.822672110140484147e+29
5.948420635380499836e+26
-1.218627840507929832e+29
-5.749461104789119117e+28
1.886936075759741918e+28
2.186074521252588840e+29
-1.913934967556675779e+29
-6.120428783684117105e+28
1.505858891213590766e+29
9.063699934538665004e+29
2.637966623544588943e+26
3.314697890228015221e+26
-1.263287866282818631e+25
-1.072370927357131336e+26
-1.043515667623687307e+26
3.266512050780473202e+24
3.604629109977068875e+26
3.446057805693620927e+26
-6.763980081962366328e+25
1.515177418588744024e+26
-1.253161692996411082e+26
-5.520197401943027977e+26
4.282473879636472737e+26
1.560404495295291779e+27
-1.110864406185968842e+25
2.524284966588486884e+27
2.830720819349602725e+27
-7.500760685684259155e+26
-5.112992210398307687e+27
-2.594429311569180131e+26
9.154741394071390929e+27
2.402808124611351804e+28
9.507241543688509677e+27
-2.212603827665735045e+28
-5.951957001437651436e+27
-2.755394976900209797e+28
-1.034372764448622864e+28
-4.681028122486295477e+27
-1.829293451827304968e+28
5.296927450050329045e+26
-1.458397644629349726e+26
-1.662898193850396363e+27
5.329748902555979347e+27
2.494496084126569900e+27
7.166700796424078981e+27
1.432484359933093429e+28
-1.098203718728471552e+28
-3.326584393600260664e+28
8.711758727578348670e+27
1.405270390605129598e+29
1.501852465230246020e+29
-4.286865153210656662e+27
1.944333857377568666e+27
8.494290713531425893e+27
-2.362998486011612006e+27
-2.494469043472096533e+28
-2.220460696417880973e+28
-5.630736191715764815e+28
3.652942805721743016e+28
2.616378136893276365e+29
-8.744759356194026863e+28
7.772419074375356719e+27
-6.083393181244190259e+27
9.548473157969611928e+26
2.144994431985042245e+28
-7.029462843187756485e+28
2.273564776150892971e+27
2.311691213097749960e+28
2.951939303861963189e+29
-1.443675578458390577e+29
7.503533587197545163e+29
7.369343044231988358e+29
-1.891041515487057570e+29
-3.850089520231851347e+27
-1.814200804375698291e+29
5.724580018554108028e+29
2.471610555084791867e+28
6.333156674438361100e+28
-4.682367896019956199e+29
7.407145104064466657e+28
-1.930218353256082016e+30
-9.447755945676232901e+29
5.688344690502873333e+29
-1.954778067280870626e+29
-3.240550979857037167e+28
2.716619222096800377e+29
-7.164192119897363018e+29
1.761819637583890103e+29
4.459658568778455237e+29
-5.313677571696109440e+29
6.246524130588487190e+29
1.215777323821489891e+27
-4.111536816653744960e+26
3.228230279070013690e+27
-2.313175375892197813e+26
-1.833470271205213766e+27
-9.270432711642797993e+26
-1.684705342965499222e+27
5.067490629936634888e+27
-2.515821379403160607e+27
5.841728077177494639e+27
1.817535527289471330e+28
-8.056040144764360850e+25
2.974750055820620643e+27
-1.476879141919375303e+28
-4.717634903482006947e+25
3.553948443478641985e+27
-1.085672452031569456e+28
-1.693978236787882491e+27
-6.962599483825206201e+25
1.278391562355499048e+28
-1.163760224354511836e+28
9.023206121059605374e+28
9.118731621429443860e+28
-5.231827796017976976e+28
-2.667799273862826880e+29
-1.858363834611882270e+28
7.414450919817379250e+28
8.372832140442073458e+28
1.540866044644038804e+29
1.120193227646579793e+29
-2.094238054400750809e+29
-1.614084433161116530e+28
-1.833967240558844039e+27
-8.445797671339758018e+27
1.501346001544267470e+28
-4.979446316027819642e+27
2.848700127666733080e+28
-3.929831490621107281e+28
2.101752334181640792e+28
-8.064533863854014088e+28
1.564765468472369674e+28
3.695870751115810660e+27
-2.458171321080651763e+28
9.695987051700813387e+26
1.090267631712894785e+28
-4.955646804431471941e+28
5.845244872623455099e+28
8.046460155092160049e+27
2.847520872640466664e+28
7.174995542814113150e+29
5.854749890489261733e+29
-4.451873495616442589e+29
-1.551721143301801679e+29
2.372369050676921415e+29
8.645678007419755524e+27
-1.957430353272232431e+28
-2.971291626605882115e+28
-1.604653665896566526e+28
-1.433340139529124372e+29
-1.559088514750731529e+28
-4.314512725426816623e+28
-2.076483715506105473e+29
-1.974798843349784277e+29
1.382324989659984728e+29
-3.686475140746773483e+28
5.743526435154111616e+28
-1.365324647079652826e+30
6.021443582653576936e+29
-6.476114522407620068e+28
2.332441992117010257e+29
1.639458456860913963e+29
8.086401817540120547e+28
-2.401318188177892423e+29
1.356724558416080401e+28
-2.136039705909394841e+29
2.078383602367472644e+28
6.369894292191064573e+29
-1.777052165081013064e+30
-1.542966247957660517e+30
-1.036202797048700331e+30
-8.024700004143992881e+28
5.248911398133519683e+29
-6.737846611158231797e+29
5.365190949158316090e+29
-4.043671926121446048e+29
1.256196245424642897e+29
-1.530780932987380876e+30
-6.035099568444506116e+27
-1.184566273201866492e+28
5.878426177461559958e+27
1.379041852116769629e+29
-2.251935639425238228e+27
2.583212964662498078e+27
-2.271310649726317715e+28
2.431528455341877353e+28
3.219314385268107246e+26
9.841014487082514638e+27
9.663523508939740158e+27
1.042453467684813568e+29
-1.045419877912001354e+29
2.583558306944931821e+29
-8.660470537037037413e+27
-6.193916874057865616e+28
2.803205675698955454e+29
-2.988106452937519363e+28
-3.027834509615360681e+29
-1.686428608897695015e+29
-1.630954333191696453e+28
2.994599327592331226e+29
-3.240977206662747207e+29
-2.394058011659336275e+28
7.854283352058882868e+28
-1.004601374476050773e+28
7.575431700478855725e+29
-7.407167260958942587e+29
-4.517308182886472283e+29
1.779333634821767861e+29
1.928001512367869319e+29
-1.898491085668364582e+29
3.239892715199201840e+29
3.760597710880005488e+28
1.214760897612735624e+29
-5.534872781904540787e+27
-9.415609145312216409e+27
1.575537680329574253e+29
-1.827824856905668716e+28
2.726541878574132506e+29
-2.836983923270192528e+29
8.718889353541612922e+29
-1.258521793755027417e+29
-3.379098576294644043e+29
7.102707135829942003e+28
-1.396395486421605811e+29
-1.343298869432811919e+30
-2.528775532095566353e+29
3.392283379689496470e+29
2.215983337634920232e+30
1.014203842848900102e+30
-6.441811446997433478e+29
-7.995175849618157521e+29
-1.036037191781995685e+30
-1.152427484359593839e+29
2.183123485557146760e+28
-1.720031907445509843e+29
-6.151237637156181223e+28
8.889613367413231278e+29
-9.770052697315208112e+29
5.877466769449971811e+29
2.141547979864755049e+30
-7.615368623017848313e+29
-8.648073556277722947e+29
1.562218817435510668e+29
1.348542639773738224e+29
-3.168536849075759394e+29
-6.229182579257435745e+29
-3.379850974486179844e+30
-1.920768237657551316e+30
-3.499349323592393255e+30
1.333242693049523589e+29
-1.908569336217450303e+30
-4.445583854974522941e+28
2.371717663783418970e+29
6.796088733619740254e+29
1.722415450993115700e+30
1.391988680207316658e+30
-1.620529777753706840e+30
2.910441804848753598e+29
-4.125969623371213165e+29
-3.519706480382453070e+30
-8.786784776567862956e+28
8.031723052245757203e+30
-2.756097045415096283e+30
2.335745298732865891e+29
-5.909653127762842701e+28
-1.547496917479013365e+28
5.464271149404288095e+28
-4.653432974961364894e+29
-1.095967432870045108e+30
5.195866482467081197e+29
-3.797272205158968909e+27
5.071507493851943453e+27
6.534666374477595460e+29
-9.514366387103461611e+29
-1.718276362327970066e+29
-3.963855458686920821e+29
1.476975895454232475e+28
-2.357194068580233743e+29
6.044006761523771103e+28
-2.578263713521843654e+29
-1.618951263534167433e+29
-1.418623817096333443e+29
4.608139822874304758e+29
-1.110569591685289305e+29
4.546975478239383228e+28
-1.167559505445550440e+29
2.542488514981182669e+29
5.566294539772497267e+29
-3.676847564324791081e+29
1.180159457299587022e+30
-1.216436499817268050e+29
-3.195297777491129461e+28
-3.266374810197829832e+30
-2.400423499086625876e+29
-4.541416517804344957e+29
1.090869091271974938e+30
3.677714907564351094e+29
-3.359756119608457821e+29
4.788290559069611001e+29
1.921973581342003481e+30
-1.020378752532953729e+30
9.804435412235643815e+28
-9.178620903709118277e+29
2.844989302428563853e+30
3.234581586553661596e+30
-2.919589541357785675e+30
6.087618281223886679e+28
1.536456485976808896e+30
-4.191058875485762541e+30
1.237425924944577365e+30
-6.234542627037379519e+30
-1.160320077559309495e+30
-1.915026070128209710e+30
9.319623628708556070e+30
-4.931771730006835678e+30
3.211118760885454740e+30
1.466453090398028675e+31
-6.317178859918763330e+30
2.292110844140118499e+30
2.626072682203348214e+30
4.030323199495184603e+29
1.386543677688566182e+30
1.348704004071281871e+31
4.841485638126933303e+30
3.394922461347992540e+30
-2.162254339877392560e+31
-6.291053481106854860e+30
-1.005180150701941356e+30
-4.749832953608664635e+30
1.679415258436953535e+31
-2.905220870163457623e+29
-3.337317631572951468e+31
4.826739326336776831e+30
