1.166951253237142400e+16
-3.363506461713925120e+17
5.975041225619383910e+19
1.229818431896117248e+20
1.797783655128656118e+20
1.680514842431251808e+21
8.930150135119166833e+20
6.261097171557131538e+22
-4.608234430713058946e+23
-1.494158001731092480e+18
-2.405966849813129626e+19
-2.762654539691250418e+21
1.376505125946501418e+22
5.834068346621634858e+22
1.611279003198565646e+23
7.877490212710107966e+23
-1.694303156802431171e+24
8.471122137657797524e+24
-1.414741461097090253e+19
3.861892796857200804e+20
1.426482822287163654e+22
1.316331803746459420e+23
6.425340891583602282e+22
-3.477851679883222728e+23
5.820799574347087520e+24
-2.000887553366136596e+25
7.018505357129409752e+25
5.008869897284458906e+19
6.087643137346369906e+22
2.536673444388686434e+23
-4.688185343165854437e+22
3.949218258135772551e+23
2.647883876667216768e+24
5.807194702932116997e+23
2.544105322048802108e+24
3.536537162706645782e+25
-1.244512607274201890e+25
2.338632863017875800e+21
1.844995119470458857e+22
1.021876575550515618e+24
-9.910210203931340586e+23
1.077275866539768286e+24
8.712221618945287447e+23
2.479934044385533036e+24
9.989899452398108106e+23
-5.741062995391026643e+24
-1.291629889292484768e+25
-2.037322327645815099e+25
-2.295501683987806905e+26
-1.515254761047082402e+21
3.729148354543144099e+23
1.132865069120000885e+24
-3.005251481468713201e+24
1.531183901494857844e+24
-1.257420523969423759e+24
-1.380395849106410484e+25
2.106808437556559936e+24
-1.024133941206448586e+25
-1.842046813165378682e+25
9.077961985063732206e+25
-9.163023134709579715e+25
-5.767650583755246225e+26
-4.397743507569983753e+26
1.056335232259827591e+22
-9.185831794089048230e+23
-6.661377152443971017e+24
-5.679246383243384012e+24
-1.415991318743986941e+25
-1.855256096467530628e+25
1.097964310748463997e+25
1.700900794775523721e+25
5.869022637985272178e+25
1.186594917237792436e+24
2.452616192724852202e+24
6.094598390736041613e+25
4.801882468304633305e+24
8.822698927750993696e+26
1.227313723445814712e+27
3.915061241096618535e+22
-1.323985389615975783e+25
-3.865020080522665800e+25
9.052468230764221002e+25
-9.900018302875373265e+25
1.430306956906600652e+26
-2.140453111633567916e+26
-7.806573984055659744e+26
-6.303942014029272447e+24
1.268476160919374360e+26
3.127474059487340665e+26
9.498574454010098003e+25
1.926467107763852351e+27
-2.950413354311391095e+27
-8.747541758191524286e+23
1.703455552136524187e+25
-1.329622534044414794e+26
8.688226198854371413e+25
-2.076981179391692214e+26
-2.304956028982678782e+26
-5.689116957538696512e+26
5.949949967869327331e+25
-7.281536244230934835e+25
1.410439170348093911e+27
-1.366109871354201935e+27
-1.192923406925555923e+27
1.197701675908357826e+27
3.572902376361505587e+20
1.536936471521856061e+21
3.341779906053886339e+22
-6.397214326383923796e+22
8.171258794961557625e+22
-1.464317972964936956e+24
1.367978349603999254e+24
-1.556576498845993673e+24
-4.394833185611143142e+23
-3.584670475505067954e+24
1.076579393796340120e+25
7.236172432649180403e+24
-1.111834148712328290e+25
3.368689511076034521e+25
2.656942361014445527e+25
4.459412475606439052e+25
-6.315930943857283301e+21
-1.415462005340969321e+24
-4.700885056617070406e+24
-3.063513506658162088e+25
-9.736697871378164669e+25
-1.469085921532879732e+26
-1.102182145282490817e+27
-2.084795274066150510e+26
-3.650994993055259628e+24
1.292659098720472008e+25
1.997928832444575673e+25
1.999603902205174894e+24
-1.760191367507236682e+25
-7.478770776609558767e+25
-5.919894421619412834e+26
-3.714141467210032904e+27
-1.302709619676518323e+28
-9.637383212658948913e+24
-3.360052273771021912e+25
3.364713055027479022e+24
-8.323097990324222941e+25
1.246472466694084854e+25
-8.900888256177514826e+23
6.609877735733022813e+26
2.224741629276902940e+26
3.009527915296203597e+26
2.707865395908843642e+27
2.546966972806920516e+27
-1.057494990804383694e+25
-1.671566694248092189e+26
-3.076597080384437064e+26
-4.966485958442595846e+25
2.996093332034010853e+26
3.303406916431089809e+26
-3.265901368569755675e+26
1.219876688179397222e+27
-3.840075118213595568e+26
4.393448653397323613e+27
-1.455563487193883473e+27
-2.373759904912019426e+28
-2.236695924306336514e+28
-1.042930006615485504e+25
-2.797372054296736933e+26
-1.207659003801242053e+27
5.929349217272499770e+25
6.758320275101381177e+26
-9.934863732416155970e+26
7.184644591026817666e+26
4.741975289515724342e+26
1.383562635480477941e+26
-5.774401417266176120e+27
-1.744879409648856473e+28
9.154909496183849327e+26
6.541768253002637990e+27
-3.658659310475710409e+27
-2.598719694599240349e+26
1.507772024286030366e+26
-5.192483926651265391e+27
-1.100288173502253974e+28
-1.816514599964375791e+27
9.998507732364088877e+27
3.026284930583091898e+28
-2.287298200833029243e+26
4.699987468200582147e+27
8.360417760582639208e+26
8.262411739027170708e+27
-8.016930121177904837e+28
2.651744900726446659e+28
-5.031103058275535108e+25
3.578341462169212066e+27
-9.853353680451500181e+27
1.381497050156527431e+28
2.584798649572014312e+28
-9.439017477160020148e+27
-2.173459412365075007e+27
-4.640990247781824169e+27
3.787247387823504812e+26
-5.029482159761473109e+27
3.205051173777339736e+28
-7.756544888105017587e+28
-2.997524099723834855e+23
5.987490446323164360e+23
-1.083838354490066058e+24
4.310659337462004507e+23
1.458170164968874030e+25
3.955215417903992828e+25
2.003819044641585622e+24
4.024052429230927440e+24
4.390073445614197377e+25
-7.839244901026400102e+24
4.904902085813853520e+25
-2.951410059179951669e+25
-1.193699804000300047e+26
-1.430544612376262884e+26
6.685831048472845790e+26
-1.573808851601890694e+25
5.779179640398310428e+27
-2.200351800614670057e+26
3.476361083708515585e+26
2.966776865714740855e+27
7.616071934280153590e+27
-3.689281960151038512e+25
-1.100168755246655674e+25
-5.143031115087797757e+25
1.439265457577651535e+26
3.395146009392768884e+26
-3.630558682462316704e+26
-1.823253130326874956e+27
-8.745253054719418499e+28
1.232253223986623796e+26
1.089020988749773157e+25
-3.550998764237823094e+26
8.068869803415976891e+26
7.006754247498296349e+26
-2.939469964670045708e+26
7.350151596586373655e+26
1.403137296965330600e+27
-2.838509529919484633e+28
-7.399677336616350924e+28
3.888924790522748977e+26
-1.883634154242032629e+26
-1.227558717357289423e+27
-1.761601036843958000e+27
6.977920938646830956e+27
2.332285543407289071e+27
1.088948836024710049e+28
3.069314643062095110e+26
1.278823149917277941e+28
-6.207125223982565719e+28
2.850429437584293300e+28
1.578409248131444497e+27
-8.091664051030160277e+26
-1.238715728986405479e+27
-1.020998237077666884e+27
4.177870160343026758e+27
1.310728039805918876e+27
-1.155918372441574730e+28
-1.718539697844267418e+28
7.383262629397409569e+27
-3.032033728757871139e+28
-5.688716706156865251e+28
-5.082889401896492469e+28
1.559123033164490863e+29
-6.435532102545633096e+28
-9.700299523703789652e+27
-5.200910371572121464e+28
1.400930742003682625e+28
-2.467263769113946011e+28
-1.922668908708675267e+28
-9.001341778914514819e+28
2.126471872209567324e+28
-6.449611996760774491e+28
1.838298909471187412e+29
7.825819036251140821e+28
-2.765394375830339706e+29
-1.481744047677847377e+29
-3.042672615318804828e+28
-1.414666001703967509e+29
4.320016076516351937e+29
-1.803051576297410404e+29
-1.031967732781298699e+29
4.413865915633288330e+28
-4.315455418737542977e+28
-1.919565518789650481e+29
2.220441221649189355e+29
-3.849248469845808813e+29
-2.690985408903574942e+29
-1.549939459792756362e+25
6.129938485403259387e+25
2.773938381127873878e+24
2.435846643152531514e+25
-7.570732803572284732e+25
2.605554047762027362e+25
1.243614207520621345e+27
-3.264673752382355380e+25
-1.566613349689157842e+26
-2.969462445669500524e+26
2.998492160470266638e+26
-3.290460030021342342e+26
-6.379702324678940514e+26
-1.052340578801292304e+26
2.213752148853158920e+26
2.031453727627347990e+27
2.790088933562209440e+26
3.262096015369290068e+27
2.009112038797781101e+27
8.204524369235348009e+25
-9.356668993745540604e+26
5.390207611338538551e+27
1.457411415918379894e+27
4.776135524489109679e+27
5.945012665811974132e+26
1.773465623408210864e+28
1.440096214810355196e+28
2.391254370536362227e+27
-1.818718006788387100e+28
-5.562052829003438369e+27
4.311101451716357335e+28
4.302809799733264420e+28
-8.458985236817381574e+28
-1.094253368178352864e+29
-3.129766806230666381e+26
9.379684350671590227e+26
1.522074019834502564e+26
9.352912519249331291e+26
1.301440643487861043e+27
-4.748575305055549254e+27
3.068651724194656336e+27
-1.840829546631638772e+27
-5.279997243477311952e+27
-1.338396243273543768e+28
-7.881792999704182361e+28
7.492160690405156126e+28
5.974474080171256189e+28
-4.110522378776674567e+28
2.451747543504211237e+27
3.572358832582572114e+26
1.542183861740017763e+27
1.601051778264373165e+27
2.433009435525255253e+26
-1.088596400541833066e+28
5.297770892239664934e+27
2.308636918014036604e+28
-8.595385041139993828e+28
-3.423722106429838721e+29
5.353420893012187767e+29
2.241596377523425353e+27
-4.807818687065412791e+27
-4.023842149185837618e+28
-8.559399655913906536e+27
1.378599983597353960e+28
4.605871153763106669e+28
1.209331034272044532e+28
3.870027554139327330e+28
2.670927488061509446e+29
-1.214081958244761771e+29
1.896301223161755130e+29
7.601757259282271241e+28
-9.868702479706582899e+27
-3.739162040647795784e+28
2.364517094675267128e+28
-1.329708092208928513e+29
-1.026702365462630606e+28
-1.591213528705011742e+29
6.933429599657968845e+28
-4.914258574565013523e+29
1.123349990008077366e+29
-5.907434925571447318e+28
-8.528660955525203171e+29
-1.848960093617514912e+29
-1.713918458714449823e+29
-1.365404103231276564e+28
2.331852477264433643e+27
3.079479769676316661e+29
-7.657380814957535129e+28
2.508868431691145767e+29
-1.238282888194494658e+29
8.665518906172235325e+29
-8.508227217209819070e+29
1.402025143173956445e+26
-4.604182918856317652e+26
-6.397729205902841141e+26
7.091718568577663943e+26
-5.718974884296904573e+26
1.777510718284719036e+27
-3.716095292031781738e+27
3.052934041525215077e+27
-1.461214426846787761e+27
5.113287006180583038e+25
2.017068925849164699e+27
1.370492115849958860e+27
-1.465977429394863675e+27
-2.366774806741974816e+27
-7.436751145037179322e+27
-5.367861139646770243e+27
-7.121460601711946649e+27
2.281715765144093131e+27
-3.966918422890267871e+27
1.891256163886438925e+26
8.724243637861080554e+27
7.345035550476061118e+27
9.045304357664710398e+27
-7.971934517005354494e+28
-1.192372551250558836e+28
5.025387978776787315e+28
-8.515648540961593550e+28
-3.363937819356733854e+28
8.402656198346067055e+28
4.449019747433649101e+28
7.587028072602903226e+28
9.662991031790978372e+27
-7.052965586762922038e+28
2.968675398756356333e+29
-1.738296063141595684e+28
1.394325623322349794e+29
2.382101452860951063e+29
-9.181603078163798682e+27
1.718462690490014917e+27
-5.307260964210055507e+27
5.138099616723151988e+26
-1.176289672638054321e+28
-7.691415184482539403e+27
-4.550914577211670434e+26
2.188355680808592308e+28
-3.317866071483734817e+28
1.592586401775751741e+28
2.470973838163795245e+28
-6.846452296749332342e+28
2.644176586733843159e+27
5.569832571812694844e+28
2.018871745904140038e+28
-1.660306941315339936e+29
-6.714735809773433174e+28
2.568826028658475916e+29
1.584395683568747869e+29
6.444610027111395482e+28
1.018064265960256299e+29
5.452879110161648581e+29
1.854488347726850570e+28
7.313998448298103308e+29
5.043030409467026847e+29
-4.450587777189839121e+29
6.766983557356004126e+27
4.197888517657919840e+28
-5.491819291081135219e+26
-1.384453694329146449e+28
-4.428023873380079111e+28
3.017837332642248466e+27
7.738937915634400550e+28
1.268324543127877933e+28
5.869241454362401552e+26
-1.213352122241030585e+29
-1.834523787919397104e+29
7.414921769962177693e+28
4.054778286193941975e+29
-2.772459493609888607e+29
2.014176977847156448e+29
-2.557466191568999326e+29
4.760668256595472295e+29
-5.452803578974420147e+27
-1.740059967599280422e+29
1.419094209829649060e+29
4.954797100603277300e+28
-6.206379692598727566e+29
2.940664507447976175e+27
7.184210400153674556e+29
2.184961635846990265e+29
-2.267259202227012931e+29
-2.130222407533658271e+30
-2.627619068061429772e+30
9.571449214841040733e+29
-1.603942801268933921e+29
1.137827647251045067e+30
-3.734452981647289089e+29
6.490855294942723866e+29
-1.110797350200738493e+30
3.467610382267344840e+29
2.928423344895889578e+30
-2.683087773624789063e+29
5.318912681877784182e+25
-1.986749333181306065e+27
2.756473484010218337e+27
-8.701157469782810410e+27
6.324339090349637706e+27
-8.054992114896367206e+27
9.937001636178692629e+26
1.458298821149414989e+28
-4.212806697560300291e+26
4.799833047222885909e+28
-2.547539077400381588e+28
-7.709825310454719250e+26
-1.681221032308140507e+28
-7.432427950249495254e+27
1.510268302887106961e+28
9.433462234610073509e+27
1.850913405841503812e+28
1.807232705371741588e+28
7.623447231869448313e+28
-1.870028622071949897e+27
4.792950646400837802e+28
1.021045348624841320e+28
-5.234702533142671928e+28
-1.105712208565055830e+29
-2.634459848273473769e+29
3.620117913723203364e+27
-1.499977764865455274e+29
-1.954362099576635253e+29
-1.462365639900034979e+29
-3.682319968940364871e+29
-5.208264087432716132e+28
-9.472492839524615549e+28
1.760876733967589250e+29
9.263974571560963122e+28
8.837238258244802907e+29
-3.327387706542487534e+29
-6.673968758788418414e+29
-3.560616312719980001e+28
-3.488704034881639335e+28
4.098310966086611346e+28
6.942081920425127198e+28
2.069629626719265360e+29
-2.308324992707187055e+29
-1.501137955903648090e+29
-4.968883706168234478e+28
3.306233570145340201e+28
-1.302405383241546233e+28
1.333918097976481465e+29
-7.825678630904633721e+28
2.275710365215373891e+29
-1.769321910303369842e+29
-4.321990636000684905e+29
-1.313505785540695885e+29
2.118446540051721366e+29
2.393391236943130698e+29
3.355727840502672432e+29
-6.716264427626507447e+29
3.705039854382318071e+29
-1.199807957171774825e+30
-6.319606084786140612e+28
9.633505611576136366e+29
2.318564355926742397e+30
-6.280236011303122310e+29
2.114016629266207566e+30
-1.067719305653904627e+28
-4.490269651386597040e+29
-2.952339416924959848e+29
2.280234752101135959e+29
-6.317649790789322784e+28
-7.167598894008052518e+27
-1.040172216807595365e+29
-2.989354687805632755e+29
-8.428088579728331617e+29
-2.415876556729991096e+29
-6.276136462562947052e+29
9.395091391738193322e+29
4.012490166572180882e+29
-1.912359287853185002e+30
-7.003103040571932774e+29
-7.734657488665282610e+29
4.668488268939361823e+29
-2.707427251726197218e+30
4.868634013786387361e+29
-6.199086111489230404e+30
-2.585945360608783722e+30
1.157624003042606551e+30
-4.194387375230981113e+30
-1.699110977002247487e+30
7.106778088408434229e+29
-5.345282452739382824e+29
-2.386220078203583596e+29
1.456861799292538084e+30
7.328943368966707939e+29
1.353970932379837284e+30
2.556294109536567103e+30
1.065435501935186456e+30
-2.955481804603261380e+30
2.147623102322565976e+30
-4.738341865606239528e+30
-5.856844282230637644e+30
1.271364496524100116e+31
-3.758200530528012044e+27
3.817631655270695955e+27
-6.487465633175948124e+28
8.405670366229697489e+28
-1.379765905229802510e+29
3.592616050818747548e+27
-3.405496430029928503e+28
-1.529968198648576553e+29
8.949200982932730527e+26
3.028652275712604876e+28
3.244082731564421122e+29
-2.093587707166851259e+28
1.209677899388356428e+29
1.753631849734546375e+29
-2.364578006843889295e+29
-8.261477776007327986e+29
-6.435352679615139168e+28
-1.013106184515999310e+29
-1.273850191845305205e+29
5.136671066067209691e+29
-7.681953061797197954e+29
-6.030072381900609907e+29
-5.762967678624871446e+27
-2.574077002041539546e+29
-3.978986320327720694e+29
-1.933437097507189491e+29
1.039615085085932207e+30
-9.644816504130741950e+29
2.040534180929682702e+30
1.226593853406805472e+28
-1.173048102756309118e+29
1.320626046124202926e+30
-1.314430819836153120e+30
-1.364594069977552854e+30
-2.487232274607638745e+30
1.688998649803973595e+30
-6.796378143855337159e+29
-1.741833434458497535e+30
2.360165928201590632e+30
4.188327385819567314e+29
-1.346079949766047471e+30
5.648080417217383871e+29
-1.402086031354420290e+30
4.977294291661021182e+29
2.205697748061766801e+29
4.242073492669725417e+27
1.380552217448585415e+30
-1.053183722066970197e+30
1.480429910743979318e+30
2.968767117318745314e+30
-2.667072301688414910e+30
2.764507540014327365e+30
-1.295326603455771042e+30
-8.756949997819956429e+30
-3.318431024166765651e+30
2.077911365699324453e+29
5.738417637229957305e+29
-1.006748738086118489e+30
-1.738647584214820869e+30
-3.091688014327108088e+30
-8.305227100554505476e+29
1.758619827672958393e+30
1.313060233012476966e+29
-2.638527715170882992e+30
-5.476298192454207172e+29
5.175030767560333372e+30
1.135516039629700538e+31
1.468091995848467300e+30
-2.167945144769453469e+31
1.103102342519063902e+29
-5.367724083462820750e+29
-1.017306628754736114e+30
-1.465894643170949611e+30
-2.720821381599217058e+30
2.026175580899755402e+30
1.887324503631233235e+30
4.284267386075450569e+29
4.381765614105937122e+29
-6.446053121989812230e+29
-3.069534977557684962e+30
4.959619705484124245e+30
1.571842027300739600e+30
-1.183099647324943148e+30
1.676422505405854501e+30
8.250621840788965924e+30
1.193596965882275110e+31
6.685245710894424236e+30
8.223108979461751497e+30
-6.021678658012573069e+30
-1.791385398093337237e+30
1.123795493558014067e+31
1.420027456424946694e+31
1.508280010564443930e+31
4.400767124604571026e+30
1.293812033932494761e+31
1.754901631128664350e+31
1.228263111136899628e+31
-6.785171508674527050e+30
2.810896992522150541e+31
1.088018835294854125e+30
6.885452113111337869e+30
2.143352548248679975e+30
-6.609778380922001861e+31
-1.642985260395944571e+31
-7.342352832371993850e+30
3.689879190912228722e+31
2.489630310868890184e+31
-2.669114934215316131e+31
9.330044854563416064e+18
-1.254304748215318282e+20
-5.700714806023186678e+20
-2.883990993621150073e+21
-3.171184413210454262e+20
-3.579643950676509196e+21
3.994250170625787376e+22
6.075982777265416883e+22
-9.102582400297317171e+19
4.063634954068119519e+21
-4.127824279058617729e+21
7.689933162334564385e+22
-1.762921191552265549e+23
9.002722020879464451e+22
-6.896541004188726644e+22
-1.035718500431038102e+25
3.264799134875705672e+21
-4.014116377866389684e+21
3.165903416034439306e+22
2.946693326766212037e+23
1.752506977203999065e+23
-2.981416663935519614e+24
-4.218445248193046355e+25
-9.243999965051972876e+25
-1.013926023936063046e+21
3.461404812598724337e+23
2.129515873279591370e+23
-1.277954633646340173e+23
1.108515944422329794e+24
3.224822603445033612e+24
1.503753987602966583e+25
7.682326786800677412e+25
-1.512214478384410939e+26
-1.031984535813537210e+23
-1.082408920337177465e+24
-1.091744218603119046e+23
-1.529589576040392669e+24
9.825142227455588654e+23
-1.935724524895650863e+24
8.799454361187198488e+23
-1.163762032564813437e+25
1.544127480861310584e+25
6.658858344808554968e+25
-2.383456022052450954e+26
3.301148487190914374e+23
4.883114390684952949e+24
-7.737446275178006210e+24
1.401196844493618702e+24
8.666402373631562517e+24
4.333535575580428652e+25
-1.493375004051482671e+23
-6.611052069392798253e+24
-6.011245685226413752e+21
8.271755099328006249e+25
2.871091004162789305e+26
4.566430842776058302e+26
2.137569189798837720e+26
2.306635434368331919e+23
3.273022893968472869e+24
-1.880534284203414520e+22
2.453928775863612385e+24
-7.882684336523349584e+24
-6.623383401951081469e+24
8.254633497938755458e+24
9.865764182416858399e+24
2.582772971140418127e+25
-1.679624064636990742e+26
-4.302334120141050959e+26
2.731506451208111513e+26
-1.954891781048181173e+26
-1.520080388175815847e+25
6.175234594762666816e+24
-2.683521540936894487e+25
-2.132887037487918050e+26
-8.061851552305414186e+25
2.851654537754106987e+25
1.040877653147549978e+26
1.895012078211394690e+26
1.114582536114299400e+26
1.849246975742854458e+26
-2.630058670657763003e+26
-2.055934084530537087e+26
2.423237377137130955e+27
7.185089932208170006e+26
-2.997664792887689333e+24
-1.362976284549574871e+26
1.027284520745203850e+25
8.954547685707145462e+26
-9.335920163884646348e+26
-1.743150655014064107e+27
2.186582469588234277e+26
-1.014312330874272991e+26
-8.418790117379098550e+26
-9.559111283059406973e+26
-1.529808704135415742e+27
6.150781274291792128e+25
-2.369224841677904649e+22
-1.660287890702555572e+23
-2.354469955602812586e+23
-2.638837895027929960e+23
-5.840731302304151083e+22
-2.730089810899537882e+24
5.212547469435550019e+23
-4.927923333716548098e+22
-4.133837651076308753e+24
7.113719359077662138e+23
-3.739876845044800289e+25
6.851529990673326567e+25
-9.284074770331567891e+25
-1.184150976049798053e+26
-1.442221558300160580e+24
1.185526087526431377e+25
9.659904128653349431e+24
-5.607366235662635353e+25
5.700439777201254425e+24
-3.630676186215157897e+26
-1.553543543677086884e+27
-1.462489093479239164e+24
-5.347295905881685687e+24
1.563064757190660798e+25
3.881966848916731837e+24
1.250499775564330747e+26
-1.941241567569045010e+25
-1.128606301002017268e+27
3.673720617953322299e+27
-5.864243726504510752e+24
4.842804625815875260e+24
2.274510713434321117e+25
-8.101717814462897734e+25
1.559210174448862308e+26
2.122666358568154518e+26
4.742458202532106631e+26
7.641850238956873989e+26
-2.398267256789200375e+26
7.234185248633847668e+27
5.257220496844473279e+25
6.390792310245011451e+24
1.055892478983773526e+24
2.077015443823266779e+25
-5.937486157602309974e+26
-1.539366439127888839e+26
1.941535783939589075e+27
-7.936154238812329582e+26
-4.238542582993986982e+26
-2.763444368386451780e+27
2.208800224562058591e+28
8.286393480499885275e+27
-5.814271587124550418e+26
-8.633459474457167982e+26
-1.834748214072948577e+26
1.366595281057867502e+27
-1.171499118203852653e+27
-5.876310753842171488e+26
1.326164946635865188e+26
1.864220581071244907e+25
1.567503444864849547e+28
-6.520661198298384401e+27
1.449634032006520643e+28
2.245110749234267067e+28
-2.789992003088125081e+27
2.384106251416045860e+27
-3.814501046972135605e+26
-3.086161287923896100e+27
-5.371732630933353468e+25
-2.476834051233116554e+27
-4.664287980226321418e+28
-7.418776461249449525e+27
1.515761392119763398e+27
5.566941736831961523e+28
-4.507139779201533679e+27
-3.150436737025241101e+28
3.796876699291665233e+28
-3.292773468201593079e+27
9.450143934844654912e+27
-1.172007098206268514e+28
-2.854450354349358565e+28
3.927883197809002475e+28
-7.348658910768836923e+25
-2.761327686243061527e+28
1.061013027247166194e+28
-7.994054970470431776e+26
2.965685902931393133e+28
-4.980095832029585958e+28
6.719713974506618335e+23
1.726186877552676676e+25
1.589447959741188802e+25
-1.313522778614035560e+25
2.584230705182349120e+24
-5.078360288037850512e+24
-2.584372401476628774e+24
1.788997765706225769e+26
2.128117147089023118e+26
-4.555392035363255430e+25
-6.235407470333757878e+26
-7.680255819216494702e+26
2.531311798224109246e+26
-3.798571909965214995e+26
2.737188786386607539e+27
1.574747672431869734e+26
4.319146620850355689e+27
-2.379689930656045081e+28
-8.661620471130645105e+25
-3.233336427471517613e+26
-3.745617749723984192e+24
-3.911845370061400722e+26
-1.367323585242644520e+27
6.584966698783179928e+27
-4.914870766635104561e+28
-1.044955475479557865e+26
5.199788855332533144e+26
-1.566924073202522306e+26
-3.680796942455029294e+25
1.830857391951723625e+26
9.240802145513207427e+26
4.396222838053691946e+26
3.114011057889527297e+28
3.409769745311237255e+28
1.048123935419381199e+27
-2.113345448467582250e+27
-2.720111774172713527e+26
2.800307669923880763e+27
5.135278490985501074e+26
1.811062698675962929e+27
-5.627653996137569924e+27
1.002562964320326012e+28
1.281117358917349225e+28
-1.158956556337137308e+28
-1.056007113870364026e+28
3.779150644903119398e+27
-4.441097653389968972e+26
-7.843143784838841732e+27
2.326857753372473675e+27
-9.902403459463077996e+26
-4.094862177288262609e+28
-8.427247479696449001e+27
-6.917772689883203777e+28
-8.070837020905986084e+28
9.891943325935073123e+28
2.743817233409006372e+29
4.357331472669464473e+29
-8.928978192659637518e+28
-1.269808282089138331e+28
3.307377870697751157e+28
2.431568364882483189e+28
-7.010726112947855668e+28
4.906629846339295647e+28
9.875503007742097072e+28
2.725067440486444819e+29
3.619874824852284796e+28
-1.124019655961990380e+29
1.531923133588960615e+29
1.670008320966619080e+29
-1.866056597600869983e+28
5.825536351194803556e+28
9.084506070091400270e+28
-1.086665908918024706e+29
-3.496466412405561687e+29
1.545253983602208543e+29
-1.145023483691760901e+29
-2.462900495189567135e+29
2.744987592286228105e+29
-4.741587613720773801e+26
9.855678829978646500e+24
-6.128518366871326167e+25
5.557003552387981634e+25
1.167374181692827250e+26
2.760681630430432504e+26
-2.547950036270258358e+26
2.582133504258943561e+27
-1.216923181494857320e+26
-4.953920697965026329e+26
1.484202983314902902e+27
1.964309654035749682e+27
-2.302923539774447299e+26
1.240172570670748306e+27
-1.238457867377706696e+26
-1.905273216237118330e+27
1.189235612393006772e+27
-6.353857512760918613e+26
1.032330012377972593e+27
-1.895434585161390441e+27
7.289419397295839671e+27
-1.955437297227698191e+28
-1.015238767660796177e+28
-1.029950964506151439e+28
3.689160388667671590e+27
-2.709135541422097675e+28
-8.556801318784043619e+28
-4.852455476526090435e+27
7.186588559731137530e+28
-4.039121966283981008e+25
3.985245059579388147e+26
-6.161013760545463024e+27
2.160261603625449056e+27
9.181397580618986527e+23
-9.532037568939248826e+24
4.786040433577708883e+27
-9.056416893205332319e+27
-9.029311279972826079e+28
2.508993865209673380e+28
3.065005760391850396e+29
-5.293144008467248990e+29
-1.372629887027632721e+27
1.710012299975210033e+27
2.534761957110822031e+27
7.470450106209130253e+27
-5.015595698660851741e+27
-3.662398564524648870e+27
-1.908477035388059515e+28
3.216088655780349249e+28
1.076987047541245102e+29
3.752387169273897812e+29
-2.385432202877661946e+28
1.916947791429591101e+28
-1.391710316112718394e+27
8.976553682123763336e+27
-5.649502612220997537e+28
-6.816762558298463058e+27
-4.143943754389132891e+27
-1.997952897842997622e+29
2.235914389438534696e+29
6.299622753004701328e+28
-4.198662942118066294e+29
5.868148538867457888e+28
-4.397953140009998837e+28
-2.886959965066278623e+28
-1.233935547843917665e+29
-2.724663508641610695e+28
-2.062843412097609567e+29
-1.111784207192360136e+29
-5.516740029896473261e+29
-9.215784841618178291e+29
-1.941637289885294422e+30
4.841760388903837049e+29
-2.630714749896526603e+29
-4.080583072636189220e+29
-4.466511517619662441e+28
-7.788106956117837803e+29
2.009058144870408858e+29
6.782822285178472088e+29
8.462532988084670379e+29
-1.502995440651916434e+30
-2.378993324651960101e+27
3.408145806336565305e+27
2.004682096577397651e+28
-6.214169000865985589e+26
-9.414952683617145629e+26
3.607678626975595558e+27
3.560244918952432872e+27
-8.388377248911246107e+25
3.748024193976580699e+26
-5.515210889423310412e+27
-1.060651912963960810e+27
-1.778576589915053755e+27
7.435395130809771638e+27
-1.933455373674656016e+28
9.985127701030388786e+27
-8.863219309053603565e+26
4.464877145000460399e+27
3.181371762138020780e+28
-1.071733171002909195e+28
6.009345504981442622e+27
2.472482407523159972e+28
8.038901166060169807e+28
-8.604825676712974771e+28
-6.309401818269851767e+27
-1.762940854403997712e+28
2.486263059782290666e+27
3.241424735619463813e+27
-1.342093313279656569e+28
4.347825183238343532e+29
3.998846555329065274e+28
-2.638869512530017344e+29
-9.118682684122676005e+27
3.264994088417514455e+27
-8.322236370263151766e+27
5.731609970914319604e+27
-1.100240617383880952e+27
-8.392858699386486601e+27
8.620476021188600261e+26
-1.333096326545134874e+28
-3.682599463666294506e+27
-1.863323202620260544e+28
1.092878443472483069e+28
-7.533692520724138133e+27
6.163110666964444174e+28
3.520020382436031420e+28
1.551306947573812257e+29
-2.030088060044379932e+29
-2.649099764176430520e+28
5.278817602366183343e+27
-6.144530756153495687e+28
-3.592156279104104617e+29
7.233927427377448899e+29
-6.271375556685347397e+29
2.818721857182277351e+29
-1.607104531462324294e+28
1.807745126757065674e+28
-1.792184692545081517e+28
5.022075809664674224e+27
-5.728246278502054404e+28
-9.549718403921723323e+28
2.094445542749827959e+28
-1.394522541406323762e+29
-6.526238065851468783e+28
-2.892587137037977884e+28
-2.084923482925222328e+29
3.431764629245864526e+29
-1.563790940975273240e+29
-6.119431070137511583e+29
4.908585736783784116e+29
-9.278900169560816432e+29
2.190483838118960329e+29
8.615448658271561771e+28
3.431955340890249349e+29
-1.536870459856547689e+29
-2.452059075892723315e+28
-1.184648395050015725e+30
9.663062848311191491e+28
1.411452283482391044e+30
-2.220246534145412657e+30
4.609578915680044508e+27
1.610559437114399562e+27
-1.480809740314782039e+29
9.404079566837328051e+29
1.643731902818410880e+30
-1.271490596402275173e+30
-1.279798980353485927e+30
-2.669130663113811004e+30
5.180372885499447801e+28
2.182223801182251861e+28
2.852544902473516550e+28
5.231859897285724756e+28
-1.876671382817211922e+27
5.525065645031646805e+27
1.270340737391908754e+28
1.489770787038073453e+28
4.135576016438837962e+27
-3.956903103749369790e+28
2.725269640067127933e+28
5.275123803347811758e+27
-3.320729876218224286e+28
5.687795140508506299e+28
5.673646728557886597e+26
-6.753564400833266832e+28
3.796849886023085150e+28
-4.485608387328130913e+28
2.192105351358037691e+29
2.494166529618958450e+28
1.304096944169699793e+29
-2.891418124375163791e+29
-3.743892603631282605e+28
-2.051618552477531463e+28
-3.491798950271768620e+29
2.729297353530770495e+29
-9.411904705972652698e+29
2.509613152650915960e+29
-6.195854301836548921e+29
-2.188407486571496383e+29
-9.886182123518487076e+28
9.194732310659889108e+28
4.865015736833979640e+29
8.680228458406453885e+28
2.604105102910252175e+28
-4.887908379346129241e+28
1.737092958513931793e+28
-9.104757814269493788e+28
1.924212127622735111e+29
-2.492213403061362142e+29
3.520805098700688833e+29
-7.179096399277187026e+29
-1.303295756152739221e+29
-6.228409777472150666e+28
6.967274774599425605e+28
-9.384934643014424999e+28
2.446574684469421713e+30
6.659976041132687077e+29
1.850735043933041479e+29
-2.063857839728106533e+30
8.660737932850385822e+29
-3.188115412774280751e+29
1.011586220245721358e+30
-1.239695612595090898e+30
-3.023933072065327513e+29
1.375671315730122098e+29
-1.402571431062168371e+29
-1.194765501097047520e+28
1.232616274122367659e+30
-5.685223704852460993e+29
4.763102027773804855e+29
-2.117515597399779762e+30
-7.020631044562226138e+29
-8.581158650272269289e+29
1.672478522553814816e+30
-8.726407809794470422e+29
-5.992817934030238835e+27
-8.465391934447530474e+29
-4.098750476246091308e+28
-2.929007779572859389e+30
5.276198117334180090e+30
-7.481883154518935759e+29
2.050718943380414902e+30
-1.484557546145618227e+29
2.574886647752841608e+29
3.008578906270981173e+29
-9.990254486797990705e+29
-8.330611798639554626e+29
5.906554282347591651e+29
-1.737614208260997443e+30
2.754727516489693900e+30
1.817728002664679145e+30
-8.288789082579650720e+29
-4.513065839425033058e+30
4.206274641249085551e+30
-6.373037708362132826e+28
-7.272532887519741371e+29
1.483499630559366925e+29
1.331517736468624046e+29
-7.229841014711350896e+29
1.949556206645648787e+29
3.442297910915865909e+29
2.802713226809273520e+28
-1.057831357504593216e+29
5.351547328510318075e+29
-5.835114143303625017e+29
-1.618009401722240187e+29
-1.250805294981343610e+29
2.544280113136104985e+29
-3.760831867104126923e+28
6.133003350623992395e+28
-3.343148000475696347e+29
-3.815318965440108040e+29
-6.967715779777023462e+29
-7.479602478714636025e+29
-5.187763557256303635e+28
2.794680141197934217e+29
3.865443397475326738e+29
-5.045426587960357251e+29
-2.671777881715766942e+30
2.331303429725377221e+29
4.972879282376206806e+28
5.622478133941896296e+29
-9.306515143814110082e+29
1.610101125533033330e+29
1.233708404102594213e+30
1.308759597009576893e+30
-1.125830832463652978e+30
1.437819009341472056e+30
-7.279910195815045392e+29
4.467792555366655108e+29
1.408103566858283643e+30
-4.288731898517267490e+30
4.532039660567663550e+29
-2.130698673072469797e+30
1.672766657641666342e+29
-8.000792762658133341e+30
-7.380112114867499714e+30
1.026150880050886630e+30
-4.415885557500013095e+29
1.842471378973337842e+30
1.465918468342424893e+30
-1.233920683778218883e+31
-6.501807393629614398e+30
-2.566810360304598664e+29
7.826451390732092199e+30
-3.283394493038378664e+30
-3.099643002373733900e+30
6.624442246036559951e+28
-1.790971093314230761e+30
1.710133643147663877e+29
9.972162587691133544e+29
-2.934899054551954124e+29
-2.782378731749318933e+29
-8.167981418922447790e+29
2.454929265022401516e+30
-1.222465304525118612e+31
1.058393935707262101e+31
-2.231482058232726949e+30
-9.858006167857785049e+29
3.883448394661546365e+30
-5.720628124659158044e+30
1.801846312104597007e+31
1.656364606877416310e+31
-2.340613243762506246e+31
