7.175339664223200000e+14
3.157365900710492672e+18
8.604574341604207821e+19
3.545597793568359055e+20
-3.907538680696719540e+21
-4.713583839640057545e+21
1.504525074652734895e+22
-1.080827078204220401e+23
3.720942976072625821e+23
-3.196492918253086720e+18
-2.380662448998413107e+19
-3.377318303920128786e+21
5.125368837125655075e+22
6.320191423212224407e+22
-7.989255727937275036e+21
-1.531429110996707983e+23
6.170470932929081680e+24
-9.539600772837794090e+24
1.355159926365919642e+20
-4.708016925664530661e+21
-4.063025677950979146e+21
3.955079676750810516e+23
3.420753918363282755e+22
9.040058499278052734e+23
4.212159251916450353e+24
-9.325410813763544611e+24
-4.843315759994934693e+25
3.195113729066070442e+21
-5.318508195260751099e+22
-8.415489690978857098e+22
2.238152341593946556e+23
2.901883719405770952e+23
-2.214647233591738278e+24
1.415479571237699790e+25
-1.401768380796266705e+25
1.786399139862587664e+26
1.460375241612105769e+26
-1.236291436080190089e+22
-9.079602866404239553e+22
-8.932377545180748542e+23
1.002844185128019731e+23
-8.067240976567083886e+23
-4.090363468663860782e+24
-5.587069272115095347e+23
-4.127320034256226664e+24
-1.854834763789776938e+24
5.762227727674687107e+24
-3.691890165419895128e+25
-1.357629716091121912e+25
1.197034372669555029e+22
4.035617486957983920e+23
-3.141830459760852798e+24
-4.196027902608401152e+24
1.808805799973261081e+24
-9.245222143049745725e+24
1.560473284836058982e+25
6.971504095110693095e+23
-1.540622142121313781e+25
-2.726266218968512315e+25
-1.565140221326186280e+26
-1.068481010628367152e+26
7.523978661242904633e+25
4.550514023726382287e+26
2.436716763872889510e+22
3.521847327638610164e+23
1.345446397564900267e+25
2.683136803677022160e+25
-1.771466535838400505e+24
3.592916093698288189e+25
2.348503279999240185e+25
-1.632481976381370754e+25
-3.782090510296878240e+26
-3.122875809199339597e+25
8.712029277289336221e+25
4.628687661655832288e+26
-4.308658718660171731e+26
7.118638556757765809e+26
-1.194688625248899115e+27
-2.841159541067968256e+23
-7.155393447203077311e+24
-6.077115233854418025e+25
3.884183087684024847e+26
-7.511651705877391262e+25
-5.417665573189880862e+24
1.314349034915555184e+26
7.154223399981895512e+26
-5.508839987041092533e+25
-2.106594564376581110e+26
4.731187666887872641e+26
-1.495188716112019280e+26
-3.412661774011668869e+27
-8.328660885490516802e+26
6.399855429455733326e+23
6.964988786987407480e+24
3.069267477131802852e+26
2.421798582645371896e+26
4.989813336498008492e+26
9.235610985106531671e+26
3.460745114053841944e+26
2.689480856653083032e+26
-6.372445331499531253e+26
-4.884033460612544430e+26
1.417181458705861039e+27
-5.754865571349935174e+25
7.947390391817589379e+26
-8.109652704618503209e+20
5.426834691203918725e+20
-1.803162811206729728e+22
-1.243839002520682758e+23
2.394952375141181969e+23
7.214260149983694448e+23
-7.254749506040790484e+23
-3.607668291911783054e+23
-3.892422985261301933e+23
-8.760224468307988793e+23
6.566541684427706325e+23
3.928424276687242370e+24
-3.020099992344614144e+24
1.321840199624113649e+25
-3.439363020175576624e+24
2.349822909598710880e+26
1.607651378405142608e+23
-6.438672776924279446e+23
9.786049630654213799e+23
-4.751718905704184189e+24
1.912627822908715908e+25
6.886146543698960256e+25
-3.551870425859516278e+25
1.406824748503811158e+27
-3.673992636954200968e+24
-1.308648412478777968e+25
1.293239677786910395e+24
2.175742360847044787e+24
9.068565683872010015e+24
-3.406326478610056794e+25
-2.845212441580113133e+26
1.544219977673305349e+27
-1.761623024518751506e+27
-4.345095423541357346e+24
-2.070912655401053505e+25
6.761739881024425136e+24
1.557447555442748981e+25
4.684194589132369584e+25
3.301920845706573262e+25
2.119077699531986479e+26
2.542018726720659525e+26
6.938727308394693691e+26
-1.412326140996112021e+27
2.966650996205709804e+27
1.998393024466148533e+25
-5.104535595981106336e+25
-2.259019781595525352e+26
1.574358830756373660e+26
1.135358945275290365e+26
-6.388533808214863580e+25
2.538597015874487841e+25
3.090654068700512634e+26
-1.056618776650877387e+27
2.649909019940929805e+27
-4.629212532530678169e+27
1.587294054804631130e+26
3.096816079821322460e+28
2.776801483146545469e+25
-2.471148877893801978e+26
7.051123845309218460e+25
2.673207749473081861e+26
1.301487354329372816e+26
-8.470743836914695935e+26
-1.427282393053262149e+27
-3.027405987103075409e+27
3.109433008070589544e+26
-1.266633055065655127e+27
-4.114629693819340923e+27
1.742973957560739005e+28
-3.149438606354740232e+28
5.800774494326025316e+27
4.794974742389926933e+25
1.008202625833056498e+27
-5.240879599397764843e+26
-6.762836748388154170e+27
-1.147507432361530716e+28
-1.408550156303371700e+27
9.253826593206348013e+25
3.459196588878497793e+27
7.669856023027802884e+27
-2.490728783564841232e+28
-1.811425751962729011e+27
-2.556425484143763203e+28
1.175128415952742515e+29
-1.227588523327773260e+26
-1.231105571931697642e+28
-3.789052828189924852e+27
2.348490220414475611e+28
2.158607982678200272e+28
-8.414518294938548742e+27
1.151151762223007770e+27
3.726068194858017403e+28
-4.384295635863303946e+28
-1.815649194926138297e+28
-6.926809779427264989e+28
-2.127038165787785649e+28
-5.695986436914580627e+23
-2.463401812403527770e+24
-3.953450492459610626e+24
-2.167683581039778197e+24
1.466606534095653401e+24
-1.261758424860978832e+25
-1.928109605656644872e+24
3.163798782652470552e+25
-1.018471603651450426e+25
1.949711030595658631e+25
1.972507130874799046e+26
9.256701862240468874e+24
1.916267460656783852e+26
-2.947136855485145389e+26
-1.088962325156039742e+25
-5.178021481095239752e+26
1.430332141776685182e+27
-2.328571818144161554e+27
2.313187593209867684e+26
-5.178161499930845398e+27
4.649011589529203496e+27
6.530409877184704236e+25
3.257794137069772884e+25
-4.149885153263767497e+25
8.199422991965877666e+25
-8.419791539300380280e+26
5.970489845105682677e+26
6.017913590623644989e+26
3.065147109189923302e+28
-1.175996566694826511e+26
-1.444284153299077118e+26
-2.554452252557835583e+25
-6.107909651734149884e+26
2.545738518306650709e+27
-1.501999915627524202e+27
9.241937607071853023e+26
-3.520911620502843353e+27
-3.143440374662857734e+28
3.410869575651368846e+28
-4.763296983231300054e+26
-1.644573817954540459e+27
-8.143581193290474859e+26
-1.888919021063920030e+27
-5.532989192274515971e+27
1.486565795014142942e+26
2.452449165279067182e+27
5.364471762806572188e+27
2.458171370435187103e+28
-1.484644566284643907e+28
-5.197967390307860435e+28
1.057668869221790996e+29
-3.664555861053533830e+26
1.663577926534376416e+27
3.827858735098147529e+27
1.685622082881315318e+27
3.789455096657208726e+27
3.916583396485261212e+27
6.304925241616975889e+27
-3.664369059245577375e+27
4.351587831505721863e+28
1.859356697121664598e+28
5.038914906280918266e+28
3.052891757101346491e+27
7.110299847676658061e+28
-1.669341385482547088e+27
6.740831121288249572e+27
5.393356197428566984e+28
-3.507237486904328769e+28
-3.790909829470914911e+28
-7.260024074132112382e+27
-1.837402659978963802e+27
2.651737246635123609e+28
-1.676292214643172344e+29
-8.594379976125841583e+28
5.558430457851305701e+29
-2.978680752923210461e+29
5.384901054519863900e+28
4.903935713640245618e+28
1.585334854975017698e+29
3.896726241792255865e+28
-1.212389780132613421e+29
5.066766843667437301e+28
-1.621406747224986306e+29
-1.810315056843404273e+29
-4.283359072864854459e+29
-3.064558553231186684e+29
9.259873442704818064e+28
-1.904774855661056058e+25
-8.425352728486965257e+25
-9.699577648879868283e+25
-5.072315830555305086e+25
-5.741411034967537744e+25
5.336146134784949364e+26
2.775532049695389488e+25
3.969889595586198520e+25
-4.075477086116425449e+25
-3.413883508441990676e+26
-2.307658124449604679e+26
-8.849717737299789131e+26
-6.676333600746535008e+26
-1.500029967590006105e+26
1.113143501815474313e+26
9.482707779397582917e+26
1.375571302192269009e+27
4.819603121909223500e+26
1.729947376436401110e+27
3.538124575198276616e+26
4.209838470097739161e+26
-3.714382600309759586e+27
-4.123360544842931635e+27
3.239509846956514992e+27
4.526747861330157714e+26
-8.598119898449193205e+27
4.836168501138176287e+27
3.281206644005417169e+28
-9.475173623073718983e+27
-2.566860934037697820e+27
-1.582488230888548696e+28
-5.400932292672422420e+28
5.140668610695283280e+28
-8.276102265806495621e+28
6.064504169816788716e+25
2.065284384093979873e+26
-1.532789364636885408e+27
1.520805924578995878e+26
-4.123270566081607931e+26
4.725955361255869648e+27
1.610203178418279201e+27
7.748735223204852667e+27
2.338749022355981092e+27
-4.365229979413406152e+27
6.819916556322826463e+28
4.344793723317052117e+28
4.294869862757207164e+29
1.803182119472301600e+29
1.002297492567754900e+27
4.584224549779690961e+26
-3.503977402242654101e+26
-5.824782682244792964e+27
1.687273643994812627e+27
-1.450634732163856612e+28
-3.732961856038689301e+28
1.052116624128339316e+28
-7.233729557765302647e+27
1.143171007385907626e+29
-1.938373529633089796e+29
1.663209213149043552e+27
1.315940292974582804e+27
7.751042880552914936e+27
-1.825694163042023076e+28
4.376844977420373694e+28
4.294018430899093166e+28
-5.722347032082407253e+27
1.819229762607081078e+29
-1.069124204046176398e+29
-2.914379194851067026e+29
1.899261191771888239e+29
-3.323491199217767277e+29
4.322241620369087780e+28
6.862000613370179006e+28
-1.302862960372524950e+28
-3.665315784266612818e+28
7.415367373660688939e+29
-9.623897529359743725e+27
-4.429901653833993433e+29
-3.002709830031665091e+29
1.721167151822483313e+29
1.275472472693542826e+30
-1.488850767041697295e+30
-1.535981086148154750e+29
-8.614258891132147338e+29
1.288049331399023753e+29
1.795932409669635059e+29
1.088465474462169317e+29
-4.467254973120130015e+28
-4.167333660275097191e+29
-1.060992545385984376e+30
1.293255891777704203e+29
-1.741852195377078935e+30
2.786658231049573301e+25
1.004381179340312224e+26
-5.228574181154332939e+26
1.885883719594332435e+27
2.293298149978728795e+27
2.903178134887578240e+27
-7.381685660905523747e+26
1.836055167368437603e+27
-1.641214716136340855e+28
3.988787683226737804e+26
-2.728126315819074117e+26
-6.413424918753369712e+25
6.416933240940941004e+27
-1.118277070733232699e+27
-3.821227743991846714e+27
1.103740802549100466e+28
1.449348756913146016e+28
-7.774468569321895321e+26
-2.044599048466915323e+27
-8.942340634694958394e+27
-1.242087566460564838e+28
8.129705025127676275e+27
-9.224357907500621377e+27
3.714869605988508977e+28
9.163920202811681148e+27
-1.314388641760127972e+28
4.836902823681247840e+27
1.387553758673104131e+29
4.193409983713962739e+28
-9.686821737878542234e+28
2.358141012144848794e+28
-1.146245656279510269e+28
9.973580893060187378e+28
-3.250282261978324004e+29
-2.415186590023203142e+29
1.333686843809983163e+29
3.605929604622276853e+29
7.432761246152853558e+27
3.574611549231288808e+27
2.555879755365277675e+27
2.295618436771646993e+28
1.373408108542841187e+28
-2.140616511383162585e+27
5.565503248430268074e+27
2.201582750427928138e+28
-3.396140755867002473e+27
-6.110764365332514089e+27
9.074850305413394095e+28
5.616632665444899619e+28
-1.079155564593772373e+28
1.245720783840410775e+28
-1.963027193166566949e+28
1.536657574619192211e+29
1.529492813163256698e+28
7.143640509651312557e+28
1.408505238793052020e+29
2.011984214439372073e+29
3.669790069715271082e+29
9.852767476138144752e+29
1.999383993325472331e+29
1.233273100401914794e+29
5.026285976905290707e+29
5.852672471869160081e+29
-1.745468452846364131e+28
-4.855093500094463042e+27
-1.570811062116470290e+28
-6.734909183214731575e+27
4.141360147233287288e+28
-1.249205303170503625e+28
8.670942228656984228e+28
9.075424620836252722e+27
-4.100241146734469908e+28
6.721588714335451504e+28
3.348791502929742792e+29
-4.914003257805739454e+29
-5.010910822199333658e+28
8.273388181154735339e+28
2.709633009142408860e+29
1.155476991340283177e+30
-3.826063934235022602e+29
9.900473544186917510e+28
-1.162692416819496829e+29
3.443194186506776343e+28
4.653812799174930733e+28
3.180005410464441377e+29
3.577722981121123520e+27
1.221078213273548702e+29
9.755595036278743177e+29
-8.566979915660840546e+29
-8.497891117458253066e+29
1.414440391714268101e+30
1.509148973295302196e+30
-8.607940155621978300e+29
1.720416153952527516e+30
-1.194802304398374851e+29
7.734912212091017706e+29
7.928488459044754639e+29
-1.149312232205016576e+29
-2.469229293801250328e+30
-2.357793917126748197e+30
6.174629972126357403e+26
6.189926811193306257e+26
1.903145920910604378e+27
-4.634225576676317756e+27
-3.951386326926628162e+27
1.912755788348344691e+27
-1.620650424060902278e+27
2.143181334525974140e+28
8.543006630273023371e+27
8.365540104002743638e+28
-4.260957279870491294e+26
-6.163518820407949121e+26
-2.853767953665325604e+27
-8.143835143104700566e+27
4.227348249714112041e+27
-1.535810129346679484e+28
3.691629196655824771e+27
-5.065388734552051020e+28
1.113283452133060535e+29
8.686696097770920044e+28
-8.835544061361930351e+28
8.143238066902413267e+27
-1.016585707479652001e+29
6.662061566848467974e+28
-4.215248501549087094e+28
8.510058129139188207e+28
-7.990793806712829021e+28
-2.087030207978546429e+29
-4.307830968087982956e+28
-4.399627657198355846e+29
-8.127735196175193501e+26
-1.896873410371960482e+29
4.753343637131176731e+28
-4.358045377106359266e+29
-7.182130628234663710e+29
-3.116174262976237613e+29
1.567262765418526840e+30
-4.601432168803971450e+28
-6.072753260597730435e+28
1.185934921228053434e+28
7.078234337523066455e+28
-1.260713006896574362e+29
1.665517572631475549e+29
1.211100165183106881e+29
1.492984960236677009e+29
-6.964173253542984456e+27
-2.109633167419133752e+29
-1.197253319400877457e+29
-1.902687476270712128e+29
-2.186560884638703913e+29
1.338018034051540184e+29
5.980640088565495441e+29
2.920408699308392485e+29
2.363906786156218334e+29
3.499245207208688254e+29
5.924079153564523933e+29
9.753869232125682326e+29
-1.000046324135118774e+30
6.561123281864403235e+29
5.206660324873553903e+29
-1.671243200971250986e+30
-6.866433871069008029e+29
2.556500245845614463e+30
-1.924581482974398235e+30
2.290755633102411803e+29
2.562345189159834201e+29
-3.661993295898249125e+29
-3.971753444712753932e+29
4.932726432597253593e+29
7.927347710523583471e+28
9.387387823794674391e+28
8.593361771158449914e+28
-1.889748772319898685e+29
1.564283600732913685e+29
1.478490773274207199e+30
2.284865081776204322e+29
2.119084215893683993e+28
-1.361773720276705302e+30
3.903986738308908267e+29
2.439528724666875614e+27
-3.444193199706670857e+29
1.008730852921645862e+30
-3.016996784087991813e+29
5.274573918315633731e+30
2.570539387959607431e+29
-5.864555638424321050e+29
4.267650049021587990e+30
1.677953428360189042e+30
-3.807294228081911146e+29
-2.704613455347017671e+29
3.092043942782325154e+25
2.414277129574292959e+28
5.335304683029903780e+29
-2.002020199177085210e+30
5.408471532825087266e+28
-9.669111221883567303e+29
1.777506110621283145e+30
1.337613735345181105e+30
1.116222348888935139e+30
-5.939670400444739787e+30
1.541303743607721410e+30
-3.740362086534113323e+27
2.256612913742044723e+28
3.517067548506662027e+28
9.716949778911643741e+28
9.974090232887543576e+28
1.055485613525172682e+29
6.050517046028203875e+26
-1.740861297813833821e+28
1.454045689105699746e+29
2.016913477154613636e+29
-4.820562297281761247e+29
3.147015161791047221e+28
-3.587077212418121401e+29
-1.863723022876568478e+29
-2.088719871121231206e+29
7.815575998690331034e+28
-2.554271668376236202e+28
-1.099392655022508869e+29
4.476732952063282233e+29
9.809216462433053367e+28
2.402356000910232735e+29
4.494811850697876289e+29
-1.080717501621397095e+30
4.024860738094471693e+29
-6.110523845883703517e+29
1.303820652453460353e+29
-7.039418306072015270e+29
-6.441730303787794831e+29
4.300645996839401473e+29
1.747534606147779234e+29
-1.212450005933972888e+30
-8.340330863120120369e+29
4.907253735199039117e+29
-1.506557477652050557e+29
1.265021614580226952e+30
2.444470754901382990e+30
6.270993718616142784e+29
-4.840811636023053808e+29
-2.809306711726997597e+29
-7.067405306537684764e+29
-7.733055344441163268e+29
-4.585873572400630689e+29
1.670403114780426939e+30
-3.322877097830710352e+29
-1.060327006397180664e+30
-5.628471821199607399e+28
1.018224404785385415e+30
-8.206988795660571058e+29
-4.550475852654493552e+30
6.089699531616225524e+30
7.780421265678617275e+29
-1.655968231569497983e+30
-5.112652122437993221e+30
1.017386075487964246e+31
6.794207632607234406e+29
6.104066431817769793e+30
-4.149185654234953247e+30
9.018735259923576099e+29
-2.596529998699866892e+30
1.832492358397453769e+30
3.603480276770043355e+30
8.962143416369402642e+29
-1.561907224389134073e+30
1.128567666202526027e+31
-6.363630817222792142e+30
2.983042543819656404e+30
2.804638908183919219e+30
2.657446461152647280e+30
-4.847978239723414861e+30
1.923174031991564604e+29
-1.537642871509617740e+29
-1.609610570881427851e+30
-9.838394521693159660e+28
1.615519159286600808e+30
3.835626199652254009e+30
2.415594592828796569e+30
4.164165168487394754e+29
3.445470057260893068e+30
9.291364893772210643e+30
-1.095845616277956460e+31
9.479654223696082492e+30
8.497099556588008247e+30
-1.039062514125473945e+30
1.156389972479203755e+30
-1.300205522127659923e+31
-1.385968285717920413e+31
6.369841579586244354e+29
3.203930640433783514e+30
1.053411289902413600e+31
1.856582632245756304e+31
-1.106842669197619762e+31
-7.404825460477736348e+30
8.556409648920291663e+30
-1.819181631878251072e+30
1.692205378203630859e+31
1.264878256660987635e+31
3.816532379562720923e+30
6.260597218868707862e+30
6.415841025720060207e+31
1.289335259833455660e+30
-1.131380472579399594e+30
2.416628193343136864e+30
2.275486286872325632e+30
-2.405394738682861027e+31
3.817417494120637590e+31
-3.736961609260236355e+31
9.419119347221226368e+30
6.660434947970505726e+31
9.301074919515111424e+18
6.372325280900232806e+19
-2.257544719537749361e+20
1.178245886257989812e+21
1.816973389231710536e+21
9.349424802772870496e+21
-1.210591463719415526e+23
9.088116823288680599e+22
6.195851670474813440e+19
6.298850763883737514e+21
-1.142494528749318649e+22
5.121551274067861334e+22
5.945281664029508082e+22
-3.926945518351363028e+23
7.592552374665659220e+24
2.666655592520507588e+24
5.668626533110022930e+21
2.354659368977946378e+20
-5.488746168417770065e+22
2.783795969036432861e+23
-4.289824686037597935e+23
2.761855797439526139e+24
1.883276344339342805e+25
1.106951282707594702e+26
-8.396312150952448832e+22
-7.438047649800519303e+23
-1.728521568224613855e+23
1.379830021890845702e+24
1.712553365129251873e+24
1.824954520704170058e+24
-5.014867431403669420e+24
-7.062440422153539738e+25
3.684200556109434657e+25
-2.565072962891668510e+23
1.579771360787650325e+24
-1.217517274378231999e+24
-1.230243727719853290e+24
-1.307086280337756101e+22
5.274018016326437954e+24
3.894795330029895369e+24
1.710142577377566696e+25
-1.801611866265569928e+24
-4.072409789086697332e+25
-4.851206241549961854e+26
-6.905449989145207159e+23
2.144400139393170433e+24
-3.437858169112394625e+24
-4.788460709182488162e+24
1.327895516964330812e+25
-6.294790868416084866e+24
-1.250382839006615367e+25
1.111482359750653577e+25
1.890577778646792680e+25
3.723663926045660367e+25
-1.151674056668739054e+26
-7.349341529985066360e+25
2.513243343903196571e+26
6.912933600276679366e+23
5.593995539158903636e+24
2.662617534174848115e+25
2.345003521441130142e+25
4.357763373627073134e+25
2.995008958150733424e+24
-5.219259942625875444e+24
4.287408343598918367e+25
-9.127761649450489760e+24
1.607695447043764487e+26
-1.126886768940363776e+26
-1.870631555858054469e+25
-1.324837042804649620e+26
-1.154440893457372556e+27
8.284019207833457019e+24
-1.906913288470782455e+25
1.517612163708505747e+26
1.179774096153557543e+26
-4.686502616389123116e+25
-2.225846670274728781e+24
7.522114096936042078e+26
-1.165703002049713751e+26
1.490008230637450205e+26
-4.621102007165975251e+26
-1.884602656621783071e+25
8.427790574649161899e+26
4.396963389111044238e+27
4.806200668786702411e+25
1.321159399238774141e+25
-1.506028476532026066e+27
-7.339766221040617342e+26
2.526551670648627967e+26
1.599977926627697450e+27
-2.289712041469324796e+26
1.255613931750429227e+27
1.337478525549376303e+26
2.107990322100238113e+26
-4.505907659078715301e+26
-3.577171807075729624e+26
-2.773837105714174938e+22
2.852291361903276248e+22
1.842608916664475347e+23
-4.542857020392979038e+21
-5.672435067848431197e+23
-7.173617844967957458e+23
-5.674583801714359025e+23
-9.337957015664207531e+24
9.495902474063709360e+24
1.759415565337277994e+25
-1.684245129683215332e+25
-1.454440855246869063e+25
5.456532826436639208e+25
-4.214845523705256105e+24
2.441878960923201996e+23
-1.494237521921424142e+24
-2.120260676818581556e+25
9.159013150257761691e+25
-3.992439650465386411e+25
2.107137125235393994e+26
3.389359027625011087e+27
1.356733437059657772e+24
2.056209261031505263e+25
-2.364710956336047333e+25
-4.498351178419081136e+25
5.042928258228899755e+25
1.493314412972895921e+26
2.333025029760641315e+27
-1.220190431312920162e+25
7.164651149782817082e+25
2.070099091257539393e+25
-1.015821915743470678e+26
-7.940259184679125005e+24
1.806664992508312713e+26
2.853730211465096910e+26
3.768966954510056033e+26
-8.995925658747726208e+26
1.009339666846219118e+28
-1.106671270848599397e+28
-9.628601409126713487e+25
-4.524991501158863725e+25
-2.802140233013540600e+26
-1.130891852537562438e+26
4.954319312932294867e+26
-2.017876545228611907e+26
-1.869438823413353243e+26
-6.215078403434017535e+26
-5.698258499914839084e+25
-8.493017355462931456e+26
3.638833660127609156e+28
6.911633398025446414e+27
6.829035933513282478e+25
-3.849808781877727325e+26
1.007482868832579973e+27
-4.531747051543143473e+25
-2.561560183506436794e+26
-5.821389801671700794e+26
-3.947714939578875730e+27
-2.134571040256439553e+26
-4.025827918302289725e+27
-1.190890785706304498e+28
-1.594728993123733361e+27
2.115767290995476966e+28
5.440427557738122011e+28
-1.652370888733391456e+27
-2.986865778801031296e+27
3.767448607176854334e+27
-5.395589024614664448e+27
-4.931691546065401808e+27
-6.577552214513604029e+27
6.505930410579239506e+27
8.150611512928250920e+26
1.082024329973363134e+28
1.272755189910797044e+28
-8.764492846341895056e+28
-8.644570842911278370e+28
-1.410184571427481164e+28
9.726012952509998128e+27
-4.646710791209466339e+27
-2.395420648882443284e+28
-5.412059624644443410e+27
3.571694423744792135e+27
-7.764410889082169125e+27
2.717961348944274634e+28
5.573516435428828917e+28
2.336257098150451036e+28
2.689499398022943698e+28
8.791227869004382278e+24
-2.153558877154974211e+25
-3.021784458043074759e+25
9.031643331387169371e+24
-1.575729931685989693e+25
-3.054391904914675680e+25
-7.251974541306963396e+23
2.165677105390542665e+25
-5.698826927149370764e+25
-6.038830458872838181e+25
-1.625485391894556723e+26
-7.734483311463916317e+26
3.983789544325977956e+26
-6.466170500255707899e+26
2.780096364937498977e+27
-1.096025845999771030e+27
3.951081244393376335e+27
-1.265916204850426081e+28
3.120161912475823417e+25
-4.325427918804084787e+25
-3.798948513011776657e+26
5.075697194903986924e+26
2.509931433295073832e+27
-1.488252589158591864e+28
1.621295885848610159e+28
5.372103495804901766e+25
-1.561969343708779110e+26
-2.096250594223101990e+26
-4.434073964084551631e+26
3.354284717637772003e+26
-1.068879189458250446e+27
-1.355938556591789368e+27
2.773280682048317453e+27
5.983512074847490679e+28
1.416756637933800247e+26
1.880458105910179341e+26
-7.209210109587042204e+26
-9.647316397972790922e+26
7.028753051023885421e+25
1.437209916817786244e+26
1.407234752191117794e+27
1.372965450406231706e+28
-2.146828288932199280e+28
-2.232182820958761788e+29
2.080445411018924930e+29
1.671885503721645909e+27
-3.051293295923468222e+27
-5.568447157936876149e+27
5.506949410603662820e+26
-4.552358470130843115e+27
-6.204152964142289139e+27
1.029981618077681904e+27
-5.823290134114928304e+28
6.338694427237938669e+28
4.896719900680341089e+28
4.919740837595114458e+28
-1.199748373041391611e+29
-4.884029969105271920e+28
4.843236038832209208e+28
7.838389214385833609e+27
-4.707404510198438778e+28
2.973709964020896035e+28
2.825038623504583865e+28
5.060375769058573848e+28
2.293339556240644945e+29
5.579452477075832054e+28
6.906493920250337494e+29
2.728376198404258534e+28
-1.290342568153414797e+29
-1.737701014553661767e+29
-1.404795878791361311e+28
-1.899770279860089636e+29
7.510010595187491855e+28
-8.740792030569999569e+28
-1.076605897256221728e+29
-2.778988283008898458e+29
2.436423654368812071e+29
1.740919065072461961e+29
-7.177047980507455371e+24
-1.248870070640701492e+26
1.198082339409791972e+26
3.659612144247960889e+26
-3.970141372343149583e+25
-2.986920809820867945e+25
8.478853908746710548e+24
1.922801806737610325e+27
7.081923528135366146e+25
-1.496798078869056062e+26
6.688119088199305680e+26
-6.213672432533353062e+26
-5.846239799319352960e+26
-7.618418004240393696e+27
-1.693212873063212762e+26
-2.239165506230092099e+27
-1.357439454948798502e+27
1.351898206603525831e+27
-7.702890887053068295e+27
4.947794287608871077e+25
-4.842078818093747807e+27
-6.915760462832135238e+27
-1.091567769298272632e+28
-5.377587377127001936e+27
-9.817911188411465473e+26
1.476303901286616542e+28
-5.176880842694001592e+28
3.662590116263818754e+28
3.874430109937463794e+28
-3.626156195184450675e+26
-9.362645389282221472e+25
2.342574138878296690e+26
-5.530554787005650772e+27
3.495348933969774286e+25
2.401774012992412195e+27
3.951901086699742692e+27
-1.419125862715652917e+27
-2.326512983760691992e+28
-2.911101270444921069e+28
-5.968389087349572958e+28
1.591861469620266825e+29
-1.924267909800621252e+27
-3.493965384828210771e+27
5.530716952809974581e+26
-1.571852583763450373e+27
7.858051591459621962e+27
-2.946506012541264822e+28
-1.199318918534710783e+29
-5.994905024316153133e+28
-2.300932839185847873e+29
-1.326247362963748068e+29
2.882921652149628574e+27
-5.538311469463643060e+27
-1.500979504440293772e+28
-2.934435111154840517e+28
-3.564248676926244511e+28
1.119444724572753681e+28
-5.722897765182938778e+28
4.085303498330434765e+28
-8.022634574938985153e+28
-5.136316427742381749e+28
-2.813904727394144694e+29
1.296296107941709815e+29
-3.227278539830979493e+28
-2.267491240915346455e+28
-2.160656559104142832e+29
-2.345151857797111351e+28
1.677742208729014146e+29
-3.457563991641046006e+29
-2.510144917453665375e+29
7.653732606592844022e+29
3.287944144586865060e+29
-1.890649516967758386e+29
-2.823890424777433497e+29
-7.746188358426622698e+29
7.792744346953924521e+28
6.004974477994466136e+29
2.230643456508603588e+29
-6.503176678744498313e+29
6.507283589177262553e+29
-1.087946708163798628e+30
-2.171734475753995733e+27
2.669272290120898211e+27
-3.512419940493698319e+27
-4.394188416184079906e+26
-6.304836292847635837e+26
-9.654759157825981678e+27
-2.740928818217504621e+27
-3.383156508480842486e+26
8.749681724379895725e+26
9.518263776142083484e+26
-8.108829364981953652e+26
-7.336620982775676141e+26
-3.448816129984903151e+27
-3.135976897147700812e+27
-2.029678769827416196e+27
1.842857281706003880e+28
1.339022473753523847e+28
-3.646198233481852935e+28
8.879714895541832973e+27
3.239101283126377174e+28
9.432319181245491782e+28
-5.667275336112196283e+28
-1.559408705754858023e+28
3.672011808493532700e+28
-4.513121188182142902e+28
-7.193959831477154812e+27
-1.788062407206051522e+27
4.424556864216512087e+28
-2.890834609570664073e+29
-5.350550443523209569e+28
-2.868486413713624760e+29
-1.046973332167059374e+28
1.353218272918162923e+28
-1.745069738063680838e+28
-1.186287979622369754e+27
3.998023006402792799e+27
2.613158014005832433e+28
-3.967436505471425163e+28
-1.447590168038974954e+28
-6.669996022514566500e+28
-2.728241083577103575e+28
8.372089716932765777e+26
-8.881298279028445676e+27
-1.791889422789715040e+28
1.515319311140788400e+28
1.818435275023690355e+27
2.205792211098435804e+29
9.120013104381169057e+28
-1.142021959201398557e+29
-1.119354566614268719e+30
6.788060455700705829e+28
5.287000023325562958e+29
5.018323965777389900e+29
4.583928920875204326e+29
-4.778286989994460734e+27
-1.714003082981298884e+28
2.884125029579821074e+28
-2.975475327003464860e+28
-1.136013922401655203e+29
2.227057096544762258e+28
-2.706052260540502692e+28
1.741120027374055437e+28
1.976375869495974207e+29
-3.961717291143910508e+29
4.091054024812786701e+28
5.024639808886221808e+29
-3.773306308653678900e+29
3.412854441726543308e+29
1.351353068301134669e+29
1.482960092585191175e+30
-1.176193707592027620e+29
9.663905861133167252e+28
1.366702743475843315e+29
-1.264714303575628949e+29
-3.533839273393605399e+29
-5.678402908549560912e+29
-1.020534383145034022e+29
1.243924954328310895e+30
8.211625355763933102e+29
1.005805931407695133e+28
3.456896065836409062e+29
-1.443060975977426022e+29
1.375944338682290309e+30
-2.239729279213738085e+29
-2.478319485451229472e+30
1.123068817598877966e+30
1.793984923032585685e+30
3.025753561697882208e+28
7.341159871214922270e+27
-4.591362467344848553e+27
-1.524919893659770926e+28
-2.287215803293235811e+27
1.266404620104293833e+28
-1.311985850986669892e+28
3.944772361957847679e+28
-1.052479111621132111e+28
-1.013130712201663134e+28
9.717663653202793488e+27
-2.588996507203234614e+29
4.368885653760180522e+28
-5.919039678347767978e+29
9.469303111112211122e+27
7.669860481253280280e+26
-1.119390838818398890e+29
-3.390722782466460631e+29
1.256653497289394484e+29
8.990031417054669413e+28
-5.556962680538194172e+28
3.394977947195984815e+29
2.154100107014377690e+29
1.144321384272055796e+28
7.430071256358871866e+28
1.058912362506221060e+29
-3.305206696240879552e+29
-4.282943957797364576e+29
-2.529456653545162949e+29
5.579282225098229375e+29
2.153857949019453309e+29
-2.856696299546379658e+29
2.198534414628853862e+29
4.396478672162686836e+28
-3.720916769201438545e+27
4.165543734875589584e+28
6.997778533503593628e+25
1.377099870413653068e+29
1.627226796304411387e+29
-1.351094529031050887e+29
-2.763284423056534026e+29
-4.408225212357835446e+29
7.321966361871137853e+29
-4.398077016563589018e+29
3.286702384981704733e+29
3.245712490439312152e+28
6.489625350964976884e+29
1.598125545293317897e+30
1.639738038919423491e+30
-9.877357702533332600e+29
-1.227027050911773393e+30
-1.927800216544517758e+30
-4.199563825206914199e+29
-9.318330371455625892e+29
-7.266610590724760474e+29
2.605441774526848442e+29
1.114370391340887622e+29
8.597059650284288829e+28
7.050909754046249147e+29
-2.720940234490185621e+28
-1.575867688048582577e+29
1.121931310171100831e+30
3.032484289138830796e+28
-1.000169686601995636e+29
5.577754526440346685e+29
-5.671365928176294989e+29
-6.089315014286549071e+28
-2.546260462139039321e+29
-7.083401319468291151e+29
-1.714069251003618584e+30
4.632172367656950180e+29
3.535939109934948002e+30
5.248135857868441170e+29
-1.697019725501207174e+29
-2.369600306419077829e+29
-3.237441052307581267e+30
-3.446500880380105554e+29
9.636090161821929088e+29
2.627145444900513491e+30
-1.097074229234711793e+30
8.722401644861104503e+29
7.824081719932673762e+30
-1.114088014741522187e+31
-1.194421731560458471e+31
6.497911558385806895e+30
-1.269675159903602139e+29
-1.772512237312412488e+29
-1.170588157371007704e+29
1.107856145219164176e+29
-7.552249049702599476e+28
8.345169036586584006e+29
-3.361870737996803144e+29
-2.440131187573421278e+28
3.386659112461556980e+28
4.544516980548430769e+29
-5.149855346128300072e+29
-4.611735976792504432e+29
-6.413951903348511601e+28
-4.176429455787695436e+29
4.753040916107857631e+28
1.081162213037604488e+29
-1.284289495379008999e+30
-4.609070280769375994e+29
-9.426853847784472299e+29
1.168514935294665747e+29
-8.238696673599859377e+28
2.821366352972486110e+29
1.826629817655137007e+30
-6.710537117540360876e+29
2.238483629577342701e+30
3.279437314488687985e+30
2.110300657885882512e+30
1.648799919481403360e+29
1.488278637350410642e+30
2.478445582545062335e+30
5.145216938682808816e+28
1.216943498236570980e+30
3.492601640486081170e+30
-8.711006422709427040e+29
-1.272826755641713438e+30
-5.639880215400341825e+29
5.024767479561746705e+30
-2.174871829109973123e+30
3.156753262192862346e+29
1.530107831422535554e+30
1.316796326179295588e+31
6.983528539116469412e+29
5.656210030482002331e+30
-2.974220082599839632e+30
2.811595408425616240e+30
-3.765249076726758563e+30
-3.318221701774218925e+30
5.366851996453332536e+30
2.084732517384173418e+30
-8.798217112207531807e+30
-3.961321633126312171e+31
6.599816429539027100e+30
5.061827341475459737e+30
-8.300218276353415598e+30
-4.481172685243661536e+30
-8.410687287128036612e+30
4.568483974544389623e+29
-7.385964257717354882e+29
-2.687791354916424684e+30
8.408111339412223542e+30
1.182088514168674936e+31
7.739258273260565458e+30
-1.450292265507932017e+30
-4.184287838338498298e+30
3.635144324666590706e+30
1.076025887883709236e+30
-1.998688462171663930e+31
1.552273339935533456e+31
-1.540890263120139205e+31
-2.281852101405109143e+30
