-3.075738759525318400e+16
-1.083063565219379610e+19
-1.056315204611622175e+20
8.851661364323326362e+20
4.899857244422298141e+21
-7.693850684348882223e+21
-6.423938463914443932e+21
-1.213604517262767560e+23
1.065258387934281644e+23
-1.723034619566302618e+19
2.182960326685759570e+20
7.605385697874720850e+21
7.394716386334245860e+22
-1.318351344061087209e+23
4.437365674404054093e+22
5.539449935489161757e+23
-3.812737224412881194e+24
2.801578315806763143e+25
-1.018068886647555686e+20
-1.328219866579776360e+22
1.983511449614459024e+22
9.557836882469474796e+21
-6.490198726279755203e+22
9.814382460454529852e+23
3.213683638216643039e+24
1.097863971138502558e+25
-2.537318457836326130e+26
2.996922872707131900e+21
-1.773528828832505282e+23
7.521607267502467758e+23
1.363942486582581432e+23
-7.878594286774328723e+23
3.080452443650808256e+24
-3.751400586588553512e+24
-1.195956589331090791e+25
3.590369556018515101e+25
3.729310073513104571e+26
2.231670703383802334e+22
-1.279608849379537013e+23
1.289483843730170228e+24
-1.204375971253319035e+24
3.178087856530817005e+24
-2.950192404035095855e+24
-4.560836705657033171e+24
1.093558227971615402e+24
2.510423191628012294e+25
1.230367977357064840e+25
1.501327041910611758e+26
1.035423289719556707e+27
-2.154711903725033410e+22
9.485089022074939245e+23
-7.229194601811819754e+24
1.203269498594638677e+25
-1.505887439532964262e+24
-1.489875336340167719e+24
-2.871188342544282472e+25
1.535374478268738706e+25
-5.810844781762378584e+25
1.974412268636078038e+25
2.781437455953574130e+26
-2.749042796595824746e+26
-3.218776116161176153e+26
-4.073060418886569563e+26
-5.732450654429124755e+21
-1.429033393059674884e+24
1.550820502661230135e+25
8.910405193729335114e+25
-3.158268342660788644e+25
9.706714693005472075e+25
4.748034380223933504e+25
-1.001979739695033739e+25
-4.796471981422588974e+25
-1.152083020282118978e+25
-2.114185776320312490e+26
-5.837481649435607839e+26
-2.278273229635614625e+26
3.059196137242791349e+25
6.289190827707173954e+25
-3.200467751974074193e+23
9.881285731122176070e+24
-1.400509051924535663e+26
-1.916209583079360009e+26
-4.609725428681894524e+25
-2.105009661382058692e+26
-4.667244565053305497e+26
9.446885127525181672e+26
1.604251353573429949e+26
-2.181065212747608049e+26
8.661549887865729036e+26
-1.590574316701838949e+26
-2.453719029105912872e+27
-4.072747727795342620e+26
-5.389455026341262582e+23
1.475972193033557700e+25
2.082728781062263633e+26
6.732879757146764963e+26
-1.690847866975921158e+27
9.699979603531591227e+26
3.076904048614449789e+27
-1.894174186654944674e+26
-1.016205884787684735e+26
-1.341554076646760718e+27
4.319978541621544008e+26
3.029230811222415142e+26
-1.996052929670463881e+27
-9.755773001618047631e+20
1.928388307736433000e+21
2.230627809562665261e+22
-1.181843434975639319e+23
-3.505061003296125013e+23
8.806694181137607578e+23
-6.216579803644110360e+22
-3.726468939133101512e+24
9.968391165405551688e+23
-1.801028768231823174e+24
2.501304483329501529e+23
-1.336316035805911851e+25
2.760521997998533662e+25
-3.048188574325524102e+25
-5.638306350685063043e+25
-1.108933959593978372e+26
1.300895586609690313e+21
8.266601828171688129e+22
5.797286193501913225e+24
-3.516055507516322025e+24
5.820471379757232981e+25
2.641896146460198828e+26
2.070908136893921411e+26
-2.692006960606939043e+27
3.325186683333429579e+24
1.121674817036610184e+25
2.289050890052093654e+24
3.228704228375388133e+25
-3.885261943939121942e+24
1.709252070627344713e+25
-1.033709936682613325e+26
4.902363341953208027e+26
5.371097853242516913e+27
2.005978236721288249e+24
2.220190680647700842e+25
-1.477266320859475181e+25
1.055362776517632230e+26
-1.466470161668527023e+25
-6.679505730593661877e+24
5.009409703555425632e+25
-6.079956055989728937e+25
4.932751711999187790e+26
4.629510948272106822e+27
-4.535059151637162448e+26
-1.332182108880985991e+25
5.832688436367768724e+25
-5.055461169709337104e+25
1.031855030388617250e+26
-3.839282348921537253e+25
8.059901106755004986e+26
2.425774818525588230e+24
3.432523544253278311e+26
5.883205643470162427e+26
2.307911373399625369e+27
8.277775946544122002e+27
-4.702386301936884888e+27
4.874136397504035972e+27
-1.670786049773404378e+24
-4.555225622886009521e+26
1.455173174027725658e+27
-2.898068219173806641e+26
1.086529803838466711e+27
-5.805853446151968758e+25
-6.206028976866690077e+26
-2.184121039641089315e+27
-1.056025157003220502e+27
7.049690542875502813e+27
1.987530555787226637e+27
7.595542076479635033e+26
3.393230022855537558e+28
-5.382354316785729093e+28
1.137354272351114299e+26
-1.743721818444851409e+27
2.170311382830711838e+27
8.008198651932000786e+27
-2.469007032014451776e+27
5.463270352448694556e+27
2.199331987455251157e+28
-2.720002228646164999e+27
1.039414459637206109e+27
6.739932958843667517e+28
9.786281262987213235e+27
2.496689214577579386e+28
-2.555282452803278110e+28
-3.587546039168841030e+26
-2.484247886272846639e+27
1.191426292670599930e+28
-1.212811977485138943e+28
1.266762475519181625e+28
5.750415547688460742e+28
5.569099548083367777e+27
-2.067761931359991523e+28
-9.687465668646816922e+28
-4.504022118697625837e+28
8.690049933536195520e+27
-9.362051530186093088e+28
3.700002120506667958e+21
3.399401734041726091e+22
9.164585275415126637e+23
-2.953104937168167854e+24
-5.608255440821414328e+24
-8.026977907288805342e+24
3.328557771112084312e+23
-1.532831947528874210e+25
1.159002377424870770e+26
-3.515776801165017088e+23
-1.199551581831050358e+26
7.932926281798766651e+25
7.155387732757529165e+25
-3.414586899450429002e+26
-9.610134631485681353e+25
3.443360577720515494e+26
1.769768891837820503e+27
3.608532477047579688e+27
-1.710549118167598081e+27
-4.553034247536751192e+26
-3.663889153526654371e+27
6.205817475313040863e+24
7.326068046528733785e+25
-1.979869054788243126e+26
1.988395540820087610e+25
2.742542356302629320e+26
-1.564339488643914414e+27
-2.301299125337451880e+28
7.091400117052978633e+28
2.556698384346079464e+26
1.077296374318359888e+26
-4.669567122089257464e+26
3.212214260958434811e+26
-1.487360053485697455e+27
-2.206831770128379680e+27
6.755925398463789935e+27
-2.712895206082123384e+27
-8.352539995126253055e+27
-1.765975135632099554e+29
-4.823483739496524249e+26
4.892010168894811351e+26
-1.774894430513501255e+26
2.970230041799372537e+25
-7.663058146268992907e+27
2.515451623875654014e+27
-5.725820066421255582e+27
5.092664152927501301e+27
-9.200756813408296316e+27
1.974858624710263379e+28
5.540860096029388487e+28
1.200466737484543255e+28
-2.203149572358343496e+27
-1.316060294157192716e+28
-3.628257443984785093e+27
4.181115648866131381e+27
5.137514800475667354e+27
1.197038226768492852e+27
-2.663629542801038388e+28
-1.426997431601544746e+27
3.409441031272126952e+28
-5.751660856463474556e+28
7.033282151238106466e+28
2.746390837385197266e+29
-1.060532952687503667e+29
5.904455214172899107e+27
-4.894429783911359162e+28
-6.029676344642651071e+28
-1.762331969205297719e+28
2.254507702205865776e+28
-2.924649615419380840e+29
-2.695537677536803826e+27
-2.185643157195000178e+27
4.928891954140072144e+28
1.191212621625706038e+29
-3.192140795857392290e+29
-2.573252216767676559e+29
3.094981990171275362e+28
2.369700946415718922e+29
-2.526243839882942914e+29
-1.010284544855524812e+29
1.762337305265335078e+29
1.296056681676642548e+28
-8.421744560359973133e+28
1.444504054786897792e+28
3.206485992410130548e+29
-5.366412868551499694e+29
6.883269352263570306e+29
-1.730220270095211282e+25
1.822513081826831391e+26
-5.171290946147058092e+24
1.916670020569753290e+25
-1.288880274147917263e+26
6.891219782279123621e+26
-3.928679769082005315e+26
6.177728486873062352e+25
3.935084008307592741e+26
-1.627203450304610136e+26
-4.673309587235245811e+26
-6.117746532031214746e+26
-1.681885419122016706e+27
6.781497345203686301e+25
-9.368801921455066223e+26
2.852939096768142205e+25
-4.045250417159230759e+26
1.534189896169782145e+27
-1.382773098805291033e+27
-1.600214432737858748e+26
-1.022343420271643674e+27
2.246662517382546135e+27
3.898549948575897924e+27
-5.270697231193606923e+25
1.691987537568696405e+27
-1.028468442277815205e+28
8.318069406429399604e+27
-7.710074505205605039e+27
-8.716146285113033782e+27
1.513775151351440848e+27
5.531744400276100727e+27
-2.055011518190057897e+28
2.043889406040900950e+29
-1.154697159521256451e+29
3.735462574004172780e+26
-8.865869771173146066e+26
-1.651728400724576325e+27
7.905118366875795069e+26
1.541640193742067510e+27
2.464595770990737563e+27
2.827074573737206668e+27
-3.052393544352418208e+27
-1.338997826680962179e+27
4.310905903224807900e+27
-7.172045782103732885e+28
-4.027797692758493407e+28
2.116796030924375637e+29
1.951914132605883944e+29
-1.825614136288535982e+27
3.291055308631923430e+27
8.146386263728276543e+27
1.137475393192168526e+28
1.443228475243968142e+27
-4.357546787166138794e+27
1.669419192975108015e+28
3.532338467587659593e+28
-4.033049583667934852e+28
-1.628721490376180618e+28
2.954074721073996000e+29
1.397819246038445290e+28
-4.582021475348998449e+27
-2.541579429681302002e+28
4.319760740220398429e+27
8.492841784578261951e+27
-9.554268556483942439e+28
2.089026487348595600e+28
1.652789346458701405e+29
-9.419685682325761394e+28
-1.842509583247386765e+29
4.385806813213349407e+29
5.062002751870770683e+29
-2.699356475410727606e+28
-5.799086185983250201e+28
1.115775827756033507e+29
-2.541379791952732087e+29
-7.004791225996188515e+29
4.151516644886112377e+28
-2.204895612314342269e+29
2.917168284742634579e+29
1.047180317779787089e+29
4.588065741826836604e+29
-7.249325456334730695e+28
2.670066275626484490e+29
-2.437457533184518206e+29
-5.732487694422970967e+29
7.236466348005304120e+29
-2.122139499945179753e+29
-9.843047365093815037e+28
1.981916992642070607e+30
-1.344496953501516578e+30
-4.753996318315361447e+29
-5.351206812115493951e+29
-2.748749095209656957e+25
-7.395301506720794943e+26
5.167117438883776985e+26
2.401222826921634887e+26
-3.554006590732767720e+26
-1.670795736265571486e+27
4.029592195842463083e+26
-4.115006989744328261e+27
9.458093628417993782e+27
-1.889421065157321879e+26
-2.575448838859246819e+27
-2.928780664508477682e+27
6.447321796900988128e+27
4.355256746795659535e+27
3.276822701000331836e+27
-1.173264725572880235e+28
1.679962651997337396e+27
-3.765283991557108373e+26
1.081775145390913958e+27
3.871771754034109849e+27
8.528448556670581729e+27
-6.063672324501742682e+27
8.499618270701189085e+26
-2.766850804781050047e+28
-4.673902660307190347e+27
-1.310138001812730455e+28
7.271712649247703924e+28
5.801896072213730350e+28
3.902636730363990399e+28
8.345375128017498925e+27
8.572336674768420579e+28
8.473353532301093401e+27
2.433324218347731747e+28
-2.294081098013003793e+29
-2.194973312084176580e+29
-4.614237373405868846e+29
-1.501923924661950095e+29
5.550363643108274921e+27
-1.889046332826498509e+26
2.699394034609825534e+28
-1.038321950532720965e+28
-5.170212881538269092e+25
-1.550630105212705802e+28
-5.732314674511290110e+27
-1.923808962245794689e+28
-1.114230141612932454e+28
-5.263500722645292753e+28
-5.075583434225953824e+28
3.455833143875002057e+28
1.198259239167332320e+28
1.884268186946857990e+28
-1.089668069143566763e+28
-1.309555743634154793e+29
3.183770290297462700e+26
-1.259090917503144458e+29
1.849701425687748538e+29
-7.377283237904590129e+28
1.619624945227438400e+29
2.329541451581525367e+29
-1.707093494506691659e+29
1.526692846701000304e+30
1.373619453241002595e+29
6.797331932575043125e+28
-2.217049445210203021e+28
3.081543150608384559e+28
9.984055738888844159e+27
4.116867351281969671e+25
-9.498203771858129051e+28
4.458101687867308331e+28
8.949483842896755066e+28
-3.018473274784357837e+28
4.184465514000261167e+28
9.258922242766637016e+28
-1.144589637824504079e+29
-6.492348705558945082e+29
1.555129165960336336e+29
3.135406457153983102e+29
2.894536845475742575e+29
-9.530126129163867051e+29
2.993258182815063754e+29
-1.727214035369527901e+30
-2.765057878651173588e+29
3.642334520428793567e+28
-6.966511566918389874e+28
-5.795326590312440787e+29
-1.526690578957834897e+29
-1.312492378526476383e+29
3.391376665645717940e+26
3.847315213081803576e+29
-1.038936216033931146e+30
-1.241174014202329718e+30
-6.310142088547312817e+28
6.924647992278815959e+28
1.368818049337620131e+30
2.182540298443816984e+29
8.621692387882399520e+29
-1.490329566868221402e+30
8.705257773467694309e+29
1.587398944393400303e+30
2.522113237126244714e+30
-2.930589608296894410e+25
1.591050352984567586e+27
-1.151036013981877792e+27
1.717471398159764164e+28
2.232438658977700983e+27
-1.111247285223922150e+28
-1.469667798811995781e+27
-4.632491566131220875e+28
1.331583754740531814e+28
1.035080853409612092e+29
1.004742047277434352e+29
-1.940729448026556625e+27
1.799532608321670620e+27
-4.049901651812047394e+27
5.194497030430968683e+28
-1.863748779038385338e+28
-1.171252044614119441e+28
1.095652114556135387e+29
-1.033377797607078087e+29
1.334680192601572849e+29
-3.146567237021386065e+29
-3.952791340683909003e+27
1.713035587553979627e+28
5.175148968674976751e+29
-1.645282790254099207e+28
7.605564161948485606e+28
2.712734062056697174e+29
2.485809740921603123e+29
2.780949708544753624e+29
5.110401225017275814e+28
7.451350501788978303e+27
6.412476642345105129e+28
-2.433357478807117813e+29
1.244050347102751462e+29
8.838300390531279910e+28
9.314072823050449972e+28
9.373638401632796525e+29
-1.264301425195212575e+27
4.546335392126906517e+28
9.176306428438379260e+27
4.620259606454972500e+28
-8.399510694236832722e+28
1.723503029287403490e+29
-4.958237279958023808e+29
-1.505628834297268279e+28
-6.098069730266267608e+26
5.186596656104974696e+28
1.189479686967145289e+29
-1.128526791688479794e+29
1.273917798801174280e+29
-4.111722282093126502e+28
4.953247330391136549e+29
6.013647625793517292e+29
4.663444545635580855e+29
-2.913074169839722634e+29
-3.455128659833497648e+29
-1.058960404051563486e+30
-1.085243403788216745e+30
-8.049829183745694538e+29
-7.156415493168647701e+28
8.255374561047915382e+29
2.286384024197820105e+30
2.913372129042667790e+30
-2.304628893545506942e+30
4.981366267526277043e+28
7.511813059337743419e+29
2.163021140968225125e+29
-1.545571461710930652e+30
-3.361089080374856785e+29
9.076411587150610112e+28
-7.743147734196883975e+28
2.344126500386177351e+29
1.157484848885824652e+29
-2.165737612873903971e+29
-9.120648289620811533e+29
3.675771540205698351e+29
1.487122749114158098e+28
-1.615009303558569392e+28
-5.139950858174562713e+29
8.702074018883375003e+29
-4.763690120782997315e+29
2.676885769391683146e+30
1.321892699462437419e+30
2.853930513132271047e+30
1.388302110059577638e+30
9.597367584127377103e+29
5.379727157987454178e+30
2.012519271462965458e+30
-1.074413432023567380e+30
-5.495890754067136323e+29
-1.472314303805447570e+27
2.748962538859146260e+29
-4.309672068103638355e+29
-5.331218554105869770e+30
-1.754957460041087477e+30
-1.779241543349259031e+30
-1.681439004801782823e+29
-3.376419419766297057e+30
4.779885276903038791e+30
7.337246111285888902e+30
-1.090665175974645912e+31
-3.750158343434968204e+26
-3.227904869576460762e+27
3.268014079061501246e+28
2.692097687244055838e+28
-2.578617344268057962e+28
-3.696723550141484090e+28
1.087829172589120686e+28
-1.700487643845854009e+28
-1.088431894210257058e+29
3.375824865699651960e+29
4.249132480205014146e+29
-1.168767337381024281e+29
1.123927417517023182e+29
-2.762555796243173292e+29
1.927536853427869303e+29
5.766296246475259016e+29
9.428317382407229945e+27
-2.910219175676622904e+29
-1.210421364364546449e+29
6.940393225013045584e+29
-1.461007922916634150e+30
-2.194314740272572709e+29
-3.834734997971246888e+29
-3.023028145524366307e+29
1.907984368706506762e+30
-6.807361784848745293e+29
1.308380529253504388e+30
2.379613478866109795e+29
-3.976942111468933057e+28
-5.494084172645012477e+28
-2.054875907424896042e+29
8.228858469999689952e+29
3.299264227721164509e+30
1.248243239473979537e+30
-3.104018598394873021e+30
2.364984207595237835e+29
-3.656919215399443954e+27
9.140007294592234141e+29
3.176083974026510849e+29
1.167432417285647995e+30
8.949932725475427557e+29
-1.870968634057396130e+29
1.173751555246124956e+30
8.284076881985736751e+29
-1.535294119137207215e+30
2.307613328799853368e+30
2.870301355510221924e+29
1.096768960640092829e+30
-1.211066876481732013e+30
1.076546468485122192e+30
8.788125177382123848e+28
-4.093374674105292132e+30
-1.080820816453828152e+31
-4.274203359710931999e+30
-6.001470491697382795e+29
1.649102819057052833e+30
1.708909422725793784e+31
2.731686165665997328e+30
2.438516867664190354e+29
1.635762182999778135e+30
2.865359292116525362e+30
3.776963351131910391e+29
1.258332101957907620e+30
1.326539357168623486e+30
-5.274504092445765221e+30
5.294202427098136119e+30
4.445937415406149982e+30
-5.873429964866954824e+30
6.221526067248447315e+30
-8.818131387562616756e+28
-1.056224838271728588e+30
2.208550072855037325e+30
1.043879578699448863e+30
2.420406939075249057e+30
2.858846477179952113e+30
-7.502170896258019593e+29
4.813238897991879713e+29
-1.204821006011994098e+30
1.136735132981745924e+31
-9.924432444728511726e+29
-6.192947790917546477e+30
4.319262614673008913e+30
-1.586418987874167952e+29
2.192734599950356009e+30
-7.690734923283802987e+30
1.470807000950223388e+30
1.125685254961195527e+31
-3.242946991414727207e+30
5.572814038818966481e+30
5.169493173051325165e+30
-8.094128974222878603e+30
2.104462007097390022e+31
1.798945024769179847e+31
-8.070624663345295752e+29
1.609570797096960844e+31
1.750432163960158859e+31
-1.311335741868967837e+31
-3.595415665973210245e+31
-4.494461991507030474e+30
5.441953257291646670e+29
-7.163313526966785547e+30
1.665604617319272402e+31
2.334073827211391881e+31
1.064874851428786908e+31
-2.886947863644137199e+31
3.480805629382731658e+31
7.109475671045734668e+30
-6.140080055749707452e+30
3.512870902670294016e+18
1.266305593560975770e+20
1.567702265239100195e+21
-1.908025756088265343e+21
-8.646583768404953399e+21
9.036747074946108228e+21
-1.599953797511370506e+23
3.185581656139716373e+23
-3.583689523603992740e+20
1.241735303862378352e+22
5.341243045662831516e+22
4.856834634575810186e+22
-1.075939564109299418e+23
2.343840240309339507e+23
9.149966736643728186e+23
1.617846019277370091e+25
1.282937528777741173e+22
-1.050289890669856450e+22
-1.272701057096947209e+23
7.778272879344270736e+23
5.072642088724367994e+24
5.048430318190089959e+24
-6.856583517429067444e+25
-1.482563065295979957e+26
-7.992249406708390665e+22
-4.021306971059250927e+23
-2.506848776791545306e+23
-3.611684239348399436e+24
-3.076317413951939411e+24
-6.158388136129624634e+24
-1.056763395170678247e+25
2.304762141566431759e+25
5.179869947442754258e+26
9.425913424425246775e+23
2.102732442656617714e+24
-4.597858891084076616e+23
-1.161091261217793722e+23
1.420726517404529716e+23
4.184769114447251138e+24
-7.039728418300346495e+24
-7.883796561627091619e+24
2.934253837860077794e+24
-1.546610517289627358e+25
-4.697747729721882679e+26
5.372944073033969922e+23
-4.280932712485048589e+24
-5.728418243368935716e+24
5.919945057253389419e+24
-1.553128635262470501e+24
4.151377006803354733e+25
-5.092087204909936743e+24
4.977814320959970021e+25
9.995273698670600226e+24
4.912496857470477813e+26
-2.171502034432460725e+26
-1.896179701993050811e+26
-1.973916454399784054e+26
4.118009037290930533e+23
2.873847642396589239e+24
6.101389065861083825e+24
-2.088714070395926390e+24
-1.297737728746583683e+25
-6.917427177766872629e+25
1.974099607198952427e+25
9.905427160601333813e+25
1.907589450794346231e+25
2.749941321293471877e+26
1.399118515070182990e+26
-2.392041612724898923e+26
-3.193687010503012954e+25
1.079171451715359457e+27
-5.438021819412877672e+24
5.142171703208485735e+25
1.378325893578323191e+26
-5.372853478427400511e+25
-2.842499584527658636e+26
-7.515282536971945726e+25
6.129711070340970957e+26
-1.368149746548491012e+26
-1.064711864658195048e+26
-2.527653755263663199e+26
2.036247368126884265e+26
-8.119056642025436173e+26
-2.462985778101216494e+27
2.584464137638204235e+25
-1.408756497443931346e+26
-7.775280829045709459e+26
-4.310964245678672323e+26
-1.980089971438035608e+26
-4.451832967810865468e+26
-2.923123892981487599e+26
9.290935080914110977e+26
8.574022143491915378e+26
1.810847926410786137e+26
-7.170896049975877706e+26
-5.279806970924337581e+27
-3.821302667800137957e+21
6.379328008645003706e+22
2.202979896198852667e+22
-2.052695911463050333e+23
9.690738712900478907e+22
5.338925984185366568e+23
-8.681168561432018677e+23
-4.412763346543795862e+24
1.992206304311903559e+24
7.816716930414172122e+24
2.051458092391241897e+25
-4.838769827345653848e+25
-2.511879302252602604e+25
-8.173977261224735447e+25
4.158438402444101639e+23
1.589063434341456590e+24
1.242553096047090194e+25
-2.673605691192409063e+25
5.560830718639423599e+25
3.336979527207839025e+26
5.377800210182788750e+26
-9.219097483818569575e+24
2.191995373420746098e+24
-1.089827971426240440e+25
1.126516175742441197e+25
1.142414043531732218e+25
-4.167078378572055943e+26
1.238946223256891168e+27
4.691631915925673667e+27
-5.791376708365147026e+25
-1.807234075812298364e+25
-8.939823625282589816e+25
-4.922033313325954711e+25
-9.297301951363715571e+25
-2.131196044621522233e+26
1.585318034980265913e+26
3.682501904625257450e+26
-2.955199982066330901e+27
-3.528562163987624887e+28
1.764630468023477695e+26
-5.979876029438661473e+25
2.446136694028424375e+26
7.556668080489262088e+25
-6.153078108479866632e+25
1.801828725457382171e+26
-1.237164005729353617e+27
9.020880929983788491e+26
-9.606731591960208000e+26
-5.302610857491660453e+27
-4.138808950329653642e+27
-2.617007044319675873e+27
-2.111565202304934255e+26
-7.543712512723915893e+26
-1.257256280744507184e+27
1.237034073986352514e+27
1.119511893869923597e+27
1.184170284675679461e+26
-4.889353803636902531e+27
1.092277567564411048e+27
-3.230284511988880059e+27
-9.883679661958947350e+27
-1.070795043636738763e+28
-1.121396691221929650e+28
7.177518562676655138e+27
-5.466492608342891819e+26
-5.619267243431234319e+27
7.150182461798377283e+27
1.435537875526474881e+27
-1.171794880077793491e+28
9.560831309155666541e+27
4.090712933575059345e+27
9.079902051682827569e+26
-3.772050869348533970e+28
-5.191531836291496376e+27
-4.679174536215626693e+28
-7.788517268898332011e+26
-9.418449606174587643e+26
9.571841277746531464e+27
2.746172304807489230e+28
1.349878765652671993e+28
6.412194808511817779e+28
2.385541617910132300e+27
2.278482784162549526e+28
9.022334305966257678e+27
1.734121398514538463e+28
5.306551602929369041e+28
-7.860731286221149757e+28
-3.960817967709616729e+24
-3.675012064512550116e+25
4.872836506163021257e+24
5.360022787054337127e+24
-7.593882863194191455e+25
8.550649169303480388e+23
-5.045826450683806818e+25
-6.784559064368721785e+25
-1.966567839495934633e+26
-7.892583455468840005e+23
5.660491368901744644e+25
-2.736906541012477364e+26
3.730486204087029773e+26
1.292594988599024375e+27
6.876829572980364441e+26
-1.240885231158411680e+27
-4.525089730788186712e+27
3.156890527352296435e+27
-5.748300869956988622e+25
-2.038363493437640075e+25
-8.817135222347951271e+25
5.980922539686467981e+26
5.902995171844840104e+26
3.881535344939285936e+27
-1.969803381618313951e+28
-2.827453054585202518e+26
-7.775144846206220908e+25
-8.135720745065800018e+24
-1.271455778898911007e+26
-3.956875286161977163e+26
2.402396254848404659e+27
-3.178547589423561482e+27
-7.248217893774492387e+27
3.767463278146294166e+28
-2.875229986100477831e+26
1.296961303072815523e+26
9.513114741221673276e+25
-7.168218374881528422e+27
-1.918896020781570315e+27
5.886560694572615234e+27
-1.484237250213847609e+28
-2.445444348315305917e+28
5.126308102125699039e+28
-8.167112632922003164e+28
-9.665368384820786598e+28
1.710386423440318412e+27
-9.807682152287075850e+26
-1.678149212259786257e+26
-4.367296527448405871e+27
-7.927623166331174914e+27
-1.420737762519178069e+28
4.301429746565132528e+27
-8.425189416430240631e+27
1.756299260340040736e+28
8.417863467101820996e+28
-1.709271215313413037e+29
-2.112691870372335193e+29
-5.938941279948357370e+28
3.126517651359963911e+28
-4.320346280791292221e+27
4.270417961699018376e+28
-2.434422066336532116e+26
-9.375816187039064360e+27
2.013634373749310203e+28
-1.621004711138786420e+29
-1.260341082346136273e+28
1.042439146494867844e+29
-3.355837327921765921e+29
-1.702757487641635963e+29
-5.445372563482719378e+28
1.517449044630273293e+29
-9.131665640138438330e+28
1.008476699109673254e+29
1.712360278673486661e+29
-1.378029965008515346e+29
-2.546361489609450842e+28
-4.469268507698046025e+29
-1.031718589361334485e+30
-5.930397005890693136e+26
3.576674809570909657e+26
2.859976437969593495e+25
-6.300720030599036450e+25
-2.914928808678828334e+24
-7.190683320488486413e+25
2.904227937699725616e+24
-5.911162388788582448e+26
-6.085682294970411503e+25
-3.276121523885806195e+26
1.659733901045092566e+27
4.161127454362148163e+27
-3.226435580738605460e+26
-8.853454409691989600e+26
1.627015352190812424e+26
1.515809615507822693e+25
-9.959437992967999042e+26
4.513128488643418770e+26
5.729393334422927942e+26
-6.304986524973486762e+26
1.403348692525004572e+28
-3.001731937431924766e+27
-1.788876770512273529e+28
2.674433639631357808e+28
5.149033279507760189e+27
-2.236219207087495751e+28
2.913558475039645978e+28
1.106336186443107293e+28
5.332135189482510403e+28
4.985323086132428040e+26
-7.469176533526789735e+25
1.278391503027021054e+27
-3.371510828384280577e+27
-1.727785292928621151e+27
-5.011618545253033045e+26
1.316949750977189420e+28
6.509833509835351263e+26
-3.603163908487391692e+28
1.261770029504304011e+29
2.555438964466512163e+29
-2.934801335312989949e+29
2.774389849045248855e+27
1.267969888528012181e+27
-4.485777782019801656e+27
4.041674525513712840e+27
5.003744807464332157e+27
-1.599334745705980989e+28
3.182708922249768667e+28
1.976928260918052697e+28
1.272960271246591750e+28
1.943444632768014472e+29
-6.294682497614481592e+27
2.281158690733851821e+28
-6.799351173725212807e+27
-2.147325382689999395e+28
-6.661839591527129594e+28
-4.802773264968744357e+27
7.841852809191167928e+28
1.733333349507943388e+29
5.846344273199041126e+28
-2.829195357141945281e+29
-2.776262337404038029e+29
-4.437370224646367072e+28
1.019215163963993826e+29
2.231668223441016632e+27
-3.316143950738760093e+29
-5.643172942305849764e+28
-1.832566688661437400e+29
8.991437277638771233e+29
2.801307436785206799e+29
-3.564553079953476748e+29
-3.054431520774990801e+29
6.172478586660913335e+29
-5.230954326309483017e+28
4.163276554848237547e+29
1.974783670465880655e+29
-5.181809120878309556e+28
-3.456401427871884627e+29
3.088509054324820721e+29
-1.491156862677047274e+30
1.913450175967605334e+30
5.180436913544058158e+27
1.659892900706772128e+27
-4.993205097635771473e+27
-1.335660202758338982e+26
-2.824276824334072938e+27
2.502399140508848926e+27
3.436871350829718669e+27
-7.427662843611031271e+27
2.419359795518455139e+26
1.134850681486152015e+28
-1.116657848762033432e+28
3.221757100111462564e+26
4.013907141331459859e+27
1.268343308952218558e+27
6.744468741435304591e+27
1.364547461661322791e+28
4.286526567448008775e+27
1.532206820255582206e+28
-2.980239464484730145e+27
-1.496623728534321454e+28
-1.956997877337849689e+28
4.319518834143719457e+28
6.890998459023923333e+28
-2.314838780568319265e+28
2.284104049408484681e+29
-3.940201320818956741e+27
-1.401077490149415136e+29
-1.262024884451194587e+29
2.770511607667138574e+29
1.672827795919340138e+29
2.696100084615884433e+28
6.974945602441189579e+27
-1.424106132853880537e+28
8.847061788887548583e+27
-1.058364357670541834e+28
3.969586590476011395e+27
1.048255004683238838e+28
1.221822518457626587e+28
-2.906696383731279470e+27
1.557596130766494886e+28
-4.248189563098984924e+28
-1.258459571499056552e+27
-5.060747893786797388e+27
-1.004915970740792111e+28
4.756048120885927082e+27
-1.767825208474719653e+29
9.362624540799400118e+28
-1.930670026244677041e+29
-3.252123244961172029e+28
1.167738614212447457e+29
6.050944824576181493e+29
-4.224875839064316926e+29
-9.744789142950555903e+28
-5.941459668002641005e+28
-3.293101361869979457e+28
-3.256147016891620706e+27
-5.051616481072401294e+28
-6.876529423344607513e+27
2.880797373510723470e+28
-5.608461426448368930e+27
-7.154364153324756888e+28
1.035908348368349719e+29
-4.478312824685106505e+28
-2.270151419363544311e+29
-4.079009484739571656e+28
-3.328405373501692980e+29
6.696566004008983268e+29
-3.608466768925837358e+28
-7.554335551427510047e+29
-5.287116093774204270e+29
6.234536529221609908e+28
-5.136276105621170805e+28
1.898246178539813094e+28
1.242591046380690515e+29
-5.542344880382977424e+29
-3.658297084966839054e+28
-2.642149569020003943e+29
2.052696660236037298e+30
-2.494481327539092042e+29
-6.424951042847669842e+29
1.254969839525323261e+30
-5.791544173065197405e+29
-2.925069895106155127e+29
1.061443220154504586e+30
7.409526713522387035e+29
-2.146349948495420202e+29
5.515287232250096188e+30
-2.145323833852089073e+28
2.084571698891924902e+28
6.027097775868389514e+25
-9.673462911162235961e+27
-2.075379745629642916e+27
-8.148838437223951639e+26
-1.596636906481420225e+28
-2.644794763250830907e+28
-2.893222412095208787e+28
1.415608586722200539e+28
1.540200550565826224e+27
-1.010131921013046336e+29
-9.113798974850085485e+28
9.840874794577520013e+28
2.551977207507540777e+27
3.341070209029758482e+28
3.570827980905171014e+28
1.519231910629017152e+29
5.486781128402814005e+28
-6.801117032012207619e+28
3.885786219907882788e+28
2.435819432337334287e+29
-1.428977285776029502e+29
9.858406664009846835e+27
5.994795069774035341e+28
-2.649330451855495266e+29
5.579029344976040404e+29
1.003420561378032308e+30
5.050888608990743716e+29
-5.274070655046933123e+29
6.564852223257635383e+28
2.000383908326954387e+27
2.727649117163918225e+29
-4.169410477969006777e+28
-2.591601706365266508e+28
-8.280609909578574635e+28
1.922661355346916250e+28
-1.333018557252050571e+29
-3.923525704129406633e+29
-1.181327900888072824e+29
-3.444397671081893041e+29
2.379388092311592868e+29
1.105929088334850253e+29
1.020517472736765058e+29
4.017166441192464717e+29
-2.222613720002151803e+29
-4.390004427163065454e+29
-7.406826630839941951e+29
-6.048841502685487945e+29
-4.396772373490559300e+29
6.766386968528826078e+29
4.455143996335975091e+29
5.063185455173098483e+29
-5.747575770976471370e+29
2.028837238087431065e+29
-1.061250566607602247e+29
-6.542160228880406882e+28
2.561111879805638832e+29
4.284840858179802046e+29
6.275589958543451164e+29
-3.326586112389594382e+29
4.602410428846934840e+29
-4.697725494004283189e+29
1.116503293382208657e+30
-1.353057405369521250e+29
-2.264519624557499293e+29
1.744143529388814565e+29
2.983360502827134145e+28
2.089221290542092037e+30
6.229488159481828904e+28
-4.186430528292519629e+30
-2.385859580301010733e+30
4.018837301497911340e+29
-2.056535467921737330e+29
-1.323561583606813029e+29
-8.097031979657970167e+29
-9.639120260343231711e+29
-6.741437259294289014e+29
-5.361415028996774473e+29
-2.555181073922597549e+29
-9.652599050470550047e+29
1.243586358677379000e+31
-3.070198565245437349e+29
-7.114475588879373712e+30
1.800547326901313321e+30
-4.472114768243982867e+29
-3.528340156032017014e+28
7.235684000983548683e+28
2.673061215513125573e+28
-3.642561881682968776e+29
1.452209185013404617e+28
1.237214757046347935e+29
5.906993050255166105e+27
2.615486107293472765e+27
-1.302072904774353429e+29
1.594571285296639223e+29
-6.316888042324788142e+29
-5.189470594615229493e+29
1.879285008702377420e+28
3.631858592071079453e+29
-1.022703945039124798e+27
-1.142477200566634979e+30
-7.849563391799510000e+29
-1.454935575516677682e+30
-7.046883796850700776e+29
9.212630160514672425e+28
3.002310826067311747e+29
1.118990167697212984e+29
1.500053394023436657e+30
-9.891929719362602985e+29
1.346188237713753094e+30
9.525862555486586040e+29
-1.937469962166957800e+29
-1.128640752054309097e+30
1.501227171135251912e+30
1.822736208080539546e+30
-7.496114534790303568e+29
-3.312055676410330288e+30
1.754211276271481240e+30
-3.288065693799181065e+29
-7.514000407367275585e+28
5.395561630703989397e+30
-3.535224485749807591e+30
4.244147324830018042e+30
6.330068587285955700e+29
1.124123825459425789e+31
-1.909432240654840555e+30
2.889762508056895664e+30
-7.344581658459304515e+29
2.946741592496864482e+30
3.926162997322235905e+30
5.305601981053822678e+30
9.036300617736350257e+30
-5.281017693973172591e+30
-1.153968358343186967e+30
1.180205610242270363e+30
2.557477526913487134e+30
3.995521873108285150e+30
9.151120178548780815e+30
-4.027320863974103067e+29
4.264780396168894793e+30
9.532805353353682350e+29
-7.950424445753857298e+29
-2.116144719185842503e+29
-1.314453321504090568e+31
1.481132469893840762e+31
4.480197318640134974e+30
-3.122064433507961550e+30
9.179410478001500627e+30
-2.225321326025745723e+30
2.368662882558826673e+30
4.165581318297650071e+31
2.417872962157284448e+31
-2.146467820106875079e+30
1.177513423699240930e+31
