-4.092798402299648000e+15
-2.236005075832396186e+19
-5.771755011988188365e+19
-5.060284541179660861e+20
2.799059767202526265e+21
-1.317696058482587075e+21
1.635463231201633265e+22
2.050131648064189681e+22
3.431550478175880557e+23
-1.341893242863584461e+19
3.856376734496606126e+20
-8.204435810342300287e+21
-6.273532904174593350e+22
-2.242579289685816141e+22
5.079120979211705207e+23
8.983200832170092858e+23
-9.327756752167533491e+23
-1.022840817599850910e+25
6.829139488981034598e+19
2.442733213318630710e+22
-9.404694497863783154e+22
4.280458157206026332e+23
-1.083279855985501992e+24
7.021285400075768682e+23
1.513801671846124868e+24
7.237230766219971332e+25
-8.425460403650581047e+24
-3.844335397964680266e+21
-6.362706818656192850e+22
-1.348168359614427913e+23
1.672454133840415923e+23
1.269800439178754525e+24
-3.797372276262125638e+24
-5.256125800345562648e+24
5.709090946245792576e+24
-5.508274275471898875e+25
-6.297147017749696874e+26
3.579735960455444693e+21
2.614392263665018932e+23
-3.399088074811135542e+24
-3.619987641503279512e+23
6.766979429545741415e+24
-1.858614512212297950e+23
-1.138509188098585222e+24
-1.626840950609066141e+25
-6.809166472691665183e+24
-4.940665090109284073e+25
-1.059183977230486134e+26
1.096086640446727638e+27
-2.578531995864718429e+22
-5.519024732958160155e+23
7.189848973653803463e+24
6.417190749398185384e+23
-5.348396546049635250e+24
-1.244385530771526688e+25
-3.200270442706116451e+25
8.770937388448850672e+23
8.918913433737361550e+25
1.033605680284356718e+26
1.777928297521081381e+26
-7.024831753151989141e+26
7.621271628354709086e+25
-7.668900608033986683e+26
6.414203499786743788e+22
1.731169476809100334e+24
5.554068421793184423e+24
1.069463720288981052e+25
-1.509392859156009165e+25
2.483607892445494080e+25
-5.375752797763361041e+25
5.374031512003973032e+24
2.115547141098150968e+26
7.632313303761215539e+24
-4.882804990608125893e+26
5.343728152798190811e+26
-5.878494956730860740e+26
-1.185064035147780420e+27
4.197105382521784046e+26
5.595355013577328285e+23
1.019772291156488454e+25
1.139657518169913406e+26
-6.094808242475444249e+25
1.995746889395514327e+26
-2.813352517088752075e+26
-5.761553761506354557e+25
-1.085790405641096436e+26
3.861215293488573104e+26
-3.652819573696666984e+26
1.792138891859884783e+27
-6.137002782022589992e+25
-6.191696189626333980e+26
5.768773152664175151e+27
-1.406862349773456366e+24
-4.635029444986074349e+25
-1.548909942459038395e+26
-1.074876048384618571e+27
1.209999767367012413e+27
-5.967538274142626678e+26
1.464142072359576065e+27
2.107715571106977021e+26
6.919442816127064227e+26
1.182558221677997146e+26
-2.554216078218206015e+26
3.116752846537638832e+26
1.536091440469949533e+27
8.738924697718782689e+20
-3.968984486805724201e+21
3.246532849321410508e+22
1.580804160070759492e+23
1.636457597904533083e+23
4.546720405993402506e+23
-6.171688564888875209e+23
5.020927502497310877e+23
-1.353356786878648905e+24
2.572645798354342566e+24
-6.323353541680377543e+23
-2.307232148637833492e+24
-1.567951340868841902e+25
-2.421995352461698943e+25
-8.027606228243391891e+25
-1.733131704758971161e+25
-9.262589308770130172e+22
3.399399345118636346e+23
5.887167893251351216e+24
8.307436822732714751e+23
-3.190476882395444679e+25
-3.393982190700046834e+26
1.041912368931534334e+27
-1.605009019587702586e+27
-9.227430394443799703e+23
1.465730064285657523e+25
-1.487996746241125442e+25
2.821203975110414391e+24
9.413136600181622418e+25
-8.928611482098002554e+25
2.504235721139766462e+25
1.787400980469127065e+27
-1.566404964329306874e+27
1.036738839516117557e+24
-1.784752472794625933e+25
-1.200369470524377926e+25
5.608327930378122511e+25
5.544502197454451928e+25
3.772239822720272035e+25
-3.861047616415726807e+26
-1.109029138126624102e+27
-1.668501500120918050e+27
-4.420128763513877431e+27
1.285689663890712381e+28
2.333195139292252696e+25
5.714879183414394767e+25
-1.910401802396634718e+26
-5.749960241054602211e+25
6.252838191724008648e+25
3.677775308272198621e+25
-9.683388925747455315e+25
1.410748166879885873e+27
-7.892124787833435540e+26
1.807824137112624228e+27
-6.823741207909919953e+26
-6.405442950364233367e+27
8.223112358740628060e+27
-7.838804647107067064e+25
6.754864498955814406e+26
-7.463727129593921671e+26
-2.453342176828824981e+26
-6.661222443675508093e+26
-9.340675313988248612e+26
-7.612901635935734939e+26
-5.163804192906128789e+27
-1.132563934170358464e+27
-4.257794710674484993e+27
-1.040806428454107201e+28
8.594235377002732855e+27
6.186699172100024704e+27
-5.234273949779092841e+28
-1.537461663042405088e+25
1.196238087809938271e+27
-1.451115691880629995e+27
8.344153298902170617e+27
3.591096089503256960e+27
4.280116208833629940e+27
4.391474036196377148e+27
-1.119162064376607663e+26
2.662198057154222987e+27
3.274153917685129187e+28
-1.203367282121425683e+27
-5.625076173748302669e+28
-7.645838301470599634e+28
-1.326643054052629793e+27
-9.182880349112551314e+27
1.481669734811659857e+27
3.178277234091944179e+28
6.493176076066006521e+26
4.057125420681870688e+28
-2.690774984843104141e+27
-2.662508857913920072e+27
-5.796666093427592043e+28
4.875854639779239643e+28
-5.316808226644577653e+28
3.777506492980473740e+28
-5.664792040020332302e+22
-8.397173635987559059e+23
-3.306970059979346078e+24
-4.252845411056397865e+24
5.851230834806337607e+24
1.159867199731514999e+22
-1.027983392745266268e+25
-3.640125911438390526e+25
8.280109208544890994e+25
-1.778223485950229580e+24
-4.069466084722690567e+25
8.399893865336083427e+25
-6.157988038304250384e+25
2.731934004310470535e+25
-3.818040631918522807e+26
-2.898059785112664246e+26
2.698820292805036460e+27
3.342607759313359732e+26
-7.686173746104674138e+25
7.110793211048735548e+26
-8.859498954120716845e+27
7.202413659190542430e+25
-3.432436131542283120e+25
-3.949356485743061493e+26
2.263430566378499824e+26
1.156715371622036010e+27
1.838101360345937084e+27
-1.298982399213074055e+28
2.202434930362426653e+28
1.406299844098136356e+25
1.646102296590606857e+26
9.738676779529088996e+25
-5.409014327165288330e+26
8.992836735852491292e+26
8.236515295570205852e+26
-1.385904218890045236e+27
-1.240198707661136772e+28
9.704038943322965308e+27
-1.191034202756484529e+29
1.344919020880006327e+24
7.987412973054628567e+26
-1.552345908173674876e+26
-9.436600489583839270e+26
-6.142041887711797000e+27
1.009998342870797287e+27
1.582792695553795020e+27
-6.098965883629734360e+27
-2.611488125738520476e+27
-5.676885943155960126e+28
-6.217029408155566169e+28
1.193719657100254979e+29
-1.723088251998640764e+26
8.235374412926192042e+27
3.649879639256460563e+26
-1.097374682343201162e+28
-3.291461524008159608e+27
-3.464331546376710910e+27
-3.947995641847008722e+28
-1.691776622239294472e+27
2.921006290699373030e+28
-1.958714753528243214e+28
2.443741846795576790e+27
3.007888875394410629e+27
-5.460974633602180931e+28
-7.692278319875859148e+27
9.143405864853987111e+26
-7.399584762554525305e+27
5.150516876122636218e+27
-9.551121878959191645e+28
-1.228149370182081744e+29
5.558148833012855362e+27
-1.746891504568610156e+28
-2.856875431511458918e+28
4.067942293760484626e+28
1.103572660600837774e+30
-7.851266394478591009e+29
1.316068199879668486e+28
-5.731404156123740060e+28
-1.785443804299025142e+29
-8.417299245477749877e+26
9.604766477925939198e+28
-4.057910040102704835e+28
1.385655907846544672e+29
2.269294049722264307e+29
-8.605775247152980369e+29
-1.372321105637520307e+29
2.069381492821538373e+29
5.411352087447687110e+24
3.847220297771088025e+25
-8.006821374748729612e+25
1.883417398303614206e+26
-2.685734186771386376e+24
3.474598142413874801e+26
6.034264184100957524e+25
4.026722816511957347e+25
-2.950206527501090794e+25
1.840064755954712460e+26
-6.835548687254688879e+25
1.255261804431207132e+27
4.039059548376161260e+26
2.283751645376841566e+26
1.547660763955208347e+27
-1.302368732988534674e+27
1.212035210869465092e+26
-3.553830408924036298e+26
1.018207186881930127e+27
2.121165234039639342e+26
-2.716308604704022145e+26
-7.480525837635188537e+25
1.647411592863008677e+27
-2.458765555202225606e+27
-6.287925222117794986e+26
-6.447179532424897421e+27
3.801199138286986730e+28
-1.778757924481256732e+28
2.287651246787311796e+28
1.615200993064197955e+27
6.486721144109264092e+27
1.618311504896600975e+28
9.197826951758950184e+28
5.161156607972348282e+28
3.954762697516576555e+26
1.240321350838968334e+27
-1.706259353156278274e+27
-3.899466709804833505e+26
4.835730617062165000e+27
3.419390306724201217e+27
-8.181599255430438901e+26
3.321484051141512022e+27
3.112768216697296675e+27
-4.301630534749743738e+27
-1.775953758602241038e+28
-5.632296379319644969e+28
5.992346419889252506e+29
-1.494327417855255148e+29
-1.740455358312198574e+27
1.277352224337482859e+27
1.272454099296154717e+27
-2.504654389189504356e+27
-1.003574130551475820e+27
2.747304127938373399e+28
1.683640489397686247e+28
-7.803142307794982706e+28
1.773467952759947900e+28
2.822831988364445991e+29
-4.770200236372660842e+29
-9.396719760973703521e+26
1.194115656743484193e+27
3.162335516806444353e+27
5.040656153371344817e+26
3.811664922888605315e+28
-1.356462532566233440e+29
7.867806462856537538e+27
7.184117818482195284e+28
-4.718062437226947531e+28
1.779756314366951334e+29
-2.110229333266092069e+29
7.110263836829165717e+29
1.893770208431875547e+28
-7.206675167982746126e+28
2.931001386748103179e+28
-4.097309617966098405e+28
1.438920348897513885e+29
5.538815842181102307e+28
1.623051731472504011e+29
1.073604045532964482e+29
-2.823171622611076975e+29
-3.521621955122842819e+28
-9.895962841126180546e+29
1.602236674489096853e+29
-1.145442984048436685e+30
-3.120767777615052362e+29
1.143681948474997409e+30
1.753889103235570787e+28
4.950359251077563988e+29
-2.836261667105322285e+29
-2.542970899480887447e+29
-6.606695149550130562e+29
-1.557732120242049236e+29
-2.474133774848219471e+25
-1.185140318532408725e+26
4.836329308539711887e+26
-1.404226947147485734e+27
-1.150897755025533267e+26
-1.732826050656725942e+25
3.097604659727410428e+27
-6.825176182858151253e+27
8.176501161528528097e+26
-2.993367434586408570e+26
-1.443614031427084093e+27
-7.476312650996446912e+27
-9.918055991360700032e+27
-1.128077607092065359e+27
5.520301540361689317e+27
4.505835972540123839e+27
1.000484151444487358e+28
1.602377686738929706e+27
5.638470873859350301e+26
-1.051037407622275205e+28
-3.965158993142544045e+27
1.740617503439214409e+28
-1.150068327818973971e+27
4.102348971234953285e+28
-5.353132991711044999e+26
2.453061512001391516e+28
-7.488455724378200541e+28
1.413850831932927521e+28
6.917955488240027530e+28
6.472304171127172452e+28
1.537950904772815644e+29
3.639719182337306730e+25
-3.780244849194426268e+28
1.106536562259588761e+29
6.617871434045826171e+28
-1.273094747511674222e+29
-8.002290845150184374e+28
7.595970965066145610e+27
-7.834764074850359803e+26
-4.985340592952993445e+27
-2.841997439259608097e+27
1.656332882498774167e+28
1.129256466256729284e+28
1.237491504618254034e+28
1.512375275246783921e+27
2.904361221731607207e+28
-2.445812336716471073e+28
-3.154007700760015297e+28
-1.388066843535514277e+28
4.082440184923462354e+28
1.206678462957544094e+27
-2.036088833876247780e+28
-1.096569681675583251e+29
1.107328668245526374e+28
8.156824445837756293e+28
1.885045590566880536e+29
-1.741171935748781371e+29
6.311277636312505462e+28
3.620876217931471516e+29
-1.885929977646698862e+28
-9.236839663387626439e+29
3.378294001193971960e+28
8.382300773324379461e+29
2.980314107570831321e+28
2.033910519779284262e+28
-1.274023748144316092e+27
-1.735836083347423565e+28
4.853269281515578535e+28
-3.852716231808340829e+28
1.977880052737983106e+29
2.710349415553425200e+28
-5.473038608922135888e+28
-3.006854114652915551e+28
2.642697005356452649e+29
-6.335966769216694589e+29
-3.919355916774850761e+29
-2.008543440730309497e+28
-5.218736275858110191e+29
5.488188337058528964e+29
-3.756490032925090322e+29
1.358784203650778126e+30
5.813453992954825637e+28
8.587095689222629193e+28
5.462309625618124768e+29
-6.985348647090365641e+29
3.350848141933652948e+28
6.029993019456634878e+28
7.080512061261692397e+29
9.762791855371639394e+29
2.481089388512844473e+30
-7.782614587188100946e+29
-2.626838179422331032e+29
-8.048525530844171179e+29
2.102496501299175226e+30
7.849991421501054312e+28
5.843376803752707718e+29
2.988556117055860391e+29
5.369537124778757091e+29
-6.954918356104757393e+29
3.032958940773727488e+30
-7.333893577922195953e+26
1.147551629404551161e+27
-1.082306525631242709e+28
-1.504802243180800955e+28
-1.498610100729980983e+28
3.444068414394192572e+27
-2.083396789783459981e+28
2.687285300063021377e+28
2.283008152930880827e+28
-6.099371650984036484e+28
-5.264534208566141883e+27
7.625647176515805742e+26
1.883792308438435289e+27
6.020141036521902943e+28
2.535678119830949492e+28
-1.014777576382416500e+28
-5.283332754375820958e+28
6.169771508167027110e+26
-2.608323331696862347e+28
2.993027696870829351e+28
-3.782472256021993716e+29
-1.229761975165594993e+27
-7.665310893099278385e+28
-1.608043316624468506e+28
6.672780821904956297e+28
-1.929342147276400166e+29
-1.101636674787846517e+29
1.075801391142263298e+29
-6.128980572797899661e+29
5.661457969290368925e+29
-3.183241701675467157e+28
-1.425429661343079033e+29
4.939636839342664056e+29
-6.223205079985163963e+29
2.634661670517188772e+29
-7.624912541771344069e+28
-3.896879953516038445e+29
-8.836455237245383603e+27
2.075591046050766897e+28
-4.560002555483086053e+26
-5.285795141373257628e+28
-2.873431667066740969e+28
8.318266913904599662e+26
-3.449726352740383530e+29
8.409110726782792837e+28
7.795285570875231366e+28
-3.227868384826470558e+28
9.415633353986295191e+28
1.585710345225801263e+29
-5.260906480954749338e+29
1.784775000344807115e+29
2.523031074893452554e+29
5.020094706592935723e+29
1.091518419780199457e+28
-1.896009382093525896e+29
1.072623646058348014e+29
-1.259482590295550695e+29
5.556333849054697053e+29
1.570871002212400440e+30
1.121860247937319938e+30
9.168173027747891867e+29
1.956761945629166670e+29
1.092916235950761872e+30
3.562511324031909890e+30
1.675206204055207816e+29
8.055598598817871254e+28
-1.274536602680215274e+29
1.358875578174473095e+29
-3.647970193650252687e+29
-4.702368850479480397e+28
2.609224914647524554e+29
1.145766093892000710e+29
1.388966930680550802e+29
3.228800639005010774e+28
-8.135418714928107347e+29
6.962701599929307869e+29
1.233333577213069695e+30
7.101087653676211262e+29
-2.883316899050046989e+29
3.042958606484595677e+29
3.640492581817895178e+30
5.938861500298781986e+30
1.497252867295735305e+30
1.608855117680322671e+30
-4.404738608936931801e+30
1.249826941582149889e+30
-1.760366224874870482e+30
-7.511640464175825662e+29
1.057583424712262862e+30
2.171756662571622602e+29
-1.803848227821823239e+29
-9.752268949884314219e+29
-6.667204843936261425e+29
6.122623492366716473e+30
1.663272818455781722e+30
-3.569800683779489121e+29
-1.781825513485016346e+30
-2.554555556041182304e+30
3.178245101063988935e+30
3.290453483422691101e+30
-4.288203314988320672e+29
-1.056674540196346795e+27
1.191873996332411982e+28
2.958292078624550135e+28
-1.583673963897377862e+28
1.789854045015788681e+28
1.914818861182706805e+28
-2.141965606961967663e+28
1.027472399906308292e+29
-3.015353331653147326e+28
-3.407106885905615406e+29
2.115016175643718758e+28
2.288306127439014048e+29
-7.007962518521474134e+28
2.836735910986597459e+29
5.794192501203682109e+28
-3.474682446969729732e+29
3.699152610622669357e+28
1.717237050204335421e+29
4.496413939829894156e+29
-2.294116295577234390e+29
-3.768958238401092290e+28
4.440209543631417047e+29
-4.415160638740199177e+29
9.746810794267195348e+29
3.595120615193350266e+28
3.395759079690241140e+29
2.931905918070824785e+29
1.313927345593036822e+30
1.705392131509281175e+30
3.694774257361400772e+28
-3.701895925279779575e+29
2.769746194899342405e+30
3.786176527180802880e+29
-2.015138623297751623e+30
-3.755172598244727124e+29
3.047383445079899490e+30
1.028158128721160614e+30
2.360886469226861289e+30
2.090112022356017001e+29
-1.447311963475865963e+30
3.486273031937710573e+29
1.860034160602552482e+30
-6.818051339256915926e+29
1.723338078681014177e+30
-6.435480452285739171e+29
2.193825397858128980e+30
6.234184061934875086e+28
-3.578390507199988626e+30
-7.962075868291312067e+30
3.013912488896937293e+30
1.587323103706338879e+29
3.202094471068321876e+30
4.919380982765243530e+30
-4.165917837800793329e+29
2.741111896345742439e+30
8.930893747226804033e+29
-5.399255972848228659e+30
6.886772626547230613e+29
7.094092166004910635e+29
1.540792618702070389e+30
-2.156756487745371984e+30
-1.592846109036433645e+30
-8.340344464252896235e+29
-8.741687307293752364e+30
-1.205310553939657104e+31
-1.344313153624961519e+31
7.662668966731624797e+30
-5.413620091973696082e+30
2.407196124894189479e+30
-5.380516473041489093e+28
-1.433470838758540750e+29
-2.357862547099750502e+30
1.811104596418057050e+30
-1.897916529046838673e+30
-1.177774032375865104e+30
1.267387353207155706e+30
-5.215836837103177827e+27
1.079561503973696248e+30
1.235189702737921087e+31
1.641184052810746839e+30
-3.421084592954828769e+30
2.476498504137156827e+30
6.051321982097226054e+28
6.534561617898242953e+29
-9.057614179991083264e+30
1.159434770188174390e+31
5.840331994317310929e+30
-2.298787854575818757e+30
1.492044071384450851e+31
-3.466672066934757862e+29
-1.490006236377784628e+30
-6.184759943391299071e+30
-5.028407857456915738e+30
2.752353395137073174e+30
-1.022142501568968480e+31
6.302003763172147229e+29
7.753249353890376945e+30
1.725473291323868353e+31
2.403952204462943615e+31
-4.370517660884313614e+29
-4.467951560705248768e+30
3.081631890008288253e+31
-2.104072908015049920e+31
-1.624954952834947497e+31
-3.450072763141655444e+30
2.541200097076127777e+30
-2.082367359862717480e+31
-6.033010823574006357e+30
-2.602963180172535398e+19
2.786708781415523287e+20
2.329384019519212093e+21
-4.990175693875605144e+21
-1.774905841482465280e+22
3.001026004800242922e+22
-3.986930451043787053e+22
-6.087925950614479170e+23
1.611003544756393738e+20
2.528195323282537841e+20
-1.439871114399715846e+23
-1.703240174940871658e+23
5.895344447908400123e+22
5.501396912350981406e+23
1.099186354528900331e+25
-6.474906046217367258e+24
-1.404879904145690486e+22
-2.502049678073653625e+21
1.507955061346855666e+23
1.233386146078940180e+24
2.067939296270972319e+24
3.629217351008721165e+24
5.443958679296565610e+25
-1.861925487368245908e+26
7.149479257737886328e+22
6.004459809395555749e+23
-1.528179655725547520e+23
9.633823175971642519e+23
5.967791057923070184e+24
-2.026465642378919653e+23
-2.637666762810371625e+25
-3.219667859535404760e+25
-5.036426617251292291e+26
-3.497457089047441703e+22
8.523390953281201405e+23
-5.734014039310617312e+23
4.807549548730768272e+24
-2.740867347230795281e+24
2.203815238953127821e+24
-2.761349149354512397e+24
-2.949600041064662892e+24
4.968642987521676232e+25
1.789566470619672325e+26
-6.596038746524651708e+26
-1.049733316353874503e+23
-1.002951279217115632e+25
-5.798151307694068027e+24
8.560098915138031462e+24
-8.586009468197919615e+24
7.208565853162014936e+25
1.629017159035476936e+25
5.705128458958643909e+25
2.495022499877388407e+25
3.323906895737840794e+25
2.067329439645597450e+26
5.184184765899702948e+26
5.484319233494459825e+25
4.185748380815892582e+23
-1.385164368348460638e+25
-6.026890379498805164e+25
5.450252207091306327e+25
7.437764926977456345e+25
-1.306468641285258291e+25
2.440509393087182810e+25
-9.876610239266678175e+25
3.152689125118107979e+25
2.112879573227879191e+26
-1.304789609646986982e+26
9.067516942052728266e+25
-2.082850105282341374e+27
-2.808462592725716119e+27
2.590326008176546136e+25
7.694398774784952720e+25
4.854968870346926398e+25
-1.943940093488058152e+26
9.519633061196500080e+25
-3.747728913479779576e+26
5.614653655496745322e+26
-1.397329059297977915e+26
5.715714362427468668e+25
1.447805655264850879e+27
-2.882082884841073147e+26
-3.214788972852777868e+27
-1.596830224487736271e+27
1.505361244696157333e+25
-9.018913284936990520e+25
-9.838186499986279573e+26
-5.904732938024470194e+26
3.142910706040663140e+26
1.027429618310630086e+26
1.044838241342662060e+27
2.060446978257083982e+27
-1.263744362048399991e+27
2.737200716352321302e+27
-5.496856394132762625e+26
-3.792548731339126287e+27
-4.143371824478092368e+22
-3.101443996844374675e+22
3.936872475547968052e+22
-6.454244934856028098e+23
4.673885675189237690e+23
-8.301791529556855960e+23
-7.018729750487313573e+22
-6.461307300564617447e+24
5.172639584663769211e+24
1.458770889275145883e+24
-1.444224083664376533e+25
4.262407620914464900e+25
1.418729180537203504e+25
8.669157862259095190e+25
3.152067575490714995e+23
-9.317826268593239445e+24
1.855306383476914821e+25
-4.633743555872116114e+25
-1.727229310922834893e+26
7.239840071235911930e+26
-2.813949720733326516e+27
-5.778004505002704212e+24
-2.335680400862876963e+23
-3.086536746015734120e+25
-1.264392985716938374e+24
3.833429223980717417e+25
-3.090958758799453143e+26
2.795546547868345011e+27
-5.834285242403319058e+27
-9.584376189937963825e+24
1.634628098327833643e+25
-9.128416813727374732e+25
-7.768049487485670708e+25
1.324737123323764341e+26
3.192910371240582454e+26
2.990523016186945398e+26
1.251135498570897439e+27
4.289831140873048501e+26
-2.797949296119137236e+28
-1.081910115223847037e+26
2.504091173798284418e+26
-5.520724083169637565e+25
1.601376160854990397e+26
5.587115827563330859e+26
1.016344330496232275e+26
2.391012967238655809e+27
5.657196459891853024e+26
2.634567245670717719e+26
2.355590810517294697e+27
7.918044788405743107e+27
1.187854620489093780e+28
-1.224390901706384994e+26
-1.718707457443929116e+26
-6.652207238763356941e+26
-6.528174937797509222e+26
-1.885768624942943103e+27
2.800716718192591509e+26
-1.986750742814737685e+27
-8.367906156837149939e+26
-7.621482997091927616e+27
-2.995266964546027721e+27
2.016133529565514933e+28
-8.023919338329606348e+27
-3.182992224072832096e+28
6.162558302557827019e+26
7.220618053651147563e+27
-8.883845926100557481e+26
-7.252681564083083502e+26
6.610624198633038420e+27
9.044983306058904670e+27
4.755416379602823433e+27
4.652607294757144981e+27
-2.235595235566604707e+28
6.786043153785306796e+27
-5.786183850888584245e+28
-2.025758929421009700e+28
-5.673901884206554618e+27
-5.363764420985904147e+27
-5.521228240265804017e+28
9.944284256374744829e+27
-7.945287471714909920e+27
-5.158944684523840866e+27
4.087304090256248510e+27
1.625001008718958588e+28
4.399075168812276325e+28
-7.203667939382648072e+27
-4.511552004545016540e+28
2.613232242991288965e+24
-1.132636348805874549e+24
5.808572575013237437e+24
7.481593991266799935e+24
-3.552585617997384736e+25
-1.901170950817565950e+25
5.053632220252328966e+24
2.184575789859837045e+24
1.190305289170783599e+26
4.633433997862368276e+25
2.257782450294765312e+26
-5.237194186117254253e+25
-2.399089058075041986e+26
1.067285586349970204e+27
8.076129279804318647e+26
4.291890952475143298e+26
7.081259798322536177e+27
1.444742933648145785e+28
-2.992959513676420476e+25
9.248534362875492588e+25
5.424058791408317723e+25
3.406035103779179318e+26
2.676049343775649877e+24
7.575809167769104099e+27
6.117700532691082174e+28
-1.915119039021609474e+26
1.027694294546813552e+26
4.421204132551527999e+25
-2.014152531173488259e+27
-6.282461741998650376e+26
-5.536843892823994591e+27
-2.122628153893682511e+27
-2.800305197505651699e+28
-4.405080990977090379e+28
-1.628545028638994337e+25
-9.506072907545244530e+25
1.383013853194343448e+27
-1.477209714392548339e+27
2.798064585320169510e+26
1.254987560041822527e+27
-9.020171161842019350e+25
3.596902511570569865e+28
1.349031307913819399e+26
5.935452334726695990e+27
1.074974212639824755e+29
-4.322486696091504743e+27
-5.659594340310145160e+27
-1.826863950036133873e+27
-5.842751644050903895e+27
7.306018126830025679e+27
3.968211139415812337e+28
5.821034579258694328e+27
-2.174634520907443497e+28
7.723347154743307177e+27
9.616876327317435054e+28
3.661699930546409115e+28
-2.638440904000933988e+29
1.367970041072479131e+28
2.014052947099977446e+28
2.984601168566958674e+28
3.995830371411353910e+28
1.944042598676341557e+29
3.588468459720060971e+28
3.526341582055371442e+27
1.349421152882629897e+29
9.469622511526044129e+28
-4.844352965928588250e+29
9.809123373616016214e+28
-2.276750341839212024e+29
1.713232392584523597e+28
2.590667487631752946e+29
-1.421094399142829190e+29
-7.132362369478771621e+28
1.608870106555163122e+29
-4.053799901733298197e+29
2.685285537912362109e+29
2.930491074940979010e+29
7.178026645151621475e+29
-9.729671207164998030e+25
2.045156648168477125e+26
1.315773107218870699e+26
1.363433419866305724e+26
9.126593447804358506e+24
4.300048143969049623e+26
-1.617157507989401122e+26
1.721903019849034869e+27
1.161277461221890528e+26
-1.173699189836946275e+26
1.250614466086762296e+27
8.287836508983396904e+26
1.186531671916992060e+27
1.512069534851913072e+27
-2.968742676859719223e+26
4.817784171215648671e+26
3.799819317529955956e+27
5.937721035296705641e+26
3.741317655402434211e+27
1.488925983336655871e+27
-1.035603795828044723e+26
9.313622239922092051e+27
-4.487676093446418469e+25
-1.698520801723554308e+28
-4.228762273094219740e+26
-9.389726128534079858e+27
-5.212714544778693254e+27
5.578097113282295888e+28
7.112504698288726232e+27
-1.243794401791243295e+27
4.965070847605663690e+26
3.619779339631078657e+27
1.679215645487247385e+27
1.274967759998425121e+27
-3.032316953039576424e+27
-1.279410709193252721e+27
1.373776019727763891e+28
3.703324430671421772e+28
2.087591673627223746e+27
-1.001140313948083906e+29
-3.087731389828214862e+27
-3.805292982345262560e+26
-4.203315006636170757e+27
1.519251158802049226e+28
3.159163647351591561e+27
-2.204446738653213843e+27
-1.380606567789166479e+27
-5.934605873826607308e+28
1.724388959083540477e+28
-1.488401428673917548e+29
1.794828423806030585e+29
-3.288771895596198569e+27
6.288569459063505955e+27
-7.665664904784323898e+27
4.427698243486311196e+28
8.047506637034350875e+28
5.657383499029362174e+27
-7.381698421713079168e+28
6.311498280593578912e+28
-1.913214676022779149e+29
1.424335013416952594e+29
2.018044644637266456e+29
4.774654931328087394e+28
3.287377977155595470e+28
1.240663870680862582e+29
-2.169092019951738726e+29
6.178903592935352059e+28
1.266630550249355175e+29
2.867525185529104134e+29
2.208814521476416435e+29
1.833275217512725630e+30
9.870004594325019273e+29
6.321061898724249395e+29
4.942237359731276352e+29
-6.874580879995822553e+28
-5.638678372510841337e+28
4.119305153474338721e+29
4.545081803867039716e+29
-4.773623809216124988e+29
-1.205220776145301611e+30
-1.308034956968866322e+30
3.635046630036015530e+26
1.279146076789250998e+27
1.129304058367378442e+28
2.193510392066389362e+26
1.066891151018918584e+27
3.818100158518441519e+25
-1.654720541795760025e+27
-3.111078542214163537e+27
6.672071568779170357e+26
-6.391449786635648555e+27
3.180184153586945270e+27
6.271187287042596261e+26
-3.005324809759769662e+27
4.593566831353067425e+27
-8.322344812978888030e+27
1.146581367518904471e+27
-4.644644177200894830e+27
3.842014983678807963e+28
4.813841716286500722e+27
9.694836021978135172e+27
-9.773330396153276058e+28
9.684258401358553950e+28
2.273019686172743627e+28
4.277209133684271000e+28
-8.351917361060195150e+27
-1.580023790579482877e+28
-1.132685821601737363e+29
1.228630017260909149e+29
2.408346202204780095e+28
1.154432435198285352e+29
-1.066088153399995985e+29
1.449138541401596248e+27
-1.558629694850788467e+27
4.432580560433359598e+26
2.244464607334683004e+25
4.237619275005720348e+26
-2.687395481029831472e+28
9.602911022577680642e+27
4.285621839402903639e+27
3.838107897877106186e+28
3.794581982274100171e+28
-2.634982441320229489e+27
2.598721378521567070e+28
-6.685539022148843618e+28
9.363126870217958144e+28
9.305790663670696439e+28
2.158372376107052176e+29
5.850339362584170906e+28
1.581582613417929763e+29
-4.465802571755430214e+29
-2.094568476809909416e+29
6.403783476716297703e+29
3.970344211349921306e+29
-6.491292006182397656e+29
1.802749190080724885e+28
-1.969558201594841452e+28
-3.443082658234688701e+28
2.752357906897624963e+28
8.839347292065389255e+28
-4.691518791768526694e+28
2.582343213249822343e+28
-2.364461634155445657e+29
2.158815972178654150e+29
5.608076272995160076e+28
-2.088335706021277020e+29
2.690915233036736462e+29
1.077353267486038234e+30
-1.837029360651896950e+30
4.440496937113664181e+29
9.101641532018661171e+29
8.680113130754968800e+28
-2.098389458120450043e+29
-1.535430952149540693e+29
6.104738280578859797e+28
3.338091570028463492e+29
4.361265372635607033e+29
4.439864186122899993e+29
-7.132476124169058350e+28
2.769857061601736217e+30
-1.224672860434519369e+29
4.040753524156089634e+29
-8.126453423602297464e+28
6.141321048589195313e+29
-1.045137754570545990e+30
-1.972557115133963294e+30
2.377595661088283587e+30
4.205470566214850175e+30
-2.306265446646531162e+28
3.024699212639948979e+24
1.915485513616365707e+28
1.197683461082793393e+29
1.436760879860183767e+26
8.706510166582104626e+27
-7.159036245686349226e+27
2.045685433248634137e+28
6.494304576268582578e+28
2.647690969706941574e+27
8.050859426490217022e+27
8.347713083828630284e+28
-1.332500083506609126e+29
-2.339605770880594844e+29
5.296142816963971145e+27
4.647468106995039507e+28
2.113462409057177370e+27
-2.537691511196557672e+28
-5.588099286818794852e+28
6.309367391017029994e+28
1.518474944310453104e+29
-3.433374305062338795e+29
-1.459576919940774304e+29
-3.540519676149234833e+28
-2.102019424559906161e+29
4.435304077279908500e+29
-3.468753811667910563e+29
-4.187156748043585834e+29
-9.208209193817782445e+28
-1.133076150785412270e+29
4.167091974196984247e+29
1.995364729802416315e+29
-7.184403111965946509e+29
7.826765053168322175e+27
2.466015003993633349e+27
1.422413884728275885e+28
-1.890875183055279370e+28
-2.748146826937720482e+29
-4.020203646482941608e+28
1.628758469167418037e+29
-4.266887885817265762e+29
5.547039731998986759e+29
9.632962864444918836e+27
-2.833226281665900330e+29
2.846775376959022749e+29
-3.701147829495550112e+29
-6.102169565627288806e+29
-7.678387587301823820e+29
1.385898473981237050e+30
9.666413098889035305e+29
-2.610240183696695951e+30
6.656213946191918411e+29
1.430154650294161947e+30
-2.641935003324145891e+29
4.330363046432887310e+29
7.679887663336301242e+26
-1.232218804446259320e+29
-1.040197784120524744e+29
-3.270715867654243571e+29
-3.693209051749426603e+29
7.032422504454546773e+29
5.560642176198007075e+29
1.174420062062592748e+30
1.240846189196218129e+30
-1.921272729431031676e+27
-2.090046758226455683e+29
-1.583936353214358646e+29
-3.191744474569861912e+30
-3.087856826069181965e+30
-4.405739147702188039e+30
-9.792498890076280596e+29
-4.819413591976530494e+30
-1.446396915871202082e+30
5.361222088569455072e+28
-1.455560959345390878e+29
-3.933935739486160833e+29
-1.187772799202912369e+30
-7.602498635258850932e+29
-2.589312965289738884e+30
-1.052114345822173793e+30
5.898684782760556971e+30
2.579720348406777368e+30
2.322626702237521311e+30
-8.203712009690942764e+30
9.928154665119825894e+30
2.344618574384544915e+29
5.984642029522880290e+28
-2.014132379279092698e+29
1.125327893573549885e+29
8.128673078751017111e+29
8.909518704146162548e+29
-5.938237933842461626e+29
4.716609090604802157e+28
-3.706556107294680895e+29
7.769508030248820822e+28
7.681506929471409141e+29
3.753639730210775068e+29
-4.962452826356003322e+29
1.664806142477852570e+29
-1.919868163506230349e+29
-8.535935660750357567e+28
-2.048625113812529897e+30
3.303306129236401097e+29
-3.986863689018190678e+29
1.636685303937708541e+29
2.578100482709051580e+28
-5.532673540477178777e+29
-1.141490069369087365e+29
1.073102106254237846e+28
-9.979392721330718746e+28
4.650365224520149416e+29
5.496768122355547733e+29
-1.464736013126189566e+29
7.879853078791735461e+29
-2.308800037111408736e+30
1.145174046239743757e+30
-4.395313849726915617e+29
-3.388650318378360118e+29
-2.685793630408254420e+29
-5.849539202233341623e+28
-2.982868604348793700e+29
2.510534163862632295e+30
-1.771554618848817031e+30
-4.733001791873760919e+30
6.220014451831603569e+29
-7.459114449647281694e+30
-8.367117230637935715e+29
2.963940328860563756e+30
4.531314034945066830e+30
1.538653586978660928e+30
1.770065234584770593e+30
2.193422979336040619e+27
-7.852333410491195741e+29
5.814566369731441307e+29
6.490814552347615590e+30
-1.252231036390562936e+31
1.178875984309199678e+31
-6.489326288717693921e+29
-4.668377696572687138e+30
3.897387446358289312e+30
2.903122654121915314e+30
-2.216792763570397224e+30
2.406046483720060301e+29
-4.667098366025319595e+30
3.242054714751028745e+30
1.254857631408663746e+31
5.137678404349754543e+30
4.405311274961195094e+29
8.054141605541236684e+29
1.171660069705013539e+30
5.201685979323589482e+30
-4.118399894647973333e+31
-1.642870418663633355e+31
9.920822679980433882e+30
1.736031545260587683e+31
