-2.601548244457281600e+16
-9.436455991088936960e+18
-3.416439397538850406e+19
3.931432170779586068e+20
2.755399675333488148e+21
-1.787992154491023852e+20
-1.921825174602047816e+22
1.009375355314323535e+22
3.742639361766110140e+23
-5.121012517891558400e+18
-5.529816046232787354e+20
-1.167177761119746287e+22
-3.087645289081646298e+22
-2.649770741614908539e+23
-1.571375499567943217e+23
8.507172247300045852e+23
-6.490511654921513285e+24
8.936532064620712726e+24
-2.718723302036354499e+20
5.435778363679557550e+20
3.062249086882507286e+22
4.260144544657826644e+22
-9.033571998844347797e+23
2.716211827297224921e+23
-1.475746681236720858e+24
-3.388213763952087799e+25
3.523785949387653793e+25
1.687933971958373548e+21
-7.896668749699669085e+22
7.646871560881471603e+23
-8.399328859729142345e+23
2.224438770354825768e+24
-8.819947876950313858e+23
7.342286210004806114e+24
-2.358480275500825626e+25
-7.537722336432840986e+25
8.165886196314191441e+25
5.152085553717220213e+21
-2.297075457419938040e+23
1.763683324862873779e+24
-1.446384574830240955e+24
-1.721500187740056454e+24
-6.176229153000026926e+23
1.110754293223155671e+24
1.086203617207701024e+25
2.301540425964138302e+25
-4.200068880814172383e+25
-2.335857666562262315e+26
-3.828393636208058377e+26
-2.821624390528322765e+21
-4.992681398522368324e+23
6.230432710101072106e+23
3.766061665459132269e+24
-5.099143271509395270e+24
1.176906312128433870e+25
7.912779912597403620e+24
-6.798434596064088925e+24
4.803101522285485485e+23
-1.475262316012931240e+25
2.625775608732486630e+25
1.926510980242781275e+26
4.293094428431636721e+26
-6.902445246602022432e+26
-4.052373771720006723e+22
3.224560459002595340e+23
-1.354438942259113737e+24
-2.229264231274299339e+25
-2.496246125821641407e+25
-8.377608475711155661e+24
1.628449098209274122e+25
-2.344881006474494968e+25
1.319621798525528722e+26
-8.797653179631165023e+23
2.686121340792457957e+26
5.573056654395666611e+26
-4.965700346005539131e+26
7.023659942452468337e+26
2.726421201937945172e+26
1.468096295714782320e+23
-1.007746764039306662e+25
6.559417661570303733e+25
4.186970860675113615e+25
3.591917626853986974e+25
-1.735313988631891234e+26
-5.079695984854451789e+25
-9.529818747383602390e+26
-1.426041219063717473e+26
5.646035300763803642e+25
1.551444624607321258e+27
7.429521103939013701e+25
3.304441383658340791e+27
1.660523660499723184e+26
6.793769212752058783e+23
4.795067612785678384e+25
-2.132857994961929364e+26
8.245950034994629253e+26
-1.378043261844179727e+27
-1.057074567772441829e+27
-1.495754265963916035e+27
-3.064449217084189935e+25
-1.362524845010012403e+27
1.626081001956057385e+27
-1.516142469407850539e+27
-2.023598328212554874e+26
-5.067108761974123974e+26
-3.210834255227724497e+21
-2.335393758579706036e+21
-5.242687679913513714e+21
6.065995196669855007e+22
1.522300758938418005e+23
-6.964665016021303983e+23
-1.267938638777096000e+24
-1.980132206015396840e+24
5.483942235289148992e+23
-5.907276888358103934e+24
-1.656172024283284420e+24
-4.089312831165772654e+24
-2.230038431303809089e+25
-3.596944646152019341e+24
4.725281241602063986e+25
-1.393218665383296941e+26
-7.071216519483387963e+22
-1.550493076275548136e+24
4.371690273682119037e+24
4.209216573529737218e+23
-8.406436089526256876e+25
-1.424593520344548993e+26
-5.173921904322929540e+26
2.468644011424255768e+27
-8.687955719638897006e+23
-2.454366048868454065e+24
1.576087859145272242e+25
-3.749880033499972485e+25
-1.027431974269207066e+25
-2.429278756792330985e+26
-7.617071857790351294e+26
1.067376666596700775e+27
-7.708275188534199542e+27
-1.162030802426725036e+24
-2.932191546105533033e+25
-2.031417783384358939e+25
-1.542124378620077963e+25
-8.980088748918756807e+24
-6.165818035002827568e+24
-3.703663571742682662e+26
-1.637531818572157950e+26
1.928041810974965252e+27
-8.781113369024582988e+26
-1.500977612200541913e+28
1.365666653832757967e+25
3.663919605912083690e+25
-8.001991415069550115e+25
-9.389223096291718691e+25
-5.352112055326225408e+26
4.128913694324545480e+26
1.756045597332268317e+26
1.123090341093947464e+27
1.231212489138740018e+27
-1.406731303603134354e+27
2.259600335911801639e+27
-6.710864891009680577e+27
2.730728520287250818e+28
-2.708282785800134306e+25
6.056436547386880181e+25
2.886668524262490669e+26
1.020210956978325229e+26
7.209562732908867031e+26
-2.836244003301387894e+26
5.579776734830075168e+26
6.822857923232479007e+27
7.482197357051780812e+26
-9.966682272007748436e+27
-1.320902518470225308e+28
-1.263725050558225543e+28
-1.826140640667907237e+28
1.704435203826865508e+28
-1.687650666708588546e+26
-1.414252309354940601e+27
-9.198884237218242590e+27
1.615067284840795889e+28
-1.105545678708490657e+27
4.408917425708410722e+27
-1.332151617341237921e+28
3.226467594996173691e+27
-1.145308284368053603e+28
-5.012615946381957853e+28
-2.381066334367031561e+28
-2.982268497264588313e+28
4.714635709906858411e+28
-9.323611368666451410e+26
-7.077400179839022009e+27
-2.636307814868275572e+28
2.186129293811097133e+28
-2.749010632456998291e+27
1.184355113768395236e+29
-2.319273547625318582e+28
4.352495275693209230e+28
3.950316225658648494e+28
2.992135194719060399e+28
-2.973659465788244355e+28
-1.380245032245449838e+29
1.815761144493359130e+22
-1.578943699426168506e+24
-1.377018169097676034e+24
-4.008032815310578859e+24
1.787997133230332049e+25
2.720260354662938939e+24
-1.500590664183781382e+25
3.220112160223717875e+25
1.021400533858230387e+26
-1.672381178322504953e+25
2.747422902486436059e+25
2.341016802040227894e+26
-6.622137891674797094e+25
-4.113505283578060242e+26
3.703492550416887782e+25
-4.167787184568491615e+26
6.374432120223910368e+26
6.568138330015182699e+26
1.984388286018774461e+25
-3.539014095798120621e+27
3.752497977634415981e+27
-6.678780432206736281e+24
5.352187846896221125e+25
-2.937727354755277744e+26
1.956166890560549288e+26
1.547831499536311841e+27
-7.559392288390072477e+26
6.049753049761570887e+27
3.915335007814814098e+28
-1.269404976873600606e+26
7.554036734812776355e+25
3.306696091972345983e+25
-1.266223917296369469e+27
-8.563022902842883409e+26
-6.702368456670747177e+26
-1.731918470064537307e+27
2.846381303831939549e+27
-1.228088935431313286e+28
-1.556268703139194885e+29
9.060605190612652504e+24
1.597420489472797863e+25
-1.012991713764875442e+27
3.978669446719680817e+26
6.563565529151565514e+27
2.016649004722349986e+27
9.800713111667693306e+26
-6.195845763298312886e+27
-2.622155167993154285e+28
-3.781075486935869444e+28
9.968868226279157450e+28
-8.480908747094158327e+27
8.306275493026303096e+26
2.539571127638311840e+27
6.439141485050094556e+27
-2.231673554606467951e+27
8.558246936866271556e+26
-1.020120935596725069e+28
1.264371086569758787e+28
9.026735457330948505e+27
-1.220035453366529451e+27
-1.028682230241369396e+29
6.148771421711275852e+28
-2.125699887104124174e+29
1.293073965542504616e+29
-6.377113010345665860e+27
-1.831306120662569300e+28
1.606915709476901858e+27
3.196584183019909448e+27
1.556716229633873664e+28
1.702246909019420286e+29
2.044722981881200283e+28
3.993809324022980533e+28
-6.382149455272231286e+28
1.000602121057694569e+29
-5.397193288327332984e+28
5.089132642039774473e+29
5.779005645395419791e+27
7.244766692401730932e+28
-1.184298778107621181e+29
2.658963283525400149e+29
2.001767795272031107e+28
-5.888465632113263995e+28
2.214845894148331872e+29
-2.649881883331088858e+29
-2.767405821779137880e+28
1.287004279809720463e+29
-4.311028998458935840e+29
-9.919050266047451853e+24
-4.556143385198788527e+25
7.389542741515016259e+25
-9.003698737786034665e+24
2.605686846705433479e+24
-1.700653975364641398e+26
2.634114166149887529e+25
-2.041556241769878967e+25
-1.118416711088481082e+24
2.766762087974889372e+26
-2.623886608104829557e+26
5.087339594184157398e+26
2.374659498330761433e+27
-1.772486716507577091e+26
-7.069921362257194052e+26
4.032470973364568087e+26
-1.618353924288217269e+27
2.617957372672721538e+25
-2.068882712018471816e+27
-4.942772263508056430e+26
6.957424171174324846e+26
3.300266454476285470e+27
-4.327347852147988106e+27
1.899138828524403323e+27
-2.055265218068385125e+27
7.391179578998387800e+27
2.196601176927551250e+28
2.052321771804548589e+28
-3.028678908877001305e+28
-8.447839932877923625e+26
-7.672949634266011364e+28
1.404608841943645544e+28
-4.729540119750372123e+28
1.664452496065397598e+29
7.180773363120207445e+26
5.660260498096552216e+26
2.121077196418808261e+27
-2.648080253755997690e+26
-4.909529088440747642e+27
3.236771565421144062e+27
1.644513289529904299e+27
-8.784853821734794709e+27
-1.094700841261327159e+28
1.489455309965921321e+28
-1.400817569055909502e+29
6.475254381662767973e+27
4.767789446814547306e+28
1.317064876232187136e+29
-1.269090969946183065e+26
-3.410779600715144390e+26
-1.211869984268002314e+26
-1.049869069221890882e+28
4.760960409339216986e+27
-1.894376859143138023e+28
-5.108535452429327232e+27
-6.984219531918336602e+28
3.472525565651339109e+28
9.876881003658127492e+28
1.716838683113634394e+29
-1.269385375713207370e+27
-1.942814305297048853e+28
1.526804442416283779e+27
4.338514520226897525e+27
-8.686195519733390071e+27
-4.943690131317334083e+28
-2.633850333818513586e+27
-1.810103587116883866e+29
1.008162533941600072e+28
-8.122026538897356741e+27
-1.641591102143222671e+29
-8.912665563850647559e+29
-8.612314908496021478e+28
4.866819649477020168e+28
1.994145303010174201e+28
4.039503273210443755e+26
5.252251585970665921e+29
9.472280995984480772e+27
-1.772928125783292263e+29
-4.322005658942357204e+29
-2.410739101403314976e+29
-1.545856399272183486e+30
9.087350004992789874e+29
2.314707701757404142e+28
-4.282117649864052974e+29
2.362158990378245529e+29
1.558081791512962469e+30
2.198557248217952333e+29
1.686554722809434455e+29
-1.623824104363444000e+28
-1.425471483145268681e+29
-7.246711600560829273e+29
-8.334736967563586280e+29
-2.938841425208692775e+24
2.403806003890013138e+25
-9.722996924018940623e+26
1.513345130676055269e+27
-1.409247995277765153e+27
-8.811827396328073579e+26
1.556862405480561271e+27
-3.183285044303260982e+27
2.933652277808415526e+27
2.322418864122811700e+26
4.875391551648101300e+26
3.021650853261621950e+27
2.672693334827281034e+27
-1.046079700879460330e+27
-7.749747459916001590e+27
-9.885916420233055367e+27
6.879340521052700947e+27
-1.948210088708080509e+27
6.429711741228542060e+27
7.158661832442996965e+25
5.666441728305558517e+27
9.784321631079787371e+27
3.550477829312690440e+27
-7.634881267768348521e+28
9.352310629003813212e+26
6.725555754309873700e+26
-3.873013950865071562e+28
1.917789563567130109e+28
8.846090896946407333e+28
-3.389751439927576876e+28
1.277966707886529186e+29
-1.407918927616285589e+28
1.166889959257753169e+28
1.810329214653707180e+29
-1.323731853776956212e+29
-1.251191470071719375e+29
9.802330977375704787e+28
7.630368458141498015e+27
3.875559854125169170e+27
-1.198337574683236170e+28
1.186858963103341482e+28
4.917575999493888913e+27
1.257456396899152954e+28
-1.322638791397799611e+28
-1.904971570881745775e+27
2.417770643627908280e+28
-2.157512196839625456e+28
-2.575763691814856993e+27
-1.279634984103411930e+29
-4.418708338785987440e+28
-2.903746680019105900e+28
7.429600132604865238e+27
-2.152036473157781093e+28
6.835676908310941651e+27
-5.405817846767722000e+28
-1.829894036745935067e+29
3.252461217915513377e+28
3.743501375201441749e+28
1.240893009319071981e+30
5.897441213164652000e+29
3.111947296454128169e+29
-2.242295234514948598e+29
-6.235166931180235706e+29
2.318611143189119004e+28
5.315980412529757693e+26
7.100038853307267900e+27
5.131843033483755951e+27
1.937394616591136569e+28
-4.407108811004194792e+27
2.050285715539491719e+29
-8.302179692077585485e+28
-3.342891529716554490e+28
-6.460037901971307349e+28
-1.286697033323780970e+29
-2.354277390324842063e+29
2.426955411549099493e+29
-2.807685922990977324e+29
-1.187944446975379609e+30
-1.852344129482537926e+29
1.062066980628188522e+30
-7.449175089072060712e+29
-4.257896972942076059e+29
-2.167605592729730515e+28
6.272901124402766133e+28
1.547425507707688805e+30
-2.565670819698724308e+28
4.279356077331064612e+29
3.887486457444854912e+29
-4.991878450556362753e+29
-2.046112641211681379e+30
-1.420722274121668889e+30
-5.153265220251235344e+29
1.088648184282496834e+30
-9.211729574656697655e+29
4.988614696281372213e+28
6.616076424516598681e+29
-1.438003432939839605e+30
-7.439954269425721983e+29
-5.125386360588016813e+30
-2.884886150391038058e+30
9.343190741984279693e+25
1.863126780661132956e+27
1.565540208541518776e+27
8.578002378134356758e+27
-7.005239134158611068e+27
-3.539512324392587061e+27
5.442273372708155264e+27
2.588617823274658295e+28
-2.529636332963478197e+28
6.849636377079616459e+28
-2.738403771386944670e+28
-1.416189843674420606e+26
1.222036454633511841e+28
3.012609400819761262e+28
-1.061737354600067601e+29
-3.570378308770291324e+27
1.392541398742475390e+27
-3.758126213705634474e+28
-1.442071304564774290e+29
-2.118481155995314032e+28
-2.088597198992826070e+29
1.457573356001036882e+28
-3.605567899054703296e+28
1.954915476750770146e+29
1.462185994737800716e+29
-2.283132102605532747e+29
-2.870444420638288086e+29
1.023806416531543388e+29
8.899999427448595025e+27
1.951162807903884257e+29
-1.823609252595957141e+28
5.428267737826965726e+27
-3.511146428686332916e+28
-1.004870520592541743e+30
-2.349730467039337803e+29
5.354152561060573145e+29
-1.515284762162837356e+30
-1.991277931164019676e+28
-3.418958024609074879e+28
-1.401277270592526551e+28
-3.454491431489423955e+28
1.862293912462834556e+29
3.909636841368196257e+28
-1.130660294396481163e+29
-2.329817074386534764e+28
-1.192354083814251425e+29
9.218336311791333854e+28
-1.423737344594694899e+28
1.396798804104257317e+29
1.207782376298399760e+29
1.673926914307215936e+29
-9.128731952284000408e+29
3.515918755950399662e+28
2.932769049675016838e+28
4.904631359120590111e+28
6.387496929547632904e+29
-3.915808979133170459e+29
-1.253056925014138380e+30
-8.484859524762240653e+29
-1.108250307424116349e+30
1.245495274615962135e+30
3.541571070654161528e+28
-6.435875703598390435e+29
-1.366519265656899373e+30
-1.959615104214217594e+29
1.844245731949626473e+29
-1.267780707949575543e+29
2.714015875809089834e+29
7.865838243032699348e+29
7.132176214234407075e+28
2.024351454527385440e+29
-2.607072360018613539e+29
8.237120658693868788e+28
-2.679713318445539252e+28
-1.830577845294241788e+28
7.493708481975077530e+29
-2.993351513526338086e+30
-2.007640838606178030e+29
9.652467747841180124e+29
6.381364986870383366e+29
1.303161578809074576e+28
-2.870674074406394856e+30
3.538909441870037381e+30
4.561730483053502210e+30
-5.037648806729327274e+30
-1.516974043076876928e+30
5.091483493992723252e+30
-7.589793736918025585e+29
-6.825966696109251536e+29
-3.300407650718788443e+28
-3.114819233430866508e+29
-8.172464815088218410e+29
-2.811420531609838684e+29
7.021488392500599373e+29
2.765450533526766881e+30
-3.942250792020365728e+30
-6.577169815645067430e+28
-4.865979357927475236e+30
2.592314263512875192e+30
7.589521313317731746e+30
1.673896748353425879e+30
-2.922745349413605970e+27
-4.643424477152195416e+28
1.486889410670986623e+28
-2.813916954472669684e+28
8.159900404302913865e+28
-8.433485125490877602e+28
1.380220396979914543e+28
3.019347526012651983e+28
4.961391335932476353e+28
1.420042633909227613e+29
-1.146921963375920524e+29
1.091798253848328974e+29
1.543580275320842378e+29
2.645945636618742896e+29
-3.659003905095084044e+29
6.561535164874737480e+29
3.796890902655688815e+26
-3.681124544231160389e+28
-6.770046624581672842e+27
-9.245575632521280009e+29
2.477154520165322482e+29
-4.155437760823800395e+29
-8.944402840082205244e+28
-1.076737228447920634e+29
7.689346061405189977e+29
-1.341923521746052448e+30
-6.938017600106537621e+29
-7.142051407562540763e+29
-1.814994207962426025e+30
-2.545312714927978023e+29
1.463969188160858119e+29
-9.822567370626515119e+29
-2.459547766338454063e+30
1.309589202378833138e+30
-2.252792388312643133e+30
2.891937887679304573e+30
-7.085197375632242806e+29
9.532495005285208883e+29
5.368323696015069609e+29
1.442908122519715958e+30
2.488332419346766054e+28
-6.021257780274759747e+29
9.092193096517008702e+29
1.798538567573435608e+29
-6.989418240358767297e+29
6.167298190048169305e+29
-2.940066623008909961e+29
1.552260684330090245e+30
2.068080940603178910e+30
6.359914555016124913e+30
1.763602016313909366e+30
1.853308273084496230e+30
-7.458085470368033314e+29
-9.696729837984640076e+30
3.730737210224990553e+30
9.755834565788226001e+30
4.882331680551008071e+30
4.005055268862315995e+30
-5.923229435276289477e+29
3.957155278082190985e+28
3.664347782717782582e+30
-1.271108422992761514e+30
1.882882752467176334e+30
-1.583747906930197466e+31
-6.358214138919038348e+30
-6.299508049087307832e+30
-8.890579378242291031e+30
1.107762107083301916e+31
1.589376357359183379e+31
7.747155098729997175e+28
3.716557296274861087e+29
-3.741840524613408259e+30
-3.162677363746917134e+30
1.109542579179439896e+30
-1.693226824614878619e+30
2.618646257011632795e+29
-9.667696005783948335e+29
-3.065251854548512547e+30
-4.843370477844982539e+30
-9.269207558442842445e+29
-8.178777677366244786e+30
5.505872475762867814e+30
-3.754444670243122545e+29
-5.510251684422382660e+30
5.274121365055262116e+28
9.696612964613357258e+30
-1.527121580453074540e+31
-9.759297756926020728e+30
2.248017918776630321e+30
1.882445429731247113e+31
-1.113160706684283557e+31
-1.274840854692245062e+31
3.273976716221561662e+30
6.652721137675602618e+30
1.755431399631737937e+30
3.015816643825046904e+31
-4.713416251025520979e+30
-3.722833702209031257e+30
7.262486962692397537e+30
2.374309327837718640e+30
2.330308724988477864e+29
1.192477856094847497e+31
-4.825673267215233680e+31
-2.233788986971443140e+30
-2.697285063239213278e+31
-1.815365871216585536e+31
-9.536113033792349605e+30
-2.073503564793453324e+31
1.423845157193702400e+19
-1.042469997490063278e+20
-1.425118288734700962e+21
-5.062893921057864942e+21
-7.104287597986345648e+21
-3.603503928747444771e+22
-2.165229758934932469e+22
-2.654472254183508583e+23
6.519825042438321603e+20
-5.353247886277150245e+21
5.732057334639517866e+22
1.407056221920165594e+23
-3.178787715006521420e+23
9.099894157814040153e+22
8.929018417757115375e+24
1.965517013229814084e+25
-4.995793926771670254e+21
3.169092226685475881e+20
-2.734688381035065440e+23
7.887751170581658872e+23
-3.991897204950478210e+23
-3.833289505086927771e+24
-3.311348732626222799e+25
-9.522921176576642724e+25
-8.677969072957700021e+22
4.353924300054529908e+23
-5.559623222481230066e+23
1.126839706607932355e+24
1.233642340694915759e+24
-3.442906832557890611e+23
-2.339794165688691832e+25
4.607794512388848714e+25
-5.807902096790708478e+26
-5.203231365411373979e+23
-4.876247846234866781e+23
8.819426142488758615e+23
-8.295153641905946005e+23
-1.377051455237173188e+24
-1.079601939379578274e+25
8.752858022578164133e+24
7.027536217785517180e+24
6.806649405813031573e+25
-3.673722903752624899e+25
-1.055944616550749832e+26
-4.312883679549940910e+23
3.116560967607874371e+24
1.350148328445939947e+23
3.639652061644472017e+24
-5.401246798537442772e+24
2.774504843686222382e+25
-1.211182828665836130e+24
2.302194757702027512e+24
4.778336475003485268e+24
7.564677161677993354e+25
3.020837100752337165e+26
2.863411241788141924e+26
1.229712228455591705e+27
-2.187093877943176224e+23
-7.286612055584128715e+24
-2.480997018098142694e+25
1.571664127141881236e+25
5.099434887189743331e+25
1.719276864789188958e+25
2.080010923247195729e+25
1.240031143945349350e+25
-2.194617497208684733e+24
3.104444548903200146e+26
-5.439942576204302311e+26
-2.546807939926164261e+26
6.566616909568611371e+24
6.820982948893660919e+26
2.198605437786138306e+25
-3.076206532462443855e+25
-1.730150308847387153e+26
-1.924980637824543158e+26
-2.578466383970988056e+25
4.764107955685921028e+24
-3.799484398410961681e+26
-1.122907144771471520e+26
3.190145281951378231e+25
-3.330750683561477114e+26
1.418287696321299556e+26
-4.763793779007137138e+27
-8.112354427554699065e+26
3.992326630809821143e+25
-2.794390599373105609e+26
-8.260486218908629400e+25
1.465554509155017645e+27
-4.369972274169563887e+26
-6.319414067928136197e+26
-3.141010288722108319e+26
-7.811495765211578284e+26
1.078482248089562801e+27
2.726942983433372708e+27
-2.929497097184682259e+26
-2.159208856135329483e+27
1.201166708700659214e+23
-2.353645771945365094e+23
5.667968988074055838e+23
-7.725263745308659443e+23
-8.509537179395107670e+23
-3.849663800846772064e+24
-3.350700761177357835e+24
-1.174725191282328601e+24
-8.400307362104000224e+23
3.232015064227686342e+25
-2.688789411855919090e+25
-8.320573522118287836e+25
-5.092362212476372407e+25
4.243422175457028639e+26
9.326977325515844406e+23
-9.219371381494791285e+24
2.267223615215857717e+25
-7.155610679438288114e+25
2.774317365064715361e+26
-6.514368138273065556e+26
-2.529493683701591357e+27
1.674293546947760221e+25
-4.297641065968293340e+24
1.011262837145678561e+26
-4.706456842259957213e+25
-1.047836299707744859e+26
-8.581244843363786178e+25
3.978967536017462331e+27
-8.747785346165537128e+27
9.264568499044748949e+24
-5.689540909286958405e+25
8.283012356837695904e+25
1.348108607913896561e+25
1.349900423498621146e+26
1.988657503975443541e+26
9.980537512492475659e+25
5.902749698202759185e+26
-2.547601800218036817e+27
5.217252269178964020e+27
1.807321599631642714e+26
-2.996936693459528334e+26
1.774404832391746007e+26
2.026357916139264630e+26
-1.313089918825363129e+26
-1.134078142723370762e+26
1.050688260182436181e+27
-1.869858177051952185e+27
2.745464277868340910e+27
2.711543432306229581e+27
-1.135872392893308515e+28
-1.367586890949439929e+28
7.146284438691556790e+25
-2.829085017809945357e+25
7.906841063529440530e+26
6.665609822208266715e+26
-8.314311973554796717e+25
-1.350044685475385843e+27
1.820006373336296306e+27
-9.473586178652668674e+26
-1.530999677326661101e+28
-8.813183328649625348e+27
1.143759122656122080e+28
2.463602000350530296e+27
-6.328860452451281563e+27
-4.112221542805764900e+26
7.020539405538202908e+26
-4.752198462110836550e+27
-2.973646957313255195e+27
1.311511297822836115e+28
3.988783469154164013e+26
9.266887865203942174e+27
4.677333939555244336e+27
-1.208139469105538075e+28
1.671725977314255717e+27
-7.399039698317155653e+28
8.323371586296245025e+27
-1.636743730282809589e+27
3.974277349864944745e+27
-6.179756573013009387e+28
-7.836697983888709689e+27
-2.098887739068606182e+28
-1.989264165588156136e+27
-1.942300277105787854e+28
2.122914160149015425e+28
5.473074210539241387e+28
-7.541839629918210578e+28
-9.551383472627296157e+28
2.906819704488737565e+24
-6.701980102697093257e+24
-1.934600520436422862e+25
9.435544915194087008e+24
1.856283101981790502e+25
-4.037413009521690209e+25
-3.291174463514024118e+25
-1.326839448503321885e+26
-3.790828643138918282e+25
6.105528327149998286e+25
9.893297147518163516e+25
5.562925845392582891e+26
7.476564123725616267e+25
1.011007714097029785e+27
2.115884435899473340e+27
1.114341720851192394e+27
5.895393451870388553e+27
1.110407130818539396e+28
-3.471457572709877046e+25
1.943938419761434696e+26
2.647889758564409008e+26
1.053234602202997041e+27
-1.349968955382219290e+27
-2.629109597929534777e+27
-4.620303976743068554e+27
-2.153374080508123190e+26
2.325099731789016024e+26
-7.253474012311586148e+26
-2.582816365746997131e+27
1.365750301949663889e+27
-2.602400257731243620e+27
3.707567647852343860e+27
-4.321395024637937454e+28
1.045733518078586182e+28
-1.085101577599183120e+27
-3.300705022245067081e+26
-9.219382246059657500e+26
-4.528463763378369021e+27
-1.376881759550898371e+27
-3.533952975574195186e+27
7.333289597360239478e+27
3.442181320114145511e+28
-1.942872204756070162e+28
-3.507699578569326866e+27
-1.427296001957999771e+28
8.415008345676155212e+27
-3.324745869383049362e+27
7.287499540547659355e+27
5.037669533317232559e+27
-1.142901927833044161e+27
-2.600390273069819819e+28
-7.736467889456105535e+26
-7.896888130624073391e+28
-1.467959003887099540e+28
-2.729930811427273383e+27
-8.000758875563794121e+28
-8.662660784290122504e+28
-4.382317286187498878e+27
2.845852560208400593e+28
-1.994714835082072872e+28
-4.497946300167122680e+28
1.159561360614281799e+29
4.570900340634035265e+28
-1.282658415356942790e+28
-3.624012132449587398e+28
6.066357823559648795e+28
1.429915865691822441e+29
6.618975021575321372e+29
-1.728520355158157439e+28
-7.436353056992049407e+28
5.829234868977248241e+28
-3.065315626162293599e+27
3.229472784205218686e+28
4.260356704998379973e+28
2.483995353363292491e+28
-5.699131433302656684e+28
-1.725417299883525288e+29
-1.319815495590697647e+29
-1.103151548533818834e+26
9.630735586445385954e+25
4.119601416236931282e+25
-1.722768770453824428e+26
2.034415670137172540e+25
-1.027244519566216888e+27
1.346952829666496489e+25
-1.682800594604874890e+27
-2.152072543474533653e+26
-5.180629292789762586e+26
1.521855776001817804e+26
2.056068338383370331e+27
2.651752949081022137e+26
7.109598547770691764e+27
2.314418606301957276e+25
-1.092113268853320060e+27
3.257586928487873703e+27
2.855699999192161683e+27
-1.337117641895692878e+27
6.067627958697096921e+26
-2.092120255109832001e+28
-1.218812819062696172e+28
-6.586745309916622102e+27
-1.785891367512964028e+28
-1.032832451160789813e+27
-3.723856250987694704e+28
-6.514569030341533390e+28
-9.174263556264420979e+28
9.422682382695188797e+28
-3.217687712023768494e+26
-1.730839060052407046e+26
-2.060748180849036953e+27
8.048700377119153991e+26
-2.605449374197673974e+27
-7.281534361852249512e+27
-1.755237482845042585e+27
7.069904523138338939e+27
-7.636537635769902107e+28
-5.077269836055690414e+28
-3.460492244329865785e+28
2.072299724207981445e+29
1.633202035304671367e+27
-3.135325812051976315e+26
1.522952013273177920e+28
-3.893716173186654245e+27
-1.116119453112413414e+28
1.362687809172855327e+28
1.570477082209555299e+28
1.987065631856494415e+28
8.000675861184278087e+28
-2.817449259819748975e+29
8.122905194633302433e+27
-3.774588205265854748e+27
-2.984087623625495770e+28
6.532794555219112393e+27
3.146783113668947559e+28
1.059635157581144241e+28
-3.036981948488402258e+29
1.081321139228826224e+29
-6.825912347191381819e+28
4.655950751587498771e+29
6.896239848872454954e+29
-3.708088853074085823e+28
1.808876807601424427e+28
1.181296704350171008e+29
3.531601969300658864e+28
2.289826075061918724e+29
-9.676145239221802690e+28
1.070385711833131854e+29
1.700928791994949409e+28
-3.737702823394675746e+29
2.966415115685282067e+30
6.610383461595735409e+29
-1.432653819963795443e+29
-9.601290594852668832e+28
5.707640840638779293e+28
-7.182819520207882426e+29
1.376587030406373998e+30
9.223731478603324244e+28
-1.050651244671333799e+30
9.844625381009459506e+29
1.111511163865734425e+27
4.627857508115703690e+26
2.058569709007549613e+26
1.104239749731464361e+26
6.965574901561050123e+26
2.010267108180768044e+27
9.843535284241857961e+26
1.203156260874520396e+27
-4.521657831193364457e+27
1.812874267902873781e+28
8.524856281222301323e+27
1.117245465089934757e+26
-8.781319682516824033e+26
-2.463967076070685946e+27
8.155182611825546056e+26
6.651358325006051168e+27
-8.237800395653162201e+27
-8.701276003175526441e+28
-4.045278973164747060e+27
7.089008654148082862e+27
-2.507127410434731085e+28
-5.951844431030750306e+28
1.005431002588213372e+29
-1.682139992690105293e+27
9.789008275712732803e+28
-4.397664831163490496e+28
3.176393147421865893e+28
3.156316404044398631e+28
9.984217168730084791e+28
1.834168619995723186e+29
-1.690600551316654735e+29
9.211606850792344472e+27
-8.850544746725614011e+27
6.680369592069636151e+27
-8.880984412601895266e+26
1.017513765455133755e+27
-1.698908693922493229e+28
5.851084932502267799e+27
5.297470925182336090e+27
9.755610078042785092e+27
-2.055489817964844060e+28
5.340645208863552806e+27
7.782032132479397059e+27
1.951881119415792139e+29
1.461884880812648138e+29
-8.313330722300747010e+27
-2.586936284984171640e+29
-2.036046102413513318e+28
7.751145402412688540e+27
-2.276028155449610045e+29
-1.718116796321306914e+29
-7.467855258409509781e+29
-6.885782673165254881e+29
2.150796156447680366e+29
6.086332392540540847e+27
-9.554513780976413296e+27
1.202486607050676753e+28
-3.582665782428236984e+28
-2.044185621952597445e+29
-2.529422298073676935e+28
3.558652328683585729e+28
-1.285202060784052524e+29
-1.126088802901563256e+29
6.202748512454875009e+28
-5.712611284145388667e+29
3.518240249676157666e+29
1.206562263313936423e+29
-8.959614841725177999e+29
1.352795037327113113e+30
-1.452619955966667792e+30
-1.026266731398700413e+29
6.852824788499026353e+28
1.502857559555394391e+29
1.478017218665408404e+29
6.396397868569455982e+28
4.910638688258179320e+29
-4.618278555853984787e+29
2.362158380631002266e+30
3.664492616780073166e+30
3.165080883835350779e+29
-1.123432245003423956e+30
5.382398203740883544e+29
-1.463050961713300667e+29
-3.962780131345942318e+29
-5.234254696709687746e+29
-3.857211079044606574e+30
7.553148819964045904e+30
-1.157451106026578550e+28
1.796983847407618092e+28
5.759858427071775513e+27
4.375416861617885067e+28
8.734954693028517283e+26
8.240952357840107103e+27
-7.762877610252333606e+27
-2.614818118594122121e+28
1.897543122171993763e+28
-2.309155809161689519e+28
-1.518550964235568514e+28
4.211712187289471982e+28
2.363304600614406020e+29
-1.316165050579471938e+29
1.356175211812283976e+28
-1.288360103903221636e+28
1.392122133519866975e+29
1.679695490218475417e+28
2.606662355050694395e+29
-1.989115929411894363e+29
7.767574206145864016e+28
5.784176707784850843e+28
4.343845083592958761e+29
-3.104540050228994275e+28
-2.579090187568215118e+29
1.178906482156383724e+29
1.469083813700696722e+30
-1.336327893925144305e+29
7.575374423444684847e+29
-1.047669826226187114e+29
-2.585474245645570207e+29
-2.166508094970020057e+29
3.678373160622992475e+29
-2.305086168660625335e+28
4.167970679597208304e+27
6.439414125523145172e+28
-5.399814372619260584e+27
4.372598876538093492e+29
2.376038009183498045e+29
-1.324849452353102217e+29
1.426705185904591295e+29
-2.396155579628623532e+29
1.983842404394916190e+29
1.241769597591121768e+29
-1.930226781694494089e+29
2.636949188275238550e+29
2.276781960513116510e+30
-1.238615935908494718e+28
4.594770187797500070e+28
-4.793747073340989066e+29
-8.072627697595253277e+29
-1.439694665755318175e+30
4.387093209882557079e+29
-1.848416849943681443e+29
3.017859803488658852e+28
2.332619438900340077e+29
3.415806512462716032e+29
6.231758131300389147e+28
4.947488008183378928e+29
7.043336927553192198e+28
6.922775684246649381e+28
1.258593798027706976e+30
-4.826269034522817280e+27
-2.647178733676810238e+30
-4.501529299682182723e+29
8.076520340318842875e+29
-1.113577889595010762e+29
-1.355465975011197406e+30
-3.633323771025630888e+30
-2.634350286069014917e+30
-2.125195995753102913e+30
2.182467204809399215e+30
-1.708491376860663823e+30
1.153476046110437176e+29
-3.563463152137522729e+29
-2.025882607315556965e+30
1.880815943275429383e+30
-4.220389824127430436e+29
-5.990400181211421026e+29
9.090314761234221979e+29
1.391466865813921772e+30
1.027569104087640743e+30
2.714213276920996995e+30
-6.503109305227129243e+30
1.440445819723275370e+31
-1.783828251123670717e+29
-5.748084673508807702e+29
-6.859853329990126081e+28
1.791842678345978792e+29
-1.370476619417832858e+30
8.321886418369384336e+29
-2.486217449909856096e+29
-2.358252734791601462e+28
-2.197090747776306747e+27
-7.584890165437549052e+27
1.080465810949904845e+30
3.910303280030280304e+29
-1.152522464966719715e+29
2.053832128893337171e+29
2.799002690259925970e+28
-5.279917545458641474e+28
3.290305004432557536e+29
-1.588855472756934824e+30
-2.240601648854826121e+29
9.610661464991522901e+29
-1.796888752794846710e+29
4.959415121428213103e+29
-6.643301077718858973e+29
1.791284269574222434e+30
9.482666797714214127e+28
1.731443861670765234e+30
6.366528778467879616e+29
5.654472979658644370e+29
-4.598693497627864308e+29
-3.326615539745360580e+30
-5.159599600976615410e+30
-1.139294431000540581e+30
2.247918850976366627e+29
-2.549553106073323810e+30
1.491799872142022379e+29
-5.980793371398205692e+29
6.216532969248573254e+30
-8.366347749406145882e+29
8.291655955526419909e+29
-2.019855523658854159e+30
1.380912155095757350e+30
3.226695911293237328e+30
-4.907190138427129881e+30
3.588590174388699001e+30
-1.764215992094897567e+30
-8.960126073058350961e+29
1.840621224704529651e+30
3.121952841653935797e+30
-5.203255082878603276e+30
5.585125119628534881e+29
1.243680013944902709e+31
1.106034461488476974e+30
-9.122214378670848496e+30
-5.878195857794426729e+30
-9.450648770421947545e+30
-1.590066833922149811e+30
1.638792868145120696e+30
-8.090690733564812917e+29
2.680344399167068711e+29
-9.480284478869579049e+30
1.354070610678031797e+31
5.242835799475905041e+30
3.478873181477439282e+30
-1.680193890193968012e+30
1.257780236568691830e+30
3.734877751035569630e+30
1.165157628064696025e+30
3.155761545161090561e+31
4.099538648386721330e+30
6.632277716808974867e+28
