-4.448972623892096000e+15
1.436740042994146304e+18
8.210269712370666701e+19
-5.186856085472850739e+20
1.259435276043329208e+20
1.257449794848641516e+21
3.815427520566630810e+20
-9.081777067123982467e+21
1.676229096357373653e+23
1.063361489976250573e+19
-1.785685691906065039e+20
4.551080836134586024e+21
2.507252476690314350e+22
1.447667258803371922e+23
-5.102822321710563538e+23
9.325411888101258481e+22
4.901273695088304969e+24
-1.814826965241247758e+25
1.768387735174941901e+20
6.038163879832598872e+21
4.311491868305011193e+22
-2.588095907471144308e+23
-9.687351237773764560e+23
-1.904047919208360575e+24
4.837336042862019785e+24
-2.873820645542608242e+25
-1.725950199874150514e+25
-5.369253012409813565e+20
9.565567179389850668e+22
1.222037889002217805e+23
1.988302817014341970e+23
8.945376007151911636e+23
-2.584002715985932758e+24
-3.151551914531983100e+24
-1.630765856275524630e+24
-7.610899981766421756e+25
9.968802589997416920e+25
-5.525466176558014136e+21
-3.380902234261886431e+23
2.689057873634918626e+24
6.105212124609221975e+23
4.364302435581231939e+24
7.810067696038233663e+23
-5.741335820516299599e+24
9.318285048729239489e+24
-3.112048846124491336e+25
-7.067242934583994964e+24
-1.690940055930692478e+26
6.340086473153796730e+26
-1.543648571404943412e+22
1.321501952605548236e+23
2.227466123759213697e+24
1.485679961319252746e+24
6.609514738753174128e+24
4.224965941424165172e+24
2.651080431265920707e+25
-4.516191595385583315e+23
-4.753032204437817046e+25
-4.208622875593189519e+25
-1.943318695263076200e+26
1.050858375921810875e+26
8.400242074773215963e+26
8.823423324547992015e+26
9.776405527724052972e+21
-5.932678735142857789e+23
2.572809332883852798e+24
1.614403632390600948e+25
1.573651506408153816e+25
-1.961606983936155128e+25
2.989108204121907303e+25
-3.883650643909349143e+24
5.048348559742667552e+25
-3.141660910062843818e+24
1.233275700351611173e+26
3.683797601842035153e+26
9.269682048739488465e+25
6.677486901877134263e+26
-8.901426642318445449e+26
-2.674428022103861310e+22
4.586424888826249494e+24
2.978959109503761120e+25
2.042715790871597017e+26
-1.722114957326161110e+26
-1.112035982188788462e+26
3.843511148753709672e+26
1.176965108766069443e+27
4.389336619082004140e+24
-1.099333327528295857e+26
-4.710344563011919134e+26
-3.370114740778561888e+26
-4.826102617566901589e+26
1.218920047545013982e+27
6.699159338010347213e+23
4.313387609154066738e+25
-3.348480486910105156e+26
1.576541658860374365e+26
-3.240349308514329019e+25
4.614921039724727695e+26
-8.647781422845840658e+25
4.076484017533076642e+25
-1.064195525597758653e+27
-5.608477720114126535e+26
1.926742549377982194e+26
-1.646696562527498967e+26
6.730139545610343364e+26
6.416690498897590354e+20
-4.991960307224962662e+20
2.136346292791600480e+22
-4.709313140743463554e+22
-2.235343996679679377e+21
-3.097866482390626678e+23
2.748580032550302132e+23
1.507408342295894785e+24
-1.638758938524159064e+24
2.135190048825740852e+24
-2.614751471363584864e+24
1.110858070964699416e+25
-1.866956417487289463e+25
6.900428925950053314e+25
-4.127495524773923478e+24
3.099846759317561348e+25
9.916603079758767456e+21
1.427965567906178516e+23
5.444702152304086426e+24
1.659454443827716177e+25
8.830423416418866814e+25
-2.501201982683425342e+25
2.085233209316252652e+26
-1.494200926672627651e+27
8.176462980713251456e+23
-9.341460560540731315e+24
2.291828663709671549e+24
-2.330173480972990015e+25
1.397477151386748237e+25
2.989470408402743162e+26
-1.602178503936293026e+25
-2.032141288572328213e+26
-4.564730438228706564e+27
2.360797965397318473e+24
3.621781260757790937e+25
2.186524367414875985e+25
7.795360813591684827e+25
5.254384088852038371e+25
-1.243928250903440301e+26
1.175943054712620586e+26
1.751497383697659486e+26
7.947889029631826725e+26
6.668120356521352050e+27
-1.320375998668980817e+28
4.226114999716402250e+24
-1.654019413175671297e+26
1.948300220686718362e+26
1.990334946491129121e+26
-2.867641990710522565e+24
1.218312766023254954e+26
2.851501572315862758e+26
1.176148151588086301e+26
3.057148031480863072e+26
-2.275262762376181686e+27
-1.392868206792044939e+27
2.378515239799247227e+27
-2.983655336684782882e+28
4.515911607398705475e+25
3.149096754062813605e+26
7.465523409744466060e+26
-6.500309825287328811e+25
1.381864699874530113e+27
-1.008826878686707502e+26
1.322557009292780466e+27
2.914852999191362862e+27
-2.509625180162579179e+26
3.705422443424613598e+27
-3.450139913199667379e+27
1.740207013544202342e+28
1.889838136881187985e+28
-1.939834958512852274e+28
1.261253294344301478e+26
-2.677589197311753441e+27
-7.179843279131072569e+27
5.994753463369282202e+27
3.438208747839269017e+27
-2.423741197655700786e+27
-1.298808615106024841e+28
-1.835572109918311919e+27
-1.108921227931353796e+27
-1.986211499587083186e+28
3.359590303483687682e+27
-3.584858794176644476e+28
-4.524762785304253327e+28
5.397677643024874018e+26
-1.994840968554272627e+27
-5.905546314480969684e+27
5.422430258320038453e+28
-8.882431752023198074e+27
-3.998015388656837826e+27
-2.035726863893732815e+27
-2.326524207997175943e+28
-1.191009515387425126e+28
1.752856903359542721e+28
-1.473026642956058424e+28
-3.068144653842223495e+28
-2.181747192293600495e+23
-8.388558242224938408e+23
-4.451064545670623249e+23
-4.552489038968008579e+22
7.515298644485378002e+24
1.587352292705264940e+22
-1.270649492687780095e+25
-1.538906308908367155e+25
-9.683337854137312462e+25
-5.218083348936257832e+24
-1.035981049655650075e+26
-2.093482453967905782e+26
-6.221775015538613100e+24
6.431923991372614328e+25
-4.727489684983333375e+26
-1.731907066667292625e+26
1.735557856313760232e+27
-1.709055597796048807e+27
1.407418521113035580e+27
6.332149175848578248e+27
-1.100495146983550183e+28
2.255977880417274287e+25
6.379253236848055491e+25
2.822204829798378280e+26
-1.241282658553638958e+26
6.493883396367424684e+26
2.189318667227626629e+27
1.733518333411612180e+28
4.381072320549187115e+28
-8.681571478766296577e+25
-1.564550198101870906e+26
-7.121891451895217243e+26
-2.731357399102720818e+26
1.149123190863256868e+27
-4.081640152422784093e+26
8.269268254778784917e+26
2.629459509516163189e+27
-1.745741297038200947e+27
3.534905114237636024e+28
-1.184924091435799041e+26
-2.899021461322534220e+26
1.306397082671668095e+27
-1.711158625046539913e+27
-4.055300352892985513e+27
6.836933352186118071e+26
9.053502957637172547e+27
1.901138809076568089e+27
3.822439820062996525e+27
1.875610071361603252e+27
-8.055206979835230357e+28
-2.486281054183557212e+27
-2.339480044897939225e+27
-4.942383985595079190e+27
-2.972726260747495471e+27
2.115645570019804654e+27
-3.330615493158631647e+27
4.724687649218222329e+27
9.377674047856451362e+27
-3.195834722522750134e+26
1.899014464024686931e+28
2.398915202603255079e+28
5.770737712795729052e+28
-5.335017061598693870e+28
-9.186021238798045059e+28
-2.756124371722334692e+27
1.175375324354821746e+28
2.183833514802410937e+28
3.168027182371754283e+28
-1.586734854456114995e+27
-1.666444841716482661e+27
-2.839537573177946451e+28
-2.679245976758343233e+28
7.824482656058283080e+28
-6.282176672582504969e+28
-6.636234361596271937e+29
-4.127615990073110548e+28
3.355725575258354962e+28
4.116466900926290160e+28
-2.129170100869765821e+28
2.470297015012170985e+29
3.410172639998295307e+29
-2.883338749090598672e+28
7.101461124458491338e+28
1.996849320632006160e+28
2.895106879307115107e+29
6.471736763017614005e+28
5.218355972013311283e+29
4.952831485260740742e+23
4.567186837957685136e+25
-1.401246249595546729e+26
-3.423158320173538066e+25
-1.694091163498707512e+26
4.621816333641191847e+26
-3.600231722887399746e+26
-4.423839168222514099e+25
-2.613236623247844997e+26
3.442796321594587560e+26
3.977066630259460299e+26
-4.792645639817044933e+25
-1.179776603499554060e+27
-4.063993075543156731e+25
-6.272057817646210951e+26
-1.330039152051927878e+27
-1.499609614773370607e+27
1.028998792015792379e+27
-2.458927840339843607e+26
1.738340132777113288e+26
-3.687072511601229814e+27
-2.590901905421473979e+27
1.541237153194716945e+27
1.594683386933915935e+26
-1.958676485383554352e+27
5.324184926552688212e+27
-2.237488751586338887e+28
1.067297720438076366e+28
7.177010583422152183e+26
-4.339340531596451456e+27
3.822143736722526739e+28
-7.205994146159528688e+28
-2.230879449177163132e+28
-2.103322936732706295e+29
-2.218348170981862661e+26
8.075258155949173521e+26
-4.625656504702031072e+26
6.957589181203213634e+26
1.467511863373430079e+27
1.587528742086851044e+27
2.339005951839861518e+27
3.256799392538207085e+27
-3.083533145966299832e+26
-1.597207726391974379e+27
-2.306354020499263855e+28
-5.660613907468625996e+28
1.569852872369592119e+29
-4.953317479517959554e+28
3.558367675126442703e+27
-2.522192411734264479e+27
3.112507599687557702e+27
-4.803991335170059932e+26
-1.248269474370985780e+28
-6.786643984182442448e+27
2.676352411187396953e+27
3.381381861101381916e+28
1.140049729910362448e+29
6.266265067061671185e+29
-1.557477219514084576e+29
-1.851313643669252568e+26
5.526588817583234543e+27
7.942364637153807998e+27
-2.184182391561072496e+28
-9.411150196191746984e+27
-9.610059729529514947e+28
-2.737062387036168111e+28
1.407147086199452329e+29
2.179828605060609932e+29
-7.139045185926204955e+28
-1.759201187319998213e+29
-4.562534527117836421e+29
-1.432035680322801996e+28
-7.906698729091173983e+28
2.536819575636381102e+28
-6.360335383156498874e+28
-1.200484745826616004e+29
-3.790124022777247734e+28
-1.051494836371313162e+29
1.197176643621218238e+30
-1.679649611442163670e+29
3.831449525433721103e+28
-2.228968029329697160e+29
-7.560921188559230571e+29
-1.658533414024702108e+29
-4.248669177926505389e+28
3.338662309194876446e+29
1.224250376955770382e+29
-5.676771088530472049e+29
-1.540750402944171025e+29
-6.688959838839633457e+29
-1.915628295629534199e+30
1.504314389055280050e+30
3.092704037290064344e+25
-8.007364242774881286e+26
3.014663420257625574e+26
1.277754733532754563e+27
1.979489855357690967e+27
4.204698390451888825e+27
1.072770346848323755e+27
-2.225167893305945607e+27
-1.145128814975886707e+28
1.373160723506648853e+26
-2.165553412991459932e+27
-3.659346589501431508e+27
2.112734617067700491e+27
-4.168350407171942682e+26
-3.885967045708165526e+27
5.429581048639684694e+27
-2.453555342827498884e+28
-2.520329409835925180e+26
-4.506882452106013191e+27
-3.360280379243468960e+27
1.042419885502198473e+28
-1.347239961530644136e+27
-6.768235810602911276e+27
-2.677382275008527439e+28
2.498856099276970453e+27
-3.417135625161358013e+28
5.900834278562127608e+28
-7.273914838323023744e+28
4.768646790963860974e+27
1.748405278775059283e+29
-1.068933742871015898e+29
4.133044410412975091e+28
-1.654591246253148322e+28
-2.187430237162844428e+29
5.242976310267757128e+29
1.520523131313381996e+29
1.034671475362544547e+29
-1.105891820284495516e+27
-2.374084345419836778e+27
-3.805124711214201634e+27
1.473655321812154009e+28
-1.418170638578000541e+28
-5.166276271007846351e+27
1.873296494906083286e+26
-9.984295075714386598e+27
2.538653097903528010e+28
1.545038944764347529e+27
4.334593910440100043e+28
1.024672309821150676e+29
1.151649213293388284e+28
-3.344388781157767155e+28
-2.296262735267315527e+28
2.990591361131643019e+28
-8.868955027714692115e+28
-1.664654170708975098e+29
-2.835174951767358148e+28
-1.500653597283992245e+29
-1.357736848845361629e+29
2.618538198507765516e+29
-1.588845129207260696e+28
-3.831699085591017003e+29
1.240608682348271227e+29
-1.393236346490472518e+30
-3.255757783224056050e+28
1.443688681206221840e+28
-9.849237729943946135e+27
-6.252334110017969652e+27
2.417438299751938494e+27
-3.073631777476278893e+28
-1.330859379037355563e+29
3.259300737420469286e+28
7.932094525466573505e+27
2.761633266009675394e+29
-2.342765163219174655e+28
-4.182584131227363157e+29
7.702773056394618394e+28
-3.639616223883028699e+28
-1.627951070505202602e+30
6.928836347288033569e+29
-1.250730505954050054e+29
-1.973624977848822404e+30
-1.196284024118414624e+28
-2.052701912668888796e+28
-2.045929968097180321e+28
8.384041135128389955e+29
-9.093255772902360471e+28
7.201858861429664383e+29
1.698402544884520858e+30
-4.705544582549182194e+29
-2.804271982617775615e+30
-3.419959485920975125e+29
2.556587744035051151e+29
7.992677195434527352e+29
-1.186402123370574362e+30
-1.432612571008174362e+29
-9.335230696476670629e+29
1.230540369410430094e+30
-3.793892006834903435e+29
8.678879829204582366e+28
2.832491840996007123e+30
-4.301397529252529160e+26
-5.645687950995555454e+27
-3.791056432426329697e+27
6.663717960145362319e+27
-3.781076598563213759e+27
-2.552608551389399211e+27
-2.127323691244821280e+28
5.965804650463878980e+27
2.146720623041257952e+28
-2.495134070041290345e+28
2.733246148726559838e+28
1.341224586722234398e+26
-1.705491872638283763e+28
3.002792336636968059e+28
-3.021307594923313846e+28
1.662923644694607140e+28
1.916192956913711974e+28
1.136135791324159375e+29
2.804503180218176003e+28
6.712750620708028393e+28
-2.092873310100905624e+29
1.793841297156756944e+28
-6.535771026522482638e+28
1.604413611361945972e+29
1.654202913881181345e+29
1.517305275563948807e+29
4.998640995180201301e+28
-1.448309111129130186e+29
-1.337627599962239094e+29
2.066300395297877031e+29
1.928368834124823202e+28
1.616063082873054990e+29
-7.168897293055158512e+29
-6.998965542474867455e+29
-8.085919316763156018e+29
-3.852845952776124120e+29
-4.314753250316023923e+29
1.030602504319186157e+28
3.799136731622279502e+28
-4.066096890298370298e+28
8.572796677456839597e+28
6.305627324807976185e+28
1.353451508253631651e+29
-5.586241627295991846e+29
9.336090486735631933e+28
3.446905041794331202e+27
2.852033269860674153e+28
-1.382609180434514618e+29
4.946895593940931279e+29
5.704395327667290907e+27
2.700862272612770553e+29
1.311803486348180277e+29
2.414988401921001791e+29
-1.456147641246778995e+29
5.910740976812018822e+28
2.764201421190401005e+29
3.681354941791308899e+29
1.466582066860408753e+30
-3.986731982738729682e+29
-1.610915526381477968e+30
-1.088758295786710446e+30
4.697730469979566671e+28
2.043419089800800750e+30
2.377815285148527709e+30
6.828081392700319516e+28
-1.807391471583368461e+28
-3.303962135203842126e+28
-4.191264253430811958e+29
-1.591759501114879892e+29
-1.549092201478192553e+29
2.902234429392973557e+29
7.607332600455854462e+27
1.482029210688894485e+29
6.066764223845196145e+29
6.256739305579787950e+29
-1.280131916636812411e+30
-9.945734124684865919e+29
-1.235654092885994949e+30
1.492013197650739601e+30
-3.845657037891625717e+29
3.742759509110341268e+29
3.891128973770390522e+30
1.664106112148748709e+29
2.734135513095259905e+30
6.645263589900189339e+28
-1.750570192944747047e+30
3.526880964611958946e+30
-1.461827677571005649e+30
-3.310458469935176948e+29
-2.507030234413414068e+29
-1.514028229241229398e+29
-8.945087807691920310e+29
6.143912652324706199e+29
3.076737364728018727e+30
2.463803400044780949e+30
1.790102698923625763e+29
1.015067268702722125e+30
-6.574441746823199320e+29
7.664358337426206748e+29
-4.399207713902758289e+30
-1.098935356989568306e+30
-3.943316243760967799e+27
-1.898316256819312860e+28
-7.861962259611229295e+27
-1.938457141346084365e+27
-1.121529497288876257e+29
2.797011664525583973e+28
1.778525139655864205e+29
9.003895601615766685e+28
3.248640424739643294e+28
-9.733791469085333474e+28
-2.822361697080535697e+29
3.938164995823524330e+29
2.399291668451978412e+29
9.682673928536932754e+29
-5.209921261582130427e+29
-1.448975318981069296e+30
-3.099316417786727075e+28
2.067368141518563400e+29
5.627705389765137895e+29
-3.533796411860366415e+29
-8.212677141422199719e+29
-1.854276670521331075e+29
-3.115093272887870037e+29
2.848040891689302247e+29
3.541907879390234231e+29
9.684277532309724971e+29
1.665751888616529419e+29
4.275616969107322935e+29
2.662009960473645170e+30
-7.347245346120387568e+28
-8.122428296744987115e+29
-3.123373985744793313e+30
-9.861311854244493861e+29
2.893343631893317954e+30
-2.850709703544955708e+29
1.221416015047935941e+30
7.725236781851316918e+29
-3.479217532892488031e+30
5.420427423895583293e+28
3.816789732330311441e+29
3.502635550288771959e+29
-1.279528026189821376e+30
-3.285516642975139545e+29
1.110855187325698947e+30
1.309698324285954258e+30
-5.368799365316215786e+29
8.619719903367441086e+29
-9.512900662674791036e+29
1.477805400687470600e+30
-4.521680953707767439e+29
1.471155142730531616e+30
-3.210609833353301218e+30
1.689372185417231362e+30
-1.579446163476582837e+30
7.424871849704849529e+30
1.202379959953483908e+31
3.606555174017401701e+30
4.734667184979035206e+29
1.085830366160363510e+29
-4.317243552326583669e+29
-1.529174572195477480e+30
1.643886592208905275e+29
1.636952557720237695e+30
-1.427026626551629208e+31
7.200123739296475401e+29
-1.370383076846119619e+31
1.565245490752444343e+31
2.843527907938386153e+30
8.125104548507146614e+30
6.029846384205093086e+28
3.217418437727652859e+29
-2.575903932718083933e+30
4.557764684124568829e+29
1.882631002426824933e+29
-4.962998388254781048e+28
-1.377102874111152582e+30
5.569606887433928615e+29
1.626433819897383303e+30
-3.490858489380661127e+30
-7.535354741281494716e+30
-7.351858150674271905e+30
1.521270485211711216e+31
-6.529717926513643568e+28
-1.547025362976746126e+30
-1.110981935573694585e+31
1.436452147876900966e+30
-4.630921698149800316e+29
1.935941327530997607e+30
-1.346681369880087115e+31
-4.144223048843929268e+30
9.395424034214466277e+30
-1.918490147583546544e+31
2.612217474588885089e+31
6.107944759392251971e+30
2.314178203958123246e+28
5.877983345757592140e+30
2.653897549321471818e+30
9.434026232864629186e+30
-3.609994641484945676e+31
-2.964036778545044294e+28
-2.350074697599786430e+30
4.791765743854603717e+30
-2.170623408951584289e+31
1.719994981166542523e+31
-2.310833484171957988e+31
-2.719509143636460085e+31
-1.192341385127051720e+31
9.036475149913508241e+30
5.028666157118839808e+18
-1.773077899584470630e+19
-3.742715721238450668e+20
1.252066222392487444e+21
2.474373645584173629e+21
1.315036504981863242e+22
2.130820180841895612e+22
1.235593598596276111e+23
2.965394430078021140e+20
1.176103023134487347e+21
-1.469619624916513561e+22
-1.809156009496062942e+23
2.859277802360529454e+23
-9.891946296676022401e+23
1.675204115280281618e+24
-3.039737557603210894e+25
-1.953737629921038251e+22
-3.749142005036666061e+21
-1.482026700671679547e+23
-3.987056500709836099e+23
-1.675721089580858180e+24
1.481122143182832527e+24
-3.465298975675612186e+25
2.192197071074434969e+26
-6.481131647447838648e+22
-3.111382001304300474e+23
2.248153529888281010e+23
4.494824253539462676e+21
4.942988641186767731e+23
-6.888178801172022204e+24
-7.105665686939599974e+24
4.007426727683048029e+25
-3.992611235942409062e+26
-4.242451921849414834e+23
-1.602763354072329283e+24
9.870145698566493543e+22
2.320304129185389700e+24
1.483875211651286236e+24
5.408275316098477536e+24
-3.441866607716162853e+24
-1.269426687930076251e+25
-9.689209334224631198e+24
-2.774431037239352155e+25
-8.163300607559252504e+26
8.122840157006353630e+23
4.361128736287224590e+23
1.824508593506026902e+24
3.662523186294238441e+24
-7.671249081020810736e+23
-1.218120675658848461e+23
6.167797252541613259e+24
4.734740722593689013e+25
-7.494701978034263724e+23
1.218774916924265838e+25
1.108997554033287366e+26
6.402042307725755205e+26
1.899141425573118143e+26
2.532831490673383091e+24
1.084945797845028688e+25
3.909054795670190377e+24
8.239592984653975047e+24
-3.563615496846812417e+24
-1.156590135718513809e+25
-1.476447093684664981e+25
8.315839464324995810e+25
1.369817681749560649e+25
1.018310361086111428e+26
8.386368062527956112e+25
-3.950705582081956485e+25
1.237332348752723396e+27
3.771042348865978173e+26
6.052536618660133268e+24
1.170452280449301734e+25
1.121797417077603222e+25
-2.044096714735123416e+26
2.292413812163073532e+25
-1.009118228763551704e+26
2.063605367141571328e+26
9.437085916848239489e+24
-4.829301651160380644e+25
4.042261791879994517e+26
1.088695176251549454e+25
-1.653686183655374592e+27
2.977880948675809520e+27
4.422870914218424577e+25
-1.270286214415370679e+25
-1.091840745639848518e+27
1.150745933858712675e+26
-3.986270340754834799e+26
-5.497873663644745025e+26
1.953242154047825902e+26
-1.956341969177353870e+26
-1.349437858394828246e+26
9.302030074599140832e+26
-4.091678822236847093e+26
2.017147998789073046e+27
-1.243446726150133383e+22
-2.006421189953330977e+22
-1.841518470187376716e+23
-6.661277257806260596e+23
1.038741062682781197e+23
-2.643189506505737448e+24
-7.443733632302260316e+22
7.085996944146300827e+24
-2.452443061020929345e+24
6.754066804648168003e+23
-9.999543543609597702e+24
-2.760738077862712931e+25
-6.697782858726150611e+25
1.292976438020388477e+26
1.567691073465103134e+23
-2.452122982351069359e+24
2.808699197694438777e+25
5.973286357237403095e+25
4.312381730820072330e+25
6.192216723760956623e+26
1.128770042721747820e+27
-3.363657581450501837e+24
6.732892793486804431e+24
-1.830651886761039139e+25
5.587786194621219658e+25
-4.492746737288990600e+25
5.513632358556002166e+26
-9.286100775289069541e+26
5.438158952896883764e+27
5.656847152574431758e+25
-3.265682917138790760e+24
-7.093168239210472462e+25
-1.555297679805710682e+25
1.896310131759506234e+26
1.963809416981291184e+26
4.552898727378589762e+26
1.097461441024619491e+27
1.796837131393270308e+26
-1.051945836459262101e+27
4.338951032584411574e+25
-5.534482902431577782e+25
2.932358944969693035e+25
2.110554739138813253e+25
7.977394262704290577e+26
-6.217474862205975264e+25
-7.405788540692986855e+26
1.581782593197015578e+27
1.847322710263016269e+27
-4.146731633680784937e+27
-2.479685224221638724e+27
3.425986299282822151e+28
-1.191945223522067493e+26
-1.152757598138139786e+27
-4.503203615099336917e+26
2.147981451544657742e+26
-5.154355201736967917e+26
-1.301243869139099333e+26
-4.714053173360059728e+27
-1.157601975487470805e+26
-2.641914566363622089e+27
3.038130373769358271e+27
-1.031015154075573909e+27
-6.683072556792531004e+27
4.367821755752551247e+28
-2.990132093223555208e+27
1.326761234406990544e+27
-3.766071179309957562e+27
2.576887354878858164e+27
5.889232626789345970e+27
-8.167637708191738193e+27
1.699054969635198222e+27
-3.463212845022850769e+27
-3.694266511715812509e+28
-2.879417681227625168e+27
-3.735088623373614281e+28
3.094813078455844660e+28
3.870391260706790311e+27
-1.299855124122834520e+28
-1.667921439590061801e+28
-2.071790937088384731e+28
9.135497665276114552e+27
-6.649736912308612302e+27
1.656963988334771996e+28
2.791188052954534736e+28
4.386422238718463944e+28
2.143090883860209472e+28
7.384215702917219711e+28
1.497098147169286004e+24
3.785440991401663799e+24
1.615174507314181984e+25
7.573558887120607600e+23
9.429264043808035263e+25
2.989385402647351604e+25
-4.346951660723347874e+25
9.761460156534447529e+25
2.713442552002417678e+26
3.786621267201350113e+25
1.070564800074918968e+26
-1.648577453132077948e+26
-4.780253591623450346e+25
8.423412773814142220e+26
-9.951796255457727682e+26
-1.795804230285322686e+27
-9.397513419726192018e+27
-5.133065242702030792e+27
-5.385684945921703197e+25
-6.570340526264544475e+25
-1.983758258936984009e+26
4.828611022939496423e+25
-1.717962475363279539e+26
-9.469709954645964200e+27
1.018818623963633095e+28
4.736877767924662699e+24
5.793721303518783313e+26
-1.017768463799034014e+27
-8.167459664773178588e+26
5.072521987964622724e+26
-2.890711448264276357e+27
-8.121755273328969080e+27
9.829371622351206104e+27
9.329168037423745900e+27
1.811140089273075855e+27
-1.464242156493872349e+27
4.645499409846239804e+26
-1.612896921332416784e+27
6.103100361765410540e+26
-4.547249343647912114e+27
2.887637081424178368e+27
-2.002561968313584387e+28
-4.699974181567108699e+28
6.978669130717772446e+28
-6.070042921349808745e+28
4.554151880406827584e+27
-5.865964083464574212e+26
-4.448330694188575151e+27
3.123415727695377508e+27
6.251885991680220660e+26
2.253129791585152798e+27
-7.722465747184258919e+27
-5.511792250250672025e+28
1.118863890005666196e+29
2.759798072988537553e+27
4.630411245196906491e+29
-1.192755550012060196e+29
-3.323093569186133766e+28
3.099259298772768299e+28
-1.292973806408784161e+28
-5.982527749109068606e+28
3.981168958235974695e+28
-2.132144453246850027e+27
-6.914760074563307082e+27
7.338826600819413996e+28
-3.696048242292749262e+28
2.769180853332763818e+29
1.096768547471094083e+30
-7.349407964563987330e+28
-2.638538636936515566e+29
-4.432242655544932190e+28
4.653427418845440139e+28
1.124511493479192149e+29
-4.191560494111898969e+29
1.752492302636367150e+29
-2.550110485206596400e+29
-5.751237790040894707e+28
1.562698460689417554e+29
5.199720538521169231e+26
-2.228906403052993748e+25
-2.095511888558486776e+25
4.174601250929764985e+24
-8.208396493405619427e+25
3.157389219679924874e+26
1.379444734593610959e+26
1.271298266995139338e+27
-2.150489280327256461e+26
1.736661179468934349e+27
1.204934881979806944e+27
2.417727003963280130e+26
-6.973730241141972000e+25
-2.097790279325979994e+27
5.977000027047912290e+25
2.394488452587109421e+27
2.838652280657226165e+27
-1.107669984571889458e+27
-2.902451172605208537e+27
-4.980166478747683021e+26
1.178095374861016829e+28
-3.804657863666178745e+27
-1.353545967337430920e+28
-1.886459893774394270e+28
-1.205818261117719713e+28
5.775506762537582432e+28
-7.017472779542435982e+28
6.421441726128353069e+28
-5.177242891289005074e+28
8.050012161000261875e+26
-1.748410839882703330e+27
-1.590107331607543794e+27
4.430631871839666182e+27
1.200832301334636424e+27
1.093225834053569799e+28
1.240536064977632723e+28
1.044850068589738961e+27
-2.139845813694258287e+28
-1.174892287995756200e+28
4.727710112341522431e+27
-3.765667062785834783e+29
-1.188871203458413416e+27
-4.031623116099602925e+27
-1.345787865141440507e+28
-2.173038665004877861e+27
1.310548923292549376e+28
3.125844053434831462e+28
-3.873586526352311746e+28
1.022288338991669260e+28
2.749419327707186195e+29
1.293203370149996507e+29
3.276795059967501744e+27
-1.023822034128780305e+28
-1.042997404924959814e+28
-4.798605517362861241e+27
-1.075743204641778886e+28
1.969958835948617570e+28
1.242081177607571772e+27
-8.599775715197343310e+28
-2.007013979376778163e+29
1.593747814624722382e+29
-4.813583464503449344e+29
-1.073913013262657269e+28
9.822591271828115727e+28
7.986173252961649064e+28
-2.103023657383149273e+29
-6.497108467827289629e+26
-1.967799366254361303e+29
-4.734559202373951751e+29
-3.659729384829983980e+28
-1.192270801986184746e+30
-4.020572403278883245e+29
-9.922381132261316073e+29
-4.170364063710141235e+29
2.606690241419226900e+29
-2.194252995305557364e+29
-8.043568149448738442e+29
-7.339976924211741009e+29
9.165314951685956513e+29
-1.434655739098969897e+30
1.171186871682078828e+30
1.782467270655077971e+27
-3.337041622506190170e+27
-1.106718390888048977e+27
1.206082397965648147e+26
-3.871894750160051469e+26
-2.261780806451405039e+26
2.814726116458247185e+27
-3.167231473073534552e+27
-1.617609555082594040e+27
-8.106511736950500570e+27
-1.170180227439235689e+25
-1.291297867281314267e+26
-9.313493336396063848e+26
-1.588411251735936711e+28
1.517201832398694384e+28
-2.679165985190835055e+27
-1.611164113854448681e+27
9.812139413183601136e+28
-2.751122418491899269e+27
-2.386568593964006110e+28
4.341110099182943805e+28
-1.970092398274178789e+28
2.023981435690759011e+28
1.259514824873960894e+28
-2.116898297105366521e+29
-1.367735966784245892e+28
5.283946897944018076e+28
6.823888102415975916e+28
3.610485138163710977e+29
-7.615829189151163361e+28
4.457744247230748576e+29
-2.530112051059083356e+28
1.040954872668827550e+28
7.163937336602477399e+27
1.712179401242149285e+28
-6.400972471940427090e+27
3.026843259071681137e+28
-1.466990724136096363e+28
-2.754538220130154257e+28
4.983363790343692620e+27
-1.066933264389564983e+28
9.370943520016075539e+27
-1.526815636104390652e+27
1.263269697553997534e+29
-1.845872861837650686e+29
1.724055778083876099e+29
-2.040403539463609659e+29
2.415920289641343020e+29
5.273360165513293979e+28
-1.444487678863610711e+29
4.854401314542692719e+29
1.036123657202787867e+29
3.329448523219673140e+29
5.485496307223145751e+29
-6.644400271879687846e+27
1.859680910307812899e+28
9.875321591412653083e+27
-9.070542024838066578e+27
-4.351835715481695466e+28
3.130963078477228230e+27
2.360977706443851465e+28
-2.043732050821626004e+29
-5.700087932444082133e+28
-1.662063707412581689e+29
-2.661044961589295512e+28
-4.313542548224095216e+29
4.990755614284775187e+29
3.393409736933824435e+29
-8.754804882526919625e+29
-2.386565268047918745e+30
-5.038543314270393308e+28
-4.162327965382508787e+28
-6.696344511086909210e+29
1.177777583440380317e+29
-4.614580118798194163e+29
-1.161923515421885173e+29
7.891766016513009853e+29
3.391769162452349371e+30
2.970083845491428629e+30
-6.603962405708838819e+29
9.632703484026643790e+29
-4.024852455211040404e+28
-4.687469764140013142e+29
6.190938565948413286e+29
-2.158258797902183162e+30
-1.338791947968896187e+30
-3.368732163361821800e+30
-3.220589701281348397e+27
1.414722147615122062e+28
7.145984691962499564e+27
4.675153774772524410e+28
-9.502124476003594574e+26
-5.073545963070502880e+27
1.442810419305559742e+28
-3.104262509534168081e+27
-2.125265235705522254e+28
-8.211335967578197643e+27
-8.747048775673696864e+27
-6.367800147216444588e+28
9.267782777806698830e+28
8.695040544918938712e+28
-3.017173148168312060e+27
7.456910255873175775e+27
-2.797954558035281080e+28
-1.257975099982768303e+29
2.266182453905410834e+29
8.532266723449807671e+28
1.244334549968963798e+28
2.828234744563582347e+28
-1.083876463515798488e+29
1.252837706709675001e+29
-6.144477463273171793e+28
2.698586099712419766e+28
-3.499743629994127171e+28
-2.048619418193360318e+29
3.576312952327885560e+28
-2.991505910471436389e+29
-5.031071645730039034e+29
-3.474830756007516295e+28
1.156574283765021497e+30
3.898851052956791142e+28
-1.060215637073832402e+29
8.331188425257510556e+28
7.373192205131514605e+27
1.785580745627836726e+28
-1.416422411971933766e+29
-5.548783973782834146e+28
-2.600584470467272121e+29
-2.478751148587388683e+29
-8.405085111724859159e+27
6.247379407910136293e+28
3.643828511553856463e+29
1.775942391628204084e+28
1.813892017117477305e+30
-1.761675576537995659e+30
-6.716206822493819384e+29
8.926512113236737947e+29
4.643253596568241006e+29
-2.242446912474639664e+30
1.209165971342786892e+30
-1.462459658420717146e+29
-2.059754506001907425e+29
1.305052929437869192e+28
-1.116332312272608560e+29
8.082995113636238800e+28
1.580212522601166864e+29
-1.644726086877720164e+29
-2.756160136236210223e+29
1.039365467821591779e+30
-4.599031799803285687e+29
-2.128425689839946063e+28
6.176802710877118617e+29
-6.291388187773061488e+28
-3.442571337729992252e+29
-8.539992024261592760e+29
-5.181467828617522689e+29
2.792346032182066096e+30
-2.703997583512842664e+30
-2.088506812214282346e+30
1.210731418322003143e+30
-4.862592794180113337e+27
-1.112504626811321421e+28
-1.490933304055791688e+29
1.587721287984843802e+30
-7.525989804732318459e+28
1.353621917540880815e+30
-1.197410061825462038e+29
-6.425294870435941020e+30
-1.801407962216432025e+30
-3.714226735907170408e+30
2.891955774602955976e+30
-5.490306775247821793e+30
-2.730977373446833343e+29
-1.044643080516520727e+29
-9.818334542084565244e+28
8.907675033157009271e+28
-9.385976026865252345e+29
-2.256019645340513612e+29
2.421689020865678086e+29
-2.482821670175561167e+28
4.713740230455803689e+28
6.616422650112723922e+29
1.347540700224500309e+29
1.643065980579014002e+29
4.345359110269937504e+28
2.614320262859698449e+28
-1.655949610965011334e+29
-8.822919673178010351e+28
-2.124589344640983831e+29
-1.501446348990609201e+30
1.500539435334119202e+29
1.384315209111451618e+30
-1.255131834463293484e+29
3.823812103906478207e+29
7.662366127324241915e+29
1.055964693117665246e+30
-5.340525337257403946e+29
1.003641797509644488e+30
3.051042796510643801e+29
6.972695714965606806e+29
4.571567650376252991e+29
4.638865938206381616e+28
-1.039559742303958743e+30
-1.167985153241712292e+30
1.180854644967696369e+30
2.756890372234548729e+30
7.840876005789282246e+28
-5.593812517633615050e+29
-1.695511247239216352e+30
-1.823901411717143231e+30
-1.393262023469463912e+30
5.240649258715296729e+30
9.799562280599614728e+30
9.657798387823912731e+29
-4.739695484385186461e+30
1.776900913910513046e+30
1.875863346365101772e+30
-1.208175044377664102e+30
-9.078135876292215180e+28
9.677737795355793910e+30
-5.909390773151409359e+30
-1.069193687099636420e+30
-1.226048512855812476e+31
2.523725333023886460e+30
2.840406594680696326e+29
-4.913187190034573647e+30
6.132282987960747725e+30
-5.496892802816677816e+30
5.443386762987933034e+29
-4.541101788453972704e+29
-2.561268814995744764e+30
1.485326493943535509e+30
1.111549082712600384e+31
2.246263082203421605e+30
7.315413117794885524e+29
-1.958761120695976588e+29
3.773674829669338693e+30
-5.294488323494281370e+29
1.785912775604135010e+29
-1.312762324240202883e+31
2.288332894012977815e+31
8.332596055089583584e+30
