-3.543907245340748800e+16
-8.928367099280963584e+18
-4.023503105128983757e+19
-2.180468564559611167e+20
-2.958466865463855677e+20
3.469791612510329635e+21
-1.624575826980728472e+21
1.020563144115139516e+23
-5.256956801415887999e+23
-3.241912808229593088e+18
1.816412980767621120e+20
3.574517778288628204e+21
4.963886700420420076e+22
-6.235822117945879193e+22
5.361981225130871960e+22
1.698858619681462825e+24
-2.784021501462818165e+24
-1.691050479956675635e+25
1.589157612527145124e+20
-1.126687144724568578e+22
-5.072914558482967953e+21
6.268626869748952675e+22
-8.420191441748768693e+22
-3.775180190223199937e+24
1.279308745062094836e+25
-2.220096339008283504e+25
-1.180000787568034861e+26
-3.713053001323586781e+21
-7.488507970633335623e+22
3.585929072292210242e+23
-5.788337371424688785e+23
-3.026947542643691808e+24
1.276901790963418526e+24
6.240452953008056293e+23
-1.939473212925098824e+25
-7.462711613387064033e+25
-9.287272248871307636e+26
5.899889498979114680e+21
-4.917080115475023323e+23
-1.144542398380022241e+24
-4.141031577524771676e+23
-4.158104985408519117e+22
1.939218678889055970e+24
7.457031139528853022e+24
-2.796099301553470079e+24
-3.167639603354795821e+25
2.066320679667134124e+25
7.283057029874701684e+25
5.844097493710812887e+26
2.259772713280449230e+22
-8.374264562664853209e+22
-2.523524908182591347e+24
8.143421282419306157e+24
-4.263476205658571306e+24
8.918430203681595520e+24
-3.907201235420959509e+25
-3.014985018890325422e+24
-2.854002500834558293e+25
-4.000180857738070272e+25
1.225514595490039197e+24
-3.097199797233593166e+26
4.338514382798547743e+26
-1.136179437791952516e+27
-2.981032738173940977e+22
1.070392351436478098e+23
3.455158484708434851e+24
-1.855104998745109693e+25
-3.754211564740894854e+25
-3.633233874956341183e+25
2.483569508883759887e+25
1.254210937864990819e+25
-1.096571070054838964e+26
3.936446542411360283e+24
1.957185005207604426e+26
-7.264395744043130657e+26
-4.399638708955158751e+25
3.488906553871331302e+26
3.785769260382619218e+26
3.816578292902865289e+23
7.357848303864179124e+24
-5.300933202447950866e+25
2.981835867536447030e+25
1.890755291623469936e+26
1.129055604208760404e+26
2.267854553157726687e+25
3.689754008761482807e+26
-1.365414007003123081e+26
1.321446150623834406e+26
-9.860763449402686495e+25
-3.143931595497635139e+26
3.084461804026054323e+27
-2.587612082817837718e+27
-1.339691500574402660e+24
-1.809125923142697776e+25
-3.806570867581215585e+26
4.436466422567919063e+26
-2.319467646401866402e+26
-4.361977403362438053e+26
-9.547781470452430753e+26
-2.214425972012849664e+26
-2.503887401890720002e+26
1.484141225121128613e+25
-1.718178370125338883e+27
5.180605785620596759e+26
-6.653040462930952699e+26
-2.853714786368736461e+20
2.117966012851632996e+21
-6.685597256678844767e+22
1.136680504292268625e+23
-1.637483955068467361e+22
-3.704960472547762949e+23
5.538895309069353463e+23
-1.036168758548180553e+24
-8.887765256647229414e+22
6.843436730061986793e+24
5.115492316060112361e+24
-1.051847910776376832e+25
-7.746407053621196650e+24
3.191480817531305027e+25
-4.111775469882752930e+25
-3.995307905229213590e+26
-7.226177258734904934e+20
-1.464296696932131479e+23
-2.396657149134218522e+24
-1.686557045930002737e+25
-5.918325161472075318e+25
9.547924754016133453e+25
-4.349665916236067095e+26
-6.732395068191179866e+26
-1.525460044623305905e+23
5.734244223254747261e+24
1.067968949480819367e+25
1.733747063654388271e+25
6.619158885353240363e+25
6.224895403256992907e+25
9.804092185704560721e+25
1.958122575287200896e+27
1.957649961691312058e+27
-3.315692018483585901e+24
-6.262930657823070372e+25
-1.316315280314717922e+25
9.646854368148818428e+25
-5.325454314082826133e+25
1.771950799589136505e+26
-4.219817970357516857e+25
-4.432476846184296495e+26
7.403383495590767153e+25
4.569917915789308043e+27
-2.372903299736827421e+28
4.282490671470161313e+24
2.869869284836252141e+25
1.652247660306335517e+26
1.441470900434469518e+26
-2.193899102606510467e+26
4.966395084565713840e+26
-2.221185642672130610e+26
1.575285785791260628e+27
-1.146746351421747647e+26
-2.290501712121862651e+27
3.910868782560619430e+27
9.313664873445728213e+27
-1.245276862571541633e+28
-2.877053626071504743e+25
-1.347845498391664039e+26
7.965405963632852221e+26
-8.434434262617171051e+25
7.128237526983101333e+26
-9.371024324504378758e+26
3.529332867483090994e+26
-2.087557034898533971e+27
-1.172471807174269130e+25
-5.280726134735669729e+27
1.606889492562140982e+28
-6.428081030170204539e+26
2.054779321820820855e+28
5.737185644928619775e+27
-5.516736020599829145e+25
6.482659923472215302e+26
6.077300016481798289e+27
8.893376927957863761e+27
-1.100392340232354814e+27
3.640511372060108309e+27
-7.722993882680851317e+27
1.285216616824905267e+27
-2.148458457865522561e+27
1.811930968809302814e+28
1.083679136075348937e+28
5.746301629239081853e+28
-4.202073500049550189e+28
-1.247824876304345469e+27
-1.152255363840663533e+28
-3.170286481756561720e+27
4.233029481422985423e+28
-4.212975528428344574e+27
-3.609052946365135849e+28
2.084815754099381204e+28
1.196960385324032271e+26
-1.363567691578057063e+28
-4.322837720654061356e+28
-1.367576719772974615e+27
-2.028643787237656849e+28
-9.758812822335578859e+22
5.341863306520115984e+23
-1.199554251438956455e+24
1.020100386511077555e+24
1.972873080971663213e+25
-2.307618871872189541e+25
1.062419571521989307e+25
5.902535907848863503e+25
1.413173485156963887e+26
-2.588483906892434637e+25
6.831002980015946683e+25
5.723921002986787688e+25
-1.655602473672805967e+26
7.860591069491851356e+25
5.170478860455511203e+26
-1.065450739915889336e+26
-8.197954139521675457e+26
3.268432711788790360e+27
-6.239032484723934489e+25
1.308320199724309195e+27
-2.077440197474779800e+27
4.681195469350234778e+24
2.297756435626142011e+25
-1.364947169152453619e+26
9.245630690661261848e+25
-4.938940106066916740e+26
-2.695792445276916347e+27
1.866992210227703351e+28
6.055120031327359590e+28
1.527594712292983069e+26
-5.342996954103549696e+25
5.994174713145641765e+26
-8.829386583560238122e+26
-1.448226602795512894e+27
-2.836099074507556768e+26
-2.380864688478257433e+26
1.587581839480023168e+27
2.530267066875659163e+27
1.256294969445199113e+29
-3.307721029784569369e+26
-8.584960764329604548e+25
-4.517395071754733250e+26
2.131712439050283852e+26
4.042610217936532439e+27
2.057503863173985018e+27
-2.430280102373082856e+27
-9.895609378819061508e+27
2.870771952021021499e+28
2.954435862241135031e+28
7.595915218474070290e+28
1.212624626810476144e+29
-3.997664981462109530e+26
4.219461449981631720e+27
7.795001736597496177e+26
-6.686438121244391027e+27
-5.949387148962830432e+26
-7.264141384575786549e+27
-1.604549727951310852e+28
7.697193522976887057e+26
3.492361295639170236e+28
-2.965559541851567631e+28
1.141490744318494243e+28
-2.853397295017895719e+28
3.315798679883802214e+29
-2.404778026395344504e+28
-1.288212617840936152e+28
7.648915245984043416e+28
-4.908631098755738231e+28
-4.431169987188111380e+28
-1.248191693630104826e+29
-7.578475836145685280e+27
-6.120982298752419820e+28
2.421132129345871372e+28
-7.955953828873268637e+28
4.698233569656988035e+29
-3.699482127182778735e+29
-4.366673326011845429e+28
4.354404978276088090e+28
2.413601486248410606e+29
-1.859048891533351744e+29
1.775288504464888207e+29
-5.636443477097949222e+27
4.831790851320355314e+28
8.537429889272590978e+29
1.612875034877320766e+29
-5.964743475639161768e+29
2.532861926535747254e+29
-1.172659919411208445e+25
-2.706107731424950976e+25
5.174092605366672411e+25
9.294948572021060933e+25
-5.472378231666073595e+25
5.218653427221794943e+26
-6.262256019357444546e+26
7.266164970318133800e+25
-2.490160014754905931e+26
2.485168790875033425e+26
6.925220400189632714e+26
1.135037957660023779e+26
9.292818666867376331e+26
-6.524915005580818014e+25
3.138658314669418546e+26
-1.611665468394876057e+27
-8.884268474225319344e+26
-7.025780180957660802e+26
-6.196721294238474215e+24
4.307523780263107998e+26
1.561371952342410655e+27
2.460680851918637550e+27
-1.381148463582908606e+27
-2.600837479609701728e+27
2.310193657596648094e+26
-4.798298681027768798e+27
1.154550528385162625e+28
1.860254674995201134e+28
1.871622399052163578e+26
5.536816347005300801e+26
-2.063599612672616536e+28
1.367871510656126279e+28
9.474044448269673117e+28
-7.325987435629032698e+28
4.828138512131469150e+26
-4.471755875268484506e+25
2.219881032234904154e+27
1.253887249252565341e+27
5.275244893338110015e+27
-4.414737113661413759e+27
2.939749396350469698e+26
-4.969219662395088328e+27
-5.437961289491291014e+27
-9.961769072537291654e+27
-1.324098210928418925e+28
8.617487503194292243e+28
-2.676729993264319682e+29
-7.498405704251133720e+28
-2.357702477868727218e+27
-1.440362061732435525e+27
-7.233316052032350180e+27
-7.978913325504980136e+27
-3.725450056089432843e+26
-1.011700290678247588e+28
1.181873504775839474e+28
1.340654804558176271e+29
-7.802048030782740936e+27
1.103417378841854769e+29
-1.433181974608702269e+29
-7.529370262991358660e+27
-9.584781093074167388e+27
-3.387815666690638153e+27
-4.839866451356730392e+27
-7.402040987379367373e+27
1.405305872456772245e+28
1.718766731955116095e+28
-1.136561690238156468e+29
-2.365434077186559888e+28
-5.227213401984247466e+28
3.123039950283240533e+29
3.557122573421797031e+29
-8.042680871969110731e+28
2.535207916631356791e+29
2.192753127219906682e+28
-1.900827884966905434e+29
-3.759780068672773033e+29
-7.731449708140779372e+28
-1.441886428124282501e+29
1.045317625377524624e+29
9.995019555293255906e+28
9.867599591296789090e+29
6.607504150174377432e+29
-1.089925655605437028e+29
-3.286008934157598555e+29
1.957429379898572624e+29
7.140789335279591169e+29
-2.903541116025122131e+29
-2.137984495124758524e+29
-3.695451501920833272e+28
5.309680648677769891e+29
2.093424759110709156e+30
2.009033503197303482e+30
-7.761739822201492880e+25
6.040141838725770720e+26
4.840609315721196127e+26
8.158001860221756253e+26
7.801004614770925696e+26
6.624112347480424205e+26
-6.450720830691300218e+26
-7.773126830572237469e+27
-1.788395924249445945e+28
-3.814915854428460200e+25
-2.546708982522434415e+27
1.807225531897506739e+27
8.413299102951668049e+27
-5.138357712373248041e+27
1.757945258850975833e+28
-1.489218081170619479e+25
-9.055992234390283578e+27
8.960255029951706523e+26
4.559946160994849187e+26
-4.741174057526047851e+27
-9.251297487335479192e+27
-6.748317952372713710e+27
3.407486437710581573e+27
-2.202314078263093982e+28
-3.357364366193888662e+27
2.422570659198843567e+28
8.871641049117584377e+28
-1.147930742749191228e+29
2.161456162741992157e+28
-6.514438047380433148e+28
2.110933433103071704e+29
1.226661277442929555e+28
3.983315215926978325e+28
-1.593570239919102775e+29
-2.523019261676452987e+29
6.072186896372936121e+29
-5.301828666731048971e+29
2.505141916975502062e+27
2.709497833932145816e+27
-2.336850778113380174e+27
2.688339193582644440e+28
-2.050325751171664419e+28
-8.615730758584112307e+27
-5.800423415835449656e+27
-2.531695067982706798e+28
2.325004717243507283e+26
2.582782343141006816e+28
-7.064243795417559548e+27
1.330467027755589556e+29
6.781886278465083206e+26
-3.103862151363396780e+28
7.151633293631933629e+26
-3.031131093940510143e+28
8.665411556410634563e+28
9.089032085902466897e+28
4.260619523745062720e+29
-7.169743749151040956e+28
1.427455671187641942e+29
-6.421846306293058403e+29
-3.063372308075402234e+28
-9.614946082338954174e+29
-3.210813707873227222e+29
-9.460843542812683975e+29
6.410113827534344276e+27
-3.464550194081703972e+28
1.036975721068022345e+28
-2.233846919519192049e+27
3.427583090091365625e+28
2.970286985426765795e+28
-1.589823175309601341e+29
2.058220691127830010e+28
1.390603587093328232e+28
2.250635587258673431e+28
-1.434693107283668258e+28
1.141593980830909773e+29
-1.407019618077493786e+29
-2.179977715215252371e+29
2.640327103218482528e+29
-4.221914914686207704e+29
7.040937399757384295e+29
-5.777273455589440194e+29
6.276504498244356498e+28
-1.527600670044346378e+29
1.934092963969733050e+29
-1.898119410482066688e+29
7.322742314256099977e+27
2.401500609579037410e+29
8.674447999842543549e+29
-1.895277359355811057e+29
2.291462750153935974e+30
-1.557284719199859802e+30
6.269583657179837743e+29
-3.422428856633047821e+29
-1.074493434521870723e+30
-2.220218573408106058e+29
2.122215377059164918e+30
-7.513481159243935658e+29
3.876196162248925924e+29
-6.862129506182079375e+29
2.019531281742061999e+30
-3.039566891354658694e+25
-9.335615918808801656e+26
-2.398325848814204612e+26
4.985411814069938634e+27
-6.715260527528797019e+27
-3.082118243987578523e+27
-9.778189994805162518e+27
3.818786321666263141e+28
-1.342032539678844323e+27
2.862506213511260157e+28
4.472066580286652443e+28
3.225212515862500526e+27
2.845811651912722705e+27
-3.584431836657729594e+28
2.213625964116447100e+28
-2.459738368367780910e+28
5.727370592659777069e+28
-2.086614765716909577e+28
-4.409637034684691161e+28
-6.440117021970614096e+28
-3.447213555723757538e+28
-7.140863956301803242e+27
-2.746396628273479620e+28
-5.135569932743329948e+28
4.306194543681296983e+28
-7.937744566517982032e+28
3.115328645920629415e+29
1.075766376608176533e+29
2.320818373686536282e+29
-6.480721074150209568e+29
-3.269209723913644538e+28
-7.208108473775693849e+28
4.523660154698267481e+29
8.401088336025590627e+29
-8.934531539555825472e+29
-4.684865529510139654e+29
2.042811155643534742e+29
5.558218446449469539e+28
-7.195127110480529431e+28
-9.385958225699642694e+28
5.578900498355579829e+28
-3.477327528636320093e+29
-1.526432790383109261e+29
-4.535564263398957644e+29
1.897614827966921728e+28
-4.082171430829340950e+28
1.052107745439723210e+29
-1.673901747492327426e+29
-3.635002040314073120e+29
-3.021989803067709205e+29
3.238925697092386675e+29
1.141848708391977556e+30
9.544431027890241115e+29
2.529408756936014459e+29
-2.940099958659246196e+29
3.759265222136467001e+29
-6.782119541305171006e+29
-1.123996336138881746e+30
-5.757395952046224590e+29
-1.648022987847342737e+29
-2.881959832979893244e+29
-1.512059341348745496e+30
1.513556753302481139e+30
-1.602236748209969313e+30
9.062198590698775024e+29
2.177241494487334862e+29
1.018254192115846205e+29
7.464022033990531850e+29
-2.671824028618273128e+26
-5.080617963716995983e+28
3.092338919693206577e+28
2.519384211356785729e+29
-7.536461893960010602e+29
-2.439933665187747951e+29
-1.994435730510493828e+30
-6.639418207182084532e+29
1.139540568613065057e+30
-2.086301438402217270e+30
-5.442400489593128239e+29
4.955977461901344484e+29
3.324007865259105075e+29
-2.906009291260227715e+29
-2.133825047642135113e+30
-2.843201748588712011e+30
-2.989807128293543873e+29
8.515169145132190184e+29
-5.584193389118001561e+29
-7.032662768254556459e+29
-1.435811587466405304e+29
-3.447352618283546498e+29
-3.280190769000864370e+29
1.112246231681165852e+30
4.628564618939348064e+29
-4.498813156911440778e+29
-7.109775673042872206e+28
-1.263639236470932296e+30
2.166290758212933515e+29
-1.207279996914710485e+30
-2.057566052778392366e+30
3.229481130634415666e+30
8.203301575441731802e+29
-1.255660290286829175e+28
3.750656534223532165e+28
-1.086890561429174499e+29
-4.857739367367532656e+28
-5.329932754066786881e+28
-5.008765325668239427e+28
9.744891338656085594e+27
-1.014147784416285785e+29
-4.896603358613878273e+27
-3.426970906433945563e+29
-4.069168460486158228e+27
-1.343564094252125711e+29
-8.330418872688976359e+29
3.342256429334668754e+29
-1.819165704339416770e+29
-2.524422711602666063e+28
-8.834686660286626571e+28
2.499079979602144328e+29
-1.065924465304140877e+28
-4.016536032054177171e+29
-3.783852913588735373e+29
6.664397862160667854e+29
-8.198196894851819175e+28
-3.013982466861085233e+29
-3.302272559383042617e+28
1.033260371717796818e+30
2.364721153871103068e+30
1.044984849178927601e+30
2.574301707208476903e+30
2.748144255716648824e+29
-7.708065294844938689e+29
1.227699980370403501e+30
-2.621236911364676942e+30
1.678202086292840757e+30
-3.422407849989235562e+30
1.104892951479366209e+30
2.038236085821392252e+30
1.090506840886752924e+30
-4.805198966372452422e+29
-4.805196836445223793e+29
-1.962945424335616940e+29
7.819543891676994255e+29
-3.727705302442568084e+29
4.143489644744610260e+29
1.185287330499500047e+30
5.041155320573763806e+29
5.764082951586569212e+29
-8.622177530937774286e+29
2.653980170180606490e+30
-6.072346347995947087e+30
-4.979687352677666485e+28
-6.961112870606686047e+29
4.211684338796234615e+30
3.627277811879142021e+30
7.744602987624923404e+30
-1.338222781322412388e+30
-4.262928059385125639e+30
-1.156552172474063054e+30
5.250452862560743518e+29
7.581778351954761546e+28
-3.784079005273934501e+30
-2.020096604560003833e+30
-3.112442668058719015e+30
-1.603314687821071829e+31
-1.645199885195047785e+30
-3.710779611745766322e+30
1.081019359451853862e+31
8.999116612968598982e+29
-3.534692614469361490e+30
-3.025469002728569800e+28
1.095657374240564329e+29
8.031027060049589894e+29
-1.360796943056115535e+30
3.454472139255408874e+30
3.565259962898908874e+29
2.786359891565434595e+29
6.351819721330079674e+29
2.232512100413952917e+30
1.664537910343993349e+30
4.631019072669281661e+30
8.568436136741498173e+30
1.549389631587588512e+31
-1.969482788122363276e+28
3.127757319677493402e+30
-1.125165921077143790e+31
4.222106441576422436e+30
4.862789751535798344e+30
2.159845833881764958e+31
1.680925883214247942e+31
6.794826593222592647e+30
5.631617689433816739e+30
1.764132582330705635e+31
-1.372277016503264346e+30
1.718055409020588303e+31
6.089998455174099897e+30
-2.048020424334076535e+30
3.056837727739429768e+31
-4.738194482682541386e+30
3.189205572977513099e+31
3.240091382808696845e+29
1.408948178280201863e+31
1.780813196201798557e+30
2.719354031808268499e+30
-7.252324292143163152e+30
1.845266286627876411e+31
3.128058073674820525e+30
-6.138389716835980084e+30
-2.121456201921719271e+31
1.154049840670737408e+19
2.876416174549848556e+20
-2.266993574717133947e+20
-9.905667625968867738e+20
2.901107134878898979e+21
2.675493968295756195e+22
6.882780247655418796e+22
1.670476894243037118e+21
6.622216611798295511e+20
-4.913339035540848116e+21
-5.035672405916357388e+22
2.183832038072704387e+23
3.760847105814423656e+23
4.838750433923046614e+23
-2.267517362735087671e+24
1.635423052315780383e+24
1.596257915927939095e+22
2.666486950881887099e+22
4.156095442616635831e+22
-1.235721817240075317e+24
1.007276629502011030e+23
1.396498069150806003e+25
-8.226458240594637077e+24
2.631794541441366375e+25
-1.457568562425911501e+23
-7.992583743473525247e+22
4.246769087551189182e+23
2.144447326821314107e+24
2.591148676860423292e+23
1.037389795300996182e+25
8.974901950368396922e+24
5.673470678393727723e+25
-2.610997058048947975e+26
-1.407335786248386202e+23
1.207090830120522132e+24
1.042832436281553925e+24
5.509856557035792053e+23
-2.989244905900654119e+24
2.940631696094040848e+24
9.340908695753221785e+24
4.603851136326215300e+25
3.954244797904963143e+25
8.223156597804247128e+25
3.192375015065900125e+26
-7.329420027620114028e+23
7.931411164471861958e+23
1.389734183230669729e+24
-2.546442963655722646e+24
-9.779057345208497331e+24
1.114381321934941779e+25
-4.163791702024988888e+24
1.828289955372517162e+24
-4.733742179798014635e+25
1.510736792684227625e+26
4.530155077337013499e+26
8.681413904089766707e+26
-6.915846207788217149e+26
2.916692275237603194e+22
-8.607611738258941745e+24
4.265853518753432909e+25
-1.760006559631054079e+25
4.681356651266818276e+25
8.975970071258467385e+24
-1.551736949323205652e+25
-4.470230236059559456e+25
7.827058269842740647e+24
1.074351267246013728e+26
7.705335988486870504e+26
5.983166194370119662e+25
-1.289188441017356949e+26
3.556820982269559013e+26
-7.963653641961027219e+24
-3.999175109186759216e+23
-8.436091110367084440e+25
-2.394249416422577945e+26
2.385041983659394022e+26
3.388884826831141534e+26
1.080125281266263922e+26
-1.140090738553474733e+26
-2.986800068414012960e+26
2.071474329356165756e+27
-3.256984702864532745e+26
-1.972490068978589328e+27
4.148875594925296763e+27
-5.242749338150682923e+23
6.773769870341720478e+25
1.819877529266823849e+26
4.808387660404644868e+26
-9.301719061179220852e+26
-1.952977837046901367e+27
1.567817061418411836e+26
-1.028882965399938243e+27
4.857710221000937666e+25
1.498602200385342368e+27
-1.606909703627060620e+27
-4.218162002022602193e+27
3.642193662632420966e+20
4.097757936502119072e+21
-7.251876169586512495e+22
8.963553029234647798e+23
-5.315929795278701330e+22
3.143888049591964416e+24
-1.148145368349107785e+24
1.738864625447613634e+24
1.946452665268660129e+24
-1.146950635201465358e+25
4.288342040954162576e+24
5.236586676516077882e+25
-5.110393203419208409e+23
-4.400351214405903541e+25
2.480638360818672300e+23
-1.225003237868448334e+24
-3.503290798246764047e+25
-6.101023091224657638e+25
9.235770253748319252e+25
-2.556813181148820149e+26
-4.584689526133718511e+27
-1.538229822684053175e+25
-7.785805068707104326e+24
1.237961474268254889e+25
-1.003822675710797223e+26
-3.684418771821860170e+26
2.149413792230178917e+26
1.831685501120006034e+27
-6.456191952880379597e+26
1.815868793982143259e+25
-1.788899217856132589e+25
-6.994384276353643660e+25
-1.038572988968722923e+26
-3.421993855563818666e+26
1.544194473373561627e+25
4.581959303754643887e+26
1.037431104239994582e+27
-5.477769866476633809e+27
1.467263876046123899e+28
3.971444938609624493e+24
-3.450069375375694074e+25
1.664325730222899708e+26
2.048943448433452154e+25
5.704964790889305706e+26
-6.029423398770019974e+25
1.055151800708756414e+27
-7.206593224377449160e+25
3.209181071372541817e+26
-6.818382190906554680e+27
2.707654854640985428e+28
-2.198211649732398103e+28
-1.338496462769554842e+26
1.028543263895393484e+27
-1.940738881845261010e+26
-2.757554638905474532e+26
1.694412830390171415e+26
2.384516039662848769e+25
-4.884294154281449877e+27
6.494221893351306085e+26
-2.081519116697725100e+27
-4.954015752446295269e+27
-5.027377551381759428e+26
1.051303646713384122e+28
-4.907653063535643255e+26
-2.010736942095974772e+27
-1.754347110744311064e+27
1.457966246658013809e+28
-1.253541650253329251e+27
-2.488252325698034512e+27
1.077952703792294130e+28
2.342412749802062663e+27
2.505502831439657955e+27
5.911890994421512425e+28
6.433356762027158742e+27
-7.444309873963803431e+28
-1.323706016366284163e+29
-2.223815856236560887e+27
1.965231666995338053e+28
1.021601841425709240e+27
8.954448792895509870e+27
1.556668125137540795e+28
2.989359314370192821e+26
-1.444210620304847307e+28
7.137315579927691349e+27
3.361816245642342553e+28
-1.036797401887399904e+28
-1.299358587822792006e+28
-3.064084235072521697e+24
1.061021729853035561e+25
2.200557768727338473e+25
3.683317320451315854e+24
5.835634042629837749e+25
3.458864788776957783e+25
2.480617876512700734e+25
-1.321639209353288865e+26
2.598190644786187990e+25
-8.622903727470296681e+25
-8.101465004882391205e+25
2.287747340730688509e+26
-8.117822700683091285e+25
3.348892772647207634e+26
2.908260857292450635e+27
-7.652207891490331991e+26
4.131273513590922002e+27
-6.569791291078244329e+27
4.050669519998533115e+25
8.362956575447422904e+25
1.841202608750782746e+26
3.568025196370063922e+26
2.001396547114589064e+27
-6.601913088032845999e+26
-3.050893315455932937e+27
-1.883532873594230073e+25
-1.703809195952595094e+26
5.107985652783063081e+26
2.766072254002409132e+26
7.030698344011379477e+26
7.801208454603522968e+26
8.180427292533563368e+27
-9.777858784144646533e+27
5.279844990331861554e+28
-8.198610643604061605e+26
-1.147292740848370037e+27
2.387983336076515247e+26
3.212777153349612332e+27
-1.224872106897503805e+27
1.866572813293029197e+27
1.947760419230113493e+27
-9.363662447435898677e+27
-2.430744192547362158e+28
-6.170471560623295473e+28
-1.429826614230496847e+29
-4.894399015219627754e+27
-4.588409373298127471e+27
6.306569112329457815e+27
2.123410529511930099e+27
4.195176504947100969e+27
3.502964564327263927e+28
5.044374640248974247e+27
-1.500791284201142847e+28
-1.568962938725497248e+28
-3.439681480301272315e+28
1.985751161529241690e+29
3.441806683222581398e+29
-1.562860611277705181e+28
1.796791952347885491e+28
-5.182720529091534920e+28
-4.369549539928658665e+28
5.064743975733864956e+28
1.025331984359880461e+28
9.428045284955973120e+26
6.017872539006309155e+28
-1.469541983273674933e+29
-6.846623428140874960e+29
2.875701342987592963e+29
-2.846179954484419523e+28
-2.985314503605835040e+29
9.649137298299980431e+28
-1.299576939657381166e+29
-3.518546680832414783e+28
-4.951538132582605950e+28
1.544113717798753338e+29
3.931108308665747380e+29
-1.905593651252330954e+29
1.680849668870949549e+29
-4.704969700151337589e+26
-8.664207429430619677e+25
1.888474451093220627e+25
-5.197568929206134491e+26
6.156636050935904816e+26
-2.376929709066629744e+26
7.356920190029489913e+25
-8.362883065325675854e+26
-5.200766161330410276e+25
2.312142435633822837e+26
-7.142654234618798893e+26
-4.051746089018012497e+26
1.386398831091247825e+27
-3.880220169985637730e+27
-2.018263058608106506e+26
7.211075748040484931e+26
-1.209313793274637131e+26
-2.990531354255648786e+27
-4.126420048947668275e+27
-1.169029448723842266e+27
-1.168720286034453035e+27
9.793234961234711095e+27
-1.898300806851019248e+28
-4.766911977830168935e+27
5.267043210597543187e+27
-3.067394276565690894e+28
9.167694824317755089e+28
1.714800089957880676e+28
-5.468526770715990834e+28
5.452812377429877365e+26
1.073679970159288545e+27
-7.360425030611127937e+27
2.386862193594244136e+26
-3.273789465373785259e+27
1.054138231916079293e+28
-5.184865838824374617e+27
5.084130201105230191e+27
-7.895719265691883147e+28
-3.103605002933377238e+26
5.929604851344970476e+28
-1.487928384430220068e+29
-3.473691975413813194e+27
-2.258335406031548769e+27
-1.431959614169078681e+28
-4.544669107242542269e+27
1.424018312276016477e+28
9.518884024660721738e+27
2.086509767962761205e+28
-1.500731483048513396e+28
-1.805596198399975892e+29
-4.836020553394573274e+28
7.697261370897437842e+27
1.783741195303768198e+28
3.623251235980077807e+27
1.333640702111475680e+28
-4.439768813335370180e+28
2.241309103203682881e+28
1.010446646944955135e+29
-1.319266804564938387e+29
5.510223729670951521e+28
-9.654979403460860607e+29
-2.574767533876045779e+29
8.024657624803431947e+27
-7.607933139585358446e+28
5.383786872698002777e+28
-2.155350524065811261e+28
-7.885364061345222341e+28
1.011239086462969722e+29
7.670396684740528033e+27
-1.868077455031006040e+28
9.982962675807415320e+29
1.474883435017953462e+30
9.597598453605491627e+29
2.062592752489070366e+29
1.937657010147612791e+29
-2.481527745509708222e+29
8.969832392443209248e+28
-8.985246628930850116e+29
-3.283038592388173536e+28
-1.223137524711467693e+30
-1.359818043390508035e+30
-1.408367196919092027e+27
1.404884975041470013e+27
4.744097786426433349e+27
-4.356246229589778586e+26
-1.133938864490783335e+27
3.115281233122044508e+27
4.969203023789712726e+27
2.255491272926879433e+27
4.147603839546814191e+26
-1.780306503902225958e+27
6.641731313318753816e+27
-8.241345122066982924e+26
-3.417156188007576406e+27
2.045902724207067164e+28
3.911996234912564536e+27
-2.244457053642113539e+27
1.011247988223128388e+28
-2.791069137629987192e+28
4.870599997470596287e+26
-5.656591407517891158e+28
1.072242446966386641e+29
6.091777055791106247e+27
4.357005358871774147e+28
3.544470511834521456e+28
4.650294581304783659e+28
-6.367860782192804207e+27
-9.275933276161100842e+28
-9.344255182193633591e+27
4.460015544698563916e+29
2.852666088219812319e+29
-2.241913464208509442e+29
1.975141493860878432e+28
5.827703260813485034e+27
-5.194284093488936280e+26
9.570289915117173046e+27
-5.656317639922802996e+27
-2.454532702161503153e+28
2.429367388741683438e+28
6.524814173166515105e+27
-4.117759724170797156e+28
1.348104266279711887e+28
2.889628072827466936e+28
-2.180822436301288585e+27
-9.306996229304201085e+28
-2.064115223606848763e+29
-2.050982949234304294e+29
-1.316019222351080220e+29
1.065016095642057431e+29
2.492733363328799157e+29
-2.515894137148717591e+29
1.716328136984372818e+29
-6.253759498711459266e+29
4.380542693545497562e+29
7.301788046656050249e+29
7.133063835774849158e+27
-6.133540921549958567e+27
-3.595861572967827825e+28
-1.026861875718368875e+28
2.093754416397784475e+29
-2.249600333667468809e+28
1.613097009492768634e+28
-2.779605793214940119e+28
1.304059104707888094e+29
-4.067694476215325983e+29
1.088497807642492804e+29
-2.644895245049985815e+29
1.299663265210799616e+30
7.747262636331146543e+29
-1.254248741173834532e+30
3.895465387630934732e+29
5.348612133568706354e+28
-1.942108602378319849e+29
4.265304400365946789e+29
5.983880865867898560e+28
-3.674203418708454494e+28
-2.825355279400518291e+29
-1.672130724826886556e+29
-3.990603779257771069e+30
2.621724434699099091e+30
3.712155283043632948e+29
-5.914682898803517679e+28
-8.529062771787242047e+29
9.436793858678556799e+29
-1.184354199367301606e+30
3.391936759968655000e+30
-2.301045229872986729e+30
-8.145132112916536072e+30
-2.847500245605309857e+28
2.365128296715481307e+28
-9.224883529422443033e+26
1.706822134157288483e+28
1.245145409268460326e+27
3.941466241736306106e+27
3.546308657184837736e+28
-3.937624073292152324e+27
-6.490158146696008622e+27
-5.308192113284183305e+27
4.502794627538465321e+27
-9.144667653609323606e+28
-1.020133916016386257e+29
4.943835177159659458e+29
2.006890930995782161e+28
6.840067677007312815e+28
7.972312130427203042e+28
-1.648087316181361385e+29
1.621963931840365188e+29
-3.189259183769588470e+28
-6.536421285064015138e+28
-6.725758625441799245e+29
-5.199138978591601526e+29
-1.441318301374347848e+28
-1.383803252410358563e+29
-1.320606425470737253e+29
-6.389155224802461637e+29
-2.566424652883843636e+29
2.298826199161187017e+29
-2.066017310880008305e+29
1.425561865815522216e+29
-1.413719611243064287e+28
5.102361920206712487e+29
2.479942455064278652e+28
-1.569947605088974745e+29
3.053946226360130519e+27
1.403569932323329243e+28
-3.265222555230423584e+28
4.191365170393166155e+28
-5.670456689515810497e+27
2.819584440849320755e+29
-5.232500802461755932e+28
9.344642437069174378e+29
-4.683758147397165438e+29
5.229963264770501735e+29
-3.246708486731873736e+29
1.668115198524453040e+29
5.940416415945468612e+29
-5.366642385790150433e+29
2.212093393324489906e+30
3.376847867892475894e+30
-9.347717372715372690e+29
1.324240223277426635e+29
-1.812742755176931258e+29
-2.334183207119472428e+29
4.506323562961120308e+29
-4.723355204363267406e+28
-6.373801230249601032e+28
-5.146398777864851201e+29
-3.042405166228081999e+28
1.368473020450194882e+29
-7.840589188637814586e+29
9.042396508900513539e+27
1.884051036284297323e+30
7.153522077702071697e+29
-1.261504347398871809e+30
2.060767322648532006e+29
5.586608393306568847e+30
-2.665504820820232425e+30
-1.413196334730004668e+30
-5.622741478817533412e+30
-9.291495263339673332e+29
-9.344072692937508691e+29
-6.794264050823215802e+28
-3.963929125207786390e+28
-2.485846470217462199e+30
-6.959696785084363969e+29
-2.598307686649015199e+30
1.207247208673578827e+29
1.260028054583739909e+30
-2.810115353954587963e+30
-7.767951387844080492e+29
8.160419969160559026e+29
1.681666193567766214e+30
-1.644389097344564281e+30
-2.966466750998298605e+29
9.154792915006583248e+28
-6.357655533506980720e+28
1.079282864117189615e+29
-2.246670423355159129e+29
-4.040552462225049451e+29
5.181947437618928423e+29
-2.789796618861939928e+28
1.808551928043487551e+29
2.597921224528681367e+29
1.227210091626520791e+30
-4.708461455608717289e+29
-2.088074489236271542e+29
3.908336393417908697e+28
-1.779216594311145319e+29
-9.902830282581719890e+27
-1.438127796471126251e+30
8.301524078127489412e+28
8.711238212261838432e+29
4.425653028566365449e+28
-9.107400867293084642e+28
1.053227652730232286e+29
4.588885601692746463e+28
-2.164890463396137400e+29
7.647502924546271810e+29
2.408361720300234734e+29
-1.020851257316240619e+30
-6.603801096468714945e+29
-5.747230232944670431e+29
-8.955682707844029830e+29
-2.791565768375370048e+30
-6.904954020065568844e+29
-2.016512592021334796e+28
-2.482995013451286120e+30
4.600514488266728366e+29
2.122546208948457171e+29
2.401290298812465935e+30
8.327853313441430020e+30
5.607997751670852375e+30
-4.203108089444089468e+30
1.190639125944346443e+30
-3.283252074417423307e+29
-4.026780104998052923e+30
1.653595708772026210e+30
-3.045864172948810568e+30
2.942392025025473063e+30
1.689870233148388072e+30
2.450261105537313077e+29
-8.661347358023183593e+30
8.358243563778521377e+30
4.272862114793138111e+30
-1.672050490256394658e+30
-5.854419794468657013e+29
-1.010500731877331440e+31
2.278287916546730059e+30
-2.649701872332686808e+29
-3.448834941477959549e+30
-4.946879327060552669e+29
2.261433284415497599e+30
-2.133337370947632964e+30
2.567909034895455043e+30
1.319892439190441982e+31
2.175911384893826762e+29
-3.749925215230709729e+29
-3.755786740517507368e+30
7.663369640870325571e+30
-2.242668303480495773e+31
-2.127078238675547974e+31
2.340059103159431728e+31
-1.640884484457506132e+30
