4.460948662034214400e+16
1.516888422192963328e+18
4.046969137354508698e+19
5.447265705930942054e+20
8.101543049314264678e+19
-4.577841774186145382e+20
-3.959975846567932330e+21
6.771105089227600167e+21
6.554564424065889809e+22
-2.850716881226063872e+18
-5.665082882927489843e+19
-5.501091662758273352e+20
1.095607828093887264e+22
1.939257225470355177e+22
7.640341724017790550e+22
-7.602315747459473814e+22
2.502174935319031669e+24
8.186793895458201624e+23
1.122165306336157368e+20
5.530135830790345327e+21
8.486932187434765517e+19
-1.684741300866028321e+23
4.758602016321702860e+23
6.910773951368136124e+22
-4.773385292142490155e+24
4.585661788979113362e+24
7.067361954622999780e+25
4.095880920295600947e+20
-4.180089579169267896e+22
-2.218676430915900707e+23
-2.001945069204224449e+23
1.001765690235630421e+24
1.679796614423324419e+24
2.261480078504030600e+24
-4.925677881805705151e+24
-4.424790757678003360e+24
-3.164966196030630590e+26
1.227928058063744401e+21
-1.729097336627354329e+23
-6.565275372337241134e+23
7.075378377502053997e+23
-2.010221746264554550e+23
1.499201349386260317e+24
-3.667177255403231734e+24
-1.693532177926394630e+24
-1.707340086238702787e+25
-2.252826149807312526e+24
2.284347731519554737e+25
-7.557584413186016431e+25
2.711015258802521899e+21
-6.378740126050802131e+23
2.634870379374197248e+24
-6.408396627215499080e+23
1.475657168365037898e+24
-6.338594363397351034e+24
-9.174733052116515024e+23
-2.391895981174005036e+24
1.997398404095096481e+25
1.480818986334373044e+25
-3.367513505779176556e+25
6.086288676423112750e+25
2.557299352848856502e+26
3.243525677098549048e+26
1.147297047420436323e+22
-5.862393969474087892e+23
9.313210536295394257e+24
7.553809890827450620e+24
-6.944738526974869225e+24
-2.588673897521566606e+25
-9.664877021865268174e+23
-3.718229191384503922e+24
-1.305035538725203351e+25
-5.809035897034895891e+24
-4.865313975123372213e+25
-9.028599234028742382e+25
1.557958762906981629e+25
-4.797448856884219902e+25
-5.609520630857119725e+26
1.904042500817994908e+22
-1.868175864194441444e+24
-3.226704747726114659e+25
-5.087416116392985746e+25
5.994356947712917011e+25
-1.357470244849286590e+26
1.102588472669666443e+26
-4.727934936841592528e+26
1.815645385654284885e+24
4.658358270019927775e+25
-4.385775303489617086e+26
9.675704038178011608e+25
-1.310590323296151871e+27
-2.428521935577523029e+25
-1.325439428610412522e+23
9.820205835883968694e+23
-5.739311763514734386e+25
5.664723884549881588e+26
1.874658737677163855e+26
-5.583273074487598725e+26
-7.270680793380033949e+26
-2.683982117274540057e+26
1.624710748542108118e+26
1.577668677640271118e+26
5.280401827764857637e+26
-1.638613249142843809e+26
-1.885182586873374917e+26
-1.023870149101855703e+21
-1.953196230612021674e+21
2.203569456534505967e+22
7.028172207705458475e+22
2.696909042679823603e+23
1.026343932361203681e+24
-3.649591104777857112e+22
-3.037971100600498337e+24
3.357544463748061305e+23
-2.892257252620960629e+24
1.083084344393135295e+24
-6.595392818945687252e+24
1.672707819069506925e+25
6.615023791945994188e+25
-4.946058406148337723e+23
-6.669692554744535599e+26
1.977024260555401069e+23
-3.903758831905189795e+23
-9.143010517014916100e+24
-1.998598074507281323e+25
-4.957836655650435092e+25
-1.157388463635434253e+26
-8.316008230718651171e+26
-1.518076357225064708e+27
-1.638577646258909067e+24
-1.604328688797463810e+25
2.674643794737874578e+25
-8.027606813230738327e+25
4.104326683179467209e+25
-1.107362665482382166e+26
-1.036756255025535845e+26
-2.231091684921888825e+27
-2.343079171831386453e+27
-3.092057733246080317e+24
-1.240166715946987698e+25
1.351687874788459442e+25
-1.325676489763810666e+25
3.395619352222673002e+25
2.024090736973917909e+26
1.574824325289194871e+25
-2.060035927252883808e+27
-5.312259693412112278e+26
3.644002699460254375e+27
2.778005585010758010e+28
4.762384800175126510e+23
2.934924325309062607e+25
5.854761797089662104e+26
-1.644281535061405138e+26
-1.188129560642407903e+26
-9.263965003099835107e+26
-7.398169237316904314e+25
-1.242121641758412629e+27
-8.511537813169221066e+26
1.666054787175862236e+27
-7.248962538960204627e+26
2.190150546246334642e+28
-1.078826036017435678e+28
-2.540353177618550022e+24
1.323412746784399502e+26
-1.092939680560888786e+26
-1.116791236284686740e+27
4.051528242883207479e+26
6.227690753965521960e+26
3.133744343427834751e+26
1.136593854045261725e+26
-1.052229890438811012e+27
1.161170288173497445e+28
5.012368398945001578e+27
-9.534872391150672448e+27
2.282239776419802177e+28
-5.348291421906574622e+28
3.637075159610552702e+26
-1.244852138829464032e+27
-1.579934127788993900e+27
-1.435588967362337550e+28
8.912459731276351553e+26
-8.093222516944353017e+27
2.226386145640059182e+28
-3.330640590675610585e+27
2.260559045893976660e+26
-1.234198889424031759e+27
6.580643682280583924e+27
8.264837719103561820e+28
-4.583959865629496591e+28
-9.501385614805377804e+26
-3.703768882024371953e+27
1.615886737826512868e+28
-7.344776727646163236e+27
1.696044083590472327e+27
2.610725159432747044e+28
-7.893167609108585525e+27
-2.854886000560892541e+28
-4.576696708763777918e+28
-6.364880361700914448e+28
-4.444376114134612205e+28
-5.526807686707310539e+28
-2.464593327256378204e+23
-3.141485746975827642e+23
-1.624781680123327262e+23
-3.351473045575143919e+24
6.231195609457949181e+24
3.105078499327217311e+25
-3.703685174943282698e+24
4.000969710020242569e+25
5.107262468042166534e+25
2.640131538025583561e+25
-1.096252995668007757e+26
-1.609284080743832827e+25
-5.622958008380075357e+25
1.931378828966276066e+26
-2.108197625395761335e+26
3.336645451252429162e+26
2.597607934764795816e+27
-4.896982086849474277e+26
-6.346705345022272396e+26
2.007045326910231764e+27
-1.253501596245251813e+28
-8.646977212700131867e+24
-1.181693355288884051e+26
6.068984262026288837e+25
1.637874901227328510e+26
-8.780653093396379532e+26
2.023968631402156726e+27
-4.147816316531730011e+27
2.723506973335917275e+27
4.113579983045509104e+25
4.477834920319367680e+25
1.841150450257930861e+26
1.830288802443820507e+26
-3.588659399011621965e+27
1.977668096842083176e+25
-4.158483941141294604e+27
-3.197724923656346415e+27
-1.978836437268939557e+27
1.113717026823367782e+29
6.984576821617340401e+26
-2.739344066393435884e+27
1.235141814999520144e+27
-1.582589048976393085e+27
-3.010135071529691192e+27
8.568242454383839184e+26
6.988109224159370942e+27
-1.946851580475257149e+27
4.078002315762105860e+28
6.576018102040141426e+28
-6.110205399776645545e+27
-1.358294995692456533e+28
6.725521814898044441e+26
-5.479286146254948069e+26
5.636661048166667118e+27
-5.706081698877745663e+27
-3.609486639336104117e+27
-5.734732028603381251e+27
-3.100972574278461829e+28
1.326436568218116090e+26
-2.909288895152387766e+28
-3.308185733098516019e+28
-5.330149537466265799e+28
-5.114265727698212508e+28
4.247562106475904477e+28
-3.644486946760738880e+27
2.608823925234750236e+28
-6.805984630611553494e+28
-2.381190315560081933e+28
9.457013772939040146e+28
-7.071305377015514899e+28
1.593373142982927071e+28
-4.317096061866911469e+28
1.374913448054175844e+29
1.214296478704202766e+28
1.475770675803726197e+29
1.088391446604302919e+30
-3.043139487398789758e+27
7.191499602381968011e+28
1.157150669025505287e+29
2.523907402460074255e+28
7.585234007439952357e+28
-2.429747081150847376e+28
3.969059378051407392e+28
1.516763130320755708e+28
-1.205088524577807925e+29
5.096892901589783700e+29
-2.994882580917313782e+29
1.894514159496740318e+24
-3.603823350645935222e+25
3.104847371126960301e+25
1.730942570615818914e+26
1.544574211441782745e+26
3.684381148366559061e+26
-4.122955893232224248e+26
1.111069692150378903e+25
-1.739231293361078935e+26
-7.460040374965347531e+26
-6.690121646829793969e+25
-1.360639680337910836e+25
3.682847586193167089e+26
-6.288839558869279983e+25
-5.423176228530507352e+25
4.390731167294108452e+25
8.478930666064007184e+26
-2.272236722359511663e+26
-5.578808875240327636e+27
-4.547071728543953453e+26
2.093216730648948614e+26
-2.063919196976727709e+27
-2.265962519804601459e+27
3.110989735144818272e+26
4.135340195833962632e+25
-1.068576569248038088e+28
1.322183938994230707e+28
-5.674356187095288938e+26
5.371221702660199088e+28
-7.496420274209867097e+27
7.962601029493362400e+27
-6.230396326349127290e+28
-6.253402052232145738e+28
-9.600707536910729116e+27
1.456864178963632617e+27
9.256167647897980057e+25
2.102424221175115952e+27
-2.055555546509593214e+27
-1.739667552931124718e+26
-2.589420295846581225e+27
3.128296670201882976e+27
4.286838490531268064e+27
7.996433217167834784e+27
-1.185573832792286831e+28
7.913665413966265798e+28
4.261096531173058661e+28
-2.731072114722859108e+29
-3.194004763020869900e+28
-7.172017885180409483e+27
2.631450965236812020e+27
2.615377380186024272e+27
-3.506917587854738769e+26
-1.208434073844837394e+27
-1.127708598187345987e+28
-2.172208987374564082e+28
-1.060050031704114565e+28
7.567238702442896282e+28
-2.106852273075260837e+29
-1.757569353447649715e+29
-2.768719600155993034e+27
4.214043394973186176e+27
3.404049452050069784e+27
6.492724806835249121e+27
-1.156055218035019511e+28
-1.091558524203838977e+28
2.017057952506387336e+28
1.382262834021477848e+28
-1.417741225305944485e+29
1.741889777562738723e+29
-2.571934631239959844e+29
-4.322323956983278785e+29
1.137333358195012300e+29
1.594023630862312373e+29
-4.050941791935944769e+28
6.968304543371239552e+28
-2.413017694266094075e+29
6.151544421163796984e+28
7.814106639919498249e+28
-1.467230969163861013e+29
-1.645200506336054916e+29
2.787413402853614082e+30
1.091343202407049210e+30
-3.855669213560106436e+29
-1.820170566262001137e+29
5.856264136310732304e+29
-4.689936549936820277e+29
5.392621675219027836e+28
-7.171839170374184057e+28
-1.227816433243110284e+30
1.989498914083315841e+29
1.103354926896313583e+30
-4.392855380866829085e+30
1.530130727224323257e+25
4.494313425360136588e+26
1.837659575060779846e+27
2.325193939371574135e+27
7.280728402438179159e+26
-2.349917031239616612e+26
5.805117102656659752e+27
-5.167784418177664012e+27
4.294133556195319622e+27
-3.687621027052887912e+26
6.782165645489343712e+26
-8.344176193110464970e+26
3.265314110242068380e+27
6.477304299596499355e+27
-8.434610205302536553e+26
4.673832545225466186e+27
-6.379503430863138866e+27
-6.130141177052196104e+26
5.264958685846806006e+27
-2.613027262069980925e+27
-1.355834292230391334e+28
3.565327345598329459e+27
5.313468414462041183e+27
-2.140149942179247151e+27
-5.915387300369656708e+27
-7.161099959077968973e+27
6.059061553114910375e+28
-4.505311787362825437e+28
-6.417828922463239728e+28
-1.716426582532497269e+27
2.922973428267516315e+29
3.889070127556457175e+27
1.713384282208401460e+28
-3.579080568198913039e+29
-1.004211398463309148e+29
3.745303393987136036e+29
-4.875743006714465013e+28
-8.811810867489822300e+27
-1.109037092333326651e+28
-5.589941245845522043e+27
-1.094322796576012166e+28
-7.660213860696730325e+27
-9.784829540389739934e+27
-1.467669297361157419e+28
-2.841841329421483005e+28
-1.634202245141899445e+28
-6.460751885038211927e+25
-6.863754049078643590e+28
6.086055752024630709e+28
-2.149921489874789904e+28
2.888339422405702724e+28
-2.596086176377685664e+28
-5.805630643544106737e+28
-7.070893411046704290e+28
-8.177705013168739808e+28
-7.188959190669766904e+28
3.593133291367958631e+28
-1.355320389106470803e+29
5.874182566132406152e+29
-3.896382743749733438e+29
-6.326042746014736514e+29
-9.578277284148396304e+29
-1.123498587707026678e+30
-2.225357805747637569e+28
2.962459047034326975e+28
1.284810409841218364e+28
-7.730022359579415998e+27
7.596741826336265511e+28
-5.830369644021505371e+28
1.315932670213254953e+29
-2.250662446424037210e+28
1.620551027533363221e+28
-8.034898344097332548e+28
1.243354892721181950e+29
-5.559011003507125019e+29
2.156989875726344024e+28
-2.529274895295469712e+29
-3.515643741468055456e+29
-1.988562059667111168e+29
9.738588395149614964e+29
1.500430913265183105e+30
-2.584388419255821231e+29
8.302086362472329145e+28
-3.272188886197358867e+29
3.074456253679122101e+29
1.560816561278207607e+28
-5.309309203502855585e+28
-1.796895730500707493e+30
-6.193036392578094387e+29
-1.494427081965939314e+29
9.606203707969753960e+28
1.251423264835124299e+30
1.811069545907717572e+29
-3.446806267053737050e+30
3.868883883167212865e+28
4.421075362936095314e+29
-2.699375099650065010e+29
1.717739431353484233e+29
-2.078183922429875543e+30
1.612780776705200472e+30
1.065429361348015256e+26
-1.668460209588743651e+27
-6.832312525548013851e+27
-4.863849989627289756e+27
-6.625394091883244319e+27
9.017261783191517175e+27
-1.143332508154112290e+28
-3.676124685571587761e+28
2.771383631209770109e+28
1.434671297732364514e+28
1.349193083118560894e+29
1.117315168983289992e+26
1.972237784030721169e+28
-3.574032893973494248e+28
-1.268638378116916784e+28
-4.777860163344772432e+28
-1.666670185079151276e+28
-1.855232779970970052e+27
5.213053133878683728e+28
-7.724814658674908121e+28
-1.732436648705280311e+29
6.528726956596558090e+27
-1.143209723989629493e+29
-7.122495932742691779e+28
-2.205917144134550498e+29
-3.655316693469758335e+28
1.816276505395808305e+29
-2.541260181853849246e+27
3.856871197273959864e+29
4.032658393745761971e+29
8.647935514033489065e+27
-1.510639759427211740e+29
-4.904423970853570022e+29
-3.660134259536812053e+29
8.643023285944642575e+29
-3.736497234204829014e+29
-6.069091133668173669e+29
7.732389505150748322e+26
-9.478540013244016877e+28
1.379071718938379308e+28
-2.856184644738269712e+28
2.336908866224918388e+28
3.108614855442190638e+28
-2.432152426435611911e+29
1.016438436788798960e+29
1.092787114363962656e+29
-1.958423854983383461e+28
-2.294664887523478503e+28
1.298619557545683066e+29
-1.070219185329739454e+29
-1.015395943986404427e+29
1.009715012275082978e+30
6.529578069689748493e+29
-7.303678175975822004e+29
3.830479374737737506e+29
9.695049283056735832e+29
-4.164967404163623602e+29
-2.159440418652708393e+29
-1.611604370265388356e+29
1.143661510868970989e+30
7.160437929983527027e+29
2.253289898179798333e+29
-2.847535500350928417e+30
-1.663589511947618608e+30
-8.869991068903798080e+28
4.674635385133006497e+29
-1.979990774897491062e+29
9.735099465908258265e+29
3.777460038229772236e+29
2.465548805795841603e+29
-1.700195377898412651e+29
-5.298318185429375142e+29
-6.364638836254717090e+29
-2.383737786122827596e+29
8.827860978053421698e+29
2.345660065959585876e+30
-1.271269650948593967e+30
1.586501628296351545e+30
1.569726364980923629e+30
-6.545197145572538199e+29
-3.425501583073328883e+30
-4.441448521447734109e+28
2.680090152363817184e+30
5.026659282184582107e+30
1.785994061477268333e+30
-1.088587239511696699e+30
-4.101704337910519865e+30
-1.508380289446723091e+30
-1.060630530595139132e+30
-4.074487113453431605e+27
-3.966258098107462153e+29
8.660543643112806110e+29
2.776155005265100718e+29
-8.750559815921160403e+29
-4.406358029881789506e+29
-2.539677608614724317e+30
8.949265217927833495e+29
-2.225432913480381766e+30
-7.177439896020208554e+30
-1.128358489077338892e+29
-4.562859368779765436e+30
1.279401456132662214e+27
1.890332250223021612e+28
-3.012144970940323593e+28
-1.319407403375524186e+27
5.244458489913525225e+28
7.811038788279142654e+28
4.277027418230418842e+28
3.311668838165293324e+28
2.313283062489330940e+29
1.229443951947412668e+29
-4.980885774565424692e+29
-1.958277646556350755e+29
-1.514542454235685063e+29
-1.523203432587764813e+29
3.676655040495163631e+29
4.461074127559019693e+29
-1.680092743577261674e+28
1.933434723731951755e+29
-2.061208557633376537e+29
7.192171568096887310e+29
7.510846327587452302e+28
-1.539508466086224327e+29
-5.392875112644293836e+28
7.211384944286391111e+28
-6.916631257661470982e+29
8.951241310641112693e+29
-6.846103786149463958e+28
-9.895578803344471198e+29
1.954123939663756931e+30
1.298232654458912039e+28
-3.786370838899390508e+29
-1.053677129787070186e+30
1.967670179448031554e+30
1.131794822440146890e+30
1.601545680356689075e+30
-8.144554231112363446e+29
-1.178175299698481240e+30
-3.388002872667753596e+29
3.183363853927874645e+29
-3.520391764666874773e+29
-7.174537072256385871e+29
-9.385219711400228099e+29
2.697910693382334534e+30
5.236925358975172776e+29
-3.523140837838534785e+29
-1.295908797963486998e+30
-6.449692553566849841e+29
-1.925637980646186204e+29
3.490583203741418675e+30
-2.002106877881315316e+30
-1.563236379286041025e+30
6.127804671945401468e+30
1.191855187376005485e+31
3.781304368242752277e+29
-5.674640089016798425e+30
3.602842303121998279e+30
4.277428394438487760e+30
-1.465474698627632593e+30
6.414323954505597992e+29
1.505751357443975433e+30
-4.286727273191699304e+30
-1.835336207017568068e+30
-4.264682646688371147e+28
1.688229654188903706e+31
2.700133693732282939e+30
4.496460045832059184e+30
6.457499649685355119e+30
-2.895974363180153194e+29
-5.012459197055203207e+30
3.753693036033007361e+28
1.803157406775689882e+29
8.822158293241949538e+29
2.303160316883216623e+30
6.953696691487007959e+29
2.837286027470541885e+30
-2.352431239087617971e+30
3.547886455826352577e+30
-2.110636028906532641e+30
3.654461045321123831e+30
2.721884333065699155e+30
1.529791537416189285e+30
1.821707976829720155e+31
7.133750556738129025e+29
-5.280538092013316574e+30
-1.077052630168462838e+30
-1.092050731804406664e+31
1.210946701273007917e+31
2.137395801413344708e+31
5.394760699269744261e+30
5.217688466413179816e+30
6.221507640635064246e+30
1.502881339537580965e+31
3.574472354491004709e+31
-3.046561186571016697e+30
5.668318040823565107e+30
-3.373621131354878396e+30
-1.197656156813241715e+31
-2.704605378487428359e+31
-6.987618780213374874e+30
1.086585641190407854e+30
7.004801797742063258e+30
-2.672523766995546282e+31
1.775932194407656577e+30
-1.997782997331203692e+31
-2.214460608181211226e+31
-1.025613708458273589e+31
9.860401346139787502e+30
2.693955466147436086e+31
1.176009482691036672e+18
1.356532671728061645e+19
2.084942264536124621e+20
9.537391166745222840e+20
-4.887926053492752384e+20
-2.429723420848828711e+21
2.457053882226039377e+22
3.816197679299089452e+22
6.206877655295704269e+19
-3.066317836800549192e+21
2.315209542010289521e+22
-7.332625839092471851e+22
-2.949115605384578550e+23
-4.207333113346131682e+23
9.307935001703798475e+23
3.052384450990610745e+24
-2.379432632600997396e+20
2.141804375326636324e+22
1.429759237799589760e+23
-2.435040014895096109e+22
1.325145181080131169e+24
-3.691588226289894760e+23
-3.854487174815649809e+24
-3.614285968875605325e+24
-1.214989393144946140e+23
3.199012587580917023e+22
1.629091432392384158e+22
6.548266680514237212e+23
4.176504584521214486e+23
4.592626124366009720e+24
5.197368483644549091e+24
1.068562058265445642e+25
-4.016930506016371482e+25
-2.366496827983112280e+23
-5.711174451897217812e+23
-1.023190814282983773e+24
7.520190418552968645e+23
3.328205448329044584e+23
-1.388091295313908100e+25
3.469750723947047776e+24
-4.890700269928564040e+24
5.900101281018280591e+24
1.526375059118264715e+26
-2.165166436837978519e+25
1.320446934646131702e+23
3.749653873485044613e+24
-5.474175255277412335e+24
9.050571381757890001e+24
1.318189222720859447e+24
-1.014832558451304503e+25
-6.241667272515904776e+24
7.044448058448784648e+24
-1.161358718488385593e+24
-4.835036888836451067e+25
8.692372902872348103e+25
-1.729812897439994970e+26
6.006935818342843410e+26
-1.268241485421222446e+24
2.070072162784176547e+23
-1.703041721241784921e+25
2.126863632996606746e+24
-3.796502663765340854e+25
1.310146880988824762e+25
7.118797948428421542e+24
-4.103576007288900881e+25
-2.391469889408903839e+25
1.406202188892206670e+26
1.660235521862881319e+26
9.714125478303887939e+25
1.009110276345907811e+27
-2.629386146565878341e+26
-5.880626392510340673e+24
-1.817451563496499774e+24
-8.261151390342991949e+25
3.351316772532558550e+25
1.257898392670428887e+25
-3.732739744625339751e+25
-6.182420882194895420e+25
-1.116316809145081742e+26
-1.900477429806309165e+25
1.077942743709718287e+27
3.182881999289005650e+25
-5.368141546407918476e+26
-2.111116291733567346e+27
-1.537695049434186950e+23
-3.324655633621142620e+25
4.659863015047078917e+26
-3.738519314686836316e+26
-3.191973155049112748e+26
1.684301235217020710e+25
-6.459727963127346059e+25
-6.441346226605334132e+26
-3.442900062336568189e+26
4.723877805369525404e+26
-3.682504043862786770e+26
-7.940159575123803636e+25
1.432199446139009971e+22
3.841733754453185108e+22
2.666442969698111848e+22
-5.221032611216820294e+23
-6.700142644315910140e+23
-2.075526305791978232e+23
-1.298439565918280687e+24
-1.094316757840530365e+24
-6.609381930759463874e+23
-1.021733096739843042e+25
1.004833976464190672e+25
-2.180892316570917473e+26
3.034908466463907533e+24
3.102368640567454724e+25
1.719299365298499737e+23
-9.807345814999305875e+24
4.864467959255946781e+24
-8.125776201571282138e+23
-2.671936097857903675e+25
-1.255534454287508162e+26
3.027331947012279132e+27
1.109379187638679468e+25
-1.347987016438928444e+25
3.512743432578594714e+25
-2.719506743316762369e+25
7.698466304631904892e+25
-5.252205458882247066e+26
1.816214355237746337e+27
7.401957902078304381e+27
-6.755306657187459397e+25
-1.161707751548755262e+25
-4.106634520688696075e+24
-8.209911205588897320e+24
5.235030633178466559e+26
-1.143835915095192838e+26
1.476867283322198691e+26
6.106407299948812858e+26
-1.197160046669714126e+27
-3.744262533528217398e+28
9.289891129581340951e+25
-9.483192583372184325e+25
-1.107613387562251784e+26
-2.735743807331516547e+25
2.493298218593273477e+26
-1.703145046361004898e+26
2.148238964265057266e+26
1.169894855518616959e+27
-4.107979374877506560e+27
4.820731904653891638e+27
-6.664013299410433776e+27
4.479794314168582357e+28
-1.698368378673922309e+26
-5.181190163308670632e+26
-4.117323912089218521e+26
5.720570611874314056e+26
-8.417491924398599711e+26
-1.631554930214008399e+26
-3.284275511471329305e+27
8.206263699164787172e+26
7.560442185786912566e+26
3.699877805772553882e+27
1.579841099598269570e+28
9.228737264625831358e+27
-1.558317490491385071e+28
1.420361959480870173e+27
9.851405368068012370e+26
-5.899862750662292732e+27
5.137107298027644812e+27
9.311373085917130383e+27
-1.494860483023426236e+27
1.548873808860720010e+27
4.853517862221116438e+27
1.334363505200520753e+28
3.915331559698072036e+27
2.529663464013475848e+28
-8.009700305214109056e+28
3.159509304053379021e+26
1.229474726240877204e+28
-9.415133881166000504e+27
3.192906309158061332e+28
-3.098765837243926924e+28
8.228605040760571518e+26
-6.850644567162207541e+27
9.359487457287380998e+27
-1.196359158974079854e+28
-1.662101904591090414e+28
5.947363867708816618e+28
9.335730391991680657e+23
-1.765954435151535568e+25
-3.024504367484772404e+25
6.400113884330765085e+24
-6.224266452997344530e+25
-1.268709555170447878e+25
1.001479183971990653e+25
-1.275934526533086818e+25
-2.928643564647981319e+26
-2.570167871074995863e+25
-2.520479057483369893e+26
1.621523469317173732e+26
-1.057846548316967668e+26
-1.677776690674500718e+27
-4.097818501501647964e+27
-8.738543469616544521e+25
1.293937727767761884e+27
-4.603290761237003165e+27
8.182387781552738046e+25
1.811808568442905961e+25
4.217473054086059193e+26
4.179586140416493723e+26
2.847830499254720111e+27
3.443378561669228984e+25
-4.835006419013451523e+28
-1.907606577470386985e+26
-6.201144653799459234e+26
5.336743453843305060e+25
-1.419985070669424045e+27
-1.600769664875785982e+27
-7.577013257088943715e+26
2.083554339384832233e+27
-4.280575828924462384e+27
-9.248532429464907598e+28
-9.682196585727096890e+26
1.109936643499083043e+27
1.882661711941860011e+27
3.692179071982260000e+27
4.270624881548535746e+26
-7.160740680172489893e+27
-6.771286476291220828e+27
2.770451926350968233e+28
-2.848691988813976631e+27
1.759640811719420593e+28
1.455170031508788650e+29
-1.969909142481829422e+26
-9.497417215447981260e+26
-2.864225223044312927e+26
1.892730289408060897e+27
-1.305761242963391123e+27
1.312548598719854361e+28
2.553833662136045637e+27
5.765548837273064768e+28
3.629169177802002238e+28
5.185759549834864193e+28
-6.302217566978763608e+27
3.009345311433118543e+28
4.104790790797837630e+28
-6.680479159813071868e+28
5.684001408250748244e+28
-2.501041574402319407e+28
1.351391060208240893e+29
-1.015690304030151005e+28
8.802970136970730744e+27
-1.217263810656347505e+29
4.911681389281907162e+27
-4.868101022944799383e+29
-9.274881101315665272e+28
8.847174256318858082e+28
4.469629484406709433e+28
1.221634476895629782e+28
-3.737604584165419425e+28
1.957474035456949015e+28
-1.433115895281099759e+29
2.564976518821437332e+28
2.925808942203405020e+29
3.523313866803620158e+29
-5.076843394519881189e+29
8.611688725194988913e+26
-1.577055374233581907e+26
-1.921503201510327250e+25
4.387446574079998296e+26
4.083141481824021740e+25
1.919130158201105323e+26
1.056600986690604230e+26
1.767168827851373113e+27
-2.194475357591708031e+25
4.694876546104740410e+26
-2.825990477893609626e+26
-1.855291367176881894e+27
-8.107136088912676043e+25
-1.660446558859995730e+27
-3.905858509390900690e+26
5.725546948588022846e+26
-1.983301156723618208e+27
-4.206780985814322172e+27
3.110250735131598232e+26
-1.211869562895283344e+27
1.044875074632163195e+28
2.568805092976269695e+28
5.916456037078056665e+27
1.261564146714039895e+28
7.945533488046355096e+27
2.172919687346933333e+28
-1.359530036056225340e+29
-3.849587511185907952e+28
-1.109786232279399463e+29
1.181888427158306429e+27
-1.823817685352418354e+27
-4.717447537742294759e+27
-3.597900612689493717e+26
1.768626961164866951e+27
-8.486433181809071260e+26
-7.500437765717075744e+26
-5.964014583395857209e+27
9.579772253224312862e+28
-6.844973600101193131e+28
-1.201497590889667717e+29
4.456775003615761748e+28
-1.729161851902134916e+27
-1.346389551609617345e+27
9.238968252335069458e+27
1.874417864595126160e+27
1.428914430774143111e+28
4.157268456289156343e+28
3.887518616623689472e+27
3.971849090473849920e+28
-3.413265864583258996e+29
5.958671492418811292e+28
1.419633138990392490e+28
-1.124794907265098243e+28
1.000583031411755439e+28
1.047962703109472690e+28
-1.283315756293974816e+29
2.680709271758731122e+28
-1.190548847537703485e+29
-1.059816687298303935e+29
9.460603608084019308e+27
3.285848562309738340e+29
-3.826979076834527753e+29
-2.733616139936941198e+28
-6.790840762086184618e+28
4.844500086007898011e+28
-3.821904330867566759e+29
8.396440144109805775e+28
-2.577155360697480576e+28
-4.884817354244348049e+29
1.063661274069574074e+29
1.114662266184302207e+30
4.123200331909924969e+30
-3.182404362479412801e+29
-4.165084737342463739e+29
-2.073794539941917969e+29
-2.503501389011702975e+29
-3.590986360279931791e+29
-8.127909929760620453e+28
-2.930721326631303781e+29
1.481823239140827019e+30
-9.585103467253431383e+28
-1.075473006039345516e+28
3.232568433802329626e+27
-1.037333764647549817e+27
1.523783534003748751e+26
2.489603833228010909e+26
5.675609549957010812e+27
-2.138608210593184725e+27
3.514738655327776060e+27
-9.002410914942658797e+26
-6.388671327376262007e+27
-1.220954172821085895e+28
7.234803051216080066e+26
5.043226710299178714e+26
7.403116478040215900e+27
-2.274715462145147986e+28
-2.904333083656360904e+27
5.979487328365457289e+27
5.364801027978180815e+28
-1.817069948239791148e+27
7.250881833303347285e+27
-2.005959769040402854e+28
3.888155105051007357e+28
-4.356756010293334358e+28
-4.785853461571899710e+28
-1.588196636690036232e+29
8.646438131856930754e+27
6.307476334556968717e+28
-1.187913124997300673e+29
3.598011095022409311e+29
4.032268028321246677e+28
-3.768644665799382903e+29
-2.007061777589106896e+28
3.015760799804713012e+27
2.036174870866809971e+28
-7.274761708018449743e+27
-2.395497881716185825e+27
-3.687432255729807803e+28
6.434597435447928951e+27
1.345699613699724314e+27
3.012517623760972370e+28
3.193910204581351831e+28
4.272792226548069392e+28
-1.098820742958628870e+28
3.898648383816784628e+28
1.719809479526952065e+28
-2.946187973243292290e+29
-2.397975559714219133e+29
8.822500321084043757e+28
1.987584234238818660e+29
2.920001873226098826e+29
-1.441924941178922840e+29
-3.192991422255372334e+29
-6.141436445976823640e+29
-7.342817483314880513e+29
1.660924310735485747e+27
2.233137917089452338e+28
2.427144796391629388e+28
-1.351663688820513278e+28
-4.696703619508858191e+28
-3.115044415917835027e+28
2.399737135692259305e+28
2.390011180195539622e+29
2.672786148168066910e+28
1.632829423674768206e+29
2.886191602369140368e+29
-1.620131640963853340e+29
2.917493257284355082e+29
-8.648894591882283637e+29
1.281753631619675383e+30
-1.086375659509296030e+30
1.177913028307814581e+28
3.630074243560577173e+28
5.012849881161873921e+29
-3.237879541837542901e+28
-8.987903836090969073e+28
1.396865275379727927e+30
-2.644654083402762453e+29
1.510930268284216040e+30
2.848078580344224745e+29
5.480702547231649586e+29
1.835901118870889896e+30
-3.966603517855529026e+29
3.838258698981853427e+29
1.297197383452238981e+30
4.182545843711539218e+29
-1.923243505178339490e+29
2.734666814048178603e+30
1.031680146257672020e+28
-2.506202375553056261e+28
1.910938365039932846e+28
-2.627935892002894629e+28
9.564527646408556700e+26
2.925238875439349119e+28
-2.262467149098140873e+28
3.250292802008565976e+28
-3.272942830265952880e+27
-8.810057265209066855e+27
-1.110489350571198790e+28
5.325010546296695995e+28
-2.211043918767811402e+28
-6.653351683346004022e+28
-1.259901559461016044e+28
-1.237134978940529133e+29
1.553469398956955413e+29
-1.306153127787127420e+29
-4.484412990170756552e+28
6.362384453042013046e+28
1.555090956674119960e+29
1.121009976651843901e+30
1.842893985512293556e+29
-2.546077683065412673e+28
-5.122491580346783361e+28
-5.149179825620767845e+29
-8.245067887548948574e+29
-7.407592043605307091e+28
3.064918537833062004e+29
1.027673707304867488e+29
1.402102545185915658e+29
-2.886619034192205850e+28
1.917972025270238119e+28
-4.043692062863878323e+28
7.232166804478500261e+27
-7.966405361954552324e+28
1.793057515737320182e+28
-5.050127351433006716e+28
1.114702231574348764e+29
-1.707061657921446252e+28
-8.869420925956678039e+29
7.319269683483919694e+28
-8.891228675379323147e+29
5.954606068068373566e+29
4.842497760867004786e+29
-3.067522282430749212e+29
5.981343963081395578e+29
3.308243454355466790e+29
4.626708830023834891e+29
-5.620671787327158907e+29
-1.231661384849113724e+29
2.409811449717417868e+30
-3.044155467530901731e+29
-7.289559354110269779e+29
3.404128604265883762e+29
-3.498364952955659872e+28
-2.027951850595598478e+29
-5.077142267618347535e+28
-3.242223739778307821e+29
-1.481296874628242938e+29
1.405222671654347238e+29
-1.253099302110187486e+30
-9.506812979078223476e+29
1.317290532425352602e+30
-1.656062212535747838e+29
-2.825748234330266204e+29
2.522164270550123166e+29
2.441318443897291269e+30
-2.051617894114096962e+29
-2.849249992520285710e+30
-5.661683655324799572e+30
2.838225217413530355e+29
6.784787673917894084e+29
-4.397885748183892451e+29
-2.191517470802721195e+29
5.883767644874853473e+29
-1.075128839700704939e+30
-1.724096167457850910e+30
-3.157793804771816915e+29
-3.362494556789705354e+30
2.005074969231303087e+30
1.270809512901858117e+30
-7.948138748714167431e+30
-1.138994976301109752e+29
1.610546195448899126e+30
3.598898040654596842e+29
-3.581410222359139735e+28
-2.295298646387347937e+29
9.063697909063828560e+28
3.697672520970469045e+29
4.766556749009852770e+29
-6.029574422980329762e+29
1.823066646870718062e+28
-7.352106116462805399e+28
2.258877172598198181e+28
6.213750281632174110e+29
4.708033275689671265e+27
-1.671142682909750159e+28
5.194317405534979363e+29
1.183803835148295457e+29
-4.706403021947960701e+25
7.982748231994185170e+28
2.402989416249867783e+30
2.095054789978382109e+29
7.256822803084720356e+29
6.584216280057250507e+28
-1.928552217787329640e+29
-5.424792538745793640e+29
1.486987290084409750e+30
1.860463922441458538e+30
-5.540969006133634494e+29
-2.080239965193993315e+30
5.251327571324706370e+29
-8.315811232619006845e+29
-1.193725946925249592e+30
-1.391323976402088098e+29
-9.563438296243338233e+29
2.326459494063313034e+28
-5.864515615405154471e+29
1.119822293164822334e+30
1.022906321430361736e+29
-3.274938574288346754e+30
3.016254937109977012e+30
5.031594337897721252e+30
6.146985450960884451e+28
1.386238880309463567e+31
-6.647449053285078960e+29
5.707901016120010539e+30
-7.698758491727830332e+30
-1.487460094001339562e+30
1.766867248730020828e+30
-7.739918207699701175e+29
1.278245849684800805e+31
1.725164275879990122e+30
-6.713800684130966242e+29
5.181136267910026495e+30
-3.980525356412928403e+30
7.858451251214712291e+30
9.546768147296956258e+30
-5.440837139928474926e+30
6.653235488745435232e+30
3.687040498721574898e+30
4.264761417075034979e+29
-5.624510947187300682e+29
9.266521041283416731e+30
-8.603845369462239503e+30
-4.418536851187561179e+30
2.926777455974291415e+30
3.224514005387296381e+29
6.024927506546983810e+30
-8.099457759908980916e+27
7.875635061170792952e+30
4.680887051998418873e+31
-2.708710700924014335e+31
6.902905671027910962e+29
