-2.046200910146729600e+16
2.354960951440714752e+18
-1.429108312342362358e+20
-1.211707981194309960e+20
2.246051112696840978e+21
4.507579982644109640e+21
-9.111970971670380806e+21
-4.508152581781447298e+22
-2.971625664433283400e+22
1.388086732629361869e+19
-1.678516102211548774e+19
9.643346831002950435e+21
2.499470312817694658e+22
-2.380335527455222913e+23
3.893175158873528719e+23
2.767905187081697981e+23
7.123249368953381615e+24
9.494524084017969278e+24
-1.726600756951144202e+20
1.930272285741635600e+21
-1.420772001592852349e+22
-3.103125724305548326e+22
6.530859714179465017e+23
2.910533177677437957e+24
1.429815902877146442e+24
-1.111784005885421639e+25
1.247984967488500439e+26
-4.246723445025097646e+20
-1.722215004974072673e+23
-3.726273648353709266e+23
1.261623292624924605e+23
2.009516048879065714e+24
-3.230015154646007960e+23
-7.264997281996188634e+24
-9.485684362533185058e+24
7.509703439156950656e+25
-4.890471334015482333e+25
5.406888233349566956e+21
-9.404042830156246758e+22
4.284142512947716948e+23
-2.146543490014175769e+23
-1.769948812765350764e+24
-2.371803320409143640e+23
6.542413420471108541e+24
1.591948973366341713e+25
-2.039233929788156223e+25
-3.340881498188430698e+25
1.184880585119662842e+26
-2.917373994978055481e+26
1.929914934239030149e+22
1.175108481622083340e+24
4.540893540444155587e+24
3.111919716786214474e+24
3.245644000510920557e+24
9.396258730127956315e+23
-3.152355780046983747e+24
1.077774241241934623e+25
-2.964544463119806301e+24
-3.822805714427628180e+25
8.779426628796653575e+25
1.096119333508437110e+26
3.003236297765510687e+26
-3.199935026016775258e+26
-3.137062519650375015e+22
-3.316378471142937529e+24
3.790693079513323759e+24
-1.963779961276705427e+25
1.631396465129882834e+25
2.116613426035313421e+25
7.972645938773545407e+24
6.926013911072694818e+24
-2.777823011471678057e+26
-1.959755003362347899e+25
-4.770231367362457467e+25
-1.149706945023949217e+26
-9.343548546958575719e+24
1.375869840255175493e+27
7.814734857163485560e+26
-4.111836812162591296e+23
1.005179218084674695e+25
3.899863483901789126e+25
1.915707475987067663e+26
-1.065831785761759228e+26
1.343211677610544282e+25
2.990590936833825666e+25
-2.590712437221754097e+26
-3.615111727855985159e+25
-1.260654383310969365e+26
5.653749471357241457e+26
-1.566003495255595011e+26
5.355480305380335354e+26
2.410898591401792455e+27
4.811910173443766616e+22
6.932093753303998864e+25
1.153023768884589114e+25
9.887286425398057652e+25
-6.624335598220331422e+26
-8.364065148925707279e+26
-5.503291562393034959e+26
2.516224318880074812e+26
-1.866913804434697968e+27
4.342950861475374493e+26
1.794326327331413461e+26
-5.622115087010543773e+26
1.393298421172155138e+27
-3.241211902524527739e+21
-3.782425240556057657e+21
-3.123611027482207899e+22
-4.376588069989400172e+23
7.593335235693732954e+22
1.442139914571884270e+24
8.477492640176727224e+23
-2.662697078252074189e+24
7.888606339824606280e+23
-1.737041398095205345e+24
-3.369020278239345995e+24
-1.548475185860842820e+24
-4.551255892248001045e+25
6.457831241362967342e+25
2.032170588412746734e+25
-3.837675031317721059e+26
-6.579345173565776750e+22
-1.292242199492385749e+24
-7.801850357201676423e+24
-1.816914731941051413e+24
-1.387688996793841954e+25
-9.091547526769847011e+25
6.500031249680807431e+26
-1.869599481210224519e+27
-1.123320257473457865e+24
4.648980290834291011e+24
4.244529144349894178e+24
1.097263598929688811e+25
4.916292150750050009e+25
2.311231116754558236e+25
-2.806738564457009280e+26
-6.035657705820000951e+27
-4.254606924606894622e+27
-1.346192424122861093e+25
-8.934430052748954685e+24
3.103740604074145786e+25
1.165564243934798524e+25
7.789235732499481703e+22
-3.554289623973513497e+25
8.460090709639383795e+25
-4.776268102326355678e+26
-3.280016891877141842e+26
1.265693373857765171e+27
1.248678166985039075e+28
-2.063492781204823374e+25
-2.071344290041307998e+26
2.062514670183399777e+26
-7.423412381312681858e+25
-1.422490715979241974e+26
-3.210111750896508501e+26
-2.625762891751608281e+26
-1.034372473325298469e+27
1.120335403118139848e+26
6.510069217743529955e+27
-3.912906886505691719e+26
1.583244978367036631e+28
2.146308546886515963e+28
1.963819737172325368e+25
2.461512988636090034e+26
1.275078528047408657e+27
4.336065006315795225e+26
-1.417488392430242916e+27
-4.826530744587803647e+26
-8.262710792986149852e+26
-1.295763357643025356e+27
-1.303564859499159864e+27
7.816453036674340918e+27
4.803412595729979153e+27
1.047689369993051011e+28
-3.596028986033472725e+28
9.768465743301763323e+27
-2.273275377200140244e+26
-1.137799574934774226e+27
2.929400292262683336e+27
-4.604051271135751525e+27
-4.245602928963417467e+27
-1.030274980466943451e+28
-1.886044855549169685e+28
-3.095868285834543835e+27
8.189208512486565323e+27
-1.842478215605700334e+28
8.063067339668405137e+27
8.857720419841290493e+28
-4.640745207431576871e+28
7.183426470313406297e+25
-3.825227963058427199e+27
2.621937784783448285e+28
3.348454030024685242e+28
-3.597799946445580585e+27
-3.526982644645017585e+27
5.043994743001738535e+27
1.176250507417694309e+28
-5.063865335430021916e+27
-2.260592346456226732e+28
-2.922966010730059473e+28
-2.710195772126265481e+28
1.353138015354197209e+23
-3.295069851822112387e+24
-8.792785779151434227e+23
-3.251001129563205885e+23
-1.916874319048169705e+25
-3.608184391432978437e+23
-9.174881620145740695e+24
7.473764239549846539e+24
2.249728104870888146e+25
-9.062371444691792766e+24
-7.481806616621650974e+25
-3.057527926545432206e+26
-2.390063115478066895e+24
-3.112280518971355897e+25
8.440609661001600435e+26
-1.603830726134568113e+25
8.125408506233806326e+26
-2.518668167927437711e+26
-1.991928375560701313e+26
6.825086008736827481e+27
-1.543624520836390908e+28
5.008652058811501616e+25
-1.303305999095264235e+23
3.963716798230611114e+26
3.435464659376065710e+26
1.141212130015228829e+26
-2.732534353814314897e+27
-8.748772238170714631e+27
-3.363294345088769053e+27
-3.925091465531307664e+25
-3.838820539812690541e+24
-2.105424580497931326e+25
-4.011045848312218507e+26
1.730739376817522726e+27
-1.300811023752806810e+27
6.129159893428517341e+27
-4.920154260091752132e+27
6.124344402452668355e+27
-9.291886393812955072e+28
-5.629099766946745340e+26
1.642015549328540084e+27
-5.624057908211614150e+26
-1.951352233314937705e+27
-2.692646412629539942e+27
1.197283205242809877e+27
7.880245347707362672e+27
5.014682591041215117e+27
4.152407483195330899e+27
3.201300808916246568e+28
2.289194915691998482e+29
-8.397956458953270044e+28
4.161151304273501924e+26
-3.675006986299018938e+27
-4.253337825272177797e+27
-7.161059381353342256e+27
-1.394342549314653478e+27
4.762449776385287688e+27
-2.396045427204197455e+28
-4.595309143256599140e+27
7.224876152355015872e+28
1.025432451093088867e+29
-2.430072131609987499e+28
5.866993893822189457e+28
1.347520335334786433e+29
3.073362753838882611e+27
-6.410507060165354470e+28
1.757349399375950872e+28
-1.413867724274158813e+28
-8.359360152389915780e+28
-3.778966652392196801e+28
-4.397642977953469090e+28
7.853690322621353874e+28
-1.517355475750271299e+29
8.184460024676646175e+28
-2.111569675155596021e+29
-4.009962638272313281e+29
-3.564899016302973804e+28
7.068549209679618260e+28
5.936021024345051274e+28
-2.030844446048128631e+29
-4.254060184721457940e+28
8.770342770024845276e+28
8.297542708387721036e+28
2.899480959710518303e+29
8.091167166606477699e+28
3.351675039375634711e+29
-4.456381433149777605e+29
9.649777314656241096e+24
-3.765047556877770385e+25
9.021517201321638301e+25
3.510727771115578352e+25
-2.213796279898715256e+25
-2.007768949645323025e+26
1.767051103643747402e+26
-4.509158496012618956e+25
-2.387321738668524403e+26
-3.706473848279031726e+26
-6.025545518433134027e+26
-5.924581935784307086e+26
7.756322964097498033e+26
-1.308385441568593687e+25
1.125595310053404973e+27
-1.324276201788853074e+26
-5.917301926735737379e+26
1.523112795755742518e+27
-1.732480571920003792e+27
-2.323465792921118739e+26
-2.053353024402765558e+27
-4.311606304941035040e+26
-2.275787582539212083e+27
-4.061331775590340396e+26
-1.317485055361336952e+27
-1.105042902971031314e+28
1.142751872928791048e+28
-8.103923898485874060e+27
1.176712877629261074e+27
6.176764103460762885e+26
-4.699824208135088801e+28
5.676790560762999624e+28
-1.142025930401525132e+28
1.554455284167762442e+29
5.927130984499549154e+25
-3.208281492962088890e+26
-1.345954006375521083e+26
8.274646143790388435e+26
-2.253110293556306746e+27
7.670592929793414072e+27
-4.113437199484686424e+27
7.473137715833832916e+27
3.115790874236607839e+27
5.645846355699588540e+27
-4.128597739624704228e+27
5.694261282810717839e+28
1.550597805047632631e+29
-1.100472157964785937e+29
-6.497730141505861166e+26
7.695721919026375083e+26
3.340437116537813479e+27
-5.900726565599697555e+27
9.850727583418243837e+26
1.536090869718797615e+28
-1.090298212821755103e+28
-4.379756289316118059e+28
-1.094247069550707564e+29
1.083152558518868030e+29
-1.496101438369051291e+29
4.923084741457827126e+26
2.820385553332840544e+27
1.055541460391063674e+28
-7.045786211428767718e+27
-4.309113477196025261e+28
-3.500162322803023020e+28
-3.990362281031287849e+28
-2.390468376620190435e+28
-5.238047196675042321e+28
-3.625460034138770385e+28
4.221038872861580336e+29
2.015513184981200749e+29
6.715709177760811538e+28
1.629978902030186451e+29
1.369361621436119324e+28
-3.731844295775260118e+28
-1.159248457691719319e+29
7.515961178303144583e+28
-2.082979836687404719e+29
-2.396900509793850017e+29
4.674801691230513905e+29
1.892954348192548402e+30
4.506028690151295763e+29
4.453751488652975483e+29
-5.148939739998337956e+29
2.035215913035905935e+29
3.609922448630479314e+29
-3.912207856073225957e+28
-3.843756077115617179e+28
7.325455978981238263e+29
-9.635156623819074949e+29
6.458153225048121185e+29
1.725842955789171567e+30
1.734702192309565547e+26
-8.260286502599720819e+26
4.083750921318997433e+26
-6.141134153340981368e+26
-7.295346716154051037e+26
6.429598796686888593e+26
-4.940013991467082984e+26
-4.006353117807414850e+27
-6.222845929475605225e+27
5.244956631286034604e+26
-2.046019576307827157e+27
-2.380131647565189651e+27
-3.164449887876126641e+27
5.314588817444195566e+27
-3.089512515014401976e+27
9.814469231870130039e+27
-1.179861208302019734e+28
-6.907883625519718628e+25
1.906097475217874785e+27
-4.583602590014932508e+27
9.342299978837865202e+27
1.358050452466002281e+27
-1.387015510371739203e+28
-1.580306936783403364e+28
5.711071076751185927e+27
1.121041294003907702e+28
-7.150440789446485407e+28
-4.933213527103334230e+28
-1.202770439321500262e+29
-8.602462232470745561e+28
9.212511527291360984e+26
1.118101809301302943e+28
1.845978591537440326e+28
7.482873006579358787e+28
9.753231850907402364e+28
5.401677510558503980e+28
2.447820466382125782e+29
-4.228506131834067944e+27
-9.662739103858457875e+27
1.048758876568990862e+28
6.411241074148527374e+27
2.032712030151627538e+27
-6.770724456010688595e+27
1.611972127776743170e+28
5.668828879586818047e+27
-1.965555758488746215e+28
1.125168797746741203e+28
1.948635306774301202e+28
-1.483902863606858963e+29
-2.049980850559969028e+28
1.438627348813070323e+28
3.048142518215473775e+28
1.493250063577061852e+28
-1.052346453217101383e+29
4.387870360678530544e+28
7.260400484679771044e+28
-1.375193987341770928e+29
-9.017323461951029955e+28
2.183653143792545201e+29
3.503341960204846176e+28
-1.571260177701024059e+30
3.729791298249556997e+29
1.394501610147144586e+30
-1.975782610724796546e+28
-5.407842072060631562e+28
-5.547651574888585792e+27
-1.969301070683192462e+28
1.466838787321655083e+28
5.033749619445857966e+28
-1.100299694290263903e+29
7.968427594565160749e+28
-4.648637590466135479e+28
-3.592453987834659489e+28
-6.989413799925555704e+28
5.847411324920793913e+29
2.186287409071381940e+29
9.787930090426082914e+28
8.541490890587567807e+29
5.388602248793917271e+29
-1.218160225598982567e+30
4.356638050466003439e+29
5.315953872887747523e+28
7.382190705007720047e+28
-5.924914225371057514e+29
-1.264922966980262373e+29
5.975322956543072543e+28
-2.543195615661288272e+28
8.433979833420062146e+29
-2.872129725398596767e+29
-1.922634013655876629e+30
9.349625836661093528e+29
-6.941751786530882167e+29
3.930443573346401338e+29
3.110862214236752210e+30
-2.656947348494498120e+29
-2.399001943567927940e+29
2.671843027765390097e+30
-2.317911406366636215e+30
1.873347774175004419e+30
-5.186194950385755832e+29
9.434458122556789265e+26
-5.995837764513835861e+26
2.708490159473693815e+27
-5.975110550776374815e+27
-1.272955429370017190e+28
-1.107659098243208571e+28
-2.108280513553875953e+28
-2.019285857264585581e+28
-1.330089396755118803e+28
6.130188262991500802e+28
9.041272964935137559e+28
-2.084089077231245685e+27
1.538409908544706892e+28
1.769323002090338171e+28
-1.643107039700963548e+28
-2.037520993396734577e+28
-2.479085276738881171e+28
-3.143965829822812823e+27
3.824318531073479467e+28
1.231739067619681638e+29
2.424226349203722210e+29
7.174519717925224192e+26
1.427908741385292505e+29
-9.153870677268413978e+28
-4.028498493139839149e+29
2.301411255875939505e+29
2.928666620723599696e+29
3.931241412759386909e+29
5.435998561870894342e+29
-3.464207616393661596e+29
2.604439999420191873e+28
-4.545235153752466999e+28
-3.863527904264334251e+29
8.427371886390789799e+29
-1.260587091019943674e+30
-3.921350739461099513e+29
6.944783781905392441e+28
-1.991781699177406071e+28
2.969974139789779294e+28
3.609355563403977616e+26
5.830449947098359835e+28
1.569183536457705183e+29
-6.722783255419659872e+28
2.627331716334608184e+29
4.824938951281052970e+28
-6.604580443517930596e+28
4.046157472142882375e+27
-2.228365982104509313e+29
-1.065809591819826018e+29
-7.135543014291295482e+28
-5.370856236230861155e+29
2.933354407171564100e+29
-6.226773834645659878e+28
8.333253360771812791e+29
1.259240453322248411e+29
6.488020724692552435e+29
5.308901724293596236e+29
1.568272109338618849e+30
1.248868733759807344e+30
2.301399578460840575e+30
1.191752649043147545e+30
-8.747837314010785335e+29
4.955434625185377795e+29
-1.721356285430739880e+30
1.059221329520338661e+29
2.502279419214070141e+29
1.136280780377102536e+30
-3.788824796248118093e+29
-1.660508450933073319e+29
1.215679865963798973e+29
-2.106354554648368914e+29
-5.596185793287209021e+27
-1.651323924673282850e+28
3.271188300710509924e+29
4.719256470145616618e+28
6.367783330668707360e+29
5.180141711127107397e+29
1.565297746421163664e+30
-5.102522178815615423e+29
-8.957462011644551485e+29
5.770625546424357853e+28
-2.410133709586147439e+29
3.430586245892191068e+30
6.502959106329077835e+30
-4.187348398059530796e+30
-5.358873204715634002e+29
3.137821027461132586e+30
1.325151211860990061e+28
-4.266966817205258920e+29
4.596164603502244035e+28
-5.305019530992977739e+29
-2.429969544291504575e+30
2.600031535345930385e+29
-1.228847715684845364e+30
-1.062473383009225031e+30
-9.695981076885368452e+29
-2.951589824779039188e+29
-1.212837315374430408e+30
3.110929043847469436e+30
9.924723240006441021e+29
7.564438677205368591e+30
-8.661430120256651533e+25
-4.120442049358135279e+27
-5.956852045035888170e+28
2.887212992951319624e+28
-4.608865623456624861e+28
3.187869419025640818e+28
4.305975667405039466e+27
-7.907619539369235713e+28
-5.487899226875251603e+28
-1.822821019125854766e+29
4.664507162041519908e+29
2.310750731090341723e+29
8.809481920574152594e+28
-3.026831582296919483e+29
-5.430324955826745582e+29
-6.232127562171966591e+29
2.139813908194875570e+28
-2.123096416455387823e+28
7.592140987875433311e+29
-8.664456767927882339e+29
1.581216869434930277e+29
-5.262071899603608179e+29
-6.977624043346331122e+29
7.785443051045225717e+29
6.548610882918104357e+29
1.422492784750196932e+29
4.096353820356619648e+29
-1.677370687343275741e+30
4.597083981301327374e+30
-4.538852537758983937e+28
8.489031382953814408e+29
1.406789537903147037e+29
-1.724961074698064384e+30
1.545056238951335229e+30
8.184137962995786894e+28
1.246996050413847058e+30
1.238117468606080227e+30
-3.016125903842551201e+30
1.189556634183485362e+30
1.070821846368519573e+30
7.942661951097217502e+29
1.033085027973622837e+30
-3.588696392119707206e+29
2.006463309209952116e+30
1.709577477687967412e+29
-1.088490196584611479e+30
4.671503799852191992e+28
4.548714825046120577e+29
2.704616137247364258e+30
3.461240432235074086e+30
1.926248813190294485e+30
1.405176257241848326e+30
-3.451792029908827703e+30
3.845442110852261598e+30
-7.801962620990156154e+30
-2.699804201970344999e+29
-1.219195347782886598e+31
1.131212334944573452e+30
1.615468734315961326e+30
-3.018787454223708437e+30
-7.231802478227123935e+29
2.795486977507031760e+28
-4.679259991713024285e+29
6.135589843364087340e+30
2.640371714014165481e+30
1.394391204853694530e+30
-2.751810540529833574e+30
-1.398001730452402845e+31
-9.133592169465254323e+30
8.217396392723923178e+28
4.143630164362751442e+29
-9.878435063109767314e+29
1.496811205156958117e+30
-3.822943197875715336e+30
-8.999551491505072159e+29
2.854859518709986598e+30
2.895551337214338966e+30
-1.214652765661840462e+30
5.331545417676745843e+29
-2.390319834868910241e+30
-1.609422205466634857e+30
-6.346778975953402325e+30
3.695489951396203356e+29
4.337668109184304114e+30
-1.517342763848939618e+30
-6.797648873294565496e+30
6.635424917891360731e+30
-1.682596107491411598e+31
-1.084958226023766481e+31
-3.581538614396126692e+30
-1.356019101205746378e+30
-1.606952351120626037e+31
-9.606835451357585955e+30
2.062053080739811814e+31
1.418479603912905519e+30
3.153846472589900775e+31
-1.902814311348830114e+31
-4.648003139168610358e+31
1.518313549494868298e+31
2.529280346390608777e+29
4.702953940545796215e+30
4.035126822945073940e+31
4.708155953642974092e+31
-3.455665135290824539e+30
3.060659264891671750e+30
-1.774138226827569272e+31
1.655254869342351697e+31
1.951998367539745288e+31
1.019298670569843712e+19
6.135300287407036006e+19
-1.486921677853754982e+20
-4.461053122447053947e+20
5.155163607026155520e+20
5.891589074438777733e+20
-6.271126223560281948e+20
-1.075605237403057096e+23
-3.572770170327399137e+20
2.150878410226304287e+20
-1.361908135909339955e+21
-1.074712696551326278e+23
-4.214596408805422887e+23
4.616225441154720596e+23
-4.276974599713455482e+24
5.150210403575517912e+24
-9.886456052259705848e+21
1.979937488261969714e+22
-2.341767865707742018e+23
-2.325674895179125128e+23
-5.772429425442635309e+23
-2.187688042903670142e+24
1.623018502177377246e+25
8.076459357025446678e+25
-4.942588751793904157e+22
-1.977869136511341198e+23
-4.577272519044331523e+23
-7.474273499397409368e+22
-2.975587967803348442e+23
8.051597137786657414e+23
-1.144948997006536525e+25
1.024646041932652623e+26
-3.948980136004535382e+25
-1.089235256203834284e+23
-6.378112781103629850e+23
1.006053456497251549e+24
1.075538160530863627e+24
-1.854661327792603843e+24
1.007915428785978625e+25
6.388341712437356775e+24
-1.315395226133414327e+24
-3.078025533763679407e+25
-3.674379151369735589e+25
4.864545645999160616e+26
-3.669132355228502831e+23
-1.420512575643232533e+24
-8.860805230795202704e+23
-4.568459325243570694e+24
-6.338555774521220937e+24
-2.429654445782535373e+25
-5.495970792739015102e+24
-6.009096690900943510e+24
-1.545561562191275806e+25
-4.505773777488274051e+25
2.160683099807827887e+26
-7.054456669652628307e+25
3.650985349211110002e+26
3.682710354258693613e+22
5.789406235899191083e+24
-2.912219370995427567e+24
-2.662656467417316301e+25
-3.648687981718723954e+25
-2.776150492092698395e+24
-2.284721090370615299e+25
-1.950928419288324340e+24
-2.967163401824049069e+24
3.898612747669565167e+26
-3.709175404775025144e+26
-4.024135461516468170e+25
1.040532662596208069e+26
-1.038838890115750616e+27
-1.317062969084374238e+25
1.205113622291178412e+26
2.085253394415953818e+25
2.039854126047209944e+25
-4.252049426616001826e+25
2.312701347821151651e+26
-1.188915665422487722e+27
-2.799305800492662106e+26
1.294569226281655806e+26
-2.788529958697151005e+26
1.941534910428414049e+26
-1.540373934349223316e+27
1.541758696808701546e+27
2.061531640125405106e+25
-3.306605747184359780e+24
-1.205782429328040512e+27
7.534823681452471166e+26
4.461625732049623890e+25
-6.006309835804512452e+26
-3.110161964521516484e+26
5.753036475550385070e+26
-4.013116009079049807e+26
5.004422808478086088e+26
3.718780279122950835e+25
2.386907080487473743e+27
2.115642960133861094e+22
-6.667398204910845349e+22
2.817480732643542570e+23
-1.598216398490160127e+24
4.273201321189768985e+23
-4.255302077702882722e+21
3.482340453953049748e+24
6.501084789180651799e+24
-7.012481917205810195e+24
-2.918115874194086026e+25
-5.425141267959687730e+24
-1.601816215633020030e+26
1.625785164791110239e+25
4.577471832854506661e+26
1.946371030782466379e+23
-7.663739062289295758e+24
-5.719217854350516671e+24
-2.632462406709727564e+25
1.645337683484268475e+25
-1.062633191057795316e+27
-1.213052833770949822e+27
3.348372960326824829e+24
-9.894269790980964149e+24
3.545327088710651339e+25
-2.192094591010210040e+25
-3.320004938237000716e+26
-1.257888513361646751e+26
1.936493834188473444e+27
-9.221220609571452800e+27
7.642047287864164752e+25
3.196386032993359687e+25
3.556163266716759205e+25
4.334908749970539850e+25
3.146288861209818632e+26
2.749581088203942787e+26
-3.631578282521061354e+26
1.350030680174332500e+27
7.593794903718237811e+27
1.533770403007375790e+28
1.778488887446711776e+26
6.343674341289143854e+25
-6.609086246651855136e+25
1.340065714267254627e+26
-1.384800490627440827e+27
2.038581490314040654e+26
1.470603733310141185e+27
1.247694259785176444e+27
-9.554765454826344253e+27
5.207686044394801155e+27
-3.746036623833431233e+27
2.747736268461485019e+27
8.325590635808615366e+25
1.002450299653156232e+27
-1.207986312235388459e+27
2.260570169602107151e+27
-9.471049458512329948e+26
-3.866861162095526262e+26
1.987000700961050514e+26
5.017306409352905837e+26
-8.119328547681708475e+27
1.462010688849220524e+28
-2.164827132453613635e+27
2.019053764369202116e+28
7.236228340057244578e+28
-1.562382765893570876e+27
4.114137864720061376e+27
2.936210127277390570e+27
5.013319040170542069e+27
3.111507206097252696e+27
1.001491374360365445e+28
1.972151312762466068e+27
-2.656462604168452478e+27
6.106554910783640479e+26
-8.924313863541524703e+27
1.261967672384064644e+29
5.504706306091151876e+28
-5.778021677533351441e+27
8.776262402849436959e+26
2.323653024782283104e+28
7.600381000006300098e+27
-4.578692816906469727e+28
1.030765504130258847e+28
7.510958139214892864e+27
4.258318172932683901e+28
-6.492655437226406087e+28
2.193257100182012445e+28
5.421414013017654316e+28
1.212267460721265544e+23
9.196497985211511765e+24
3.200781640061374124e+25
8.542376550677117498e+23
-6.006360865098580903e+25
1.472532692371259933e+25
-2.192217853156287029e+24
1.520015062211821643e+26
5.557194759332262485e+25
6.593308831857863318e+25
1.194293310469322873e+26
3.095514474877655941e+26
-3.144314301228213052e+26
-3.727440825848231886e+26
8.223184950192951313e+26
-3.243736478729645704e+23
3.854665699296332715e+27
-2.165965837194075188e+27
7.327063074562340089e+25
3.076013208688383448e+26
2.087499645553800156e+26
2.012684938409113642e+27
3.556032865244581874e+26
1.223578565575915736e+28
-9.696574642594947508e+27
-1.143505836808482390e+26
-3.784755578088731536e+26
8.869371256396474874e+26
-1.884158201238552814e+27
6.093569191397285340e+26
-1.156328699579604280e+27
7.865635790169622152e+26
3.988151937154532086e+28
-1.175873848516808564e+28
-1.905047880685829525e+27
-1.670070681067995262e+27
1.299131498069302473e+27
2.692726394352417709e+27
8.274917230667174944e+26
4.176446157573691384e+27
5.523188776550676606e+27
4.730664734905538105e+27
8.718111666647508386e+27
9.277331551365212486e+28
1.961490784011328313e+29
5.041791423446743137e+27
-8.708915913334326803e+26
-1.263787371355889465e+28
-1.643376327557681978e+27
3.604538921909060229e+27
-1.909291122622893409e+28
7.763006087001514464e+27
-4.171953200053436666e+27
1.656181529076688627e+28
4.137087896082888274e+28
4.377397650402601023e+28
-2.230895135297446526e+29
2.177882206870288234e+28
-3.942778620850547504e+27
4.196658585394305749e+27
1.767705963730877135e+28
8.342054453673949828e+28
6.585773463722074200e+26
-3.192839545179844381e+28
-3.681123544814882682e+29
1.340509334118884110e+29
1.035182321569851601e+29
2.469444433540626979e+29
-5.514727488407183584e+27
9.444454417589463766e+28
5.915666980218192547e+28
6.922796081019490210e+28
-9.951440306910371300e+28
4.576257852537316852e+27
7.195600544404216326e+28
-1.431720623649623640e+29
6.891169992043594898e+28
5.500956764022397951e+29
-6.702108547260583270e+26
1.664827207714809478e+26
1.609005880590080112e+25
2.989828608757400533e+26
-2.184367836255160166e+26
-5.108525339437792267e+25
2.165291011126570527e+26
-1.844244919599207510e+27
5.005366862967737570e+25
5.848342684873552572e+26
1.820898655833375299e+25
-5.856472777023568322e+26
-1.285510706153422080e+27
-4.861370707326938901e+27
1.533964126080188878e+24
-2.842369023818103278e+26
3.198254471848145278e+27
8.811890148000205089e+27
-2.972536613865975689e+27
2.718395155725377472e+27
1.626754077635879967e+28
-1.738861928957713755e+28
2.098884264950738491e+28
-1.128201838767279350e+28
6.166620255175230617e+27
2.587026700349185444e+27
-8.418261958697792147e+28
-1.250402473440275294e+28
1.499717933933643512e+29
-1.081023163511782705e+27
-1.130500198055940596e+27
5.015587245135335856e+27
-4.823686809178849470e+27
-4.030277795769486550e+26
7.570354044864034439e+27
-5.146897008585363066e+26
-2.517268032007716948e+27
-2.419858626224249916e+28
-1.438370838846560979e+29
-1.629788362224982939e+29
-9.799856297537773934e+28
-4.236707001843286190e+27
-7.014414209881999285e+27
3.469710297645395994e+27
-8.248784016604437484e+26
1.348145855712397382e+28
1.559623067347785560e+28
-1.898335307667246580e+28
6.381786494663132963e+28
4.529352787043591551e+29
-1.710816217455830472e+29
1.169811265322281454e+28
1.138867599452308049e+28
-1.468106571240390520e+28
-2.149156351727363355e+28
-1.251367588443349770e+28
-9.571760748042988138e+27
-3.823779106063369525e+28
-9.678882550580699167e+28
-3.671252779166254624e+29
-6.770387682434359228e+29
1.499986135390260038e+30
3.063063552696378476e+28
1.536350503147362607e+28
2.719233220701215562e+29
5.141298423888851826e+29
-6.762469351399334959e+28
-3.148019135734904206e+29
-2.380674432600950344e+29
-5.298685241364873167e+28
6.632332194500451920e+28
1.897907536545280952e+29
6.926790686980038029e+29
3.310203239783748408e+29
-4.789314297926297581e+29
-2.068694045298867065e+28
-7.237751722412343461e+28
7.334482363115135633e+29
7.029312424340452682e+28
6.174743215222535537e+27
6.736425096440798923e+29
5.560360387700666431e+26
4.721209191683773591e+26
-1.246599787527268532e+28
8.527507936830716693e+25
-2.058547756227940970e+27
-1.278950330249615357e+27
1.217944279851013776e+27
-1.995516964757467112e+27
1.593405606355065297e+27
1.808727744523373371e+28
4.534515227845788884e+27
-5.434293284102176993e+26
7.440971258912835817e+27
8.724963198621807659e+27
8.777944003635492549e+27
3.750522294456315817e+27
-1.352273939341988411e+28
3.324061086436113410e+28
2.321136000223619710e+27
-1.125264831113394070e+28
6.210989890644634034e+28
1.374004137685723012e+29
4.991323834479563464e+28
1.300306154824429983e+28
-2.365753315442500394e+29
-5.736016780740961851e+27
-1.041363401711717220e+29
-1.404957684469465834e+29
-2.970821834139305881e+29
-4.124870509763449568e+29
1.320321310739843151e+29
-5.274856239453175947e+27
-2.169853290034369447e+28
-6.285290654515610388e+27
8.381558431468946855e+27
-2.271670138345684205e+26
-1.627848650718740373e+28
-8.621338021052371579e+27
4.073134507507757016e+28
-4.614653764059867565e+26
2.255498990840179001e+28
-1.712748262371051795e+28
-9.963306421739905358e+27
-3.262191096726103502e+28
1.464797010328784475e+29
1.563016918214066744e+29
3.287397326214504440e+29
-1.723213300558920288e+29
-6.525228821216149103e+28
-3.328656778513490626e+28
2.819282612111428474e+29
3.279934989835861603e+29
6.177602077701321529e+29
-8.964631439330595614e+29
-2.296024657551712890e+28
-3.101818433954850435e+28
2.748612522355712182e+27
-5.161050057762547726e+28
-2.414527908466793803e+28
5.272035711265762644e+28
-9.333306973516507258e+28
-3.950751478966802140e+29
4.377576025323961592e+27
2.735262100244388213e+29
-2.299323010139538831e+29
5.997462093088282647e+29
-2.596618254587460151e+29
-1.605085369832636544e+29
2.725869654030875383e+30
-2.792930227475481422e+29
3.811538851875799540e+28
-1.938609292851726527e+29
4.571812304406383970e+29
3.052484416039789680e+29
-4.433629925520679723e+29
2.656194143709070627e+29
-4.044081074822416168e+29
-8.142952457497977688e+29
-9.545855773869479155e+29
-2.153120365222065511e+29
7.198588187310850178e+29
2.782821677625129016e+29
-6.704233482153342802e+29
3.036679918501020603e+29
1.981360690578021842e+30
-6.646113456889045704e+30
9.565757917560278241e+29
1.644706854768719789e+28
-1.109654643420712125e+28
-4.049406450956352419e+27
-3.956612544649098332e+28
2.899914279229947780e+26
2.495983434820125930e+27
-1.340074309217624266e+28
4.403226850255185851e+28
-6.790814772745132798e+27
3.562718810175742880e+27
-9.326785625384981788e+27
-3.815340750087767028e+28
-3.192090117986815857e+28
-5.101081724604284122e+29
1.357182674456563092e+28
-5.859022171706316205e+28
-1.292299628588558522e+29
-3.432279131097660501e+28
6.878007308955045281e+28
-4.873602012896782984e+28
8.863159795658248609e+28
1.167294130134111694e+29
5.431306807668315947e+29
-1.151377458764142541e+28
3.442219939289268061e+29
-2.061089092927939862e+29
6.990009121606240570e+29
7.176409017197716014e+29
8.160855461995933639e+29
-3.589262026656511753e+29
-3.234797013915951429e+29
-5.841623752281945012e+28
-2.532929584830494751e+29
-2.494146886208220186e+28
1.321042339346649445e+28
-1.941146896543572000e+28
1.632023536002881587e+28
2.296957520685405589e+29
-2.048909909290697268e+29
-4.845878274793027787e+28
-3.633891642787471871e+29
-2.514176960533402505e+29
-9.036042943701436310e+28
1.441140764659045999e+29
-9.068457602781981073e+28
-1.754125955679735308e+28
-1.839100834791573112e+30
8.088680708570210474e+29
-4.058016932029732984e+29
1.338486874306691881e+30
-1.038806164675569361e+30
2.369044913571867737e+30
-1.237605474605818676e+30
-7.319319757383341189e+29
-1.141803505535646907e+29
5.987658505887586982e+28
3.675492434913475707e+29
-5.617502963236855773e+28
2.623405274069549333e+29
5.170912280942517292e+29
-2.064411520701565078e+29
-8.633945673387834004e+29
4.879389567352900432e+29
2.343043319371331110e+29
-1.704403852384500934e+29
-9.158247303175085623e+28
6.982806593599025272e+28
-5.150370524845034700e+29
4.441818587857316233e+30
6.703128728250689394e+29
-1.026369936281809595e+30
6.278959587032785088e+30
-2.995601831030606331e+30
-7.956431244343556806e+29
-6.046602655168244311e+28
1.013290191526352369e+30
1.116384882091829626e+29
-6.087226184050768946e+29
1.467186188443095834e+30
6.649895126407356031e+29
3.538289722108388772e+30
6.723990417687028541e+30
-3.539221791650197167e+30
-9.263515922935515237e+30
4.546737247101244900e+30
-1.598579869856747453e+29
-1.886240673572960553e+29
-3.192305670121100973e+29
1.955188085494723865e+29
-1.231337401428962204e+28
-1.033335281400398191e+30
5.246889249074214384e+29
-3.264645375192522208e+28
-1.031797997093637901e+29
-4.452706267144172037e+29
6.601486693407059798e+29
-2.937064791164420260e+29
-3.937199188815425950e+29
-2.243354898786101197e+29
-2.589321117220030105e+29
-1.078666681768706888e+29
-2.117865917503638289e+30
9.814264297544943420e+29
7.235542785395380313e+29
-1.363988876003638686e+29
-5.484565206346327772e+28
4.972787591995742138e+29
-1.606876601234888703e+30
-3.748128313401459481e+30
1.778272640477409758e+30
-1.141716166025083530e+30
6.818999297297309453e+29
-1.572645537849674636e+29
-3.989241349216678584e+29
1.607906691332328977e+30
-4.935753840031178545e+29
-2.769396089345959350e+30
2.885485757217069484e+30
-1.781983379088670441e+30
-8.054390422156079526e+29
-2.149881144521664052e+29
9.465870085570158406e+29
-5.243335727672311700e+30
-6.138952330351445494e+30
-3.066253877740599315e+30
1.178478124945473291e+31
-1.093379923909788785e+30
6.961906516718766483e+29
-1.491332960421973127e+30
4.042596212141189605e+30
-9.912308226322032375e+30
1.014590877002174803e+30
2.873239814391937289e+30
-8.672825262486579510e+30
4.944407189711386995e+30
8.626670587157875146e+30
-1.622982661209127946e+31
1.194551140303971747e+31
-8.361289747432417712e+30
-1.036151066950350990e+31
-1.472565051951625725e+30
-1.606329027464929337e+30
-1.514770648845973245e+29
1.271639040536083912e+30
-1.178642227787316021e+30
-9.348188902572479722e+30
1.072652229560381503e+31
7.782584604851348167e+30
1.227040125584979308e+30
6.255166664519235505e+30
-4.306732765081666235e+30
-1.025423587031556182e+31
-3.487439482923312080e+31
-4.094564115786566918e+31
1.020466421221052557e+31
