5.033468478671776000e+15
6.155525547251615744e+18
1.664684066937962168e+20
-3.888965124377049825e+20
1.531665908706673951e+20
5.111454927422977212e+21
-8.479237269240226513e+21
2.376585704165310936e+22
3.123730961970927921e+22
-1.194260772081625088e+18
-4.728131800250082918e+19
2.255679830780799615e+21
3.349150333975577965e+22
1.092973284405340830e+23
1.857854353426738221e+23
-5.658033156110136231e+23
-4.998609379883716121e+24
-1.501908916477650341e+24
4.842400989395745505e+20
4.949247139745898693e+21
-1.459647694392914031e+22
-2.308287012289945912e+23
-3.379635181206932879e+23
2.157499687533573136e+24
6.399129688221157794e+24
6.101159131477454807e+24
-1.187991018065829736e+26
-8.180635873517379256e+20
-8.340342451434808567e+22
-5.637089770875766650e+22
5.405728802041264865e+21
6.475007035782985092e+23
5.365033002625753573e+23
-4.701920894039235118e+24
-1.812688777017315165e+25
-5.690209509382268122e+25
3.846754887832006756e+26
9.600277080521199059e+21
1.890914900347727831e+23
-2.802438678271663224e+23
-2.385982286399474372e+24
3.125837867934534194e+24
7.946258581181996361e+23
3.918931937595056714e+24
-1.436566532417307393e+24
-1.064636656551979176e+25
1.245136491752005187e+24
-1.406015004895790845e+26
4.931484897435268777e+26
5.914348488820573340e+21
-6.467104756975416891e+23
3.209412742692411007e+24
4.173429409040629420e+24
-1.146941250757237418e+23
2.737710231091091507e+24
2.567319902205559293e+23
-2.937622288967680729e+23
-2.081573120441285541e+25
1.549599077153598405e+25
-1.282700109630221462e+25
-3.867530288681147719e+26
-1.931796113699296840e+26
-4.905330662818333495e+26
2.441840319979352752e+21
6.744696811758281850e+23
2.387231991472081506e+23
2.477779494056496428e+25
-5.907810581907309714e+24
1.925049678222005904e+24
5.719284223002287536e+24
-6.062100348125238803e+24
8.367351221077498644e+25
-3.379796278119976080e+25
-1.545133756611823659e+26
4.468909164124854576e+26
-3.516177279936414155e+26
4.707372219610994562e+26
-1.365952869745941164e+27
-2.643469959457725408e+23
1.221921114523565501e+25
-1.114379831348907082e+26
-3.087610975566374900e+25
-1.835584497193297044e+25
6.346119049443433836e+25
-3.236422346368396025e+26
-7.988779040494586502e+26
1.214086755577324518e+26
-5.759406265805314820e+25
1.214702215798119704e+27
4.107838031486907463e+26
1.678583896448534236e+27
2.516117145637709997e+27
1.970361660517234875e+23
1.350863189241820879e+25
1.239618862277282439e+26
2.169961557189259327e+26
6.693282020559816128e+26
1.396877531114895246e+26
6.131131808187051048e+26
6.243409563053900538e+25
-1.027314962972560388e+27
-1.981251792851145532e+27
2.340283092669974900e+26
-1.602865886407008538e+27
-3.863339554529755051e+27
-1.331043906466752758e+21
1.239493321681006494e+21
-4.061186522887374242e+22
1.613465290029283295e+23
4.181842899405743797e+22
5.579154990440418116e+23
6.836144545674072110e+23
1.713196944534722067e+24
2.677614944613794767e+23
3.363948620648651078e+23
8.799983650872909449e+23
-1.144472956314074143e+25
-2.759458976199942390e+25
-1.175668309562622471e+26
-1.772904753876893801e+24
-5.783311835732179789e+26
-1.453824208958256809e+23
-1.585300017596876320e+24
-3.502067455815555289e+24
2.263477886054240526e+25
-2.464317889192121401e+24
1.210507536093448518e+26
1.887054545991092179e+26
1.560053797099903051e+26
-1.265045506642236366e+24
-5.908851232473195710e+24
4.322415017094457244e+24
-8.595605586617812866e+24
-2.589454380927234844e+25
1.663604082800668363e+26
-5.814182888505396570e+26
-1.663906447596929948e+27
-2.941229825284217257e+27
-3.755650144145521403e+23
8.636091602625161279e+25
-2.749862748311196371e+24
5.803040164279203924e+25
-4.297964431519455934e+25
2.352202743147112235e+26
-3.383937317267841940e+26
-4.777762005662687150e+26
-5.010138401213167215e+26
-6.430991274188685731e+26
-7.828543726676795110e+26
3.682340528403004776e+24
1.628265321998407392e+26
-1.443899318673210589e+26
-4.950622812102444346e+25
-3.914748823765229903e+26
-9.466354213567614308e+26
1.141891750672666161e+26
1.806574178956188391e+26
-4.604825204368199303e+26
8.591613364106782104e+26
1.443188845765819793e+28
-2.606692573252519151e+28
7.033265341271291929e+27
-5.677792452205184849e+24
-2.166989830314993219e+25
-2.184625940381411424e+26
-8.763955029926813099e+26
-1.420828661053169409e+27
-3.893495366074340781e+26
-1.186673316570018350e+27
3.491440481866616242e+27
-5.612499372668285755e+26
7.064786661037305917e+27
1.191754609870565051e+27
1.900987888674252079e+28
1.713814959342290685e+28
5.373275332767143374e+28
-2.483103827242206697e+26
-2.927582236874290508e+26
-5.678779142639005044e+27
1.345532107269903147e+27
1.245710516931169745e+27
4.699725998198459065e+27
-1.623825401206706969e+27
-4.216746841965504116e+25
5.280179757778298440e+27
1.813037961819978501e+27
2.749383226433883387e+27
-1.078069238161959168e+28
2.271258420972761479e+28
7.451735694268814723e+25
-1.622991494309382726e+28
-2.080084535827651760e+25
4.366042102592227386e+28
-7.134718156579435494e+27
2.710393105025310789e+28
1.403875690716029841e+28
-9.468761280256749982e+27
3.982217876579663716e+28
-2.712636330133324418e+28
-5.613615184388068587e+28
1.417575515462752690e+29
1.863226230080708626e+23
3.013534192955617597e+24
-6.455405015047124696e+23
2.695285935936127017e+24
-8.227594048563917477e+24
-4.003064149765282957e+25
1.288023660502476674e+25
1.348002235092266093e+25
-3.971969980589641879e+24
-1.041007875702475798e+25
-1.502927804055074291e+26
7.679077432938139885e+25
5.661116577640440585e+25
2.842199341762279337e+26
7.996559880006948908e+25
-1.179972778197472046e+26
1.645988197405026984e+27
1.924334998661924464e+27
7.900834137308575635e+26
-8.276934689389449730e+27
-1.538265216643810745e+27
1.193571616407494395e+24
4.202032983436735398e+25
1.137405363268695080e+26
4.250808795045305573e+26
-7.776992523787667865e+26
1.534512688080750772e+26
9.675717715677090630e+27
-2.836627840461446121e+28
-1.889452684371551018e+26
-8.397624510233519296e+25
2.946070510600832076e+26
7.618184754523643873e+26
-3.601462603908101116e+27
3.537390874229658601e+26
3.952598815281942761e+27
-5.091405921459878404e+27
1.278398777878089347e+28
-2.512782282208007475e+29
-6.622344868848216247e+26
1.879854207195531093e+27
1.139016259480865210e+27
1.967936033495945755e+27
-3.640111029918043905e+27
-2.060387266236722693e+27
3.773358264977336955e+27
3.476970020830040755e+26
-4.240207632074575206e+27
9.733550696355768885e+27
-2.665550991171610102e+28
-8.854837502229318929e+28
-3.902076940879257026e+23
3.763972856307891884e+27
-5.173725145254783337e+27
4.252680097253576485e+27
6.830957399629731470e+26
-2.343124268372329789e+27
1.830125398217551353e+28
-3.886253093393261006e+26
2.075024475806779427e+28
5.763448099287878552e+28
1.198384250934147414e+28
2.081425899534692360e+29
7.814172334335984599e+28
5.014621011737261147e+26
1.979671316601095115e+28
-1.269854429089457283e+27
9.592161948890399491e+27
-2.069830342706693879e+28
-3.196078558504542438e+29
2.928514233638464765e+27
-1.532019763717751296e+28
-2.061038544487321680e+29
-2.109655185559442743e+29
-1.335349917143629341e+29
2.289308927429188842e+29
-4.052808212042249260e+27
-3.286539827413384174e+29
2.754337716459206728e+28
-1.352793363008131050e+29
-7.238643250584720875e+29
8.780473731499341535e+28
-7.990494876984215958e+28
3.537132687609309364e+29
-5.470124945974789978e+28
3.250137741446411663e+29
4.752452455314326738e+29
-7.471866142185638590e+24
-4.683594006409431791e+25
-1.820032665639654984e+26
8.036982657240175780e+25
2.554877256970541958e+26
4.789322346057558132e+25
-1.865701410023493305e+26
1.854146404260712275e+25
-5.416695693231664516e+24
3.844888184587443628e+25
3.423820583583367699e+26
1.358004720889335675e+26
1.570209946288631970e+27
2.832717231806135736e+25
-1.407531667604286051e+27
4.651665660365726263e+26
-1.209324963468171803e+27
3.286790128358746862e+27
-2.964223693173107123e+27
-3.475530877512077802e+25
-3.528936566413275923e+26
-6.566677225358187923e+26
2.585329371435026288e+26
-2.852846834959988539e+27
2.058091415001689525e+27
3.044521539742767925e+27
1.458258692025456758e+28
-1.329878623733927240e+28
-2.625696549077605888e+28
7.135297259050289137e+27
-2.104730935396146774e+28
1.957437205027600826e+28
-4.659812920596328148e+28
8.939523678542243332e+28
1.273263123746139316e+27
-1.574707383780671633e+26
-5.656670923544369211e+26
-3.113950406545556992e+26
5.586187234574229965e+27
1.811125347428102362e+27
-2.576385205214083070e+27
-4.630832985535944228e+26
-4.084745840551642307e+26
-4.389170684020570272e+27
-3.866948299001461544e+28
-1.772411312480812626e+28
9.028382878633634535e+28
4.359086898543638073e+28
3.379105930737830222e+27
3.959807892236577927e+27
-2.210559225450138277e+27
1.179287080312993396e+28
1.000774012887630893e+26
2.246614617541513002e+28
4.653049099283840642e+27
-1.804879154297535963e+28
2.383389633768425496e+28
4.405528281782547019e+29
-3.481429374264517511e+29
5.830785657944829649e+27
3.292641493348995788e+27
4.718663748057238592e+27
3.719084512966146529e+27
1.766427270041780576e+27
1.039495614239427929e+29
7.771826677424102662e+27
1.633005979909193430e+29
-2.470930957106234409e+28
-3.476117861251474347e+28
2.746724066580833138e+29
-2.032414523287993147e+29
-3.946723864687202040e+28
2.843147106829206910e+29
1.007361556857193527e+29
-1.022194926345505906e+29
-5.747031864610557888e+29
1.125865407634671237e+28
1.227365854743515512e+29
-5.531632959059747138e+29
1.553803966904270988e+29
1.311868548230094102e+30
-1.821402730508805281e+30
1.490447055241611775e+28
-5.198976144351236335e+29
-3.690985392507871208e+28
-2.351095779922116733e+29
8.054602194832979152e+28
-2.152603463094189834e+29
4.367602942559662427e+28
-4.306468828977781671e+29
-5.369287497596064472e+29
-1.454920569232087645e+30
-4.757594321726393920e+25
-4.312810346841154834e+25
1.021457011626543860e+27
1.834061125682514962e+26
-4.259770967178381320e+26
4.430083373638241202e+26
3.483751567529585353e+27
-7.052316654631477963e+27
6.725922427212381999e+27
1.624012395865099326e+24
4.741805892985331232e+26
5.964073189384400183e+27
-2.985268500196849062e+27
5.469245972680352480e+27
2.095192939713858171e+27
9.275133741698320484e+27
-1.700709127274951205e+28
-1.538252611791814257e+26
-7.648022343325953657e+27
1.150697329538575663e+28
-1.131338484632918976e+28
2.088855422945267010e+27
-2.562966300718059679e+28
2.448668861631123557e+28
-2.116952223021987237e+27
-3.662306105052185670e+28
1.930919412070864458e+28
-6.654177345315558061e+28
-1.209741083707617507e+28
1.878838333623289574e+28
4.691697170217761580e+28
6.442532756789611585e+27
-6.958621282822353809e+27
1.772263724457006817e+29
2.142711110884362763e+29
-2.985763128413778858e+29
-6.937071785504873886e+29
7.056964883991811808e+27
-7.564253797320856124e+27
7.641914812481727972e+27
3.207979439270692469e+27
-2.677872665544778583e+28
7.227644641204302479e+27
6.358494102108135711e+27
3.018660140454303908e+28
1.416434923882712594e+28
3.190801706124011887e+28
6.215933979518050982e+28
9.022276172719892709e+28
-3.075439993642081797e+27
-8.484253192684962251e+27
-3.961031512977122989e+28
1.463737369971473571e+29
-6.500814686855787144e+27
-5.179317949099613395e+28
-5.484591201938375435e+28
8.182638887423540627e+28
-6.678475055133216047e+28
2.547719637896903315e+29
-5.508245388998429709e+29
-3.237319961230794226e+29
-8.711069751069049722e+28
-2.140558151320890434e+29
4.872236280358228274e+27
-2.900283433930534837e+28
-1.478428335873153583e+28
-1.869932618474827459e+28
3.354747588273462693e+28
-4.897052290526753495e+28
-1.208128404095553803e+29
3.841796927148179471e+28
1.416548723906402497e+28
-1.310029603191474831e+29
5.516545030322131993e+28
-5.451457862200444377e+29
2.818161425261096332e+29
5.063665862709175770e+28
-7.365192189207452875e+29
2.900401532284739012e+29
4.094207175787853020e+29
-9.248893429684139104e+29
-1.842960961813345443e+29
7.622712311328958919e+28
-3.767061161202664483e+29
-7.616898100697587652e+27
-7.665715376361786765e+28
3.100834928371121541e+29
4.361544491540262840e+29
9.762894535501964986e+28
1.548406703690142968e+30
-5.121821009128009590e+29
-4.680490541040572697e+29
-1.143270363949410564e+30
-6.917261579852685690e+29
9.290368408236123540e+28
-3.655851011108826504e+29
-4.402097368275577362e+29
6.129266424394257513e+29
2.086822849397548994e+29
-2.820774732957286519e+30
3.975913229962257381e+26
1.531255754289198644e+27
-1.047081644753910479e+26
9.255950797058832188e+27
1.066200072380078064e+28
-7.862812303183178570e+27
-3.641535856948094640e+27
-1.229687965435366454e+27
-3.891961578225678299e+28
2.999548880620974139e+28
1.043456718394061449e+29
-8.036162088434433767e+26
1.918340797246685913e+27
1.570663063264933488e+28
1.893611948061593218e+28
-1.277823684615838560e+28
1.319278920606814254e+28
-2.269174907941587047e+28
-3.822081223353310659e+27
1.592405554436138249e+28
-1.378485931440389665e+29
-8.240859285753240637e+27
-1.341621247845129614e+28
1.301842095136250435e+29
-2.002043343096069349e+29
-1.830605398965014393e+29
-1.468001518834831972e+29
-3.046790007010424010e+29
1.748608956595907644e+29
-8.315877498181058692e+29
1.867960334906328728e+28
-1.859984992053043878e+29
3.388333490497988251e+29
1.351230896355125979e+30
2.465362314680536627e+29
-1.012704228896660420e+30
-3.632197769752604395e+27
5.059077409553197839e+27
-1.756671525172562136e+28
2.161491419007682867e+28
-7.170907029729200220e+28
-1.489711426313205240e+29
1.574728167486902920e+29
-9.699222739183886305e+28
-1.599189039908031342e+28
1.798430068227789066e+28
-4.470674218050103905e+28
-1.120485043351339537e+29
3.111027498877778857e+29
8.763601171677742396e+28
-2.779965375751486012e+29
3.369975929975176890e+27
3.550910289327469415e+29
-6.595915306287979357e+29
4.316347761942325346e+29
-1.648139334937896431e+29
3.045936104247286971e+29
-8.877219914505859374e+29
-1.056913414285768072e+30
2.254371658622120291e+30
-2.004837040993849853e+30
3.481372092102519246e+29
9.073735549349143542e+29
-4.822933499396676472e+29
-5.222808020555136142e+28
2.116467198000729526e+29
-8.581513758985699568e+29
-6.300857739277766117e+29
-8.502703934053025198e+29
1.049117071608694541e+29
-1.238020928776394691e+29
-7.877762411974553967e+28
-6.820187170793934673e+29
3.391579470105707033e+27
2.825833224053007369e+29
2.119141807700959631e+29
1.212506227450176929e+30
2.984916769011118253e+29
2.794600775794728140e+29
-1.403100777850262360e+27
-8.363484141520552102e+29
-1.399996527480782671e+30
1.504743135925397735e+30
4.522070042471284321e+30
-3.050076118828237087e+30
-1.598007049933253831e+30
-4.239045147817038472e+30
-1.396030760045616060e+29
1.919064175188556060e+30
-5.473891507963161494e+29
-3.088727850499634110e+28
5.016943817224135114e+29
2.185569967551177145e+30
-8.640577374040382711e+29
8.932428933191666660e+29
-4.809520105216144211e+29
-1.058652465133543255e+30
1.181122783300227358e+31
-1.413768581355432532e+30
-5.626187233131205315e+30
6.846073833496197532e+30
-1.808949850988211892e+27
-8.873434282448867259e+26
-4.477804505756764001e+28
-7.429659447573810565e+28
-3.018336350170749377e+28
-8.998815581456052188e+27
-1.757147945487376660e+28
1.477069532812670548e+29
-5.458438051818065837e+28
-2.917982985341266054e+28
1.393083938570557110e+29
-5.766171867047935818e+29
1.633034229483047742e+29
4.265309713636137303e+29
-1.980022527452454719e+29
-2.844783391285627409e+29
-3.989131915630284137e+28
1.316887231964463081e+29
4.036846715704087891e+29
-2.780681073535962336e+29
-3.978449439986827592e+29
-1.059627236532777357e+30
1.515803760885759432e+29
-4.196254265315751702e+29
-5.500428372391915135e+29
1.002485569479511788e+30
7.758950017084031758e+29
-8.194172645834974090e+29
2.142163441733856261e+30
-2.367143330432179920e+28
1.032576368314366497e+30
-8.181917844243203367e+29
1.632171097386609189e+30
2.174584898408430866e+30
-1.107398872951583849e+30
2.961256444388736768e+30
-5.211092739198947464e+30
2.005361223372066370e+30
-7.251968859791439739e+29
-5.428752889590884241e+29
1.789625657704072092e+28
2.097021114814705495e+30
-1.214599582575526906e+30
-3.212910326438868260e+29
1.799069385084086499e+29
-2.872699552153028539e+29
-3.328531344828263857e+28
1.484329285202605913e+30
-8.985411071107050830e+29
9.974906349812102195e+29
-4.460425239056876075e+30
3.200978761068735787e+30
6.398364983793659626e+30
2.719892240554692889e+29
-4.413759101102133831e+30
3.694859871062580248e+30
2.650484547928537194e+30
-2.685868265993681903e+30
2.286865610147057270e+30
-1.090890428150131157e+30
-2.085029852292757622e+30
-3.046525632960271630e+29
9.049725709605069435e+28
2.747873184725723051e+30
-3.294895532512327908e+30
5.458715132872758755e+30
-1.182831596545705141e+30
9.994735431520240005e+30
6.556403837729092852e+30
2.290285367072495881e+29
9.549444102845298619e+29
2.608384124049070099e+30
3.945646160981081623e+30
5.344785651410542440e+30
-3.085931453795368027e+29
2.984742335201570102e+30
-1.638537289314455522e+30
4.117047100734348559e+30
-8.063627286779864973e+30
4.371149542390646525e+30
4.582893679788799842e+30
1.769495200298777989e+31
-4.879043417737596657e+27
2.848738741505241557e+30
6.184336913212649993e+30
9.624586035186720142e+30
7.194340847712092904e+30
3.803998174113792439e+30
-5.642212192382531733e+30
-1.426306949970610033e+30
2.096967725918805041e+31
-5.050442275097010580e+30
-1.847084170784182233e+31
-8.363488251481398407e+30
-1.434329636027947703e+31
6.336741429278383125e+31
2.386725694049323122e+31
9.665287386113172857e+30
-1.773840596915633727e+31
-1.866702611546841019e+29
-1.160219356504018990e+31
-2.079329541456107955e+30
2.513939835972993719e+31
-7.118940819751606580e+30
-9.454256412120678349e+29
-9.587613572661631874e+29
1.505918457584087381e+31
7.775248482005515099e+30
-1.808351489090324992e+18
-1.668627816405365228e+20
9.725023416000631276e+20
-1.921074379859134251e+21
9.187180799356837560e+20
1.303472270956190656e+22
4.133102411660939336e+22
-4.307770618500707726e+22
-1.756377883190016410e+19
1.129146009010755653e+22
-2.139546743991896218e+22
-8.098301902799292387e+22
5.526471014330473749e+22
-7.437432138608726623e+23
4.472033218721429416e+24
-2.419794909287437417e+24
1.722966110173640891e+22
2.063977235254167470e+22
2.368497661299548037e+23
-6.706187885393917698e+23
-5.257990828547230065e+23
5.894921899803815149e+24
5.467772456230051098e+23
-1.360945452872478223e+26
-4.237983588508112834e+22
2.246454933792439476e+23
-6.683401641892851063e+22
1.714859958109952931e+24
1.113728040308954832e+24
-2.574431317695087711e+24
-8.196715045733664339e+24
-1.830550302515282548e+24
3.153295778975683021e+25
1.384943598636045498e+23
-8.688860600202339748e+23
-3.169285440553816267e+22
-4.224897059003013068e+23
-1.087982231339154071e+24
3.574557274069763174e+24
-3.824630818354657321e+24
4.695162398159438275e+24
-1.222907181949046478e+25
1.258070081315123039e+26
1.865974355202733864e+26
-1.014856079999808032e+24
-1.729750094229613809e+24
-1.241056694083521987e+24
-3.397385937868783954e+24
1.187068205084277972e+24
-1.225115337811706935e+25
6.757377232374081262e+24
-5.818957453401364567e+25
3.049707957454924821e+25
-7.723760113254603008e+25
-6.692628560135543013e+25
6.315258846192411030e+26
5.619721394319775586e+26
1.914048943098237408e+24
-7.505083361090380843e+23
-5.532243724867303865e+25
5.964690791467596238e+24
-3.531693131688009050e+25
2.669475441492059031e+25
3.976545957735991049e+24
-5.087112804835964990e+25
2.056667068342891478e+25
2.025700271027761047e+26
2.131824351452925217e+26
1.687458845322943471e+26
1.987235752268832484e+26
-1.110517844772313329e+27
5.912305909863366777e+23
3.064102659193353391e+24
-8.012696670873262165e+25
4.750685816503039371e+26
8.451689625278105859e+25
1.498821575683927019e+26
1.156419806510199649e+26
-1.570956882195384765e+26
-3.649625704574735444e+25
2.360216801929815035e+26
-2.433479180463086516e+26
4.273554287725267588e+27
1.481526065246163451e+27
-7.820722900234129918e+24
-1.308837476966128228e+26
-1.490610103000202276e+25
-3.007870652554636859e+26
-3.641297568363725690e+25
7.093667686219210512e+26
-1.164987149422040487e+26
-1.862530306497491877e+27
-6.302156801435969882e+26
-3.029586843967816893e+27
5.653218834296240889e+26
1.650281698866639878e+27
-1.493125815708544716e+22
7.681896758485568193e+22
7.021447690023140852e+21
7.609816383299852247e+23
-8.774919704620200834e+22
-3.691906274877817475e+24
5.600835070753761300e+23
3.231590912799361848e+24
-3.809119410151724014e+24
5.261902265491338992e+24
-2.819490975124930538e+25
3.316233775075046510e+25
-7.276455329287609510e+25
7.253602113207216792e+25
-4.777409859158500190e+23
-4.455218866272411975e+24
1.771032343791179749e+25
2.708139931167755046e+25
4.151501180107111004e+25
-1.869273176112295159e+26
-2.921587037653026281e+27
7.790156884165575701e+24
7.295711943300088034e+24
-8.999906854711631513e+24
1.416286309351815845e+25
3.949424121926252272e+25
-1.671753437052290409e+26
-1.147002918475909493e+27
-6.316072533532035594e+27
7.898508286049066652e+25
1.702497910024032032e+25
1.378057742027946449e+23
-1.900481144826175217e+25
-1.755382722936358469e+26
1.109526041128468211e+26
-1.919483775403734362e+26
6.236382884254403222e+26
-4.253572018635680402e+27
8.383274302543122310e+26
-1.340119582868930297e+26
-2.144725047501219455e+26
2.838847180872281864e+26
5.755954693940392718e+25
1.546533541864199236e+26
1.879281599281140834e+26
-5.080311942138955291e+26
2.011137669685171458e+26
-2.087965101852567377e+27
-8.658560761832877504e+26
6.476325533563834494e+26
5.179020982377019300e+26
-3.287284533786420552e+26
-2.881592914374668073e+25
8.599773285401378345e+25
-1.756454732102965313e+26
2.781991907376015209e+26
7.700568674101199380e+26
1.157071223327082340e+28
4.228497263931988468e+26
1.331792624553306906e+27
-6.555472885265567802e+27
-2.110218506335397581e+27
-2.349737850058668636e+28
-3.372672414859381411e+28
1.877087163499360318e+27
-9.663996220722714997e+26
-5.283193870037074049e+26
1.465741391158177940e+27
-6.491433487231879709e+27
-7.314584427526155699e+27
-1.312925489086582446e+27
7.906588363704625463e+27
1.873116116536599437e+27
5.823886855707907412e+27
-1.166617641825030140e+28
2.434503780284948447e+28
-4.448634418879857594e+27
1.230565831634898904e+28
1.252002030589480341e+26
1.291326698183022982e+28
2.282487140114527876e+28
-8.528199332504574611e+26
1.845903044126124725e+28
2.870744965175353729e+28
1.442596635565607902e+28
-6.192065817767520427e+27
-5.428198718349073185e+28
2.581195502132048744e+24
1.993900429383862356e+25
-1.469925310740312359e+25
5.569418381409001090e+24
-9.678884205829885442e+23
1.230399024789751091e+26
7.413943528499369373e+24
6.248959795654948981e+25
1.023227156571975618e+26
2.228973604377311738e+24
-3.458907770478537826e+26
-5.433637495955610735e+26
-1.763466206891422474e+26
-1.553475843527878101e+26
-2.373877437809797195e+27
-1.573328685481426275e+27
-4.472348293046254609e+27
-7.813372304884451341e+27
8.310734050951442032e+25
1.257513360073500488e+26
-7.585282386817457789e+25
6.428272623327671888e+26
-3.655793836600416556e+26
8.819913987975573068e+27
4.892646392109048962e+28
2.558488225598147978e+26
-1.777036831862080225e+26
-1.969888690222937335e+25
1.004578968960588037e+27
9.014268621053853989e+26
2.001035933278431297e+27
4.012852408393045776e+27
8.477243228135921079e+26
-1.102082630635230072e+29
2.696705482643627501e+27
-4.254437690131996957e+26
-1.715575459322927691e+27
6.680825685099839494e+26
-4.210030726489567661e+25
8.782332141912851555e+27
8.095169701966640152e+26
1.703983614495036786e+28
-4.922878146277481686e+27
1.276016544260422053e+29
4.248000614464568684e+28
7.902610295936384020e+26
6.764493563174389413e+27
5.430727883818744829e+27
-5.335599119498065964e+27
6.070337803940920924e+27
3.016352329709168156e+28
-4.601345287040767811e+27
-7.560676754961599098e+28
-8.670785798813032129e+28
2.615697761799248612e+27
8.709830976027048333e+28
8.095087429091406150e+28
2.054118483949474071e+28
-2.983988277461085723e+28
1.339687081141625942e+28
-3.528708328896467193e+28
-4.083112864535583004e+28
5.436115920232142728e+28
4.540776876883412793e+28
4.193869065181699232e+29
-8.206118584760146747e+28
2.241511678787695727e+29
-2.424173606575086143e+29
1.409825303002789692e+29
-1.410592194064377579e+29
2.214848072494624663e+28
1.193364548833931339e+29
-9.253919025766450808e+28
-9.611968596546537603e+28
1.171673924477222587e+29
-1.896928717221807045e+29
-1.116770241638264702e+29
2.261173044031996821e+29
4.870024099981677880e+26
3.417498349393852005e+25
2.482604884634840206e+25
2.239818662399530471e+24
2.566447066382185652e+26
-1.655259151977227639e+26
6.622794526181795585e+24
2.000808323383420129e+27
-1.057516079408715775e+24
7.541337971023807461e+26
9.224995199121004242e+26
2.423176005768650531e+27
1.604768133742741998e+27
1.313703597445700669e+27
-2.501002072593989713e+25
-1.873230439793595671e+27
1.106580256873001256e+28
-7.882806225279431534e+26
2.568937104297835234e+27
1.573311104862179312e+27
4.335271814294167609e+27
5.848179137531961502e+27
3.151497533991516641e+28
1.503251553650087650e+27
5.973054207379327394e+26
-4.453670435382245023e+28
-1.081998864392552766e+28
-6.387614777989735825e+28
-5.319225340185208326e+28
1.247644665004085282e+27
-6.390633810272108908e+26
-2.825019673354785188e+27
5.149470272906654368e+27
-1.043040124037229778e+27
-2.812222328689534554e+27
-2.859748958583505014e+27
-3.368456999154741053e+27
-3.836245124152027155e+28
-5.823666488197217680e+28
1.666721336001086272e+29
-1.812235999831395194e+29
1.925808794820714136e+27
-1.690791644279018613e+27
-1.807586356981142502e+28
3.718316725828146419e+27
-3.796189544516865640e+27
-1.924508727251747298e+28
-3.649894028629953546e+28
1.311611400161582197e+29
2.088140072683631890e+29
-2.463281858482920456e+29
1.766660634897327355e+28
-8.657320108425130696e+27
9.615404125790050790e+27
3.713249285458747904e+28
5.342825206613818333e+28
-1.985067984828810674e+28
1.606999289865002161e+28
4.294796971774333564e+28
1.581512639715050635e+29
4.456010524444008385e+29
-4.477154570798208891e+29
6.699730447361304583e+28
6.354269722624275411e+28
4.091250146635304952e+28
1.079299117286126591e+29
4.622335289333493027e+28
2.356352177898575336e+29
-5.688647495263431244e+29
-1.084742583315084434e+29
-1.551567061269427219e+30
-2.492506187186341415e+30
8.740557017638024244e+29
5.666817412973893162e+29
-1.602189471787583592e+29
8.047913095404518154e+28
1.784649010348478836e+29
-1.509284876931267314e+30
6.419623460185446150e+28
5.848749403962085392e+29
3.483915414948147342e+28
-1.917326928682333934e+26
6.997890511009797316e+26
5.579367138582230826e+27
-2.350186831689032481e+26
-2.374221854925188712e+27
-1.340863978983234469e+26
-9.142581692582733852e+27
-3.283197378962536594e+26
-1.068247401933758950e+27
-2.505274214656197778e+28
-1.574732802487708776e+28
3.390367210812472008e+26
-3.705525364940874250e+27
-1.384830550484555229e+28
-5.482452352319725900e+27
-2.266117753596479280e+28
6.292532892717824245e+27
-4.010306202872885450e+28
3.550813315614474505e+27
3.337698589283376276e+28
4.296712748321048642e+27
7.477649712456500155e+28
-3.867875555158725617e+28
1.447268504286159997e+28
-4.227182414126235998e+29
-1.875459574842091175e+27
-1.020596987307059955e+29
5.671389242468264041e+28
-3.083118571323147440e+29
1.525407071659680929e+29
4.438595727348867782e+28
9.411707511644966140e+27
1.062073334063079417e+28
2.580636878590725164e+27
8.165540922272960382e+26
-2.039934349529796574e+26
-7.884035614542110724e+27
-3.445581781644434391e+28
-1.227110789572406557e+28
7.162702716277108701e+28
-4.376889593170865587e+28
1.077855181215668341e+28
7.947507443106613632e+27
-2.050202410987897183e+27
4.495270765933485398e+27
-3.127406436631837895e+28
-5.616421051207132622e+28
-4.734628907957986246e+28
-4.723050517156825619e+28
4.986317050633917161e+29
2.614440304385342408e+29
-7.367824136265768032e+29
1.269440954926376025e+28
-4.114312266466779062e+29
-1.797207542209640583e+28
3.882468903240247633e+28
9.157613160398848983e+27
2.430804074711569859e+28
4.760380665390669671e+28
5.961105594565211169e+28
1.463046094743004951e+28
1.649953423890397804e+29
1.767682140946405182e+29
9.593905009101389263e+28
3.370384810404115777e+29
1.117704021047034864e+29
1.109006497925936439e+29
8.391445100620494022e+28
-1.136100580371588400e+30
-2.557297111913856582e+29
1.684722757708716026e+29
9.665720732732453277e+27
-1.408426079994834477e+30
2.836967862211223405e+28
-7.381989499155719901e+29
-1.248013685522991894e+30
-7.382849106276020150e+29
-4.054239481454337601e+28
2.826943801771801229e+30
-1.565634125298836544e+30
6.192660130430622000e+29
4.812135363018311300e+28
-8.938305625825216526e+28
-1.097428311757505390e+30
-2.708805241023609133e+30
-1.886708934431800134e+29
-5.332987415546234913e+30
6.243845655190222356e+27
-4.855332748340244166e+28
-9.268415372302188969e+27
7.506598070730212182e+28
6.107232785532758782e+26
1.206859934630149623e+28
2.737529090440659603e+28
-5.276504075730015059e+28
1.015004528913587082e+28
1.072047215632664180e+27
7.982396581695099151e+27
-1.009847753023124822e+28
-8.014272133663883723e+28
-1.609831455162262072e+29
-9.986308046139455758e+27
1.410373172835618697e+28
-9.753978759040651063e+28
5.017534650575846933e+28
-4.183953506583720699e+28
1.509383209123212402e+29
1.454039227422980777e+29
3.800949748446645352e+29
-2.691607422973619521e+29
-1.181307608114472337e+28
-3.773350720150063763e+29
3.531644917850202974e+28
1.106398782087892757e+29
-4.706312370596547008e+29
-3.706750969950145784e+29
-1.308716400430483144e+29
-1.036333109816318980e+29
8.757070244327882375e+28
-4.960952081588915128e+29
-2.310996522008794783e+28
2.006698143280268700e+28
1.136029654905378168e+27
-1.781063711478367331e+28
3.807686444750960441e+29
-5.602919842032048342e+28
-2.941786364598387087e+29
-1.746931095972253308e+29
1.874065200031230624e+29
9.972969261933468661e+29
9.316514062027065733e+28
1.191594006928185658e+28
-7.555855032161020457e+28
-1.355543318028147135e+30
-7.604198073987259374e+29
-4.136153529426132171e+29
2.819311837457192984e+30
7.921071084193136387e+29
1.340187776907801185e+29
-5.899570768908147604e+29
-6.857510069949023293e+29
-4.758387453274288368e+28
9.467798405040343453e+28
3.196341489110085321e+29
-7.206570812989705940e+28
-5.432370267401703643e+29
-2.103246135281624330e+28
-2.932793704568659350e+29
-1.014553056428594591e+30
7.822003214180043517e+29
-1.158427539321239998e+30
-7.303128321660493869e+28
1.248224561739536720e+29
-2.161923586102489290e+29
1.316390545945513751e+30
-4.859788251962265502e+30
-2.119329159564158111e+30
2.264486342992408345e+30
-3.717348561884864346e+30
-1.100017918604335988e+30
-3.228616521353628339e+29
-8.494028682284547206e+29
-3.730371019164628845e+29
1.299511655822243751e+30
-1.892220024735392457e+30
4.181931764176593669e+29
1.277995127185258838e+30
9.374875481231383506e+29
-7.993494977842048278e+30
8.730918444067107755e+30
2.796897595320940714e+30
-1.001903962776536406e+31
-1.443253722713491437e+29
2.555018841039759141e+29
1.741668359042685950e+29
-1.684683007513697797e+29
-2.368117715620797649e+29
1.040482474141910519e+30
-4.289559178866776776e+29
1.137255153575417454e+28
9.106739021264174529e+28
-7.746617628189718245e+29
6.358323826180941640e+29
7.215284137144737412e+28
-2.324335962384438851e+29
3.186455786770208289e+28
2.446626971317060732e+28
8.040949888361790215e+27
-4.412644484691394891e+28
-2.892783529349704000e+29
-1.127454448452283259e+30
-1.384395106747279454e+29
-3.252586987207473209e+27
-5.477145025975560847e+29
3.494034129003332233e+29
1.988099458321462723e+30
1.941487995511285628e+30
3.524643174997872672e+30
6.815383397362376540e+29
1.577823500564323994e+29
-3.404172026263577531e+29
-8.169566217984603275e+29
2.615687824976329394e+30
-1.043446519797243450e+30
6.728705738754934307e+29
-1.199277720976757410e+30
-9.610435203202373768e+29
-3.124642868229168686e+29
9.236037622399175873e+30
-5.066889255449319224e+30
-2.250401963193840339e+30
1.040463785984879408e+30
-1.390317406720249530e+30
5.282819071922629174e+30
-4.576463209858267376e+30
-2.501774983008291219e+30
1.149412132459574897e+29
-2.730106746783921947e+28
-4.659247692392812887e+29
-1.007098346072016456e+31
-4.515575983105015993e+30
1.419294130566268315e+31
-1.270617735926656942e+31
-1.182064569271712251e+31
1.483905610387238693e+31
-1.037738424355756098e+31
-7.756031308837834730e+30
-2.168873342739799273e+30
-2.287737665625560122e+30
-4.811616081282786914e+29
-1.866113950542507045e+29
5.954816338330182905e+29
1.776561384744532447e+31
-1.068460261093027989e+31
-4.035207147632249730e+30
5.668854807725313252e+30
1.189164522566623421e+30
4.706929858272872693e+30
1.721495780741993199e+31
-1.486907400751567023e+31
1.068103587674088406e+31
9.376597060323756644e+30
