-4.998022247877422400e+16
-2.581212123350941696e+19
-4.514019650363472282e+19
3.087221605725672833e+21
-1.677102323657182544e+21
-2.884624396481029734e+21
7.475639303609657590e+21
-8.802423075422971573e+22
-2.326044232671681566e+23
-5.038490069159675904e+18
1.036243965777401086e+21
-2.872005084332536365e+21
2.993495392082427956e+22
-8.942000247503878042e+22
4.833828667276446589e+23
-4.510424631744802733e+23
-1.364567449611145742e+24
-1.602277266413092835e+25
7.126025124194813215e+20
2.151384258083098617e+22
2.484858775961553443e+22
-1.602246656260554527e+23
1.140784371012014124e+24
2.803590411011407349e+24
2.999338916670594238e+24
-5.532464804981003042e+24
3.732673093328763129e+25
8.485827512998400360e+21
-7.803584369090675868e+22
2.411841923190914516e+23
-1.513927703264280749e+23
-1.195669754644497057e+24
1.795263943068191954e+23
-2.743057249325196960e+24
4.242028648282387391e+25
-7.787828341318378666e+25
-2.613180781152997513e+26
-2.164498280446689280e+18
-3.202738675998052791e+22
7.015096319011391139e+23
6.504073972899577709e+23
3.352453670081636147e+23
-1.487291327498016967e+24
-3.953541960510279506e+24
-6.181900049901075772e+24
1.682811329331382427e+25
-2.843485155636590827e+25
2.496994024587692453e+25
5.950267592856020834e+26
-4.657698070398018519e+20
5.987117132006295769e+23
-4.457921967858210967e+24
-1.692992385079792729e+25
1.600428115165672318e+24
2.427222121257220736e+24
-3.138353155006950641e+25
3.760751533200666549e+24
-1.174470124015524262e+25
-9.014339060777651434e+25
8.209693697001360035e+25
-1.957697338833268470e+26
-8.423492499735296462e+26
-3.691503669519510563e+26
1.476154548542707713e+23
-1.600238841217441996e+24
-4.726825852195885076e+24
2.938475487679832260e+25
-1.827874832331377926e+25
-2.783086466942776448e+25
2.565567098253288308e+25
-4.093677616579187715e+25
1.084730101024118253e+26
2.082587585510396191e+25
1.239535882878040122e+26
1.374295974352369079e+26
-3.311284647272664090e+26
-3.703687705327071551e+25
-1.878721798407141430e+26
4.156648505579474602e+23
-4.965146512064461131e+24
-6.029660681553735209e+25
-2.773463962514226910e+26
-1.974242812979651413e+26
-2.105853527566356699e+26
1.698124261523676328e+26
-1.251649420774961798e+27
-9.288621683921003416e+25
-4.038601512861911512e+24
2.032398021410410536e+27
5.417494031504989607e+25
2.059287633832121896e+27
7.772366058339318239e+27
-6.019226036874931444e+23
1.639391294964772838e+25
-2.619121340122994469e+26
4.151011018610363094e+26
1.389409814375039630e+27
-7.347546237988518839e+26
6.439073628619358131e+26
1.223549156870805733e+26
-1.840403625824881324e+27
-1.455326855611300618e+27
-1.277187827956259541e+27
5.497158974830129989e+26
4.818273099437569085e+27
-1.237686681683955548e+21
8.947658831671186162e+21
-1.162842954450427131e+22
1.787034555960339580e+23
1.580959283770149736e+23
-3.694813791465920424e+23
-7.003555348004916555e+23
4.064105377651547271e+23
-1.932613039941477565e+24
8.713365718229367327e+23
-1.583916377084708138e+24
8.846159874684290270e+24
-1.368363449695080080e+25
1.661149508068245070e+26
-1.032978470193421366e+26
-2.783302738336040035e+26
3.618152922748647637e+22
-6.341414683239144007e+23
-1.117267356018678386e+24
-9.809310412045023820e+24
3.015038602428704919e+25
1.846124023617370544e+26
-5.093036074205090230e+26
1.928634510572778396e+27
6.959418155217209031e+23
-7.336460421882235220e+24
1.193844255175084707e+25
1.368059592938052109e+25
4.551298233680278557e+25
1.701905370429488729e+26
-3.866703591871096268e+26
-3.545489920216870206e+27
-8.122132175563003571e+26
-3.502770404732369421e+24
-8.620744049106182676e+25
-2.228086658662705765e+25
-1.341398823212327766e+25
1.442356499036262041e+26
-2.504099337481094597e+26
6.775157487407770840e+25
-5.798901811597091472e+26
3.548746995700682057e+26
8.439312517187914377e+26
-1.201400831988948743e+28
-8.334886735460841824e+24
-6.774616417935910080e+25
4.142908103030803794e+26
1.304637347933031742e+26
1.175941087279531662e+26
-1.007556948986411723e+27
-1.154865593236786548e+26
1.244663863401124316e+27
-8.840482705921636843e+26
-7.624330579167701605e+27
-8.128949053750217212e+27
-3.762991006839247095e+27
-3.585031568569602768e+27
-4.909982980058978108e+25
1.388905507489647191e+25
-1.631271970823298761e+27
9.609069373720264194e+26
2.454031765386794213e+26
-2.723950878700333486e+26
-1.306749721419654253e+27
3.384332201870576456e+27
-5.509427400942040906e+26
5.430190776375052472e+27
-8.603926233243570550e+26
-1.124599058280090223e+28
-4.625700525024589719e+28
3.742228576813954917e+28
-1.020621184633470796e+26
-2.900519093093209114e+27
-2.122536454191785213e+27
-1.049857828919637915e+28
-5.232657326277396742e+27
-1.055460843507094287e+28
4.210560622070433369e+28
2.097839931564463868e+27
-1.019629923202753482e+28
-2.166408299136578313e+27
-1.416169414542839068e+28
2.518002226752414004e+27
8.772522236160331676e+28
1.151243415026291017e+27
-8.226107303765537142e+27
6.727410445942289771e+27
1.690921666232179945e+28
6.957022568974625400e+27
-4.293559105495929356e+28
1.244332790401822527e+28
4.432833991356613560e+28
4.221271044274930866e+28
-3.844315422230794344e+26
3.622625458916815050e+28
1.518059819664199295e+29
-2.606326696729876848e+23
9.085612054309478146e+23
-3.889077167407142177e+24
-8.297251620475243510e+23
-3.175704352565814430e+25
-2.246711842729961284e+25
-5.126280114280680718e+24
-4.099984688034358663e+25
-3.482741023092831985e+25
5.222340093202707950e+24
-2.395244080296156903e+25
1.317033719235451026e+26
-4.502322652619394080e+25
1.090189909302873542e+26
-3.479830704384546448e+26
9.855083408333942835e+25
-2.026082120797765419e+26
-2.065875058369796463e+27
-1.420113943602993111e+24
-1.129736827648575689e+27
4.305300084408267478e+27
-4.903452497565184472e+24
3.666373202546153749e+25
-3.738953557080162791e+26
2.658027431106296563e+26
-4.439182573051679535e+26
-3.938675231135300143e+27
1.339051881531469185e+28
5.692083960755265109e+27
1.503376781865711643e+25
1.564533810025389735e+26
-1.517002801731533340e+26
5.119826163223113749e+26
1.374494467295481157e+27
3.640884422155885787e+26
-6.849390109265766873e+27
-1.769018109424798012e+27
-2.486344900966745728e+28
3.190413303611699731e+28
2.353922085983629222e+26
-1.189174978560954617e+27
-2.712054885511807475e+26
1.701170904220395819e+26
-2.987883114875606371e+27
-3.052500951900327584e+27
8.473390061459884801e+27
6.759459171303944885e+27
6.225238879431558208e+27
4.158470795095555478e+28
-1.551873036109918170e+29
-2.911329042845142176e+29
-1.915928661843027753e+27
1.680893204903919420e+27
5.933652979135534357e+26
-5.004703597069176621e+27
-1.976248285438880358e+27
3.150757845960313946e+27
-9.984500158329534771e+25
-2.394610115197720622e+27
-1.062338610702629448e+29
6.967166579634827155e+28
1.378263900163439119e+28
-1.417646835176212170e+29
1.248754839056433340e+29
1.488891020023543917e+27
-7.049167036184415047e+27
-2.130295904256008349e+28
1.378953492809134142e+28
8.465231884522807391e+27
5.321013205880010332e+28
1.980893289587006445e+28
-7.983208249534612643e+27
1.290785699311321577e+29
-8.344886181103177014e+28
2.146423298219626793e+29
3.692077905891753150e+29
2.687902567996244108e+27
1.239582547433784648e+29
1.927491263444377533e+29
1.507601082238576244e+29
-2.787253109622876368e+29
1.201799379857461229e+28
1.643239735181458750e+28
8.845189668356161138e+28
-8.020063585790129397e+28
4.498003273107340090e+29
-3.017542923012361196e+28
1.168757845129286919e+25
-7.939925003033506138e+25
-1.871889618540124161e+25
4.375337913134666825e+25
-1.173533800344871484e+26
7.200758586217237975e+25
2.961613542559102291e+26
-1.688017393759681981e+25
-2.161751177371742429e+26
-2.172138499137357472e+26
1.486456867488105368e+27
4.899321492281455727e+25
1.648439229593938581e+27
-1.913489873419976796e+26
2.140488585761828621e+26
6.633453906925680549e+25
-3.841199594300210075e+26
-2.745857767476621883e+26
-1.064647309501476310e+27
2.977868182610838370e+26
-8.912356548373500867e+26
1.085630806051812603e+27
-3.432926042598422762e+26
-3.329592300305366035e+27
-1.012868205192713858e+27
-4.713540609768599809e+27
5.401040866960819159e+28
2.089122315404014179e+28
1.144359415861647217e+28
1.185477162316889602e+27
-2.085672587699325982e+28
1.331153278155451334e+29
2.030519003908796742e+28
-1.276415692955117885e+29
-7.619911531574228718e+25
1.681391103603928900e+26
-1.764995298190425130e+26
3.068180927521254818e+26
-3.488018731352958238e+26
-2.938708080675245783e+27
3.276184928600100394e+27
5.838943686036419849e+27
-4.766840934500286370e+27
-4.813457861448468183e+27
2.023483693815253481e+28
3.696927856347284498e+28
2.855695569392172825e+29
2.179096511221593113e+28
6.507291074244192849e+26
-3.023689270416699965e+27
5.649717439511590793e+27
6.096265207037756535e+27
-2.339551822491669286e+27
-1.410646630593773944e+27
9.850448236767662489e+27
-1.085460114612916020e+29
1.140043849431355221e+29
-4.405711964593381413e+28
-4.379925309033051979e+29
1.189669169868202569e+27
-6.300432315247008737e+27
-2.558231139580877792e+28
5.781687972025105953e+25
1.643570966776870082e+28
-7.786271347409847314e+28
5.839175949962232954e+27
1.380208590415219457e+29
3.216087592220257833e+29
-1.068762129660008355e+29
2.514841736489746572e+29
-6.268666059944204148e+29
5.039232047467206577e+28
2.061141686905731744e+29
2.807260568585047133e+28
-1.498354517856384567e+29
-1.516932215632943655e+29
4.976271299065016316e+28
-2.056787652857406702e+29
-2.200236083471198455e+29
1.014625856659750659e+29
-2.954731202587819385e+28
-1.410204882074807059e+29
-2.511323330607100880e+29
-4.799873233951205571e+29
-1.175234993207442566e+29
-2.663972520352865183e+29
3.273747164388263250e+29
1.531717427165538360e+29
-5.257881494612213294e+29
-5.813512086213204168e+29
2.318365183053845725e+30
4.113361785287820785e+29
1.609377830629161708e+25
8.950096734030307728e+26
1.669245473545712871e+27
-4.596145550986304557e+26
-9.947287130868881100e+26
5.813172609578024071e+26
-6.183375768266470926e+27
-1.237653372766137490e+27
-3.998534177887282736e+27
2.865180606937825017e+26
-2.466721599880167109e+27
5.061712065106093249e+27
5.601051872208364682e+27
-6.476659452273632347e+27
-1.919716285845349388e+27
-5.803875709717123547e+26
6.030853265406775814e+27
-4.480754927110278172e+26
5.476650214740620462e+27
-9.015040926841916038e+27
-3.959944061846286023e+27
2.885630311335853784e+28
1.462122588061865535e+28
-1.610546039353278967e+28
-7.483959839332506577e+26
1.646915747889865180e+28
-2.031136885914361084e+28
-1.134690888824344597e+29
-5.119638008672087046e+28
8.887802855528099443e+28
-1.098761995763655655e+29
6.321878455010177817e+27
-2.945360865746976371e+28
1.851475097475361470e+29
-3.605138406361882832e+29
3.063433029337765286e+29
3.556305516443160194e+29
-6.015264347464613021e+27
5.815047131692693465e+27
5.428607522337434656e+27
-2.088083788853015732e+28
2.969710130949857157e+27
4.251185372473588256e+27
-7.879354686762937243e+27
-1.437194108091166647e+28
1.994659087180905814e+28
6.385791299901917277e+27
1.315000528113150996e+28
7.611040190589192797e+28
-6.425061452834502631e+27
-1.319934656299194020e+27
7.016824158117232909e+27
1.028359445394003000e+29
-9.760807339582829282e+28
8.087937678535654252e+28
-1.793966158175508951e+29
6.716559071908496399e+28
6.130951193114036073e+28
-1.119986833375948457e+30
2.822337065691217463e+29
-1.695174673113375673e+29
1.188244985154701168e+29
-6.606846529630856369e+28
1.860546245771844325e+28
2.619352962997530790e+28
1.074020740508616819e+28
-1.285212225534333464e+28
-2.652296708610778128e+28
3.451956200596585088e+28
-2.488969086844972294e+28
7.288501752458544762e+27
3.105443616213496705e+28
6.361144827189782096e+28
5.611451467604945073e+27
-5.325874089809660941e+29
2.851895036744617553e+29
-1.301888008851677384e+29
2.161061647828842610e+29
-8.148326304053633962e+29
-9.904757928569583725e+29
-2.933309367372716864e+29
5.251430736877587695e+28
1.515235869314116883e+29
-1.547927860544128631e+29
-2.265414825617242811e+29
1.279834545286390162e+29
2.757913895831422631e+29
4.065736257134855675e+29
-5.207268492829082618e+29
-3.703137403858886223e+29
-5.594112572415468429e+29
8.791937424488832089e+29
-2.584834122544863685e+29
7.906692375063627462e+29
2.751346674870540519e+28
-1.159100643586881492e+30
7.770508008195521721e+29
-1.057547362150596126e+29
-3.777490080438452288e+30
-3.244775763135195154e+30
1.435907299294001379e+26
-7.035064056652321645e+26
-7.983764947783733846e+26
-3.729453179705006687e+27
2.178479307548317236e+27
-1.770523116845794011e+28
-1.396488939424675840e+28
-2.781811008046710235e+28
-8.759305369752941018e+27
5.159998175066235711e+27
3.483754289184293704e+28
-1.457956463139068394e+27
3.342949652203694715e+27
-3.689080511666103705e+27
-1.863132602798114599e+28
2.333698516613671307e+27
-1.992265877594967808e+28
-3.697340556629321888e+28
-2.470160453482004876e+28
-8.559541209293005981e+28
3.001824003557774508e+28
6.606580486245253436e+27
-4.866692610877648044e+28
-2.224945487686184996e+28
-5.436380602422277907e+28
1.176251551005452863e+29
1.798896922664304793e+29
-1.409855687945511897e+29
1.069168165085675781e+29
4.165710321571183801e+28
2.690636794240420807e+28
2.233869673779462745e+29
1.595430303552828360e+29
3.667363733807723253e+29
3.555769511829258142e+29
4.673417167590908860e+29
-8.817235363181874995e+27
-5.737378673891687041e+28
9.718916273186087722e+28
2.214429013973990030e+28
-8.002649890020625334e+28
-9.841293984120558369e+27
-1.210745609607799715e+29
4.398522920734555692e+29
9.286735398093092103e+28
-8.615581376648761660e+26
-8.099462676306185742e+28
-1.401888793706412419e+29
-1.979169600714136594e+29
-1.203803126320068940e+29
-8.769230652094002694e+28
5.065405623876423483e+29
1.267528463508590380e+29
-1.776647869362044599e+29
-4.858819597045481467e+29
-1.621741798002158530e+29
1.013751522080870730e+28
-5.395088040572535131e+28
5.816556544692742920e+29
4.458789667502829573e+29
2.822187192321998466e+30
-1.615567539012641954e+28
1.939953126886185836e+29
5.763395461464616254e+29
5.554542171234093982e+28
1.431127030435415089e+29
3.539418696575607364e+28
3.716045978486153632e+29
1.234339739381944613e+30
6.773267658827137426e+28
-1.491890262239896886e+29
-6.920711851035343618e+28
-3.543575581536862159e+29
2.819822266377554787e+28
-5.751754285556224142e+29
2.623938703389290306e+30
-1.024662395761988788e+30
6.155843360476547998e+29
1.136468267098777470e+30
-1.403310153459601683e+30
-4.120914869456763979e+30
3.984299010297002307e+30
-2.621811958250680366e+30
-3.419967527079462781e+30
-6.502357679432767572e+30
-2.436259055147379192e+30
-8.012228332433653488e+30
-1.128613074433718603e+29
-8.856507599841035497e+29
2.257508969015659576e+28
-3.944211977575610203e+29
-4.487528347400964376e+29
-3.156138132629723980e+29
-6.653095250427864924e+29
-6.329472284899435274e+29
-3.346961099808894459e+30
-9.180641767762529422e+29
-5.866016789095504507e+30
-4.682729073220683850e+30
-6.130522814653557001e+30
3.788870873594786026e+30
9.101160199424569032e+26
-1.261073360870724841e+28
-1.990185952661134062e+28
3.584254771911002343e+28
9.027183858145894450e+28
5.142452949881445986e+28
1.223677667880458136e+28
6.969698819622116933e+28
7.643167124672082177e+28
-1.661612413181594343e+29
-2.405958394482515647e+29
-4.190448394884228035e+29
-6.982193228233893109e+29
-1.059548875436283861e+29
3.842777357826422947e+29
-1.662662966166510126e+28
4.846437940524203519e+26
-3.267497532173523340e+28
4.928110861661251829e+29
3.612670638903755910e+28
6.353835496690253202e+28
2.055707070809020971e+29
9.185907828709954725e+29
5.972129867265172978e+29
5.261022779615993269e+29
2.364386846788071541e+30
7.658566924102113095e+29
-1.769153908024020238e+29
-8.312887340489183648e+29
-1.395742814094767734e+28
-3.509710151877409824e+29
-3.878528389603994544e+29
2.272152918757305490e+29
-6.812316416184750697e+29
-6.469491872795220438e+28
2.643377919309965152e+30
-2.046642822356300371e+30
1.865496941311126386e+30
1.345328998586264031e+30
4.880405349008626465e+29
3.070345120481084228e+29
1.606780307018088630e+30
1.281690775484984170e+30
1.784515953632996180e+30
-2.426841226152673186e+30
1.016972605781827934e+30
-9.052385539725472063e+29
-4.059081605853653992e+29
-2.831633187851768955e+30
-5.899814581986345184e+30
-1.061695340823505815e+30
8.065389117400950462e+30
4.432543126672262359e+30
6.706752982741830175e+30
3.851451632380106875e+30
-5.761505773218947613e+30
-1.551938423094393775e+30
2.606143480565065599e+30
1.591725514731896232e+30
2.378309359264808490e+30
-4.617229145400269652e+29
1.460256519900871758e+30
1.135913398735948816e+30
-6.796799232554931464e+30
2.498995927254824344e+30
3.756667411604055599e+29
3.949745668951951191e+30
-1.209904415380109106e+31
4.769271706343110368e+30
-6.863533149422906882e+28
6.421749493317472335e+29
9.618810616915899171e+29
-4.903768714442241801e+30
1.511940350771540657e+29
-1.770807212150149292e+30
-4.729484345766199791e+30
2.852786585471390663e+30
1.785655200990396658e+30
-7.505543067449826110e+30
7.002761547606344108e+30
1.236211006721782869e+31
8.665804607856430630e+30
5.306810020013657190e+29
1.291727156457126464e+30
-5.588220867176897221e+29
-1.770508276293783357e+31
4.927144151666869150e+30
3.132401172391092404e+30
-3.476753808203751157e+28
6.060729024152128925e+29
3.568217333709524651e+30
-4.421564845845810722e+30
-3.508749587031517234e+29
1.458934618743703410e+31
-2.625317294388185668e+31
-1.645050764228504691e+31
1.872057529182596461e+31
-1.442045709176847960e+31
-2.960606763665529349e+31
2.891421209141139979e+30
6.709780093070290704e+30
-1.201661967372519705e+31
-3.819243863692591029e+31
-3.559365253377883048e+31
2.479905521550811257e+31
1.960592676306452338e+31
1.627398747798144230e+31
-2.505761752641154604e+31
1.802464045728189645e+19
-1.512235598829842268e+20
1.116821881012977336e+20
1.311069089375933432e+21
-6.215113389384383070e+21
2.682781870685945332e+21
-1.375454922465043966e+23
6.670770226383292297e+23
1.962184831268650353e+20
1.479675845115518543e+22
-7.121361974743549975e+22
-2.604296562802114890e+23
5.894115845428549675e+22
7.900402871201693612e+23
-2.679402563152288938e+24
-1.641024458471293645e+25
-3.990482054814274421e+21
1.411444782500609314e+22
-3.214427221557959773e+22
1.901600020342665778e+23
-1.951006059575856675e+24
-4.421411456278810482e+24
-1.877382512006836847e+25
1.154811026826989618e+25
-1.379999650543392365e+23
-2.820277100109840714e+23
-4.434563694493515058e+23
8.231455390608066378e+23
-2.267838936048790124e+24
-3.848335950749504115e+24
-2.746358168488616438e+25
-5.178848717796112047e+25
-1.551123662192534282e+26
-3.014738918713723558e+22
3.468750422438727123e+22
-1.001929852312580100e+24
-2.133620226599995245e+24
-2.961508502491176213e+22
-3.254274942450454002e+24
1.681113854582030850e+23
4.374673673174843007e+25
-2.763002616203713378e+25
-4.267633784360762003e+26
-4.327800377301108657e+26
7.772772849936121117e+23
-1.168648628699516792e+24
-1.028527110055343361e+25
-4.022186106358721598e+24
-8.162931850742808067e+24
-1.113347639728921300e+25
-9.804488395069758114e+24
-1.817793186046665017e+25
7.368216212693368713e+25
2.100311359448003976e+25
2.305189992811867271e+26
7.875379702145917609e+26
-1.842187900487439126e+27
1.404014641213681837e+24
2.251925223781379539e+24
1.419771447103151799e+25
-2.243581306195336685e+25
-1.854649098826315495e+25
-3.896091738931057243e+24
-3.467244954556705529e+25
-9.816282351983447047e+25
-9.667925767522565602e+24
-3.374028965218520539e+26
-6.815286520057245610e+26
-4.789541514321779833e+26
1.022637739976963601e+26
-9.814692579657871430e+26
-1.956938868623292460e+25
-2.252962386372254362e+25
-7.615310051717421244e+25
-3.781103198199251870e+26
-1.939581790700578765e+26
4.457181562027040341e+26
1.898642868796786564e+26
2.235045923453208311e+26
-5.135335687363563222e+26
-1.047140573948598087e+27
-2.721031669679398823e+26
-4.572188808688902038e+27
-3.245316835576150297e+27
1.399177413531138527e+25
-1.165385886840398249e+26
9.651973737327688066e+26
-4.206693384659793246e+26
1.601656888375252242e+26
5.633290091567448441e+25
6.663018024972012969e+26
3.163286520015653683e+25
-9.183569137164585403e+26
2.761789064708365183e+27
1.908039377133011725e+27
1.654156702068150450e+27
8.510350340631956554e+21
-7.072708868177810948e+22
3.765920992481567845e+23
-8.667891396374681690e+23
-6.135048515735834560e+23
7.685932919719976008e+23
2.110026292869692536e+24
-3.818490612756873394e+24
3.287878692155679111e+23
-2.208147784803251724e+25
3.030622285455949760e+25
1.085125532484753438e+26
-3.816273500239148945e+26
-2.102250861129129337e+26
-6.334348554762752969e+23
6.522920446869132376e+24
-2.014967133368416580e+25
5.199562697316884825e+25
3.223709899864873045e+25
-6.998361126227436169e+26
-9.885152281357440164e+26
-9.766315657619267087e+24
4.467626791853916443e+24
-8.004613070598760800e+24
2.243753939415401098e+24
-1.982486181113427138e+26
-1.204690334397506509e+27
1.870801167483910058e+27
2.258010130579601594e+27
-2.566127184229295670e+25
-2.583981918504580610e+25
-9.150264790633608124e+25
1.578680215008887184e+25
-4.427845170429316564e+26
-4.299051673502462292e+26
3.462865217869371280e+26
-6.634877414418412473e+26
-1.306401879496749368e+27
1.557068375164839014e+28
1.396679805040902173e+25
1.761693515698792425e+26
4.666840291363859312e+26
-3.620965527061801975e+26
-1.979657643110215143e+26
-7.592404583126121559e+25
-3.274891261982278792e+26
1.984121458125222213e+27
-2.316029061845493081e+27
8.402545827990264519e+27
1.977130204897569859e+28
-2.120214426478699406e+28
-2.120152580554682997e+26
1.026241009005834873e+27
5.422231027637180430e+26
-7.168281702648089595e+26
-4.175833140548984242e+26
5.776240751939619232e+26
2.055874321123086657e+27
-6.405883812605916175e+26
1.516043005901678091e+28
-8.589911445197743800e+26
-8.201449666082600916e+27
-2.785904188469909056e+28
-1.647492858501635457e+28
1.955006778607360523e+27
-3.730298611179959879e+27
4.372140063968085158e+27
1.064744202341882957e+28
-9.885524105885499021e+25
9.797325596756412977e+24
-1.245509932109759706e+28
-6.578960163729048393e+27
1.383052915566483160e+27
-4.547811002352055436e+27
-3.472885781525824319e+28
4.828519346220365334e+28
-8.039426441017403780e+26
1.418409463306684480e+28
-7.138904054409120377e+28
2.783569245504322876e+27
1.057733261105620113e+28
1.168007661820740060e+28
4.262063841140289728e+28
3.742077399039384518e+27
8.745753086367952877e+27
3.861651702789504822e+28
5.921808634819153813e+28
-1.696162106335118926e+24
-4.117750645794726484e+24
-3.461961565249128209e+22
-3.034955402818299617e+24
-2.575831502664610222e+25
1.164011803257084997e+26
5.517887435896285739e+23
-6.001328357108762759e+25
2.385809865759455848e+26
5.052482802433849504e+25
5.912697112252212495e+26
-5.032661572250614475e+26
-9.700816521073664265e+25
-2.374271363815486505e+27
3.559419297867981546e+27
-1.168183773349003987e+27
4.744707571097470625e+26
8.579281599204349835e+27
7.389499597826521658e+25
4.994613385915052422e+25
4.141749724068507447e+26
7.047756262000967580e+26
-7.504117055369539506e+26
-1.344694004990234278e+28
3.590123884912544501e+28
-1.418438734267007420e+26
2.391848660283476192e+26
-1.644418468120791414e+26
1.254090929990918889e+27
4.539190337312210312e+26
1.449426078177581411e+26
5.452536359790992261e+26
7.370336835525466725e+27
7.582611327176643317e+28
1.665187204467058009e+27
-8.375524548574994192e+26
1.960074477087944120e+27
-4.029755592143922355e+27
-8.946020670769411670e+26
4.462306613287987384e+27
1.939439385109056324e+26
-5.571952213407632371e+27
4.166189387541218426e+27
2.197790223840638160e+29
1.466899787928212648e+29
3.467007162492702927e+27
-9.591676658858863446e+26
-6.267256977973573820e+27
-3.437059238850229825e+26
-2.757249625270256419e+26
-7.020932446085518266e+27
-4.999336937828934431e+27
4.924494705545296173e+28
8.529710065435027344e+28
-5.321750752346943656e+28
-5.479904166979115724e+28
1.374571780125712966e+29
-4.284757227858988643e+28
-2.674442517737701759e+28
-1.370555217729813657e+28
-6.162016610421849351e+25
-7.280264076875462208e+28
-2.729791993660194271e+28
4.678910612829565309e+28
8.210865953973909130e+28
2.416704069112850370e+28
-1.161248008275653502e+30
-5.024919963486626743e+29
9.612172724758354225e+28
2.325059638991650761e+28
-8.243783845502158103e+28
2.574674350982794930e+29
5.413861723490632407e+28
-1.469128384642338215e+29
-1.671109490962593355e+29
3.496744471934477491e+29
-2.743129685994672602e+29
9.456289881476494589e+29
4.324129477005436366e+26
6.032667502945135699e+25
2.802208848004455927e+24
2.905757376621820962e+26
-5.161824774012934159e+26
5.062716722200669160e+26
9.391665500326631682e+25
-2.315354881597195068e+27
-3.229395562002264978e+25
9.476533097453570234e+26
-3.859902515414710316e+26
9.505080574687450620e+26
-4.107611287221870241e+26
-3.624762831476852609e+27
-1.304487557068926212e+26
-2.104965375019802146e+27
1.323957413683582780e+27
6.678210209306912444e+26
2.938348585481442410e+26
-1.755057191983023150e+27
-1.771071888479173257e+27
-3.312081830451150729e+28
-1.501035820172392877e+28
1.404814023843881716e+27
1.352684903060671974e+28
-4.969407265835828986e+27
1.320243151928364877e+28
4.368579744762078560e+28
-7.998610267496955829e+28
-2.260604235009394686e+27
4.954505490919184092e+26
-3.782559085496498974e+27
1.043331785097115386e+26
-3.233662081894667647e+27
-1.424831885973926528e+28
-9.532466185934209976e+27
7.242307288620850567e+27
4.438476226819025734e+28
1.946168417590984925e+27
-6.908006396968666218e+28
7.855211350284877506e+28
3.317325135761614765e+27
3.865082554522500238e+27
5.681946449683801008e+27
4.099095956657255978e+27
-8.169021287730262730e+26
5.249392168823577963e+27
-2.393335564519942551e+28
-1.969773465322223209e+28
-1.009659741234733676e+29
5.250493499637564256e+28
9.834343003748189613e+27
4.782143355943274883e+27
-1.407583885993045348e+28
-7.284889755566339465e+27
2.427996768954255992e+28
-1.664036639067841356e+28
-1.767793623108130489e+29
-1.724005685572074997e+29
2.597319164487633837e+29
1.191049230845047284e+30
-5.933716280187641567e+29
-4.049505630611139480e+27
9.713359979162576547e+27
-1.043778941782896855e+29
2.160535418143928214e+28
2.688426512078048526e+28
-4.096943053440068173e+28
-1.704934349126298623e+29
2.519940289866961580e+29
1.135808841641994254e+30
1.772202972644036099e+30
5.779629816614747390e+28
-2.286483900927428259e+29
-7.543229199263841722e+29
2.540819038497952522e+29
-8.980723518379686740e+29
-5.588358729867287983e+29
-1.022692853957172853e+30
9.780910391793381989e+29
1.296886367756855090e+30
-2.900857305947988667e+27
4.646470415478334584e+26
4.501880369791020958e+27
-7.627969238446255482e+25
-1.202077799657086182e+27
3.114688488642456439e+27
-4.499509562891145973e+27
5.204013917051877021e+26
2.772136223736410487e+26
-1.202472048659724735e+28
-7.604426320213894423e+27
-6.396323434433254602e+26
1.307345163682887699e+27
-2.841465713257802602e+27
-5.033293822035429402e+26
3.057063914511326521e+27
2.428205762980655011e+27
4.733585335137822016e+28
1.509298497173256562e+27
-2.065322474373834135e+27
-6.559923542714939089e+28
1.825232638486453538e+28
-4.334951082958423853e+28
-1.751673211967016959e+28
-3.708431657157750558e+29
-1.017654788884781724e+28
5.409051048821470488e+28
3.355174320022242576e+28
-8.850446789331543514e+28
-1.337637079195761174e+28
1.934235880599074309e+29
2.771508999656210677e+27
1.423671455530987344e+28
4.665366022962652600e+26
3.805351798489165293e+27
-1.306025308695692895e+27
5.191494296655198501e+28
-6.393377799058902448e+28
-6.080450901601903669e+27
2.405625387758466344e+28
-1.264495111788403285e+28
4.299463554281564980e+27
-2.226342349127574390e+27
-2.675216071531882796e+28
5.618293447660069814e+28
3.785619317016901599e+28
1.138611412900190308e+29
-1.340813726302161104e+29
3.659993824631376959e+28
-2.119466015574275047e+29
4.146393264038592569e+29
5.452893428192118088e+29
-6.056037122227636396e+29
-4.459756056733520880e+29
-3.678177635979657721e+27
1.495412001538631765e+28
-6.837460537283557054e+28
8.228053698902668541e+28
1.737263126340262243e+29
3.232937555173297565e+28
1.434865225133703500e+28
-1.670202680414367170e+29
9.344118513303413455e+28
1.593251189140178845e+29
4.001116959283175636e+29
-1.360594017906596053e+29
-1.451439733618760015e+30
2.254264688744250184e+29
7.896348769324669589e+29
5.135771213488208202e+29
-3.022127624611718788e+29
1.407188579179419552e+28
-3.518164472504940228e+29
-2.485368487708021197e+28
-6.208033307659314614e+28
-1.265982659114705600e+29
5.140295943289026237e+29
-2.158130723985000614e+30
4.112125544089639323e+30
-1.583883623382422788e+29
-5.224956542353908609e+29
4.168929453213127213e+29
1.312091482745334410e+30
5.231992377879997775e+29
8.041699422921496093e+28
3.478889376794833794e+30
-4.848870224177265483e+29
-2.681960539145894888e+27
7.248222382339109688e+27
1.383505248474224949e+28
1.650726920922666431e+28
3.771673595394101393e+26
5.165352784398997806e+27
8.377399642764335639e+27
1.511844133109354068e+28
3.219046164652045752e+28
6.405682734873891180e+27
-2.009450799702912325e+28
-1.277746943227247353e+29
-1.975417583019493116e+28
-1.448082210005296083e+29
9.862873476021199582e+27
-6.122763460535312814e+28
4.137209497289046826e+28
1.545872790883076237e+29
-4.284802529032303105e+28
6.074239838035410946e+28
-5.312346892169324115e+28
4.119432158567549566e+29
1.076104018592866107e+30
1.740811908715307753e+28
2.322299039092332453e+29
-7.213703870619487401e+28
-5.191972087393098955e+29
-2.429829153408114023e+29
-3.339341036185050865e+27
4.864102042102261638e+29
-5.185276055778779205e+28
-6.153166068577576235e+28
6.587536055654815920e+28
-1.552815711125849747e+28
5.371715424961877224e+27
-3.823968830427629407e+28
2.091959582645456409e+28
-8.804815614869829771e+28
-1.196783650938014340e+29
-6.617942641917309263e+28
-2.872874360283749386e+29
5.227760232086087652e+28
-2.256260685075293654e+29
3.326391683881296827e+29
-4.393377684154537595e+29
-9.169437317893330498e+28
1.859029425985630249e+30
-1.417506921780275926e+30
1.103490882526239010e+30
1.154673906806059383e+30
-2.125901657422179055e+30
-2.008772553369009126e+30
-7.294685759325943989e+29
-2.415090393350781559e+30
-8.589115737823622292e+29
1.625639653794530384e+29
1.201339079235832582e+29
-3.308680895210258411e+28
-1.206734842961575171e+28
4.871891182635722968e+29
-3.128059541509581561e+29
2.444068145851619112e+27
-1.277565888886190716e+29
2.068834436177830402e+30
6.316347638541146981e+29
-1.417939004593831924e+30
4.143202403791828345e+29
-3.153342957289687343e+30
-1.721787458963161213e+30
4.544511838234255828e+29
1.635264259512478630e+30
1.325476110308252131e+30
1.543965777327407233e+30
-3.215599489910833062e+29
4.177673062514004775e+29
6.873981145122502243e+29
-2.072349167157031889e+30
-4.939292320621078181e+30
3.981733765916640361e+30
4.404907157594882383e+29
4.962382243599867831e+29
-1.073536429766214217e+30
-9.551537073472361511e+30
-2.224346709992367809e+30
7.643025950976964889e+29
-6.166727185921541749e+28
3.617269532087276575e+29
-2.318675777255901942e+29
6.893745622533281085e+28
-6.592175799408649150e+29
2.831115883581582592e+29
-2.303728230792472663e+29
-2.002638025828190636e+28
3.791514110209125099e+28
5.136531618611469389e+29
5.160902944389628039e+29
7.024604144041824711e+28
2.234020134495203699e+29
8.278269217110721749e+28
-2.472433598535935720e+29
1.298433386596731552e+28
-7.243680018176302192e+29
-1.790248791200298193e+29
2.103088659018165064e+28
-1.168070332037909934e+29
1.242291485649639899e+28
1.055623130383311234e+30
5.181603694644407375e+29
-1.306714061152693651e+30
-4.159816448204388079e+29
-2.140009547527120723e+29
1.686101962338286148e+29
-3.540566615560015764e+29
1.697014653353950409e+30
-1.667278850431158987e+30
1.225916272600369650e+30
2.096261878116417807e+30
-6.049741117218867423e+29
-1.335186380532080149e+30
5.294542984937392813e+29
2.945587974646278711e+29
-4.894602924404335803e+30
2.083952252065974478e+30
-5.739717498102298045e+29
-2.393795088806003636e+30
4.641539260196266092e+30
-3.261314056789787569e+30
1.147490587611135579e+30
-1.727672707583951377e+30
1.273602786307675478e+29
1.765711624216061918e+30
1.925208862594742293e+30
6.235746156449117431e+30
3.209016541781693018e+29
1.953537827778973680e+30
2.828216232456294858e+31
-2.009712933567188898e+31
-1.358043197221456347e+31
5.115716794274755499e+30
-2.577034196944569461e+30
5.419664451001649666e+30
-3.385608045656566871e+30
-8.462875502209989182e+28
-1.048027045795256140e+30
1.610342809596819157e+30
1.563212305603089216e+31
1.660744221507279008e+31
4.283920541941920495e+30
-5.364780848743316023e+30
4.911099775742591116e+30
2.614168625254655713e+30
3.184251099545790089e+31
-1.174175594928501538e+30
1.200070529703359907e+31
1.397678345097223223e+30
