3.009711985487800000e+15
4.944203605101501440e+18
2.838468427998365696e+19
-1.867995482470787973e+20
4.090012881635771679e+20
-1.002206061776291758e+21
-1.086393479939004930e+22
-2.988459612647361977e+22
7.480179570984676753e+22
-2.388386551561277440e+18
1.670734761676809011e+19
-4.860635658500081451e+21
-3.270953993012975868e+22
-1.631492682549787047e+23
2.307283467954295470e+23
-5.525236432007714528e+23
-4.943863115408694816e+23
1.064249174990216760e+25
1.371444469568391578e+20
5.758284936641373012e+21
2.091613073195807225e+22
-1.501775779115353495e+23
1.400812725994486686e+23
2.115620091485574027e+24
-6.152155168180966554e+24
5.646102266205361364e+24
9.770620175909303362e+25
3.455182933478206341e+20
1.324880397273078935e+23
1.258110078101237552e+23
-6.268640242238198833e+23
7.345965933204818132e+23
1.350473738133078828e+24
-2.842349647396762078e+24
2.090794081808804048e+25
3.663275678502619569e+25
-2.809700917963731704e+26
9.649717234623876956e+20
-9.693207614866834693e+22
5.897503658955234964e+23
1.785920549806579646e+22
1.102543160207278109e+24
7.880031933226926316e+23
1.130234215441612524e+25
-2.850335550294514505e+24
-2.298327552152300745e+25
-5.703286908903207192e+24
-1.080787694818504414e+26
-1.373442228889076424e+26
-7.321057399474301698e+21
-9.125981169660561300e+23
3.145463063558546969e+24
-5.941122548606152129e+24
-1.037381019605095570e+25
-4.232312172847868483e+24
5.799045652231586507e+24
-7.082608194906234573e+23
4.971590841763061837e+25
5.037385286889567847e+25
-1.536061923176585482e+26
2.195595862837373979e+26
1.399472949311161169e+26
-9.514694484546928336e+26
-2.552056778996647461e+22
2.722331345395873057e+24
-1.022914069451286990e+25
1.777439518264486053e+24
4.158617206419460477e+25
-6.754263429260092186e+23
-2.813208345280559584e+25
1.912723194102090741e+25
5.863101326699699538e+25
-1.929080578624929314e+25
1.020525465717795713e+26
-4.169241005296872075e+25
-4.207335550628266851e+26
1.241442260478727046e+27
-4.283924015558190052e+26
8.875456099224708868e+22
-1.576471922717242974e+25
1.052632381971641959e+25
1.262050573453794310e+26
5.160906377475876584e+25
8.054305759692686507e+25
3.376476603538982179e+25
4.222178532655238897e+26
-3.826808498651977038e+25
-1.796964196061037584e+26
8.968411709446985652e+26
1.013585106347629176e+26
1.660247991622146840e+26
-7.315432697997382829e+26
-4.478191100422181932e+22
-2.510465436353378953e+25
-5.083928185668514276e+25
-3.388141900884168037e+25
1.200563190760469377e+27
2.441192703101655537e+26
-1.664056181536296673e+26
3.369440058039713783e+26
-1.000874137259603304e+27
-1.047371728620275865e+27
-2.081043100679967456e+26
5.466571017793494979e+26
-4.724028849067452902e+26
-2.197000835974191514e+20
-8.528798494568751301e+21
-3.163178144096554320e+21
-1.291507985299089884e+23
5.197144983760720101e+22
4.116224333975334557e+23
3.517008362920987287e+23
-1.492732509840522732e+24
-2.075971941422219028e+23
5.172852786755430745e+23
-5.740241551723119352e+22
6.948785349868282488e+23
2.987107025498539351e+24
-5.739438654104301800e+25
-1.568045478333264900e+25
1.556797210404921597e+25
-1.105687742857876142e+23
1.603892619774752234e+24
1.795328748619149466e+24
-2.358674207342873018e+24
-2.707127576442419979e+25
1.203375687431802462e+26
-1.953597374368301211e+26
-8.139768211526620318e+26
2.961408663488904749e+23
3.714950695019352833e+23
4.940904379452392085e+24
-1.129897946225373561e+25
5.960499930120702895e+25
-8.689268444556437817e+25
-1.188552829765655452e+27
-2.326377233801088517e+27
-9.847409904532204981e+26
-1.180332357635174204e+25
-1.497006898447042707e+25
1.696855499743805357e+24
8.896541074420385418e+25
3.716270977203614797e+25
-2.935792414743465632e+26
1.909418235894050280e+26
-1.965454506827599110e+26
1.144205162755617742e+27
-2.979707535909513127e+27
-2.707312685635778186e+27
1.166578369058770906e+25
-1.041309234560332324e+26
7.143492425934371784e+25
1.911045100864209051e+26
-1.338356201800763858e+26
-3.703533856305243257e+25
-7.177174328997379588e+24
4.552141591040910827e+26
-1.220879569457470050e+27
-1.504616112601679929e+27
7.926185782804795516e+26
-8.738208085637996721e+27
-8.578473916493048398e+26
1.530063270918230883e+25
-1.904016362879798461e+26
2.645969814934235693e+25
3.213133303139113521e+26
-8.585618790766150430e+26
-7.448965722769723000e+25
-4.208524180019370801e+26
1.254015231903101507e+27
7.180045218608666117e+25
-4.585430368723847447e+27
-1.197254857776251532e+27
-1.241907122185488265e+28
-2.602128973639630955e+28
-2.102713511522210563e+28
-7.760804950429411248e+25
-2.023661171893199009e+27
4.951623543425290765e+27
-2.463486425686161890e+27
-1.048982724906925275e+27
-4.548376561657457990e+27
-5.040719871411463311e+27
-5.840259159181927745e+26
-3.911104120977740236e+27
8.657085142711612605e+27
-4.315133692252628989e+27
2.615209978170447812e+28
5.056330789150636242e+28
2.912736997753756924e+26
-1.472938437441187235e+27
-5.452701368305585257e+27
2.017984352720829442e+28
4.638861669287662457e+26
-3.871720602009439324e+28
1.327985004556104050e+28
1.184573850361572828e+28
-3.214291995454426459e+28
-2.162916972862600104e+28
-4.066552808216829956e+28
3.549733330917526777e+28
-5.754377337593308329e+22
2.443211336684852990e+24
-1.479494179307891573e+23
3.523305871106184453e+24
1.911772952059451553e+25
-3.990888823918158426e+25
5.278836727393085188e+24
-4.673884343687411363e+25
1.905039565622895850e+25
-1.436442087723126054e+25
1.248293749799861134e+26
6.139047984648045543e+25
4.773431961318327909e+25
2.005528299523156989e+26
4.508372449754225260e+26
2.736571125873126818e+25
6.995824251184712113e+26
-4.728300888863178462e+27
-7.903206977234823282e+26
-5.481937112287700957e+27
1.506762087254409451e+28
2.322334558115078367e+25
1.538907419470425706e+26
2.081412545890381066e+26
3.862283588483492799e+26
-2.776959976086870537e+26
-9.179373661169408661e+26
1.594077711308925508e+28
-8.212991288659439386e+28
-1.682671498803932485e+26
-2.778074223947516557e+26
6.877815088819155476e+26
-6.713379385675676687e+26
-3.190996085736803010e+27
-7.634504278449923108e+26
3.758736810512895232e+26
-1.682743774290610539e+27
5.721754326884207004e+28
-6.861899323738215652e+28
-8.763620303440064134e+25
-5.365635825948987366e+26
1.641859628130611924e+27
-2.533302726714467452e+27
7.557393941454900041e+27
-4.826071450114848550e+26
-8.352050268345912829e+26
3.280471486684867947e+27
1.701879677590220935e+27
5.425538709575833280e+28
-4.979086136971021809e+28
1.065134316161920695e+29
-2.077274167501239942e+27
4.054197834773946650e+27
2.917401271699899300e+27
-8.922735846245371918e+27
2.233870910252038504e+27
-4.642662007899652606e+26
8.106127385119413955e+27
-4.092673140372750079e+27
7.095148566645462754e+28
7.639142133834196502e+28
-1.542754946879629305e+28
4.380867103974316513e+28
7.744932891416394814e+28
-3.720988963744524947e+27
4.853304475499985045e+28
4.804300019474930895e+28
1.785916935825643661e+28
1.457616465195243258e+28
2.841008485542656853e+28
-4.437162320956910277e+28
-1.407831808291919714e+28
-1.806675967832254327e+29
-3.362956696438668098e+28
-3.752929907685461424e+29
-7.089990013919827458e+29
-4.997548545231888722e+27
9.660270826179452246e+28
2.924292070075920281e+29
-3.039070445286030793e+28
1.429501665811238142e+29
9.668888140629962095e+27
-1.298475274000506568e+29
7.814917350872338620e+28
6.439223677055101951e+29
-6.116097569334869212e+29
3.481518868652550308e+29
-1.759020700332253034e+25
3.987179342086525626e+25
-2.604849980564146403e+25
1.565327447661813495e+26
4.257313022970732566e+26
2.093657182175839094e+25
4.841760089241007195e+26
-6.953577994984454589e+25
-2.508105091771152538e+26
6.252992051635776514e+26
-8.063933609438323989e+26
-4.618541674095734338e+26
1.085668657422672177e+27
2.065371710242270156e+26
1.949059269247408379e+26
-7.416591589634244533e+26
-3.624710371813457451e+25
1.871991256621532088e+27
2.359870891703151495e+27
-3.221626520740768054e+26
-9.031465132413975790e+26
-3.214343741836713522e+26
2.805804761555835079e+26
3.643559373347645347e+27
-2.063049613654040008e+26
1.653800227401517433e+27
-8.155202692586785674e+25
8.250450045684897491e+27
2.107007636799195711e+28
-4.031816060479349089e+27
-2.080005979049671938e+27
8.576791000299365620e+28
3.108675273512199934e+28
-5.338982397802408024e+28
7.187236952996377718e+26
-1.296990150773767607e+27
-4.856379210781823454e+26
-1.487483253049008903e+27
-3.018329381508147995e+27
-6.418536669497505145e+26
-1.214542164204721892e+27
-1.544904140096535005e+27
5.280873915058137794e+27
-6.165665062037604294e+27
-2.113801174625724601e+28
-3.181648672577954798e+28
8.673320972463773930e+28
-3.337419155672359495e+29
3.069714591234381376e+26
-8.600398140634053480e+26
6.157242750607752810e+26
1.698977638228678869e+27
-1.591323296163253500e+28
1.145017493166483932e+28
-3.938210178518310187e+27
-9.249167229215866615e+28
8.720751877237038920e+28
1.213659065838603316e+29
-3.644598945684826633e+29
1.424016800863152256e+27
-4.644520266434524432e+27
-8.004272440841811795e+27
7.072569315639508560e+27
1.811292888107413151e+28
-3.109156345331489364e+28
5.891617704391634833e+27
3.380498871655602273e+28
2.317292572222700543e+28
-1.863071292224042885e+29
5.247736193106321387e+29
-3.589784655565442543e+29
1.932997727779044941e+28
2.097348727305218092e+29
6.094189440528911992e+28
1.993309982744418901e+29
2.383152171600460585e+29
-8.590016873926714383e+28
-6.625835388313631888e+28
-9.723597067128459996e+28
1.856359561680127167e+29
3.490492393996150116e+29
4.794380047762053798e+29
-3.548239588450671344e+29
-3.049490060041737375e+29
-2.545794134712092869e+29
-1.265914998109293419e+30
4.319194720328882527e+28
-1.153890469420468798e+29
1.076512071724986639e+30
3.679477770589073383e+29
1.007245051947761522e+30
2.338956876750244225e+30
8.258451534221968197e+25
2.628687641835083482e+25
2.634858230825364282e+27
9.197932207273914031e+26
2.407422468509132296e+26
7.419289235283430029e+26
-4.685975252097544552e+27
3.911631042457010325e+27
-1.432216209433974920e+27
-1.399922969537278594e+25
7.816706033870687916e+26
-1.021217278514399864e+27
8.988633017771523245e+26
-5.155215499785412568e+27
5.549104964452674780e+27
-2.141476542944911077e+27
1.608418942416901537e+27
-8.502760394180615892e+26
6.559513634053963207e+27
1.895065222368955151e+28
-2.444815856628688140e+28
2.520497514703316889e+27
1.898209865046625702e+28
-8.189147478805942674e+27
5.615008080279684553e+27
-3.119406260096098368e+28
1.548763553130945307e+28
4.874887948839485374e+28
4.672675785323144988e+27
-1.765538339108001337e+29
7.084899665336183180e+27
3.180613027852393366e+28
-5.688816781504963677e+28
-2.231781238216838099e+29
-3.111291062344186920e+29
4.821039229497242957e+29
1.403513646850522321e+29
-1.240883230291671937e+27
2.385178080849670073e+27
6.736042523140051282e+27
-1.759846071327859311e+28
2.897226501281485779e+28
3.085268049503460717e+27
-9.500921142803603605e+27
-2.049700387529656966e+28
-1.197761953647408182e+28
-1.512435351233536004e+28
-3.427993120965604524e+27
1.399994351725478599e+29
2.039942052864356583e+27
-1.098544196967303902e+28
3.281496149148693241e+28
-2.053062790236213367e+28
-6.186124006011191562e+28
1.794186829345550212e+29
4.745122626984097106e+28
1.083937605223814863e+29
-5.353474892408276807e+28
-5.355161957717393874e+29
3.922701480515697449e+29
4.612742479759290036e+29
3.709738027585695371e+29
-1.883701651553101200e+29
2.528126255878762539e+28
3.948151696809635470e+26
1.065404756592146631e+28
-2.212926154106923254e+28
-8.719960542372185040e+27
2.669434590965592251e+28
-9.923477808574610468e+28
5.273627449566052203e+28
-3.789962280284167959e+28
-2.471581012835277336e+29
2.382510915140220962e+28
1.515947411346120288e+29
-8.525505637905602652e+28
-6.319929991584063608e+29
9.048331882093890179e+29
-2.865270073049471732e+29
5.895387427483716965e+29
1.597780455949703403e+28
-3.446591254919035020e+29
6.318291456821000343e+27
1.776398549044751169e+28
2.354426693218246870e+29
-2.463727204287802083e+28
2.886678092696774699e+28
-6.634830805665381789e+28
2.306391715425992609e+29
6.960380276983120034e+28
3.777196549543897878e+29
-8.639644246088585794e+29
1.219562656332443675e+30
1.304170333469883535e+30
-1.512575914958316710e+29
-8.874697891556078584e+29
-2.126114755903324772e+30
9.542290710436836790e+29
2.152851323540767057e+30
7.951584282130151270e+29
4.397602044188837392e+26
-4.692259285624819076e+26
-6.586876771952276546e+27
6.744097173242856371e+27
-7.478795432944953271e+27
8.171746937338193506e+27
-9.723781192241381665e+27
-1.057161788577484633e+28
5.236508541511679110e+27
1.011961446355038436e+28
-6.539213827926081538e+28
2.904803134939993599e+27
-2.259488089983068909e+27
-1.044602594633358240e+28
1.768399833647171115e+28
4.226645566062648550e+27
1.091159627716101572e+28
-1.366815597944770905e+28
-1.845819272879889030e+29
5.071306114669920986e+28
2.645194425180337641e+29
-5.113548766307175838e+27
-8.917387405972956257e+27
-3.722205982395582851e+28
-1.795607443508243665e+29
7.129047339621393134e+28
7.072499419843244019e+28
-7.906298187182546843e+28
-1.568767403458780850e+29
-1.055566445294188743e+29
-2.967444193326885792e+28
3.009732388315378529e+29
6.251040628784784291e+29
2.248687896113123530e+29
3.512252876300208651e+29
-1.497314556045924427e+29
9.722448989537346710e+29
-1.686213955406029813e+28
4.084100175156213085e+27
-1.313332602956718211e+27
6.036734028485137270e+28
-1.195078867180974633e+29
-3.181877923347001780e+29
-2.391094185369814337e+29
-8.179405263217173052e+28
-4.924541944892052837e+28
2.204632344237440265e+28
8.570860748433501543e+28
-2.917206739876280791e+29
-9.934952964206087344e+28
-1.393164164831617636e+29
1.364321560621382369e+30
-1.267350244862736818e+29
3.417681864566846046e+29
1.746074265240615860e+29
-8.431003450995857005e+29
-3.432380729008835436e+28
2.906657288700206969e+30
9.505623749178646688e+29
-3.067768376461556090e+28
1.034018153056627635e+30
-9.453652656325107397e+29
2.093772430134675554e+30
-3.251206928281109805e+30
-9.269178589988476388e+28
-3.411145522785857003e+29
3.244568317307871734e+29
6.588371510516800359e+29
1.347141610374634274e+30
1.334573608448679694e+29
-1.204286767296503326e+29
4.674173174778684636e+29
-1.695088691382836207e+30
-1.079347722969197194e+30
-8.399870988299706562e+29
1.234196023198755911e+30
-2.130722822277480871e+29
1.025157171994146057e+30
-1.223997945969611713e+30
-4.132507425197003581e+29
9.425097263848894068e+29
-1.387577263702677453e+30
2.262779925485650568e+30
3.746348692029381826e+30
4.545937968047357075e+29
3.060248394136586066e+30
-6.348592310052492205e+30
-6.652678304611916107e+29
1.143598492187126470e+30
-1.030545939122570812e+29
-2.336618879593918521e+29
-5.331519044277991082e+29
4.765845922472206585e+29
7.762381487001744362e+29
-1.634941151316877411e+30
-8.196669917165094472e+29
4.494781374951854010e+29
-3.497888844301683894e+30
6.327563532659283024e+29
-1.663159353962313141e+30
8.938145773199165757e+30
-2.389030420422683614e+27
-1.116797307904529534e+28
4.552187269141371188e+27
1.480843316038233394e+28
1.176255613619225717e+29
-5.140531467608293928e+28
-7.614627952490485851e+28
-1.109690413655972586e+29
1.593704488467927157e+29
2.416475398914058421e+29
2.409059646451916527e+29
-8.834135204468570337e+28
2.214415513729490678e+29
6.313572718801205818e+28
-1.698797077267913415e+29
1.375348042545608741e+29
2.927356043396173071e+28
-8.628330801970757471e+28
4.814276310670403669e+28
1.807549258990330430e+29
-3.149757523965289675e+29
-4.728546276282654690e+29
-7.301206207852404267e+29
5.277626213002037569e+29
2.238932122777068120e+29
1.940922735652718014e+30
-1.063168815738285728e+30
-2.857020500295320290e+29
3.296530169002550995e+29
-2.153281154637105809e+29
-4.623712426900223426e+29
-1.803729026680995805e+29
-2.647817245284946330e+30
-1.609204625858879923e+29
2.129182770125813165e+30
-6.719403726396324323e+29
1.249415851429223014e+30
4.753588894679938706e+30
-5.867625299795994563e+29
7.212822410749816962e+29
2.655106741482099416e+29
5.095858399846957950e+29
1.836760023421220913e+28
-2.041902088967835612e+30
2.403372980266267237e+30
6.766659352338997553e+29
-1.467633923950860720e+30
2.391316506759363149e+29
-5.479804186049242231e+30
-5.601588350782709858e+30
3.632083571032775393e+30
3.422589699955642123e+30
-6.068011619240989411e+29
3.837827192214437655e+30
-9.807151952597978471e+30
-7.477001397985846196e+30
-7.503634704565973032e+30
3.375302776338592122e+30
2.564197863063606340e+30
2.443778169176811806e+30
3.039717873149263963e+30
-7.067798438513504882e+29
1.533205397090886156e+30
-9.844455183312113923e+29
1.330924528989209267e+31
-3.744318873473140399e+30
1.763879949523175017e+30
-5.392286137652564845e+30
1.631473641518652051e+30
7.184097540102552557e+28
1.173869005459187407e+30
9.834952855725180986e+29
-2.156961709327815453e+29
9.727560611116592968e+29
-2.627396420251023315e+29
7.206586650198992109e+29
-2.250291806726118985e+30
6.908523280412721369e+30
-1.294632684169516217e+30
1.075937353430961387e+31
-1.140738721268601368e+30
-8.292161007528570504e+30
1.866963842067124839e+29
-2.237932240248257113e+30
1.235421452544769238e+31
-6.599636982423095358e+30
-8.710621731509965833e+29
9.648997841888674785e+30
-2.721918714905384373e+29
-2.566379075630561176e+31
-2.112344496749417550e+30
3.471288399310642790e+30
-1.356773787575628582e+31
4.509349242063629576e+30
3.609661808090512373e+30
1.164190578009434612e+31
2.213106547121695224e+31
2.470942285915672263e+31
2.724865552725929126e+31
4.644077538239167838e+30
6.118429875288765446e+30
2.034525526981643249e+31
1.358437794964797296e+31
2.339301358614957399e+31
-2.047341149043015424e+30
4.116403095839968530e+31
-2.681359124818282282e+31
-5.990427798633731885e+30
-5.982291305420295168e+18
-9.703541441138140774e+19
1.071162296590448198e+21
-1.083090339165920952e+20
-1.147123503575748444e+21
-4.519766491001955287e+20
2.698857745365012264e+22
-7.875071667828079932e+22
1.070908511186135941e+20
4.665956266326473834e+21
3.600036300936805614e+21
-1.592560814248219273e+22
-1.109139519786643714e+23
8.625777623236697087e+23
-1.815557586393939713e+24
1.593209373943264538e+25
2.372831096144815299e+22
4.429174029937826202e+20
2.112067553940680181e+23
1.169537643373576122e+24
2.208137343864920405e+23
4.753302323568100843e+24
5.909196640852270830e+24
1.195896948742149486e+25
-1.118778993007375354e+23
-7.384354973218046267e+23
1.641652469608979219e+23
-2.891221372018550322e+22
-2.656978911352177211e+23
-6.267538531693506108e+24
7.402746771877280197e+24
5.479549502076075959e+25
1.689642413561307315e+26
7.479437141299355137e+22
3.329578501719764060e+23
4.800013506365820208e+23
3.946105526046955164e+23
-8.659430820980249183e+23
-9.809051590908137364e+24
6.920974657855589347e+24
-6.579620628528878397e+24
-5.809954994611866376e+24
2.716305451410400660e+26
-1.829265388207791701e+26
4.635587400794676134e+21
3.390336870040148136e+23
-5.203916198111196414e+24
2.950673303961121933e+23
-1.360206078451492449e+24
-5.590974393926772121e+24
1.424215415828241816e+22
4.672618311853885137e+25
5.452577611926015685e+25
-6.656445645670614567e+25
-2.358896062389688745e+26
1.133038270646910881e+26
6.251738089850054381e+25
-1.652811039946691247e+24
1.351974775468073291e+24
2.315014171151647951e+25
-3.642897096346371931e+24
-1.461663048087650882e+24
-2.237400998206765849e+25
9.626056490583463555e+24
-9.545550991800145977e+25
5.505129317512621120e+25
7.971985641652372651e+25
8.350377051691910055e+25
1.681190829619597349e+26
-1.241692112233304649e+27
-3.434038382886866472e+26
-7.867423794320168525e+23
4.295669884011259321e+24
1.124564918142316664e+26
1.600438724931978154e+26
3.440504222642238207e+25
-4.634893709882551198e+26
-7.453140119611582036e+26
-1.147032444858242138e+26
-1.910259239248922661e+24
-7.785908450759196892e+26
2.368878654069018714e+25
1.141576277017893213e+27
5.308150350300319620e+26
2.875789982050423971e+25
1.751103769396325844e+26
3.823790181233022894e+26
-2.813753036831910248e+25
-6.135990846437151240e+26
-2.865310313514289649e+26
1.738268717985560339e+26
1.445704919172404111e+27
1.297152806539310617e+26
-1.004709881371939392e+27
7.704870143901780739e+26
-6.253332455322732704e+25
-7.213119384073750446e+21
-6.946807861969138011e+22
5.489344667259494203e+22
-4.204301871595167049e+22
-1.557110988252409286e+23
4.398812211759991216e+23
5.997963312468876056e+23
2.012055360107839933e+24
-4.362375044575335568e+23
2.221950202721468434e+25
3.490538803543137738e+24
-5.856317909450658442e+24
-4.146368786818066641e+25
1.987338935751813337e+26
5.430313454442603610e+22
-1.027991833071739237e+25
3.013119991319883738e+25
-8.121353630411847102e+25
-1.855345630595317134e+26
1.008162895638138239e+26
1.321842772142189708e+26
9.350361852133963916e+23
5.200035540988780805e+24
2.976672315016446431e+25
6.014039248820066129e+25
1.174531109001913376e+26
5.076732722279795529e+26
9.946123717720973419e+26
-1.665208358250058609e+27
4.245682118282709930e+24
1.790818838968819711e+25
1.732461262860578008e+25
9.308890450941659150e+25
4.439350990519431307e+26
7.936536837695225551e+25
-8.881960102626869624e+25
-1.691836686983107861e+26
1.907809907607740256e+27
-6.652407234309937556e+27
7.933119034586120182e+25
-4.443876552500153546e+26
-2.211398099263977145e+26
4.013376033147771286e+26
9.904164685794023050e+26
1.742284873428047340e+26
-1.112397147389188673e+26
-6.192840750529283195e+26
-1.300454202489536247e+27
2.625266168491369964e+27
7.337419588244661149e+27
7.364101219298948088e+27
-3.138442101779153303e+26
1.336753404248402869e+27
3.710195579834617358e+26
5.796116690687110160e+26
8.717624854934378509e+25
1.052982952746689908e+25
4.102202588951491628e+27
-2.376250311616363361e+26
1.166337151356019782e+27
2.259219455895898273e+28
3.470142100498291063e+27
2.510591774492233709e+28
-1.224730961145579513e+28
1.952413190742337775e+26
-7.554271601480744815e+27
5.566323249940216616e+27
5.062700063847021975e+27
2.082545064035934788e+27
-4.379681350728539991e+27
-4.713562158005487881e+26
-6.974944071795177803e+27
1.157067859365767738e+28
6.018196468266477573e+27
-4.663040080002638572e+28
4.371702333615745848e+28
6.684651169121670727e+27
1.305385711633247132e+28
7.006224458178737949e+27
1.002538821744732997e+28
-4.878892127389186081e+28
1.645389605318916434e+28
-4.080953412379927511e+28
2.533440238421797359e+28
4.867143429365871814e+28
4.221115557413618169e+28
3.272473957587440710e+28
4.707353100169570572e+24
-7.113183950785295902e+24
3.287666380696661151e+25
-8.273776463696592110e+22
7.753231802145842112e+25
-2.735534175785905396e+25
-3.244897269678361136e+25
9.937463049056998583e+25
-3.284477545628970694e+25
3.384404961085716213e+25
2.048182134489853330e+26
1.009469879147103093e+25
5.814818253456154165e+25
4.354542702507748428e+26
-8.035042818280351930e+26
2.011653565950414926e+27
-3.139281880013949513e+27
7.150476317153262820e+27
-5.267844191005764107e+25
-2.131139363686510865e+26
1.736607492840255323e+26
4.502545989257326429e+26
1.718369231822999810e+27
-6.602657896824163318e+27
-1.086465946723514500e+29
4.532866180573437976e+25
-3.576249986621431735e+25
-4.549268668277128213e+26
-2.276080865781039693e+27
-4.763343256169578129e+26
2.371845084871962281e+27
1.984479358192522187e+27
-3.434790433514193155e+28
6.924664294682478011e+28
2.267718211373441316e+26
7.396398321124638283e+26
9.307100006709156288e+26
3.448874152128308721e+26
1.026516259423265564e+27
2.639216784938129421e+27
-5.851480476191230174e+27
-5.085956067544955755e+28
3.587875611549743846e+28
4.045685199302427676e+28
1.817243605034722355e+28
5.928769299227216490e+27
9.248228286117379157e+26
8.295402582465860182e+26
-4.350903460284572186e+27
5.932469541895757313e+27
1.923299748451079886e+28
9.531697763420450806e+27
6.488996385583910574e+28
-4.745977714735279373e+28
3.154197480397458742e+28
7.935240402040833681e+28
4.627979178481624566e+29
-8.533319661008200059e+27
2.701200023782568278e+28
2.402406653755242559e+28
4.270994567639975392e+28
4.271776270619491047e+28
-3.102444723312038370e+28
-1.549402803631037341e+28
1.108632847585440750e+29
-1.597270041137003922e+28
3.054153626769174919e+29
-1.631298812506030646e+29
-4.880414880766707321e+28
3.970377610194607423e+27
-9.118731010851871371e+28
2.665459451246661154e+29
6.104203044952514898e+28
1.092685394583427489e+29
4.096409282102310206e+29
-8.599050503037262937e+28
2.275165452736749277e+29
4.040831200869108813e+28
7.572556066207474139e+25
-1.419173967131311340e+26
-2.987810260441464802e+25
-3.514874117637599640e+25
6.641674902366325794e+26
8.235069591493767176e+26
2.873255955669224495e+26
5.176638915535004013e+26
9.836105534774427969e+25
-1.935642248908821512e+26
-5.280147133867543170e+25
7.794202527458841428e+26
-2.391607955705022013e+26
-4.677267948173841561e+27
-2.066292112657436861e+26
-2.037937019335575195e+27
-2.790296463706392800e+27
-5.907657986651840121e+27
-1.772607667516651896e+27
-1.328564214046304491e+27
-2.143841811105014153e+28
-8.156613379604918878e+27
-2.146317036890522086e+28
-3.455035131907882313e+28
-2.059849663762611663e+27
-1.850514000066524274e+28
6.577910809664470809e+28
5.163687069932477212e+28
2.790124201713004832e+28
-1.194530249389636729e+27
3.474606519357804654e+26
-6.074969692754322469e+27
7.119206147572642138e+26
3.160294713019676490e+27
6.885347355344323882e+27
1.683828463672263916e+28
-1.165422695914979431e+27
-1.996608862184143534e+28
-4.699057499266924005e+27
3.867366007923438804e+29
6.037139000274244622e+29
5.164229440620252980e+27
-1.473654593446884128e+26
-8.391944131993169699e+27
-3.102293367490172275e+26
-1.760389211889278801e+28
1.440311845243808961e+28
-9.072452405863929655e+26
1.213234504246403424e+29
-3.081914480909245705e+29
-5.636013276854847106e+28
7.129029829168783179e+27
3.793632159211893616e+27
-7.116853298956918409e+27
-7.098961825162939509e+26
-1.139111833408728940e+29
3.324117286922466504e+28
-1.261817091593705436e+29
1.440037236368959995e+29
2.235226667263758660e+29
-8.328286618328576385e+29
1.088033922452529844e+29
2.410424220122546327e+29
-1.808394362981704862e+28
9.312445274641589455e+28
-2.505170648986559653e+29
-4.544592718980882174e+27
-1.035407833117366528e+29
-3.336359613131482426e+29
-9.061177272374817077e+28
-4.497368089950257079e+29
-1.487016155918292435e+30
2.806022788491585671e+29
-3.501766369795146426e+29
-1.287838450613473135e+29
9.984264849616812185e+28
2.811707261479852845e+29
-3.043396462632523479e+29
3.439860095805381364e+29
2.403888942076819374e+29
-3.837679609394535595e+30
-8.754543875782472347e+27
-1.075206063733362116e+27
5.661356558211285995e+27
2.872858811725306427e+26
-3.745508229500252937e+27
4.399965923481753845e+27
6.632479305476072760e+27
2.054449803423216958e+27
3.166062333733924657e+27
-1.805519779663313869e+27
-1.931739044767020742e+28
-9.410341292302335785e+26
-5.717711585665876528e+27
6.753392085108223798e+27
6.339957844650365428e+27
4.214702448276447917e+27
-1.192226917555644504e+28
1.963352083539245968e+28
2.051605721402569233e+27
6.331238718198298567e+27
5.168797188496998068e+28
-2.783252226615152275e+28
-8.547146752241560692e+28
8.657819490553859573e+27
8.175179136008376145e+28
-3.630513144819721574e+27
-1.335168278824713433e+29
-2.698227467436652914e+29
8.250497608819869552e+28
1.799405306444658381e+29
-1.959678761921016127e+28
1.847670780170396265e+28
1.871454187243607715e+28
-2.851924770362174779e+27
-1.459174397079778153e+28
6.530968984915322394e+27
1.105394177088548014e+28
1.502198294824062003e+28
1.564246544152648642e+28
1.344440455310989226e+27
2.550784763348808590e+27
6.899316463217374461e+26
2.496221467219588495e+27
7.362567014596041776e+28
3.820261893547758126e+28
2.299651685153205918e+29
7.705327796247858913e+28
-7.891717511115452546e+28
-1.027580882982468436e+29
-5.204590730916422104e+29
2.691383604152029043e+29
3.595992861639408863e+29
-4.838327745146031479e+29
-1.002560071410171977e+26
2.189044519090520437e+27
-2.392700551203468946e+27
1.637020715546941337e+27
-9.423284234964523142e+28
6.535776115416443403e+28
-5.011793665885828567e+28
-4.637731337842354828e+27
4.098795444781968949e+28
-1.489091554539724634e+29
-2.600011633029357023e+29
-6.684896442025306151e+29
-8.875712500855116446e+28
-5.995862232298198261e+28
3.175420674978222323e+29
-6.484968941118447862e+29
7.620247031767336014e+29
5.835622644213201713e+28
-4.100894777942824392e+29
-9.289964446742404660e+28
-7.151170690140335232e+28
1.010300966982695062e+30
-2.108618474349608128e+30
3.787505017427925334e+29
3.580828316013448130e+29
-8.114066321070127726e+28
-1.166768010342538396e+30
8.595298453852269769e+29
1.548589664724740072e+28
2.127634307465164030e+30
2.155680683715038071e+30
-4.213053137812082657e+30
2.839920390866580295e+29
3.500470075540988319e+30
1.518324667012940178e+28
-1.938170714690359394e+28
-2.431075731868354138e+28
8.941276173696847259e+27
2.584813363680747010e+27
-1.546122917691957985e+27
6.604452849943714951e+25
-3.649637863460335694e+26
-1.856392184718042750e+28
-8.013060502416994583e+26
-1.454640573794005013e+28
-1.983596433882322689e+29
4.232380453666958125e+28
-6.086450620510739234e+28
8.537151410082369852e+26
-2.721205640262822949e+28
6.141000537527841271e+28
1.356620281762569737e+29
1.322184260130836463e+29
-2.623888966929609988e+28
-6.825546178181039253e+28
-5.997816925542740564e+29
-1.322869878088096608e+29
3.347497859824487727e+27
-7.196689183804569424e+28
3.653072846655362362e+28
8.946258664317154867e+29
-3.633826402159402666e+29
4.879424316136510312e+29
-4.510210492578216518e+29
-5.339250439639065127e+29
1.028545551015263254e+28
1.619747743176862458e+29
-2.798907851871424027e+28
3.437453190945952045e+28
-2.730834555718756693e+28
1.076591798801467451e+28
-1.499917278350183924e+29
-1.818006611684198117e+29
-2.452380961966220828e+29
4.086426144125213283e+29
-9.947994580195326986e+29
-4.130046466605876863e+29
1.062200793626520901e+29
-1.043421213710007135e+29
-1.237930192061207488e+29
7.381006955245377664e+29
-4.753394864426348234e+29
-5.918838872576442531e+28
8.159384577920260160e+29
8.363285034861675829e+29
7.498451250263949023e+29
-4.213718505995562365e+29
-4.132396245393460178e+29
9.328577726099969675e+29
2.162837909379737030e+29
1.717002767309312687e+29
-5.981320056979993804e+28
-3.591745510901782803e+29
3.082457381374858222e+28
5.089489303569423920e+29
-6.429616469034657468e+29
-2.497340461446251788e+29
-3.977089378277059049e+28
-1.810955900483999507e+29
8.738680521312938428e+28
3.066855370996165575e+29
-8.208848959587807734e+29
-1.922339316019277473e+30
-7.846587053040147856e+29
6.066045648846231852e+30
1.334448493915847935e+30
-2.937576901790815229e+27
-5.235329944407492585e+29
3.669518446998263020e+28
-1.448816405085628497e+30
-1.240108634195499862e+30
6.107915556482810637e+29
-9.034022307032398221e+29
-1.119380848273511247e+30
-2.020501489864228423e+30
8.342626318760395438e+29
-9.083453705651574567e+30
3.688606386710247906e+30
-5.308406444224122952e+29
1.286959909807520280e+29
4.208640897127607352e+29
-6.865948896867413214e+28
2.099814661330483501e+28
3.806570221784839608e+28
-3.843099413948131383e+29
-4.962250398604663166e+28
-2.049637466066602322e+28
1.336704491453571111e+29
2.023602822173861392e+29
-2.874258257002303337e+28
1.508860669155242612e+29
-3.082626059099084814e+29
-1.001007178635116518e+29
4.734337095870251553e+28
6.367252756824950150e+28
-1.047324485098222789e+29
3.564568739198501043e+30
4.492449455428226050e+29
-4.307720558864931330e+29
-1.233239677610754710e+29
2.710285258388231105e+29
2.586309240474958717e+29
9.028572208873624731e+29
-1.046857574152075404e+30
1.117922973954018881e+30
-8.127343742675773767e+29
3.070064084152725126e+29
-4.228684268458390897e+29
1.618216209064376063e+30
2.817230097004040270e+30
9.187800972687755048e+29
1.767017049697060462e+29
-2.157918902082650161e+30
-1.639776836057579172e+30
5.098462238284189064e+29
-4.370572407612108933e+30
-3.894641279543066526e+30
-5.876952060084077064e+30
-1.336197491496802143e+30
1.328228270258447783e+30
-1.114979185144522256e+30
1.038527742007019564e+30
-4.924760774514481553e+30
3.563011562614956649e+30
-3.184982621290307215e+30
2.044349567396523326e+30
-1.746915879859472823e+31
-9.289833890842755197e+30
8.063674619481582938e+30
8.255772048089625646e+30
1.139271464999036529e+31
1.404854780775854699e+30
-8.566834677407271456e+29
3.028741507811924946e+29
-9.213473695344701444e+29
2.169352071591607910e+30
7.471288499602631533e+29
9.816222941808234965e+29
-8.534346536959587675e+30
-1.277861490834713162e+31
-4.103696431617968734e+30
3.381560066611315032e+30
-1.315108690421698281e+31
-3.838180004306492649e+30
6.488663919111785654e+30
5.218119476251492764e+30
1.927014386215674089e+31
4.478802536044195230e+30
5.825201427473341364e+30
