-4.819248637943836800e+16
-2.064343011990783590e+19
-2.375453616999662879e+20
-3.289968880882913116e+20
3.610983662946506506e+20
2.450369606139101839e+21
1.952058941607674852e+22
3.897305965705458981e+22
2.801210651453037153e+23
-2.767988140144973414e+19
-8.403326336661936538e+19
-3.745647466162941854e+21
2.718896414049824879e+22
1.330129054367693920e+23
-1.732192721068010127e+23
-6.129296302787578581e+23
-7.077847406445860491e+24
1.482475684654590651e+25
-4.406679990343034470e+19
4.060201578395250721e+21
1.286224296107972126e+22
3.901726246459853819e+22
1.619415971652773861e+23
2.557481330493721273e+24
8.794291346080807675e+22
-3.099010921198623666e+24
1.373726765743223883e+25
-4.468680199810252800e+21
6.454413517190545906e+22
-3.548025485747566601e+23
-2.078206317679904681e+23
9.312471555529970790e+23
-2.844148174325983216e+21
-7.803206590526006074e+23
-8.434078062328598892e+24
-8.998266722163097224e+25
3.165589675232724473e+26
-5.871646839526975865e+21
-1.221318077546304824e+23
4.393402148347653621e+23
2.891036230256316446e+24
-2.546504136366303104e+24
2.215363423993470074e+24
-3.972589653643459754e+24
-7.023311185380048414e+24
2.383182799514662777e+24
1.085217678331040684e+24
9.065741317030379413e+24
2.150720531075232243e+26
-5.059226639757192724e+21
-6.592680771078354507e+23
-4.482782379463624765e+24
-1.933993577354714698e+24
-9.632690480586169021e+24
-1.784642020973851298e+24
1.180432486724824910e+25
5.160391607246382319e+24
4.544657171433849031e+25
-2.758170800552451690e+25
-2.030335866425298840e+25
4.444050161393992844e+26
-8.785403072280824794e+26
-2.034018381004846841e+26
5.322601109527943814e+22
-3.603734164885631958e+23
2.233605676719977898e+25
1.497117133903123204e+25
-9.518730326495391046e+24
-2.666418618512297573e+25
-2.072746447409911803e+25
2.227819697584986531e+25
2.439508243784194033e+25
3.047533295133724882e+25
-2.676800404949225144e+26
-2.938734123963889276e+26
3.298913682117411130e+25
-8.702949784499033720e+25
-5.920213022024136695e+25
6.978990355461130619e+23
1.845793954725899167e+25
4.772995337443247579e+23
-8.471877297165606915e+25
3.792087228382234770e+26
-3.231969205946009197e+24
4.586137325363293907e+26
6.712912747610987927e+26
1.495162024498917704e+26
8.501804437347873869e+25
7.761988120859149403e+26
1.005025649372417924e+26
-3.305378542491283396e+27
-1.717201132448847005e+27
6.013900648926870482e+23
5.698183026477686097e+24
-1.028862822011349977e+26
-1.298590204983047736e+27
-9.554586462729858523e+25
7.160598995416242492e+26
-1.656508589636899363e+27
-1.959118646276053182e+26
2.741375988441783497e+26
-7.387900782284090918e+26
1.883641341616123849e+27
6.086667592402105423e+26
2.926953692623842830e+27
1.441294315347275153e+21
-3.629612552185217810e+21
2.449222720913093847e+22
8.002612595303203524e+22
4.135688828708502215e+23
1.631596617007805623e+23
-1.755663579608384537e+23
-1.561879418660871012e+24
-4.498976089716318714e+23
-6.043906008350751843e+24
-1.588674620507887155e+23
2.103585938908629067e+23
1.571093982245017082e+25
1.387221942563820103e+26
-1.089271014579494014e+26
-1.436488183508842539e+25
-2.662326498921179901e+23
1.339681424028396971e+24
-9.152024412479729714e+24
-1.199016141356351280e+25
-4.072221360008360800e+24
1.554210380651271900e+26
-3.666938584147897357e+26
1.203084367464819479e+27
2.508417761807467752e+24
-7.818272687377902140e+24
-9.023330988939458088e+24
3.330716908670174359e+25
-6.092443119037306780e+25
-4.876520557493902178e+25
8.751787053337190531e+26
2.656917390695505023e+27
-4.366722677888046579e+27
2.929473013797488278e+24
2.914358480055139057e+25
2.579338170520012298e+25
-1.503832007498612514e+25
3.900128024262821523e+25
-1.446000598913211286e+26
-2.817701420624243080e+26
-2.866156126876234916e+25
-5.822072102647149391e+26
6.850573805347863220e+27
-1.572964250101270809e+28
-5.213576815219517573e+24
-9.938787008204528418e+25
2.107425592897733868e+26
1.605631888450189578e+26
2.193480860245467792e+26
-1.351627601918138728e+27
5.853164823235467718e+25
-8.683249773131461107e+26
-1.463760672862357933e+27
1.018928946140465661e+27
-3.018240543202221643e+27
-1.057229607178579903e+28
-3.517630826778091150e+27
2.188122833346884392e+24
3.851820223295846071e+26
-1.966829827009606252e+26
-9.536262143138438918e+26
-2.563045467936669191e+26
1.935886067304810285e+26
-3.238671587586706321e+26
3.059690730334295411e+27
1.773576579692472782e+26
-6.074690029736943502e+27
7.937575845401496725e+27
7.156804508234522086e+27
-1.881022739266929504e+28
-2.396935044928010877e+28
1.300298424857696207e+26
1.243495817671606719e+27
1.706152554652795346e+27
5.281392245960382784e+27
1.762856283136737703e+26
-1.659903233480897893e+27
1.144316943357344004e+28
3.338221525176438954e+27
-3.756146672938114975e+27
-3.908756978757422970e+28
-3.787250964619449482e+27
2.987482318710651790e+28
-2.274098781339161685e+28
2.294305852788774214e+26
5.132409814446493708e+26
-3.611547850827999803e+28
-2.619959497146606160e+28
-2.965713700065212514e+27
-1.040833281644979882e+28
1.199097636953282234e+28
3.016112779901167631e+28
-3.017360566910603269e+28
2.782162406567109964e+27
2.704702456747125452e+28
-5.756381166959639986e+28
4.428099351840375995e+23
2.062362895556991993e+24
-1.148215243270800592e+24
7.512874419453202478e+23
1.487567281218599452e+25
-1.096075160511346133e+24
6.606384304852401650e+24
3.674629328514841084e+25
-1.552239414751321500e+26
-9.630583025696648748e+24
1.896840311472826268e+24
4.175386630317838763e+25
4.311967840348660371e+24
-6.825257638523737963e+26
-1.197597924678738449e+27
-2.297693216152579493e+26
2.710313300931278396e+25
1.210031389146524225e+27
3.769758158966408694e+26
9.274451059524992092e+27
-8.042993525199818824e+27
-2.946691589168288145e+25
-4.919639561577666156e+24
-9.118731687229694657e+25
-2.187633146251229167e+26
-1.788729940832782811e+26
-1.098072307707989226e+27
-1.715975390139568681e+28
4.426837445144204676e+28
-9.773715075128741326e+25
-3.968009482455875502e+25
-3.451837461237705555e+26
2.024565213409895257e+26
6.036189944344385292e+26
6.866861070272148758e+26
-1.792494207798940063e+27
-7.694857189879114085e+26
1.920547199602240274e+27
-3.592232159806732427e+28
-5.005498039012444143e+26
-1.100032467529483130e+26
-8.034058075867128827e+26
-1.271571064478990096e+27
2.145534772589600650e+27
2.729419806113708032e+27
-3.940661490370120318e+27
-8.212469010333542118e+27
-3.671244563648710042e+28
2.491901616776976554e+28
3.251567712679640447e+28
2.454713327428836062e+29
-2.504247374320056088e+27
-4.916391116872602842e+27
4.091855506649226573e+27
3.233908947496150894e+27
6.288114225808929646e+27
7.014760260807122297e+27
-1.962029717347699234e+28
-5.509949253451845023e+26
-2.916400407362287834e+28
-6.834683838248629295e+28
-9.534318903280103102e+28
5.352023379912075815e+28
-1.333975314528311750e+29
1.321980568188190784e+28
-3.579524431537257399e+28
4.275425605301026620e+28
2.203688169311119479e+28
2.458980267205753863e+27
-8.491117583265836145e+28
-2.637180027789705493e+28
-7.411826525787212897e+27
-1.900098974459038709e+28
1.277297237778424766e+29
1.423117597165167764e+29
-1.644918530603067976e+29
-3.891803852721228890e+28
1.808059092811516393e+29
2.288926377338672508e+29
2.608522242254489287e+28
-1.074400455313686395e+29
-3.384920452063538300e+28
3.656586040466413003e+28
-2.653574702558173542e+29
1.824875387080434549e+28
9.891708799912453967e+28
3.241301213631887806e+29
1.476438908772750065e+25
-3.567364879585643501e+25
1.699963931565006308e+25
1.903698251169890945e+26
2.262268423809034214e+26
3.397115854539940419e+26
9.469821281462541994e+26
1.257008576800286414e+25
2.066746563014513480e+26
3.086749184258329675e+26
-3.386905709652331375e+26
2.641440734555024903e+26
1.335782438215595534e+27
6.790979211578101182e+25
-6.665376444096854974e+26
-2.075800293813421939e+26
-1.530516196397325753e+27
-6.329847633318365560e+26
8.302803907115105233e+27
1.789668846977554819e+26
-1.714051745690720088e+27
2.437774890342974301e+27
-2.877396147852336982e+26
-8.578559977725709424e+27
-3.914063128492350703e+26
-2.284951446391797070e+27
9.874921550175420194e+27
1.326235351543615477e+28
-2.921842250967117639e+28
-4.898867963890987658e+27
-3.295696213601263558e+28
3.462808465639908719e+28
6.870473097131097782e+28
6.710598348956187094e+27
8.556255555954666821e+26
-4.561960537358646887e+26
-1.256271577937920798e+27
1.133916979430261735e+27
4.725746529621639392e+27
3.457228556224178511e+27
-9.567008696297133045e+27
6.715961610263636793e+26
3.452630161540475708e+27
-1.896287192275437822e+27
-5.717541466370246779e+28
8.459069163380810700e+27
8.958754075545006610e+28
-2.642273684265672678e+29
1.393520797484787573e+26
1.655499171777102462e+27
1.371196135578167912e+27
3.277171365597084123e+22
9.883642161367567858e+27
-1.682994451800562018e+28
-1.015199495321106926e+28
-1.090285803105561882e+29
3.386976122065087341e+28
3.054792309022972486e+28
-8.002351554385829582e+28
-1.022319273698382730e+28
1.518167123926053265e+26
-1.021789379821465211e+28
-6.433319013021737299e+27
4.129095053361793513e+28
-9.701392792308818041e+28
-2.757459185711743284e+27
-1.209451501599329694e+28
2.128249204650168591e+28
1.287660235472014876e+29
8.216629628546667629e+29
-3.223816732938452748e+29
1.690078116246408894e+27
-1.490182316400052833e+29
-3.206385845157020479e+28
-1.297092392210335817e+29
4.494599508119916360e+29
-6.202741915946993979e+28
2.569408805908291553e+29
9.435786197863634701e+29
-1.661085234402452309e+29
7.093687374366702811e+29
4.073026868403275589e+29
-9.922287874481169866e+28
4.489838173257797323e+29
3.845898144841961695e+29
-2.379147170013471173e+29
1.437762385308212030e+29
4.144041832521039052e+29
-4.745179713613121409e+29
-5.350191051190661724e+29
2.346197879896018296e+30
8.951490416634331601e+29
1.215656454439573082e+26
-9.602228773082927214e+26
-3.486785680645804431e+26
9.170815465618526745e+26
-8.232704646223101089e+26
-4.675277462923142450e+27
-4.140023736895075926e+27
4.492378612944118423e+27
-4.064353057187880475e+27
-1.954521785096053210e+26
2.009845306647673430e+27
-1.318855032648471366e+27
-7.022827577006434099e+27
-1.382237745854006812e+27
-4.145996393490111509e+25
1.207193488014373450e+28
1.450136590502370041e+28
6.261025792073078408e+26
-5.084720212277784526e+27
-1.630204912097320829e+27
-2.980661316310572656e+27
-2.691816501252576308e+27
7.797104416597193371e+27
-3.604797303250574488e+28
-4.036156149374504096e+27
-2.356154350546933170e+28
-4.348295025393310112e+28
-9.134772431939164471e+28
-1.346163893730175778e+29
-4.952810551845849256e+28
-5.151382753479103564e+28
1.401866464163205305e+28
8.599217832386575844e+28
-1.252070012763631804e+29
-1.169103652372008591e+29
-1.486997053997165474e+29
-2.186755300570631251e+29
1.350120306731935418e+27
-2.744668502942334581e+27
-7.880068104423808892e+27
1.711495396101273029e+27
2.024920531853056438e+28
1.251752504814512979e+28
-1.442087565027851437e+27
-1.147229327622327354e+28
1.237026843904875067e+28
-1.381391380821313212e+28
-4.178813648646479503e+27
9.132126891635083923e+28
-2.841265650078287534e+28
-2.984673843978240952e+28
-7.885792753065387352e+28
5.756360795828373049e+27
6.384101888455514351e+28
-1.051216808233367074e+29
-1.189089231627163219e+29
1.431439520279491781e+29
5.937606213203443054e+28
-5.530401047154193880e+28
1.217331140951245351e+29
-4.842459917187562711e+29
4.447537022265490875e+29
-4.178397371876805385e+29
7.566112706115764206e+27
2.721151158548883761e+28
7.433022582687176044e+27
-8.179173504731900396e+27
-2.399699799030056650e+28
-7.198592923924372657e+28
-1.454472305108325864e+29
1.220003060003391251e+28
-3.467313030070147764e+28
1.029988474672275439e+28
3.496979848436957444e+28
-2.386355186790827548e+29
3.954691569289808027e+29
-3.353175365597390186e+28
-1.097341843526147848e+29
-9.254739525873135226e+28
-3.895466235801015389e+29
6.853678467932842523e+29
-4.803695647720766641e+28
-1.476079841518286107e+28
3.416041959476855916e+29
-3.174221142763690237e+29
-7.346139341327367517e+28
-2.966265555477087525e+29
-1.438254197721593012e+29
4.208640354794142936e+29
-9.335624532598090750e+29
-3.800371193858389882e+30
4.490369318678502070e+29
-8.785006787304226970e+29
-5.214950466365900119e+29
-4.468710401894232854e+28
7.987897117214848332e+29
-6.720790213441414062e+28
-1.434444215180271297e+30
-2.575309401369911474e+30
3.904294530137272886e+30
-4.317290191694436821e+26
3.103783908504189320e+25
1.061976058118011967e+28
-3.095220455027197248e+27
-1.664871763067102028e+28
1.568215382560289208e+28
4.883607406198684310e+27
1.875996093108523615e+28
-3.967734264869813844e+27
-7.249185518347489318e+27
-3.652051383916104816e+28
-1.092565958145326560e+27
6.407985988569020460e+27
-1.933254730469395256e+28
-4.014843097313298145e+28
3.011001494357761542e+28
-7.127722065527462973e+27
2.414439009715646392e+27
8.434934492871086387e+28
-1.775221749875405267e+29
2.690411988672732819e+29
1.316498670738456344e+28
1.169731847091946701e+29
7.362289139995619203e+28
-2.144073310993965026e+29
-8.219709237599859114e+28
-3.506205788466660388e+28
-6.094923901126363582e+28
-7.020232377678723384e+29
4.578461413984582684e+29
-2.610506698915481485e+28
-9.362719352519748907e+28
-6.114402656570436125e+29
-2.563585108205816055e+29
7.829214232505947101e+28
2.924487912650140873e+29
-1.568324999577345445e+29
-2.834773739339946884e+28
3.586080560768100034e+28
4.200870311828770855e+28
-5.099670016255250112e+28
-1.066040669278090521e+29
-2.135511990137613524e+29
3.368522204929717417e+28
-1.084377255893066229e+29
-1.008849907953757961e+28
9.839896310534568671e+28
1.386296874438737999e+29
-4.572784590393232411e+29
-4.588997054522801659e+28
-3.760504618211313132e+28
1.948868303319443327e+29
5.842884365160791501e+29
4.884722863191473267e+29
-4.857144816371541428e+29
2.417175421963612804e+29
8.903351877970771994e+29
-9.319564746341182567e+29
5.562412564242023636e+29
9.550399695049425024e+28
1.448190723614471636e+30
4.951940524550434798e+29
-2.169474905918464877e+29
9.370296440191281294e+29
-3.788906588220661208e+29
3.449243229186249551e+26
3.520562449695780547e+29
1.067496495724685321e+29
2.388390731349163342e+29
-1.348595261478124523e+29
-2.093818100157971460e+29
7.478838684114662472e+27
7.691181501353862286e+29
-4.274934782742091898e+29
1.287741798648445008e+30
-5.718853160745933388e+29
1.409069540411431806e+30
4.098742941227686648e+29
-4.600292140056466962e+29
-5.504821261660597847e+27
3.441623347114669259e+30
-4.068995756016467003e+30
-4.850403945440373631e+30
-6.190783975291816825e+30
-1.761799632990440148e+30
1.296860884843791134e+30
-1.129861469183639021e+30
-2.371541269216558298e+30
7.161319682745522095e+29
-3.354882021562170433e+28
-1.484020445500639604e+29
-1.245384265865496729e+29
1.727270948126616243e+29
8.459777290868346868e+29
6.147543663290758886e+29
1.588872838538857568e+30
9.305725122415188166e+29
9.726418538807382867e+29
-1.785119942462817806e+30
-7.208832761510429458e+30
2.586558374343622413e+30
1.361928129756615306e+27
1.351296359985713084e+28
-6.217715805818260263e+28
4.086544038070464709e+28
-6.996721588953000300e+28
-1.975674970618352867e+28
5.193806822501712679e+28
-2.361929081143316829e+29
-7.208849957174316627e+28
4.229010355553448087e+29
7.385998126125716353e+28
2.584215055126610585e+29
-2.733674138214194505e+29
6.652677776218576615e+29
-2.814104284985151259e+29
-6.471503467759955369e+29
1.611666888045876753e+27
2.781507237055349784e+29
-4.531586074703824932e+29
-6.785854901170325706e+28
-8.456228559656905225e+29
-9.994229210082824251e+29
-9.281058110130590534e+28
1.585616219373614899e+29
-1.063375414789259860e+30
-9.954629130743841252e+29
3.860672484535660092e+29
8.696032319937380286e+29
-1.233241298818582896e+30
-1.819454341601744375e+27
-5.713244164273733020e+29
5.387065056634728450e+29
-5.034844165853344505e+29
6.528018337184912669e+29
-9.071278597235043790e+29
1.551212717366045443e+29
-2.802737085484587806e+30
-3.609306807587964747e+30
3.467471714160908429e+29
-3.965874090030768335e+28
-6.323780762232370256e+29
-6.964426442514619710e+28
-2.097151806523968924e+30
1.245358998445959966e+29
1.608986730398567353e+30
4.892856570174793655e+29
-5.670438685297300945e+29
-2.489739087302914802e+29
-1.745087450883969568e+30
2.186549043142242621e+30
5.464526883825720208e+30
-6.810122847742626427e+29
-5.969472127830457835e+30
8.771379718587463491e+29
1.585341470837602545e+30
-3.603195532039137388e+30
3.401644296269537592e+29
-5.868603698191368093e+29
-7.041267429377960381e+30
-1.321276039236632596e+30
2.155434555752335422e+30
4.046197332219215014e+29
6.750970865039156006e+29
1.500327778945091285e+31
5.948780996309328613e+30
7.596419793750597567e+30
1.121562765024929759e+30
-8.107316961784841373e+30
1.254104199911658522e+31
7.708357371037848982e+28
4.817527826543393204e+29
1.350724699326448964e+30
1.278451165556740555e+30
3.460808499294185896e+30
-6.150102793159712939e+29
-1.427347591825121722e+30
2.494671838394192394e+30
3.655786972528936550e+30
1.963394818325182417e+28
-3.744058865648848778e+30
-8.851781425568349092e+30
2.119372456844905467e+29
-1.502740180657367722e+29
2.210808182055639327e+30
1.060574591883883150e+31
-7.995325671022981428e+30
-1.018336332404240773e+30
6.973637356361468321e+30
-5.670997138047340701e+29
4.781030241042022089e+30
-3.053787055167021153e+30
7.493541692787667678e+30
1.302003925860614948e+31
2.422045306100200761e+31
-7.063474309297248764e+30
-1.429351301561464632e+31
1.938986635779438063e+31
-9.863788002254516762e+30
3.100359539190866174e+31
-3.359628326023369847e+29
-2.365894996446203019e+30
-1.806199852904571540e+31
1.615224583217465131e+31
5.432638608831612955e+31
-1.477813559402752206e+31
4.704912408362496035e+30
-9.613991970084444979e+30
7.323431050230308663e+30
-1.198210837376518963e+19
-1.004025501946568540e+20
-8.452385459376239411e+20
-1.563225651939704832e+19
-4.569902808816798925e+21
1.582184884134364578e+22
-1.010856215231043784e+22
-2.273430797913439643e+23
-6.533890993125750211e+20
9.483152914134465511e+21
5.728975307795748356e+22
-4.218217146575768330e+23
5.603883007782144495e+22
4.525413087912125058e+23
-1.159850026128473535e+24
7.792819811116929750e+24
5.513934236493687030e+21
-4.030087672530374492e+21
-4.254598511540350464e+23
8.333173460322758448e+23
4.724869368304821810e+23
4.384938109644470833e+24
-1.297440156928484006e+25
1.500484562950115787e+26
2.647137269388458276e+22
1.636248147516274508e+22
-4.858928669426369230e+23
4.037003542950870266e+24
1.917420169936719294e+24
4.746533445305134567e+24
-1.587888589077453295e+25
1.575914270088549818e+26
-2.412578911540692702e+26
6.426401513829480027e+23
4.363221898566186975e+23
-2.109027824505820134e+24
-3.249949757124150034e+23
-5.531898825116772991e+22
-1.623787805774132875e+25
-1.204160402287091608e+24
2.246193191369557793e+25
-6.491145642766654677e+24
3.258401503442681375e+25
-1.772804844701483533e+25
-5.318108249346042243e+23
-4.560596552393613841e+24
3.887948577314304615e+24
-4.376194957109666842e+24
4.666074408208810849e+24
2.349122102995148290e+25
-7.281185984829842059e+24
2.146522370726039222e+24
-6.769926891799507746e+25
1.648936660695240865e+26
-2.982427873128753904e+26
3.505545494387573840e+26
-8.574194924575327598e+26
1.300777972352168449e+24
3.252287746267513178e+24
-5.854229892854093404e+25
3.778278483801748767e+25
3.740707839395020926e+25
-2.050083039737450983e+25
-5.253543025789880120e+25
-8.523884761874617741e+24
-4.103843366200579797e+24
7.882868875564711015e+25
-4.384581402248427350e+25
1.674685370114375274e+26
1.346674431101444158e+27
4.591114339272667003e+26
-4.888708700284098156e+24
-3.457716052587597707e+25
1.059030630460182317e+25
9.655976284279616795e+25
7.228028276728175479e+25
-3.610033033988293713e+26
4.280500697977820201e+26
-1.069990678605153498e+26
1.396050916234701055e+26
-7.635138716898367542e+26
3.032718953180701664e+26
-1.582469546552185577e+27
1.903772524188999874e+27
7.821396423671404038e+24
-2.552983924856991906e+26
5.278034011748894837e+26
2.133349468611133177e+27
-6.152577260007383264e+26
1.013906592113075945e+27
3.746782329325493933e+26
-8.173740454199040126e+26
1.242585235065880591e+27
7.009469879807692026e+26
-1.518386471284483020e+27
7.666904017597157927e+26
2.924972076324244528e+22
-1.114360967799846480e+23
-1.656990809347883794e+22
6.271931016747391176e+23
-5.858812729412212511e+23
1.289977109987132990e+24
9.352713808118719657e+23
1.116471837150309234e+24
-5.334550401859647007e+24
8.507105765330958435e+24
-1.068761849876034083e+25
1.141099146695769785e+26
5.717790918069401089e+25
-8.635947441227982398e+25
-1.432251126344970939e+23
1.247929502960912555e+24
-1.864025180833465064e+25
2.308228055255353902e+25
3.962393052458801676e+25
-4.985399435440478860e+26
-1.421192113686650258e+27
1.482495474848995431e+25
4.148786955871393667e+23
7.244498342667872790e+25
-2.813900512175576117e+25
-4.477253137961043007e+25
1.866401281804167360e+26
7.615420576031986022e+26
-9.707544628802431731e+27
6.143561193605801802e+25
3.533760041796287239e+25
3.203200931058691428e+25
-5.877934920407224383e+25
1.806800286125299097e+26
-5.276610038572177770e+24
1.172178452034402149e+25
1.350996417324111732e+27
-1.291524424457582191e+27
-3.361639502706940348e+27
4.676123783327966315e+25
-6.705138980042470885e+25
6.590107178570123455e+25
-1.983346999738894821e+26
8.372859419551265503e+25
1.604446873863266348e+26
5.889107768205535081e+25
-1.868871340366057359e+26
2.271061446360889219e+27
1.341139385291571367e+27
1.089433946030328262e+28
-1.618360836857408815e+28
-3.118117078235439753e+26
-2.566269373208758597e+26
8.749126595050603541e+26
4.170912454689730084e+25
-4.103458102559324089e+25
-6.849381982573310785e+26
2.385081199013379289e+27
-1.443841372230296928e+25
9.281401453330369353e+27
1.685531746283155659e+28
4.927214828816084575e+27
3.687702553207271258e+28
1.566761012249326532e+28
-1.280330027088842083e+26
6.576822385974978058e+27
-7.009133511189943465e+27
1.336652053156788138e+27
3.287621744645045841e+27
4.955553293485113032e+28
-1.583253221374064254e+27
-1.712103067954985471e+27
4.216987465944183559e+28
6.087081184429131782e+27
-1.425282794631669350e+29
-3.956648830643365003e+27
-5.138187241600255062e+26
2.138483871546133318e+27
7.355912157124341264e+27
2.977085776748835765e+28
2.475701312684313646e+28
-2.066276712763368405e+27
-3.764364079471097771e+28
2.243293730560998760e+28
1.151364013291747680e+29
8.251357948612902298e+26
4.301935376425091970e+28
9.702496409844073974e+23
-4.538777871825960629e+24
-2.189407709106662106e+25
3.226021572527746472e+24
2.168558432132015813e+25
1.343646829485385849e+26
-2.012874218107874581e+25
4.654482954048534574e+25
3.790044961866540511e+25
-1.142196243629211495e+25
-6.255865687013751986e+25
5.155397558180237091e+25
-1.271905736083389455e+26
1.373598928434331362e+27
-4.793559307895831711e+26
-1.909158569047016698e+25
3.576876269203241161e+27
5.623316785231118313e+26
-5.227040178551519862e+25
4.631584029933748665e+26
-2.397905239951233183e+26
1.323223062417213061e+27
-2.201994682512651473e+27
1.908769819500977067e+28
-1.039374164914212687e+28
-7.276838889080914732e+25
5.575507500591448951e+26
-1.183083449363593881e+26
-3.941054110697891648e+26
6.442476952003918428e+26
-1.178656809738462257e+27
-6.733244527131442487e+26
-1.712961157613284380e+28
2.938019035878389052e+28
-9.352402710665200157e+25
8.001652976298495803e+25
-3.683865770644706314e+26
1.097141704345005657e+26
2.684054761217223720e+27
4.481439703021753182e+27
8.506144349923933022e+27
2.532527367008362245e+28
1.134206051060839458e+28
-3.856768945782345987e+28
-9.435928772156950259e+28
1.695704731197803241e+27
5.147128840094333629e+27
5.140760691774067738e+27
-4.604972896621079833e+27
-1.366159792877971390e+27
6.533997603499090366e+27
3.504971514979009804e+27
3.026425934919744777e+28
1.618838675963114902e+28
2.181612190142735899e+28
-2.015581835368809129e+29
7.897101705972720663e+28
-1.431398451460142941e+28
-5.507590651293852082e+28
1.150845314934386884e+26
-5.034853599256498229e+28
5.767243399965566068e+28
-1.348191665625327037e+28
-6.655833819823946939e+28
-6.773034585440333547e+28
-7.285316113042268791e+27
3.832310505743062129e+29
7.601166558957601453e+29
1.007694998872919261e+29
2.244151484219341205e+29
6.886983656906048821e+28
6.935316900785393062e+28
-1.665003346925315068e+28
7.119112214129747569e+28
4.807397363743643435e+28
-3.363983824878620804e+29
6.048807732041395256e+28
-3.741059719791154168e+29
-7.905264374134963486e+25
1.290906347962827493e+26
-2.465489882757134744e+24
-6.710919969566245839e+25
6.996847757467655979e+26
6.039860727739116141e+26
-2.963682710275800106e+26
6.571930986627627381e+26
2.123632839912589526e+25
5.117463790937582774e+26
-8.615194801789582018e+26
1.684562958950551896e+26
3.196277959851854880e+26
3.652215909073877268e+27
-3.032618945704071158e+26
1.172058274331383035e+27
2.091912852410033157e+27
-6.341768457965597405e+27
1.812985426664093196e+27
-1.400419220449035293e+27
3.075393616325523739e+27
1.110208839861409415e+28
1.138148665736126985e+28
-1.874453568278455430e+26
8.240299018893737017e+25
5.353382784415992411e+28
1.047643448209550146e+28
2.701609504798689889e+28
1.553657089265626588e+29
4.791369048978834362e+26
-5.525821136783500546e+26
-2.363563727553355864e+27
3.818805261394212431e+27
-8.460306494132836305e+27
-4.213909338760353569e+27
1.473712186894466014e+27
9.663296494625432972e+27
-1.498110564679651763e+28
8.312138856952672185e+28
-9.500660592380929935e+28
-6.408156370586217839e+28
2.509254331041858617e+26
-4.961164696362030495e+27
-3.294576957575840167e+26
2.734933638112999366e+27
1.406630431288935260e+28
1.496488946681596153e+28
-1.246860097796518137e+28
1.261895051940875641e+29
7.584021199116959625e+28
2.734652592998286804e+29
9.608551578240382909e+27
-2.449209437793592230e+28
4.604048847286990007e+27
-2.549631961675082108e+28
-1.773907521369818278e+28
-2.504210204369596233e+28
-9.205883260436876007e+28
-4.391870746980771120e+27
-8.764906140322517988e+27
-7.409951374025633495e+29
4.388148975391343137e+29
7.450814666408900110e+28
-1.681179227221855779e+29
2.381235065938032526e+28
2.641024122680103926e+29
4.130017825004967236e+28
-4.404371209546424748e+28
1.767938336169208376e+29
2.103795209433837126e+28
-2.657286022684616148e+30
-3.376005163289609664e+29
6.791666104488019755e+29
7.988725183316695938e+29
5.290194581149652618e+29
-1.831890525219978741e+29
7.695017065182349797e+29
-1.110779290582953226e+29
1.725872049681025216e+30
-1.204829414601835790e+30
-3.185772842117133842e+29
-2.910798883333463037e+27
-2.406990491034626524e+27
3.472393991966624587e+27
-4.249420464710715839e+26
1.126694568767086145e+27
2.132248044903017556e+27
2.676255520712382398e+27
5.120901192338359611e+27
2.073249681163799356e+27
-8.622320927897467408e+26
2.006547778434681953e+27
7.902541079614777325e+25
6.506067850587676421e+27
-1.802197809337183398e+28
1.410683237595063999e+28
3.203580635441773524e+26
3.293274936491684745e+27
4.483773997813233290e+28
8.186502010390296300e+26
2.349584873374292154e+28
-2.636189346361385797e+28
-1.122732849864622396e+29
6.672159725176110664e+28
-6.558057320020896649e+28
-2.723308261198322061e+29
-6.164780102945706308e+27
2.399498595672911104e+28
1.495558300578053525e+29
-4.796769630904997589e+29
-2.371846539301336329e+29
-3.741110007023047003e+28
-2.266606954557705642e+28
7.664620032346697250e+27
-9.907646820140151648e+27
3.699935967780308169e+27
9.854674569781876332e+26
4.097366542024234728e+28
-6.261867081551317483e+27
1.150898265997897256e+28
2.091319866147079642e+28
3.585205911192719101e+27
-5.094365924043088760e+27
4.498931478270576334e+27
-1.040532730108057650e+29
-7.914964887930947204e+28
-6.263869310337783938e+29
-8.613889742531863063e+28
-1.337781714081698929e+29
2.994186926398073401e+28
1.074181229631836321e+29
-1.143648673492235823e+28
-3.468842428846418682e+28
4.763732264526196613e+29
-2.455576909201164776e+29
-3.114666804654580692e+28
8.633747582709970835e+27
2.578132599618481244e+28
-1.033099643141303045e+28
1.722126419948708839e+29
2.657029198132157456e+28
-4.557153396472301113e+27
-2.581193593049660511e+29
-4.014592771398070502e+28
-3.209644594207593365e+29
-1.131249339867661044e+29
4.663201408575302466e+28
-9.008042385251107111e+29
2.621421097416250180e+29
5.543088561089594920e+29
9.358572394139362193e+29
2.886079300360703709e+28
6.718252230950190815e+28
6.446899320599269273e+29
7.800172781993435931e+27
5.387564761978500171e+29
7.772373811016982985e+29
1.079107694490572465e+29
8.516352834494103479e+29
8.067409873731704899e+28
-4.571138837169785460e+29
-3.583677493613351871e+29
-1.620937324586113724e+29
-1.420808910408788408e+30
-7.627328458638136974e+29
-3.212704987216234843e+30
3.953528556818209969e+30
4.068108105876435247e+30
-1.131133425149030566e+28
-1.379893881022862006e+28
1.197638482429237373e+28
3.302794036177545168e+28
-1.012389486160232261e+27
1.246805045800203264e+28
-1.363786374596125259e+26
1.595092469615872548e+28
3.134736038280771465e+28
1.475702240541003072e+28
-8.629582774917322791e+27
1.425483935156740109e+29
-3.483176669256781074e+28
5.060637655253863622e+29
8.270990511666096973e+27
-9.507901890481171419e+28
1.608227913870320430e+29
-3.773979026910227771e+29
-1.328468685377739216e+29
-4.658299573685771171e+28
1.085089642265943598e+29
1.912515061961573213e+29
-3.919495302352006339e+28
-3.699368976288141404e+27
1.986496301390631757e+29
7.283001346209017707e+29
-1.260568789831571255e+30
-9.541452712624114044e+29
-6.885035950875490471e+28
2.818847593512995274e+29
3.263990032766088579e+28
-1.078811159537347619e+29
-7.474106694802870811e+29
-1.134032015024669740e+29
3.800783883044491109e+28
-4.603879249511793829e+28
-9.466957177271395087e+26
-3.271570948141633331e+29
1.394281298965505432e+29
-1.039334888677795514e+29
3.005084320664985899e+29
-3.303865971121118227e+29
-4.891342214774358186e+29
3.094571453597212788e+29
6.055370037579859442e+29
-5.945272660801989300e+28
-1.246186540374174228e+30
1.489137131464235701e+30
-8.195449713989024389e+29
1.337000225598114489e+30
3.612174825351709836e+29
6.587487605933082190e+29
-1.454659941612110787e+30
1.500962167104768410e+30
-5.155610189846877734e+27
-3.707702554928547118e+29
7.316782035038742413e+27
7.516575032610285109e+28
-7.708764009341840704e+27
1.091846063461056856e+30
-6.466362150049595438e+29
2.184638212494848587e+30
1.317511522586056765e+30
-2.641437367114263671e+29
-3.023594885447627532e+29
-9.221788032217016761e+29
4.335482855855241663e+29
-1.627016647319968930e+30
9.236615091725861010e+29
-2.872143983067719107e+30
4.661443049383131434e+30
3.608504321862215922e+30
-3.109652972592254353e+29
-6.016258420763292100e+29
-1.064315096883918104e+29
1.936974045575026346e+30
2.446031932543242699e+29
2.507748549065644956e+30
-4.327570210646491345e+29
-3.407379007417114444e+30
4.852748801723249952e+30
-3.063378113974078880e+29
4.002057063806246196e+29
4.450943453621905027e+29
1.307066623458999488e+31
1.582728135689579318e+29
-3.302797805828644879e+29
-4.354334669735203412e+28
5.442329228298688526e+28
3.295346769007875098e+29
3.852981671508111916e+29
-5.179956595383801974e+29
6.788999416014257398e+27
9.750463871953554065e+28
-2.289613862734970582e+29
5.746571235661786952e+29
-7.183854097307721984e+28
1.452299582292392931e+29
-3.722368805396683711e+28
1.381889038006633423e+29
8.152925248674782387e+28
-4.692965568297155271e+29
5.204400901408638578e+29
1.604418225122407323e+30
-5.549996823084316502e+29
6.729934254315456177e+27
-3.180878138564868918e+29
6.420251615175406099e+29
1.555432932065701775e+30
-1.598899576815634790e+30
-9.545538680423133557e+28
-6.533034590290993818e+29
3.950942026801999082e+29
-5.244540732512277554e+29
-8.538555752645307372e+29
-2.266487009007182662e+30
6.915018567737256650e+29
-2.689835519060238259e+30
-1.623238704350897289e+30
1.604952359021287599e+30
-1.821008866903989345e+29
-4.100592397260457187e+30
-1.052571892892520404e+30
4.233765866210065716e+30
-8.492199697681796200e+30
2.571916025395302017e+30
-3.021033597937017259e+30
2.952717814490426449e+30
-2.082535040147933578e+30
5.844679793065429348e+30
1.123919475628838563e+30
1.745563586017364591e+30
1.628085392743258701e+30
-8.637974140055691162e+30
-9.586331401851305847e+30
1.997198432882694241e+31
4.859916945477749240e+30
-1.009238334613935577e+31
2.097014589559903249e+31
-4.580048794958004123e+30
-1.942288161103856206e+30
-4.119692605247680683e+29
3.507019078188075692e+29
-5.857393799974724228e+30
8.765999941930298414e+30
1.284864144732950545e+31
-1.042959962676255945e+31
-2.989533426073150529e+30
-1.198116351153726593e+31
6.805204143759989138e+30
-3.918976449200878076e+30
1.606380727074548881e+31
-1.172418592772845126e+30
2.115487905442277064e+31
1.778692030729063266e+30
