2.926909399311600000e+16
5.161671727363127296e+18
3.052317553481097216e+19
-3.568650156203815076e+20
7.117831195276500009e+20
-5.809791141452973081e+21
-8.308263954207205229e+21
1.270357860626690422e+22
-1.281999255313422326e+23
5.088595127123587072e+18
2.258538813048232018e+20
5.391518111132944433e+21
3.227450843120808231e+22
8.224733952270578116e+22
-1.919163249239012462e+23
-5.169985652889663989e+22
-2.157944173679471258e+24
2.801520386310699896e+24
-1.527381105091676078e+20
5.903730763232875381e+21
1.257795694984978602e+22
3.379265588914376671e+22
-3.517790360745126060e+23
-4.555172286503244844e+23
5.424693059592268584e+24
2.827673972835239169e+25
-2.356637550571514246e+25
-7.243780268585600942e+20
1.430634204720006378e+22
1.760040888250127887e+23
6.062766459371932929e+22
1.530076424512534038e+23
-2.133046441530771101e+24
1.054955218242269142e+24
3.578824866297566716e+24
-6.001684063424427637e+25
1.080681144651732723e+26
2.093267424849592320e+21
-4.267331709058450194e+21
-8.215602208112382470e+22
7.101597037521461492e+23
4.680975023378538273e+23
-3.005246815844798824e+23
-3.902175218746195117e+24
4.489368556825580719e+24
1.465992854764845090e+25
2.995315611969470841e+25
1.962547184699681908e+25
3.239826521754321464e+26
-7.706281756096631669e+21
-1.084737795591090565e+24
-2.069435317461648656e+24
7.793074516384105240e+23
9.900640426341772831e+23
-4.111232759753703837e+24
1.468355409789350593e+25
1.987111957066920116e+24
1.405295526081931088e+25
1.026170238674749298e+25
-3.800135856298895021e+24
6.411245767452261467e+25
1.820751420722588067e+26
-2.710470537315521117e+26
-2.522225088730727291e+22
-2.931629666819147588e+24
-1.687605105224532349e+24
-5.173643664796233616e+24
1.897189787294306952e+25
6.200411903090980683e+24
-2.362252359267464319e+25
5.510102143201113379e+24
1.699560689906667837e+25
-5.344679691989156570e+24
-3.181302962161553850e+26
5.075809077848940192e+25
-4.895767735468550708e+25
-1.010582009548024297e+27
4.342902813439376659e+26
1.476549618534595365e+23
1.778141345401112015e+24
2.852300143332705840e+25
-3.644265062543705452e+25
2.000265228882425571e+23
-3.483433294667122765e+25
9.785422561699534459e+25
3.488200558671383797e+26
1.294511886658307399e+26
3.371461844416429305e+25
-1.235989454148768701e+26
-4.126910406226038830e+25
1.493598824057970837e+27
-1.875001401458384880e+27
-3.618535998071852100e+23
-8.106180699708631711e+24
-3.445851049392810177e+25
7.932938409759107635e+25
1.406488036006902948e+27
4.272827738713332300e+26
-2.607939198499120943e+25
2.877758049998685662e+26
1.001313867376047375e+27
2.825264590120125773e+26
-6.763595510872047170e+26
6.466953831767166051e+25
2.796960342046656200e+26
-7.730300438866351882e+20
2.894656918431119442e+21
2.501692822605266944e+22
-8.171120765445605425e+21
-3.638158752987557659e+22
-4.628363927410964850e+23
1.735663992286382723e+24
2.298740660640210424e+24
-2.593732230504154084e+23
-3.770834570832242960e+24
-8.154574619851041555e+24
-2.088440673310531861e+25
7.779339502616967245e+24
-3.342718403757858272e+25
-1.292989199747727844e+26
-1.103724519349794941e+26
1.539312052076820824e+23
-1.032052131310566956e+24
-2.184473063555217375e+23
-2.192747374693741613e+25
4.489206132866236391e+25
2.119891240790428007e+26
-1.355397399185280219e+27
-3.211360571888218436e+27
2.537788723037666393e+24
8.206396971959820629e+24
1.906727951507531171e+25
3.937670936381010493e+25
-1.401429162708862095e+25
-2.495239317378996774e+25
-1.928136662077548256e+26
3.287602798165896584e+27
-6.525456883698978373e+27
9.485824830452683319e+24
7.268083178107502583e+25
-4.778968355811953561e+25
2.394955316044409396e+25
1.151151148403919435e+26
4.814019550328626903e+26
-1.306493001436269306e+26
7.371549904082053494e+26
-5.842784876189583436e+26
-7.668281439434464049e+26
-3.301981373313725723e+27
2.609938976985091132e+25
-4.925294509250388949e+25
1.058195064126596541e+26
-1.516172587143075979e+26
-4.725486893788991676e+25
-4.588670740154941057e+26
6.358936281866299245e+25
1.545536504078188074e+27
1.588543825819815299e+26
-6.483013611890395954e+26
-6.287731365480195222e+27
-2.012466937210554981e+28
-5.022745445113966875e+27
-5.082803755164241825e+24
2.140854523721782133e+26
9.363876804280466420e+25
1.054401951983807333e+27
-4.263119336934512616e+26
-1.086651287703178339e+27
1.090553428237898783e+27
-2.930110505558405502e+27
-1.634685655340904286e+27
-1.242905598751819848e+28
-6.029771055456958273e+27
-5.601046349651675557e+27
-2.146818310950925602e+28
-2.633749455986815996e+28
1.440032940688453089e+25
4.480144023561844176e+26
2.954865088236092795e+27
-2.723844859984436998e+27
-5.092961761918694279e+27
1.626250812861673644e+27
-2.462204730941678830e+28
6.210222506813947518e+27
5.370994990375978349e+27
-2.216122123214410055e+28
-1.329440125601864487e+27
-3.281546780190249651e+28
-9.269917421988636811e+27
4.061364452313820276e+26
9.613588614028662595e+27
-3.124871805113446551e+28
1.950912727492520996e+28
-1.218682193120341138e+28
4.082727504316242766e+28
8.677374742209412863e+27
2.687973826925885439e+28
9.050734895237362604e+26
1.818548186154054079e+28
-5.236898763200855930e+28
5.932678609082740303e+28
2.837821540598211139e+23
-9.067974138114972813e+23
-3.999318463581750794e+24
1.187526108353580715e+24
-3.462522823641560408e+24
1.116612325313094584e+23
-6.932333371075773738e+24
3.613946802961403775e+25
-3.796165245477262800e+25
-1.707410626635279477e+24
5.054775571504203477e+25
-1.705120115991785422e+26
3.682293643161455007e+25
-3.042598802134835192e+26
2.435288199025985978e+26
5.741240989790977318e+25
-1.970020660534050931e+27
-3.156243960549223054e+27
-1.090301881861268687e+27
-2.786989846875448534e+27
-4.711802748879312166e+27
-5.590604575704028188e+25
-7.054041808643462365e+25
1.462992724643727802e+26
-3.659402850439657018e+26
-5.824648244919458190e+26
3.348611507346929675e+27
-6.340375951892597544e+27
1.272998556441196757e+28
5.349698673420519281e+24
1.019916201190499190e+26
-3.765181830805254760e+26
-4.417707361103967261e+26
1.473117770228299469e+27
-3.758737053793474760e+26
2.792700250451656690e+27
3.180072249291158718e+26
-4.066865267302656440e+28
-3.543325926537256137e+28
-4.672160193566224477e+26
1.905630669377776281e+26
2.504005814308519551e+26
3.210834886532924724e+26
5.510691042285583677e+27
-2.826885612070712642e+27
5.648266748908663663e+27
-4.781000946405821185e+25
2.762201198098523825e+28
1.293267611954405596e+28
-2.064411883644255603e+29
-6.351805925174700978e+28
1.139195772441255179e+26
4.739666761926601067e+27
5.052053579476534112e+26
5.922287061807483908e+27
-2.215829552198677976e+27
-4.214457655045442833e+27
-2.190849150501483160e+28
-7.025792914690763286e+27
-5.012102750496592781e+28
-9.070609760831824330e+28
5.314178745932258033e+28
1.258206330691956739e+29
4.138840976676035122e+28
-2.438714114328599037e+27
3.315968996113214217e+27
-4.127408204974731402e+28
-2.993429571992322972e+28
5.629723061983810364e+27
8.454902159606892940e+27
1.198365488927969768e+28
2.359477920055463510e+28
1.257788535108841414e+29
-4.353932988758994701e+28
3.704581368148595613e+29
1.810367085719906265e+29
-1.581296665208526987e+28
7.612402874211670487e+27
1.010254664272933551e+29
-1.106555246213572786e+29
-1.047133349580803710e+29
2.452691654261736443e+28
5.319034062077575068e+28
-2.722517846327975514e+29
5.214876286022021871e+28
-3.094864408884826945e+29
2.871284408876781967e+29
-3.942866188316467320e+24
6.356325200649860336e+24
1.412452573942870912e+26
4.134941588714200638e+25
-6.634772909854256167e+24
-3.118569089388568784e+26
-3.998076791480475927e+26
-2.271409598902469416e+25
4.520447946120263813e+25
-2.437139275047230646e+26
8.417195024750848679e+25
1.144910459949684468e+26
7.815594174727933631e+25
1.218182195628153206e+26
-4.932965947063079093e+26
-1.868658266707813956e+27
1.249529295851426872e+27
-3.351240226774366107e+26
2.174286967980045114e+27
-1.987569607140278518e+26
-1.521635083205389425e+27
5.726431364001773878e+27
4.488865298507866463e+27
1.733755244097746386e+27
-3.640798791514013236e+26
7.542487902220303443e+27
2.607282384579266967e+28
3.261438047354866817e+27
-3.879266376088582044e+27
1.401819771857389759e+27
-2.790542826690230766e+28
7.117598419094978318e+28
-8.851617813378886570e+28
9.614215260022496316e+28
-1.242415844880027190e+27
3.454182633434413714e+26
1.547390652166318883e+26
2.144935622694628749e+27
-2.878202033612660789e+27
-5.547667100264652827e+27
8.202028608348801397e+26
-5.489534385441851091e+26
-1.198595722150486637e+28
-5.109191881906894498e+27
-1.588781774165574718e+28
5.204959664840838801e+28
1.532993400489677347e+29
-2.486851432395628553e+29
-1.255705219170993254e+27
1.103109133746039606e+27
7.805274427502150989e+27
-4.140878989947138459e+27
3.486495650886611994e+27
1.912678299048425058e+28
-2.880884508169007808e+28
-9.340119262399419386e+28
1.004919050152937548e+27
3.228776909328686713e+29
-1.587182692246691032e+29
6.877456850887081084e+27
2.370017574052854754e+25
8.418697189107978339e+26
-1.352108251265394785e+27
-1.974186730363227624e+28
-8.113614234538057464e+28
4.343861595879250990e+27
-6.673140350410910407e+28
1.621772488227729793e+29
-8.777867865436831894e+28
6.677753025077201105e+28
-1.986481365671542465e+29
-4.465085227855897912e+28
-1.835287633421997874e+28
-1.381695398481355869e+27
-2.707748744625106435e+29
-9.645558759319862013e+28
-2.761526716671843502e+28
2.411622381083089436e+29
-1.180158047117612882e+29
2.822684324917548232e+28
1.024335449525396857e+30
-1.042694231544296798e+30
2.516282568654133311e+28
-3.162588151434282005e+29
-8.580412367305081185e+27
4.797597317311809384e+29
6.938804539712985567e+28
-6.548519396226733906e+29
1.301674356261222740e+29
-1.729979740135063766e+30
-6.788351066236438394e+29
1.630462376236064175e+30
-7.867822495898761162e+25
-5.083127511515602782e+26
1.122728861806206564e+26
-2.264727177240374503e+26
-5.923578347558837537e+26
-9.168567736725532714e+26
6.730705804620171638e+27
-3.189600895700775941e+27
-1.086135753095752018e+28
5.607245522259743324e+26
-2.863464759905418807e+26
-2.461050699818331233e+27
-3.904773666246445971e+26
8.368712062347106662e+27
-1.602304677498577552e+27
1.647224673510000951e+28
-8.469761126203661584e+27
-8.123695414606288803e+26
-6.372996208494652098e+27
-1.335047614039474211e+28
1.266158715682135431e+28
1.409443925435011182e+28
-1.591286382479692557e+28
-4.006360263899678312e+28
-2.369375454682053782e+27
4.076313661290966515e+28
-5.675541501324930653e+28
5.295358484346579494e+28
5.315188697080457389e+28
-5.357776785288484963e+28
1.846857928020271991e+29
6.724572357314829630e+27
-1.438616548099656764e+28
-3.739712191998855731e+29
-2.186660556892183838e+29
-4.297105064239975154e+29
1.575278952687425515e+28
-5.827566397736306737e+27
4.829459700612204252e+27
-1.685782136233701249e+26
-3.249029272640845798e+26
-7.864674961187006015e+27
5.750188681261470917e+27
1.945420955230342358e+28
3.962390581027108184e+28
2.861220237625971153e+27
5.615277440888774900e+27
2.922106900080150179e+28
1.125235536935655438e+29
2.440075930808794026e+28
6.026666538375531725e+27
-8.635695536959557355e+26
1.081143561453873289e+29
-1.230661761660146685e+28
1.963687082629504450e+29
-2.232777487630392726e+27
6.113312050920231242e+27
1.631134760831507080e+29
5.099891834517361955e+27
-2.725571341516464125e+29
-1.084852591379437218e+30
-4.851286189178130807e+29
-5.511359292774228108e+29
-3.437863817244537830e+28
-5.595731320895545548e+27
-1.503594057810742203e+28
-1.545139815220198194e+28
1.177619337282965391e+27
3.677370953026398940e+28
1.103191008390913404e+29
-3.474816468639315173e+28
-3.368749101457558347e+28
-2.653413245481888713e+29
-2.473711407558269172e+29
-8.447252031750339986e+28
2.774552628033642525e+29
-4.316530701886404427e+27
-3.606348206259275958e+29
4.716550186285175834e+29
6.699140462226662678e+28
8.744144600740159652e+29
-3.416876733848898419e+29
-9.654296244343438583e+28
-1.614026461041402650e+29
6.957273512353753234e+29
3.781574369599932816e+28
5.874500294328353254e+28
-2.806180791618898276e+30
-5.190664484261741077e+29
3.996921284520979430e+29
-2.157304992128035585e+30
-5.381021299228495680e+29
8.849370985371957211e+29
-4.603751349449024686e+29
1.503676603067745650e+29
2.792468707794693047e+29
3.485164175993553804e+29
-1.230064442678688550e+30
1.284457347345320379e+30
1.337526435486559310e+29
6.184501585585431396e+26
1.232665526029914997e+27
1.085408106529449065e+26
-1.097889358997057326e+27
-1.012340978047920558e+27
7.818953072217552568e+27
1.131804679746736208e+28
7.933321371154235996e+26
-1.942270407038710561e+27
7.444452261590865752e+28
-4.440045499296712731e+28
-1.890914585023690503e+27
-1.899290634125320579e+28
-3.234913441639166685e+28
-2.979313765575766957e+27
-2.361280239882917388e+28
7.554647885441953028e+27
-9.465492844539611336e+27
6.554823548323210500e+28
6.394148490514403639e+28
-1.950104472062790816e+28
-1.441219186513672710e+27
8.791649488658747724e+28
-2.177331743881508037e+29
-3.756758703908943648e+29
-5.397129516481031364e+28
9.978100509660738700e+28
1.921107121046080529e+29
4.223555102854149907e+29
1.169474702015240768e+29
2.213036615533959783e+28
1.371612489430722671e+28
2.192839047615625304e+29
2.100288643188780492e+28
2.801334903460943583e+29
-1.104900993246788386e+30
-5.694722777173444970e+29
1.317248318273564937e+28
2.502160783828613944e+28
-3.629489187590222274e+28
-1.153366567020065103e+29
3.135325996274595120e+27
-2.418412989382860043e+29
-2.587797127348187470e+29
2.652111130400762189e+28
-1.821309365357968547e+28
-1.919824143234076641e+28
-2.153963446701808138e+29
-1.422674391590868641e+29
1.710462425542339396e+29
8.557880529398349163e+28
2.508080095060206834e+29
7.550346074418411717e+28
3.833113493236800488e+29
4.954060607485856725e+29
1.356400666485992009e+29
5.397442436077796927e+29
1.791781064752192111e+30
1.667749049596407649e+29
2.631209909449252702e+29
5.162281481076140884e+29
4.668430097709344555e+29
1.768484358839513728e+30
4.207571308618116075e+29
3.108159699987935609e+29
2.226068207793206332e+29
4.936220822836934129e+29
1.277113548710327120e+30
6.241492382712989782e+29
-1.423939155067839739e+29
-1.651852664935428173e+28
1.272530518918057499e+29
-2.055530064030126515e+27
5.677279496624786121e+27
-9.488101400961441625e+29
6.073458706339209715e+29
3.077627140907210582e+29
-1.415151577540654783e+30
-7.423296488681372499e+29
1.304617674220851844e+30
1.784882847584955486e+30
-7.515701545310333598e+29
-2.374318310570509754e+30
6.028524940830313707e+30
-1.194683333245783558e+30
1.887848784425966987e+30
7.476151826133305842e+29
-2.434383881843103440e+30
-1.632788908444769683e+30
1.889901859468536745e+29
-2.558344820832992017e+29
-9.101783624545235235e+29
3.580863006801324009e+29
1.044373292322217419e+30
1.222938892015500969e+30
9.701235960743559982e+29
9.407259975888567693e+29
-5.273422036376739719e+30
-2.734185797852642413e+30
1.908616400445018580e+30
-1.759597736399992090e+30
1.062627970065767965e+27
-4.901594373886274350e+27
-3.355240547182753774e+28
-6.340380649158126274e+28
1.251332260694873076e+29
-2.969086743787756291e+25
1.632216702031063313e+28
-1.123810828461158188e+29
8.939114277412656364e+28
5.220418606611112345e+29
2.151997897959868660e+28
-2.777552558987788094e+28
-1.332298400579089361e+29
-1.038573240979547714e+29
3.444857874329358796e+29
2.442257042487395171e+29
5.214550410680405646e+28
-6.431695470964416485e+28
1.392976757966347875e+28
4.190902852595776611e+29
-1.001885658228759210e+30
9.063140330003269051e+28
5.553096104947324693e+29
-2.443225409794641573e+29
1.465303609214120604e+28
-5.320535188968613850e+29
5.271994808079721294e+29
1.071422894210750405e+30
-2.141891540324061497e+30
1.295748414217597362e+29
2.567920295359093083e+29
2.328166251968398001e+29
-3.281793710894499527e+29
-1.721489803441072803e+30
1.188169350699138533e+30
-1.586836989352014850e+30
1.467530262486962131e+30
4.363240423289289761e+29
9.693067038148378145e+28
5.601945291525594647e+29
1.671073620130505776e+29
4.666151736544895076e+29
-1.477086859309096452e+30
-2.569526830562462620e+30
-1.102970412393672542e+30
2.184011603895324641e+29
2.469878493566640011e+30
2.603993119780630711e+30
-6.359589064568209497e+29
-2.576050412953499837e+30
-1.574026313341601483e+30
8.858988624290380930e+30
-4.231491102055576188e+30
2.667037040163788952e+30
-2.660576914517963501e+30
2.055667331709286534e+30
3.963113568183350211e+30
-4.426172491327327506e+30
-3.464851615403289773e+29
5.244687643690771600e+30
3.111887948818716712e+30
3.823419351102700727e+29
4.028566262562369926e+30
-2.420457376250202176e+30
6.525480894547319746e+30
9.253218737224168111e+30
6.724708890907953513e+30
3.847887632331271244e+30
1.014166646637914246e+31
7.633855326019081946e+28
1.826599623861096105e+30
-9.869788382706833271e+29
3.193892701381086057e+30
3.250520782690114408e+29
-2.462470730234369844e+30
-8.199004747683865865e+29
-4.554870905187400133e+30
4.622101849715614255e+29
3.726970667724312603e+30
5.305199146829096975e+29
9.601812641401410468e+30
-4.277156434277022056e+30
-1.117325104617450251e+29
8.423490201556751589e+29
-2.170383735587762950e+30
-4.954628340679833814e+30
-1.560824866923221344e+31
7.991303188769875975e+28
6.514684012457971400e+30
3.350522951945845849e+30
-1.753785068929481410e+30
2.642784831631621592e+31
-3.234564130912899423e+30
-7.106199643914349965e+30
1.245042590262135909e+31
2.234860179833394936e+31
-1.716052549450846216e+31
-2.249907659504365054e+31
-3.908109398909871508e+31
8.359239968349456344e+29
8.038491011475825572e+30
-1.853764976818543893e+31
-1.529959572113412383e+31
-8.838296557454280556e+30
-1.524847907901196037e+31
-1.644180258420468461e+31
-3.801332823349802844e+31
2.620207152169058567e+31
-1.150905906424269056e+18
-3.366547849971277824e+19
-2.519771080092612690e+20
2.245368165116609823e+20
2.214434794223878013e+21
1.401908223599764413e+22
-1.362896648715969443e+22
-2.480588554870625350e+23
8.907892928871391232e+19
-6.999921047943864386e+21
5.545919061825676116e+21
-1.112109046059163137e+23
-1.306401342546191141e+23
3.830840224116436369e+21
-3.117533654545624719e+24
8.133506271130717415e+24
3.026562911498000138e+20
6.953910785171140903e+21
1.874864901793713456e+23
5.157984627001247022e+23
1.028338241857497411e+24
-9.296418481836561982e+23
-2.675164818732290203e+25
1.063807644911931330e+26
-8.219815071112100839e+22
-1.544771202194766771e+23
-6.236810543601635715e+22
2.773674960524973168e+23
-1.980885430184255915e+23
-9.926386833894702380e+23
-3.814521921144208956e+24
2.653305614151615527e+25
-7.700793629529125714e+25
-1.222051162928506795e+23
-1.963573845178901647e+23
-5.265283039277985342e+23
-2.293967481215882793e+23
-1.542582840952085258e+24
-3.303120829596434860e+24
4.565693305115552113e+24
1.024465984340807782e+25
1.076741366731015823e+25
3.483336726486504215e+25
2.167073352822478057e+26
3.493797102710251250e+23
-1.037501743751435651e+24
-6.333248343343075898e+23
4.047441225419118728e+24
4.141448523383283642e+24
-1.632876963145370200e+25
5.122810381756288257e+23
-2.856899678852816067e+25
-1.954038246350034076e+25
7.133743512339460304e+25
-7.101526943164482061e+25
8.186091998291134998e+25
-2.027957131510123188e+26
-1.197828906678108763e+24
-3.143212896681874579e+24
1.290491179996099616e+25
7.747551200999690025e+24
-2.229441223776724782e+23
2.143011447959869268e+25
-1.419681090118344528e+25
-5.968918630809692820e+25
1.783894337101686919e+25
-2.865680298532885496e+25
5.858761761958164677e+25
-3.153438371183277720e+25
1.743645525177299397e+26
8.921178573151938755e+26
9.446605297296154011e+24
2.377962924635645854e+25
3.317207918328769935e+25
5.789137666414444865e+25
9.917180948192291741e+25
-1.994751371967850214e+26
-2.971633518891114576e+26
-3.153549931283787146e+24
6.492114175783724108e+25
7.486358476703507626e+26
-1.033029943172627730e+26
9.886433596938800417e+26
8.639381878688549157e+26
1.415667139464351146e+25
-2.582808769104176672e+25
-3.328121640328890635e+26
-1.187534753136434553e+27
1.221442021228055273e+26
-1.749462384498048738e+27
1.088212086282740915e+26
-4.103070370421474889e+26
6.687613220330341592e+26
-7.216886255260828973e+26
-5.257447993177600561e+26
-2.103690719838687426e+26
-2.724249571168997710e+22
-7.560101836878717229e+22
1.440912746053325396e+23
8.559566576916749007e+23
1.541553735103293325e+24
-2.111512851346163338e+24
-1.393618281576523226e+24
1.758559234284620242e+24
1.290813144877454395e+24
2.963849574718689535e+24
2.530817175995135281e+25
5.996231678961487115e+25
8.164216041839873656e+25
-2.553390292367012005e+26
-1.310686330418482444e+23
-2.179133148385334977e+24
1.011810851348172904e+25
-1.455696289529416269e+23
-2.656571596147826282e+25
1.645911378815219582e+27
-8.879422231235504000e+26
7.839041015493141232e+23
-1.241745329721728218e+25
-6.284278612580550558e+25
-7.013149699656168576e+25
-1.906519674700587147e+25
-4.323681490401269511e+26
4.815472960349389760e+26
8.281997168129900432e+27
1.063008896802305215e+25
6.580552432153096889e+25
-5.043095268978717582e+25
2.348527613077868132e+24
3.882621645256846134e+26
2.438480962909266190e+26
1.861447623712673306e+27
-1.400380923411915352e+26
7.277527446449688039e+27
1.463467558484729422e+28
-1.020034685450182684e+26
5.053350475106179216e+25
2.548673211928326774e+25
-7.258315620095641187e+24
-1.012707843868093917e+27
2.080707579847916612e+26
-4.852554990019321423e+26
-5.013091970281578674e+26
2.977435362993773101e+27
-1.240757172924021406e+28
-2.085974563549258278e+28
-4.203224296687893788e+27
-1.466363447171730041e+26
-6.384570482967657430e+26
-1.666865772516042813e+26
1.145486751700830628e+27
4.163905389124940605e+25
-3.613300994934849960e+26
-8.102079415715768732e+26
1.663370758120595577e+26
3.786439698926522757e+27
-5.125766229998196042e+27
-1.086128083203637197e+28
5.511261432168608987e+28
4.213891655831678285e+27
1.574883373501284335e+27
2.651605050677194193e+27
3.022913938848536464e+26
-2.143757810097122054e+27
5.194723363248766882e+25
1.174967113328557963e+28
-7.361185274949321323e+26
-7.800371010653307786e+26
4.507951143132863252e+28
-6.159621260541794837e+27
1.337934585346916429e+29
1.404105880562286460e+29
6.496823220599898664e+26
-8.912877661779081849e+27
-1.884753883393932497e+28
2.560829150612562433e+28
-1.655957559694685281e+28
3.237734933372754464e+27
-5.084363766937892773e+28
5.121273619360058268e+27
-6.018835808052190779e+28
1.692734982437465936e+28
1.226924833282690528e+29
-1.289670051551854461e+24
-1.271118709985884271e+24
-1.831886461643157852e+25
-6.185440661112930527e+24
-8.791745811752690683e+24
1.142960944877721061e+26
-1.941366293988218635e+24
-1.852654341584420411e+25
-2.560597656986813030e+26
1.866719538855108465e+25
9.016216906696938500e+25
2.516786625827275076e+26
-5.381252524266060670e+25
-5.516419929742549170e+26
-1.714407291969596580e+27
2.492862870915350260e+26
7.070294326927585765e+27
-4.979202196300834765e+27
-1.790255583274644593e+25
-1.349700346013455006e+26
2.405133590259999032e+26
1.290745911390167942e+27
1.790284360745899127e+27
4.215036898945215467e+27
-1.537040534480253963e+28
-8.528052850180774734e+25
-6.031345463705629932e+25
-4.675009083171603429e+26
-8.699875985444364889e+25
-6.514947415021659290e+26
-3.771023104341900676e+27
2.264139195168523177e+26
5.672343120728992380e+27
-2.079108565536591466e+29
-1.314774151896376944e+26
3.518670962444715336e+26
5.496898660719086674e+26
-7.322086977537797897e+27
4.870560355625275783e+26
2.902787569137307177e+27
1.278185895097966633e+27
1.657015218547912020e+27
3.983403634847574167e+28
9.042530402593751791e+27
-1.239013088714828209e+29
-1.450604408339468039e+27
-2.099932621959231491e+27
-2.113956663974947338e+27
-3.537937191227683075e+27
2.594433290199996722e+27
-2.442687438175831112e+28
-2.161473095627386766e+26
2.479594604751875417e+28
1.547895311032843065e+28
-4.852629461108252088e+28
-1.020205679328475188e+28
-1.883555926618167154e+29
2.879543575803098448e+28
4.345454103568071494e+28
1.703374711452898928e+28
2.817241727412758962e+28
-2.310686600076205389e+29
-2.799346019101176945e+28
-8.209048339849847824e+27
-2.795110962901651704e+26
6.974409699902067489e+28
-1.828618051293218598e+29
4.309771074195962619e+29
2.231175021946661591e+29
1.469910296494880826e+29
-1.531541373155654730e+29
-3.213153295225981141e+29
-9.653569786659133394e+27
-8.957894216403143846e+28
-6.165909818203122647e+28
-1.389594504030137553e+29
-1.686489722835930971e+29
-1.142644119804595556e+29
3.117390430754148954e+26
-1.647256060474946724e+26
2.059873567504626248e+25
3.372049635673540600e+26
4.511938715069386407e+26
-2.643539294447283997e+26
1.503281889573162536e+25
2.591169585075547745e+27
3.734923793105838588e+25
-1.343075415979784071e+27
-8.101917901299902816e+26
8.993847610874571180e+25
-3.327618970829880921e+25
1.106009955385077526e+27
-2.652640386011237426e+26
7.034872346800939210e+26
5.147297009633087233e+27
5.531566948359919807e+27
3.370811185584165762e+27
8.985484815907033585e+26
-1.974143827827954865e+28
1.439094610628272301e+28
-3.587941750760885527e+28
-1.323805250790380075e+28
2.932298554640203061e+27
-2.640141507977792249e+28
1.091098572845857518e+28
7.320741757364297138e+28
-8.194839214498616596e+28
-2.323664740744326950e+27
8.275921236261451601e+26
-3.722511775461226170e+27
1.290044807704738557e+27
3.308529343335663640e+27
-7.691556863337958587e+27
-1.473133245500550219e+28
-4.927481508903647697e+27
4.538886849127706777e+28
2.749503520732264595e+28
8.151283014847834262e+28
-4.714129170083681936e+27
-4.134465826218578611e+27
-3.906195397893632999e+27
1.372188819508887841e+28
-1.601399369610482021e+26
3.447456310904295382e+27
-1.581806624752621833e+28
-3.940821559914604424e+27
2.628042594146376306e+28
-3.737509148231327144e+29
1.352969540220088382e+29
2.927480080112011538e+27
-5.116995712667758050e+27
-4.992177298261653311e+27
6.461589986453987749e+27
6.333314200461689787e+28
3.604623053145887713e+28
7.427059190630386121e+28
2.113990775175893845e+29
-2.382389888496339355e+29
2.178139580648988973e+29
2.209857248211681940e+29
3.357478211580771686e+28
7.413890693365683425e+28
-1.918824727234734471e+29
-1.929131435914490544e+29
-9.351816437901650402e+28
-1.958259085185869792e+29
-5.922537994398528710e+29
-1.992030872076441980e+29
-9.110031039355300303e+29
-7.129492649161792235e+29
5.315413903632235124e+28
-2.455441553151604659e+28
1.045357182494306006e+30
2.404831450464145788e+29
9.473909933490681315e+28
-1.048739129235896266e+30
7.028735357287420507e+29
9.326852253361807814e+29
-6.581330842160463724e+29
-2.679738525636153333e+26
2.914929074200323400e+26
-8.717513864588752969e+26
3.112330712456153256e+26
-1.616905933076570224e+27
2.586790312143071213e+27
-1.602007618621184055e+27
4.420446201921383494e+27
1.483981951592039232e+27
-1.561386296348172941e+27
-1.209531908457157722e+28
-4.687094137944628428e+26
-2.202345183338725926e+27
1.022710424941481252e+28
-1.878892786759695820e+28
-4.829068105441467986e+27
7.526769802968901607e+27
9.302868200239049523e+28
4.173467427397140135e+27
-7.663833688482512150e+27
4.538728508290502917e+28
7.390862966117387979e+28
3.402790248569286968e+28
1.675382269356200388e+28
-1.257118686046308553e+28
-2.417395549654675687e+28
1.130288751461836155e+29
1.663147854717999131e+29
5.362543991818337732e+28
2.344737376171065819e+29
-3.626855909234513740e+29
-2.720667400668127521e+27
1.686062773997729175e+28
-1.394810914519166349e+27
-8.065741046540845635e+26
1.569154361149633883e+27
-2.293850201828504557e+27
2.119353017118435973e+28
1.871868239695843681e+27
-4.730428532212776257e+28
-2.397734219578665489e+28
-2.290458196653181140e+28
-7.028890636500538496e+27
-5.481041858723164539e+28
9.775380006985667920e+28
-2.160815583344033028e+29
-3.457617970697758067e+28
8.480128129619662190e+28
1.398467986037157795e+28
3.055363550702460700e+29
-4.963662724695653303e+28
4.326702148236007076e+29
6.991223591737709694e+29
-3.801033491829139223e+29
4.696972065195671941e+27
1.308023981727059374e+27
-7.902006731804431987e+28
5.596752525582127534e+28
-6.473781927248388820e+27
-2.133109920183248663e+27
2.574856550188946141e+28
-7.808892450255197384e+28
1.301471381122315586e+29
-7.564265886715976476e+28
-4.439216139630184928e+29
-3.889898137228668875e+29
7.022245774024993278e+29
2.559066212191299509e+29
1.629838795033725352e+30
-1.025770648007814674e+30
8.583459119509638647e+27
9.651717512769340467e+27
-5.701023022834686841e+29
-1.714824216698902064e+29
6.042546944416763961e+29
7.021129657095662293e+29
-8.359768257797661661e+29
1.311641637254573221e+30
-4.357414860102858352e+30
-8.417164500419645693e+29
-7.389545077019261077e+29
2.331878173022364330e+28
-8.062778984483144698e+29
-2.397443242184074327e+30
-1.506661899210803641e+29
1.380583809629705650e+30
9.166181744794357164e+29
3.338497033116727275e+28
3.355236827860378607e+28
-1.030236507185395066e+27
6.794558976621856649e+27
-3.662556336796680561e+27
-2.392871686786361390e+27
-9.650729835263550803e+27
5.311773623819904117e+27
-4.268612989165749613e+28
1.040286446707783325e+28
-4.017232474650740799e+27
1.131581177431983119e+29
-1.713097709344385335e+29
8.821401342910108284e+28
4.628211629032958534e+27
-6.045905814350391770e+28
-1.087432039103453017e+29
1.909556303603633212e+29
1.052098241907408716e+29
2.319329727116618529e+27
6.667279410596754509e+28
-2.818011135111884878e+29
-1.010836297832452530e+29
5.600168300504562240e+28
-4.329030491161215122e+28
-4.567443220376671024e+29
8.530570598431751895e+29
5.375680225454959386e+29
2.755522996694552029e+29
-1.166148615167218050e+29
3.055315966767071041e+29
3.993032326319977273e+28
-1.697300451983351305e+29
2.541252953886243074e+28
-3.178597103192354435e+28
-8.581211103399223898e+28
5.794886796440770862e+28
-2.511193529000057374e+28
-1.270362593057197899e+28
-4.263270993683704929e+29
-4.697535317158420503e+29
-1.641401333545534445e+29
3.815441904310962942e+29
-6.396808331273342480e+29
-3.234417532612365859e+29
1.703084048165650794e+29
3.274654038191874352e+29
-1.300667044792568230e+30
1.427078231777788525e+30
2.425188308297471391e+30
8.286780325770288446e+29
5.766057646955068101e+27
1.673068552277722300e+29
-2.164284551771422179e+29
-9.531663726107942867e+29
9.569146433439869056e+28
1.417494274221492939e+29
3.919531677370354428e+29
-5.508843968077196899e+28
1.065331495149169645e+30
-8.356051499491925285e+29
5.142604526876500564e+28
-2.298205625623504935e+30
3.958066598880042511e+29
-4.155878942274670001e+29
-7.283741995802814528e+29
5.662538197676643669e+28
9.019418347193043129e+29
-9.755419848504793396e+29
-1.114991879786839936e+30
-5.329785241125890123e+30
-4.870999791328036242e+30
-3.489284333397552548e+29
-4.131846253549286370e+29
2.334588049163750777e+29
1.784022261988461745e+30
-2.466313724845194117e+30
-1.700216897311084914e+30
-1.138058316496905091e+30
-6.572697546690423023e+29
-9.739817123586307858e+28
3.662062103448941624e+30
2.953339763012954171e+30
-9.942705694700492228e+30
6.173530879142086269e+30
-4.872471547340896352e+29
-1.888578221612828685e+28
2.309430438691135156e+28
-3.582267929340171012e+28
-1.073584924158010284e+30
-8.238847063140286440e+29
6.494066226571396939e+29
-3.318719514153286720e+28
4.981625670589632659e+28
3.490963747808654755e+29
3.738188866760891514e+28
-3.090314769033028210e+29
5.251054497792769988e+28
4.696189891579484224e+28
-1.313737280667879778e+29
1.111936979614425648e+29
-8.446975513803598797e+29
-5.108747001366867757e+29
-6.940882652446003555e+29
-2.507836859066728389e+29
6.527624153983022453e+28
-2.079149616893192202e+29
2.718324622611962177e+29
-2.084558725540834325e+29
-3.267606570037169740e+30
1.155734526150561474e+30
1.286548879156693450e+29
8.154287883491589727e+28
-5.509516080467253040e+28
3.100984724380053136e+30
1.520324314610275631e+29
1.274615514187946360e+30
2.823332815916300519e+29
1.581299635174187593e+30
-1.439983956676139862e+30
-3.029786066454215520e+29
-2.737474240098936233e+29
1.871195892211113037e+30
-1.749152966206072398e+29
-1.144090230603581505e+30
-1.749833034939680560e+30
1.221537835648139903e+31
-6.559796315792619006e+30
2.486772285470548261e+30
6.233191091579213026e+30
-6.496165596072521272e+30
2.443535448780887544e+30
5.603442304736673245e+30
-5.306970862243370712e+30
2.970107907088759732e+30
-1.893442923540644859e+31
3.419533249598202058e+30
2.135849041507296287e+31
1.328399795582751639e+30
-1.293849301622027429e+30
-5.097514622860650018e+30
-6.070818153874694663e+30
-4.072945542625105211e+29
4.876539654211232351e+30
1.051661798240431058e+31
-6.633318206360589977e+30
7.878227222129433811e+30
8.868534974051865463e+30
3.379795954035451600e+30
-4.456305634266323558e+30
-1.089383278722976412e+30
-1.938004931961320766e+31
-4.570919357251007495e+31
-3.291650638895767554e+31
-1.001542800516026290e+31
