-1.746832106030864000e+16
-7.516613305513570304e+18
-3.665430978555218493e+20
2.453046650064525066e+21
1.405363173725145924e+21
-7.992249177347265135e+21
1.653136110201563670e+22
1.035019281187424635e+23
-4.486431096412289420e+23
3.977786426319642624e+19
2.277555777603116401e+20
1.219636948978143697e+22
-2.969786953733612398e+22
7.115321373294049257e+22
-1.315406422305293059e+23
8.581536492430749786e+23
-1.722515305890938639e+24
-2.656984002493223610e+25
-1.078928338768045146e+21
4.378743837861993251e+21
2.126937620867865641e+21
1.210629280067538293e+23
2.020933284539921913e+24
7.262815299027750690e+23
3.105916632816180445e+24
-1.235439189944829278e+25
2.901005163139554747e+26
9.273175470905250284e+21
-8.300998148984511293e+22
-1.078005172758159504e+22
1.617853122331441763e+23
5.204830617259413120e+23
5.796715371599206214e+24
-3.408809136673164343e+24
5.143296547629426918e+24
-1.688754671091210103e+25
-3.376444526055530374e+26
1.295073931586221638e+21
-7.091914200386297009e+23
-1.904915869163742034e+24
-1.543954009420231344e+23
-1.236796093385338501e+24
-2.303858939892538049e+24
-2.344259951648352469e+25
-2.376843433587666298e+24
-1.950216704119259025e+25
5.396098635284628698e+25
1.220947150853393381e+26
-4.902087854957901024e+25
-4.404871553205831467e+21
-2.263852431762937768e+22
-1.142228509137140160e+24
1.498164808996026491e+24
8.748503999517034948e+24
1.817504520236006881e+25
4.953040490845936685e+25
2.874371306614804781e+24
-5.306869875535178434e+25
-3.386130134765792170e+25
-2.142708644989408776e+26
4.864815382577318275e+26
-7.065068960054518171e+26
3.198771156477533118e+26
-3.077289722786135146e+22
1.613074867450029269e+24
2.791038378034007412e+24
-3.977000769714682197e+25
-8.626088880028237800e+24
2.333070595332624648e+25
4.295240534090015230e+25
-2.759594374056180185e+25
1.147452279245084608e+26
-8.644929305406776002e+24
-3.194208555793464853e+26
-2.667983740647533158e+26
3.161691755841315548e+26
-7.723922841015108816e+26
-4.309395703330813439e+27
4.959463901374460451e+23
-5.024091381365620903e+24
1.133868336581220460e+25
-1.315133220091808660e+26
2.376395673878991618e+26
8.391557565589171047e+25
2.445040423889741375e+26
-6.217154249519359950e+26
1.509713308546748802e+26
2.614835688925979895e+26
-1.082203007382771696e+27
2.557492337609678612e+26
-2.519267394094478174e+27
3.923872994758183050e+27
-2.503015753420975899e+23
-1.904051909336694932e+25
-3.924610056942743909e+25
-1.836578743785608024e+27
-1.404235589827826177e+27
6.986263051183559079e+26
-3.274252112187353563e+26
4.272139532683961660e+25
1.508457365025507396e+27
-3.147452901348809810e+27
1.546266067669625480e+27
5.035119067540030991e+26
1.184330731663868935e+27
-1.285225757839930163e+21
1.051239757079260430e+21
-1.402449265293448656e+22
-1.826805630231860467e+23
4.293287942956430351e+23
7.935300239458324552e+23
1.809116879230714511e+23
-4.621162335016797161e+24
1.721268162143318698e+24
-5.371324488485599810e+24
-5.137278060670276124e+24
-1.071259798014244858e+25
-6.607021515376533980e+24
-2.250738223940723012e+25
9.896781898875233929e+25
-8.815047474363864464e+25
-2.777704594401603984e+23
-1.474347787631209466e+24
1.234775685745990619e+24
4.271134291009140305e+24
-3.748084101797873484e+25
6.156037680342152929e+25
-8.476417939243409587e+26
1.356263440182277586e+26
-4.751565804781812184e+24
-2.741958876588454755e+25
4.409950057014397554e+24
-1.828678708610415947e+24
-1.213615496548134498e+24
9.748619169431798551e+25
-1.104693903506490798e+26
-1.852304137161292903e+27
6.477658340770919954e+27
-5.118685465294098055e+24
1.553290403204173733e+25
9.007772515000432861e+25
5.390683888787775783e+25
5.999770606392726494e+25
2.483460592216123993e+25
-1.828408545516119125e+26
-1.160658473112978359e+27
1.573308837558161510e+26
-4.098252424012887102e+27
2.492833845412088804e+28
6.403523064476099695e+24
1.069401897013820807e+25
-8.170532101612494395e+25
1.020216025006648486e+26
-1.073743664762585861e+26
4.407163054955827308e+26
-3.961300181129841576e+26
2.930766417109483525e+26
-6.829586797715944868e+26
-3.728606071193584205e+27
-7.176235121128648811e+27
-3.439275691479742552e+27
-1.881604803151731738e+28
-1.161073683359825887e+26
-3.114171374463662496e+26
-4.993704373112409154e+26
1.315576937575733947e+26
-8.839763291518314009e+26
-2.676616861717471123e+26
7.161784560999200551e+25
3.996157306260865367e+27
-6.957291744340873847e+26
-4.363924361531418238e+27
5.356869114442157942e+26
3.344186835107848047e+26
-9.170680761479965872e+27
-2.597360960958272553e+28
-1.927252173434609020e+25
1.914401338672324927e+27
-2.967855980060964981e+27
-3.514478092586663834e+27
-7.334413281915264689e+26
-4.091823136731495759e+27
6.522918978709007044e+27
8.938148893865214037e+26
-1.903339758732333399e+27
-4.033075773047785409e+28
1.446142955987524630e+28
-6.355135060546427808e+28
-3.635831716881745084e+28
-4.790943737594194404e+26
-1.298776747855747569e+27
-2.322985864333775188e+28
-2.049111659738048474e+28
1.746963333688742359e+27
2.414218746257528067e+28
4.516579639356151739e+27
1.102207760885789782e+27
1.928839044871680716e+27
1.573022015857929078e+28
1.294138651703764783e+28
1.457555327416178458e+28
-1.589944048510850438e+23
1.663037413176297820e+23
1.426750735632916780e+24
-7.934370205916515617e+23
2.412223041545066364e+25
5.060257806019167787e+24
1.081162794716471704e+24
5.791363519373099376e+25
-3.492543858518413503e+25
3.043519763096729763e+25
8.763435112428639967e+25
1.008284110976715391e+26
2.409726124042411692e+25
4.621271075878001147e+25
2.685013508462082689e+26
2.527456232206134187e+26
1.550840009527766027e+27
3.400521726854613206e+26
1.464222782073252965e+27
-6.626501919711419570e+27
-9.149671207662879782e+27
-5.581168789912894904e+25
-4.052737323180156963e+25
1.371459361182433433e+26
2.118682204353408813e+26
-1.718174398299767268e+27
-2.741697880491004959e+27
-2.230452326124735348e+27
-3.100147265895187922e+28
-1.209635882519029398e+26
2.534146628577058924e+26
-8.915713216872816468e+25
1.765309376014495280e+25
-1.406282967661482487e+27
-8.556172198247533165e+26
3.366346951864924617e+26
-9.510433949850123476e+26
-5.365557671665094136e+27
-2.647198531704836732e+28
2.047730487330471299e+26
9.618630350807237954e+26
5.660507704391344776e+26
-1.145094941435217372e+27
7.017833153245283270e+26
1.653320656400269426e+27
2.807305183271366362e+27
-8.703341765537085724e+26
-2.892114687448417020e+28
3.363408460981623493e+28
-6.020197265397901352e+28
6.486688993356497749e+28
1.125443739478553326e+27
-1.505190999496450472e+27
1.028390044490588291e+27
4.867790939317046034e+27
-1.644266680091952072e+27
4.057798735467959888e+27
3.038177799125097912e+28
8.345776761486329401e+27
2.766499836758133851e+28
-5.364387391614685071e+28
-6.757094733799220534e+27
-2.169152400968625211e+29
-1.579747528893473219e+29
-8.950736521549535661e+27
-2.686858770052579982e+28
8.064599476204584217e+28
3.077099792251123715e+28
5.077289801097872851e+28
-5.212588589413504551e+28
-2.743480025434395597e+28
-5.678807839135626875e+28
-2.753437130632606391e+28
-6.796724541144146894e+28
-5.743316132744169624e+29
2.069983403618237304e+29
-1.552816218860149352e+28
8.070733610185207766e+28
2.156971465297659877e+28
-1.227438884878626759e+29
-1.456212122463551077e+29
-1.592312792368868655e+28
9.808175522607905086e+28
-2.301930214343422168e+29
3.924659470594234008e+29
-5.499376040610389183e+28
-1.351499227526582284e+29
4.763253685885415027e+24
-1.535881412053293479e+26
-1.072352316752460236e+26
-3.519774696226093511e+25
-1.388438768620804168e+26
-5.927602040580137269e+25
1.214274900312968691e+26
-6.755893923731935694e+25
-8.533996163474626042e+25
-3.512334053699763204e+26
-8.469271222754097572e+25
-6.183960047989743765e+26
-3.942334218592624114e+26
-1.999865040282897764e+24
-1.454585599243646078e+27
1.094754459611023467e+27
1.092040386140430656e+27
5.842537647886245267e+26
-6.596859790230305626e+26
2.350580940171226143e+25
-1.368488812127499524e+27
3.924621110990945202e+27
1.335333837828873749e+27
-4.800322927580285988e+27
-2.316281275456694272e+27
-4.934356223753025185e+26
2.618580574372688215e+28
-3.425900052160373840e+27
2.991913662320683983e+28
-3.800442103766385750e+27
1.646988660781394873e+28
-1.325697031131588891e+28
-4.807633338632462065e+28
-7.634751928545761417e+28
3.361380952625202534e+26
-1.836810663469513904e+26
-8.141562392851206701e+26
8.330589800483707716e+26
5.054634437812297172e+27
4.872924566898471134e+27
-2.371808638466223596e+27
3.407155658507836848e+27
1.067934781458801321e+28
4.283915262666473661e+27
-1.025929593070951655e+28
4.557833032191913942e+27
-8.033200495182987214e+28
-1.943144603971763113e+29
6.790332625811439630e+26
3.343955294852491423e+27
3.182123925863143167e+27
7.384219177579379303e+26
-7.208155904522711186e+27
-4.048689343326241853e+27
6.017712923414015310e+27
-1.091848481395477770e+29
4.021661010481870022e+28
-2.301179943103736326e+29
2.179761782281227834e+29
7.073176232631985789e+27
-7.490089433976284785e+27
1.460929130154418813e+28
4.861127705618437823e+27
-2.545823591106485246e+27
7.248609283559405806e+28
-1.920472413134356284e+28
1.569133197361240748e+28
-2.365621099807415823e+29
2.355676878784224100e+29
-2.365449586607139934e+29
4.778152755805819621e+29
5.640944601279776592e+28
2.429381306878360831e+29
1.299070189305310760e+29
-6.042181043154692611e+28
-5.394014801908518699e+28
-2.894257202079088618e+28
1.336964491011492756e+28
1.130544171422595947e+29
-9.903062936059547877e+28
-1.848106003572013277e+30
9.996975260690995942e+29
-3.621161408329077547e+29
-6.631662466887924941e+29
-2.535184798910639503e+29
5.829643946602664304e+29
-6.775229244779230438e+28
2.528592848293712209e+29
9.415075513503355083e+29
-4.369042182708077685e+29
-9.868609688674760627e+28
-8.713570326320174923e+29
-8.947812814348378343e+25
-8.018565987501333634e+26
3.812705428976083513e+26
-1.482107400585368928e+27
2.303502875102026110e+25
-2.774084851798945757e+27
2.269741841191499628e+27
-2.468545914460406687e+27
-1.288893441264450933e+28
-1.836874073366915674e+26
-1.038646452399190589e+27
-4.829276854125405785e+27
2.448559124330179589e+27
2.023739900171900545e+27
-8.498486296974043570e+27
-2.026875281312949464e+27
-7.279616674434349136e+27
1.502768967511219100e+27
-3.815792928525914408e+25
-1.131925402700237715e+28
6.462654284646723864e+27
9.810684717965681417e+27
1.823211207007937229e+28
1.723970898817882185e+28
6.403063730532401676e+26
-2.231097413284055415e+28
-8.309814191741743814e+27
2.565839041163088812e+28
-4.669371925291758006e+28
-1.118316375513489544e+28
2.394479883474637378e+29
-3.034206716943078868e+28
-7.008716368524040480e+28
2.278291505360943847e+29
3.054185209582963725e+29
-3.419323009700168062e+29
2.217091932599092734e+29
-9.304781912929869079e+27
5.100253476026721862e+27
-3.182651593408193713e+27
-1.060658914169042063e+28
-4.732963989606262130e+27
-1.799532888371684769e+28
-4.971022425376567858e+25
1.981773434368940816e+28
1.705202285930776195e+28
3.708858047127709087e+28
-2.584579880334059503e+27
1.235861642820156286e+29
8.369404740116907775e+27
-7.354990173003778068e+27
7.554459560479817335e+27
9.046322964806246992e+28
3.207669984104416779e+28
-1.976643035306862664e+29
9.810375272760655180e+28
3.762660640018987666e+29
-1.148823296282697654e+29
1.690718278296429591e+29
-1.364703694864049546e+28
-2.064723387616663014e+29
1.552035047977352652e+29
-4.332577483547430190e+29
5.992917661650614402e+27
2.101486377061950840e+28
-3.991374566871155293e+27
2.338706633464897123e+28
1.976285388357034548e+28
8.440510358520777354e+27
2.696745794402979182e+29
-4.156268460569250026e+28
2.503535471512554903e+28
3.030819093612984578e+29
1.338395046756093673e+29
-1.126668060157474410e+29
8.795359053016244264e+28
-7.124849642426964421e+28
-1.245034776083926796e+30
-4.647766511079889953e+29
-9.830679129861468454e+29
-5.186090900868761036e+29
-2.745031026822252157e+29
9.488924389790711262e+27
-1.876340061834126093e+29
-5.528576133742987680e+28
-9.684003627100570584e+28
-1.095043194626390859e+30
-7.184084691792810872e+29
-4.073881960169315593e+28
-2.287121120114473356e+30
-2.001709423336407479e+29
8.462897957196358766e+29
4.950766493686831472e+28
-1.076912520232135641e+30
3.380094506275082860e+28
-6.354193537083760784e+29
7.810708536635704240e+29
1.368658321799397407e+30
2.119817682325531322e+29
1.266472300943452710e+30
-6.932066992079025991e+25
2.278000775599578094e+25
1.237921771321792788e+27
1.062742098509974081e+28
-1.567202472724485895e+27
-5.346324086885510226e+27
-1.089369502064531050e+28
-1.899431758911912734e+28
-2.260686958053772776e+28
1.250761891688610086e+28
4.824213123009075620e+27
-2.201268786128543036e+27
1.781190588269454576e+28
-1.005282053094368841e+28
4.141379082339255062e+28
6.022924830752487610e+27
4.569649007631899600e+27
1.142504811484950223e+28
6.899504022183729154e+28
1.218850525089520287e+29
1.013828507584226462e+29
-1.709976319431402401e+28
-5.790639012172069370e+28
1.207537106837302257e+29
-2.923917198264508319e+29
-2.259761350480487782e+28
2.499264597762363674e+29
-2.366918777306141336e+29
-1.132504407009650257e+29
9.112681203725976205e+29
4.342466037735329012e+28
-2.176254021265358746e+29
-5.680680061817959695e+28
-1.215050398538626908e+30
-6.351075365060852300e+29
7.149239341381573408e+29
-2.243852465225852776e+28
9.114230770684006075e+27
2.713129001922410960e+28
-1.673485801942599738e+28
5.565985695643335567e+28
3.562283778683460099e+29
1.328421686553672143e+28
3.436589130857449359e+29
-1.127696475862837985e+28
4.773461229649929124e+28
3.168764393706956761e+28
1.388475728553332321e+29
-4.012304652465576877e+29
1.594572126962618835e+29
2.486496106227255068e+29
6.992811772851948830e+29
1.570419646582797001e+29
1.485371010187878206e+29
-1.772151739736105926e+29
4.160167884028056550e+29
-2.033149456075889257e+29
-4.617662116183294967e+29
6.173180418380450286e+29
1.468407160040171327e+30
-4.081662532699380918e+29
-1.838864612508722176e+30
2.078221585237620348e+29
-1.762472439006710795e+30
-3.336791593689542247e+29
-9.487406711941091615e+28
-5.069186508499183223e+28
3.084101146511491874e+29
1.944556550982174780e+30
-1.190055564124167415e+29
-1.091828025760314669e+29
4.178524441774795988e+29
2.499557506723962035e+29
-4.311091787124361114e+29
-3.147788269643420605e+29
9.178427351173431763e+28
1.358325110463047984e+30
4.697778218218384716e+28
1.193998621162355317e+30
-1.109177071764630317e+30
-3.274502288842410304e+30
-4.553479357851925252e+30
1.853979841393636060e+30
-6.537528217507211845e+30
2.318126483557197484e+30
-1.279368191246116393e+30
1.226043954117248926e+30
1.653797206891430725e+30
-1.852659956376294274e+29
6.036048313606457189e+28
-1.755013118510479461e+29
-1.751214068929767976e+30
2.696509525122635458e+29
6.577131487197319854e+29
-2.202418802353988264e+30
4.107380381862813935e+30
7.447204080437679507e+29
3.525384621376137910e+29
1.454623081005272295e+29
9.357692434802131136e+30
-3.997106648724694783e+30
-2.115183219687862328e+27
2.394582709526775358e+27
-2.307165125836744072e+28
-9.039432676134582592e+28
-2.880406115756292654e+27
6.539097188254258925e+28
-7.048851031356371578e+28
4.827282915897439101e+28
-1.332539038717012326e+28
-8.335025267845713382e+28
1.570131065503678797e+29
3.022812420010459635e+29
-1.964644510556285319e+29
2.376160379415448254e+29
2.959990443525325699e+29
-7.723463862462681689e+29
7.060999238773801608e+27
-7.390277357774987569e+28
-3.035446510072533559e+29
8.113340481015720177e+29
-4.093496508078179905e+29
-3.359110392032424435e+29
-1.108210889074129647e+28
2.074320389354774258e+28
9.780770157759314484e+29
2.442139129071543028e+30
1.840812648809171152e+29
-1.977540758661004256e+30
2.571762908783605444e+30
-1.630975839347004528e+29
-4.521281633252037951e+29
5.529832654985526199e+29
1.865320724046837761e+30
-4.381054155353353831e+29
2.809896939401663454e+30
-1.268266367033358660e+29
-1.966633479082965963e+30
-2.514736531631079016e+30
-2.031669515670878858e+29
6.130157047559272404e+29
8.066110199440178835e+29
2.196626464154110894e+30
-2.556835847522088023e+30
6.436774778504645881e+29
-2.021247421826630961e+30
-1.350839217599812993e+30
2.577746610670390039e+30
-1.599358410823509686e+30
-8.312935196915896145e+29
1.823161513769326478e+30
-3.526053956785308532e+30
6.294630616876803755e+30
5.211364224336397000e+30
1.064436936961884279e+31
-2.735615874462267587e+30
-4.094699583834323611e+30
-8.371464464686934143e+30
-1.050088680009153002e+30
-2.604973348936604177e+30
-2.690901626757115986e+30
1.130215823502355481e+30
-8.542115325964718439e+29
4.806441190454583928e+30
8.187339204470365810e+30
-1.045575714521236369e+30
6.837317381633329890e+30
-1.953236450810439728e+30
-6.539970856199093692e+30
-4.730757593785157868e+30
1.497981895964959528e+29
3.726492899606688758e+28
9.486477212945999521e+29
9.707193029805928244e+28
-3.825772611146544940e+29
1.130842304399666762e+30
-2.727355548996807546e+30
3.513266180714928741e+30
-3.257519161798486167e+30
-7.070710092625629821e+30
5.467314397315813679e+30
-2.339937671585166712e+30
-1.462069203286696003e+31
-3.994508411397631015e+29
-4.753462696686431001e+28
-3.595832660451002045e+30
-4.162667499536430360e+30
9.240601200434472544e+29
1.384552137421666078e+31
-3.501084945298917569e+30
1.141911101563659165e+29
4.003247496000694222e+29
6.867786767512829192e+30
1.736106036282423518e+31
-4.015618389725351165e+30
-1.649213489458333734e+30
-7.507030664618325309e+30
-4.504384306975207974e+30
-2.101607755285202198e+31
2.473625634892800382e+31
9.612431155209887963e+29
-6.745964020392414390e+30
-6.190285484464965295e+30
5.933148247559544908e+30
7.774927155588023040e+30
1.336473290341331438e+31
-4.021184120981027724e+31
1.830450657385842324e+31
5.901104967577474446e+30
1.351777505702141440e+18
-3.580154925128817705e+20
2.169127600537045303e+21
-4.160980294805684748e+21
1.615960468757743770e+22
1.604416897691863011e+22
1.979226081007167026e+23
9.570048347505548906e+22
-4.679669398614886973e+20
-8.204057881307206648e+21
1.115278660351392628e+23
9.202713216090102773e+22
2.084442192230877946e+23
-1.394323635510773906e+24
-2.547315511691686462e+24
-1.742084137581083524e+25
2.841369623048364858e+22
3.053764079259077732e+22
1.036312841835800712e+23
1.229521310130943738e+24
2.325959058563235976e+24
2.922185084181031955e+24
-4.677316332168479669e+25
1.325418907397374970e+26
7.793572843270046745e+21
8.613320870312062044e+23
6.241587465851455364e+23
-2.264041551910881274e+24
3.951155639744003823e+23
-5.209137850309020393e+24
-1.562173827328017040e+25
1.314171884080936537e+26
-9.382104425419960125e+25
-8.992424750532699305e+22
-3.417822707897873098e+23
1.433745477532830329e+24
-1.786372252301426829e+24
3.821237349901567519e+24
-4.182007379511605509e+24
-2.423150514106762023e+23
3.507054536334490567e+24
8.646733257082357804e+23
-7.504511635957354468e+25
-1.274419986026614910e+27
-3.216958307342593766e+23
6.335095713319935531e+23
-1.412882103142301177e+25
-1.030146602434550994e+25
9.202368232670854449e+24
-9.244981837714716772e+24
-2.894530751604629321e+24
-2.070444007565245804e+25
2.858626977621103073e+25
6.617421935431817601e+25
-2.961488798173114776e+26
-6.169261900331267868e+26
-8.640613283138681531e+26
8.554522795633307078e+22
-1.260309303964627137e+24
3.496372005318597752e+25
1.497336410772973069e+24
1.781477731405714569e+24
6.297619016113296526e+24
-1.713489101447060244e+25
1.005830549831889919e+26
-1.860158376443174117e+25
3.257126291890861978e+26
9.075307785057367498e+25
-8.137591950100450358e+25
-9.046852068075215836e+26
2.010419728365059294e+27
-2.968937365575986068e+24
-3.056989692056166698e+25
-3.829917430982490869e+26
1.104171262259667841e+25
-7.887571402399466011e+25
-5.691120945910021212e+26
-1.106940702509502332e+27
-2.059454209606672779e+26
1.411518334827280919e+26
1.200118841605226965e+27
-2.524697269848788474e+25
-4.581488993534573969e+27
-1.409553745476994931e+27
1.165331470422244137e+26
-2.427492830073092759e+26
-1.667765072427425590e+26
-8.847600183865499487e+26
-1.193477617543803395e+27
-3.080687541203072916e+26
8.902239442576283223e+25
-1.029800850323793523e+27
2.406958094123104321e+27
2.984930632721073243e+27
-1.342923531538947890e+27
-1.575980147155464781e+27
-8.236808099996937224e+21
3.650272562375781935e+22
1.451299619506890788e+23
1.770987767528851746e+24
-1.077929185110610902e+24
-2.113312737730521727e+23
1.274768487544880324e+24
-1.885706260632576817e+24
-3.581812981552913656e+24
6.389330908244496280e+24
1.130584564516856531e+25
1.599433142724733593e+25
1.026776696084468326e+26
-1.997363841308490680e+25
-6.536261777273148303e+22
-3.669494591325286523e+24
2.322214885415355378e+25
5.319425968716922350e+24
-1.982787839925764286e+26
-1.119087281824965893e+27
9.896089444815680156e+26
5.578322243368913021e+24
-1.628525051876165109e+25
-5.730472598226848339e+24
7.111063954699602195e+23
3.332674542482564607e+25
-4.067462252685009190e+25
-9.876849085045875315e+26
1.309268016444731962e+28
5.650228608000880352e+25
4.866156052598508684e+24
2.957981609193792257e+25
-2.466998061904302230e+25
-1.943655969435320043e+26
1.613520123597154330e+26
-6.746496418083947871e+26
-6.526155981335258393e+25
4.127504494374263236e+27
4.555939284097744432e+26
-1.324091580669960223e+26
-2.563841766097753275e+26
1.262161420563842966e+24
-8.449185169269658499e+24
-1.136281716036212536e+27
-2.042875622860455162e+25
-7.460013351797035401e+26
8.022900249678297848e+26
-9.607023343344509905e+26
9.432776518664552579e+26
2.093891406006942975e+28
-7.383055853630592674e+27
-8.651215109344110461e+26
2.033625084236297543e+26
-1.128655318014039613e+26
-1.447248094172040790e+27
-2.956560538211938272e+26
1.357300799357306134e+27
1.926266969590057969e+27
-4.240078649379146142e+26
-5.158156408329335892e+27
-1.402607533152328538e+28
1.106953489574773388e+27
3.931487032506202206e+27
-8.207418088749138076e+27
9.923534764673153121e+26
-3.348215471489437205e+27
-7.358463734297824779e+27
-8.857719366026024354e+27
-1.927252887605780093e+26
7.804579671360799921e+27
3.611094993975985473e+27
4.665403441690353992e+27
3.889952478261363158e+28
1.798265853568310941e+28
-1.123979880335157458e+28
3.559110870701946296e+28
2.355370969785739045e+27
-7.722580538203007279e+26
-4.072869805135215976e+28
1.641820663426571682e+28
2.668840519793527417e+27
-6.868901450222520984e+27
-4.118046675873858708e+28
-2.269032680673810950e+28
-2.398120414319239243e+28
-7.640305324271082552e+27
-3.070851263750485055e+28
5.602553973960976808e+23
-9.875481612828486251e+24
1.154268792727599403e+25
5.220098729168924888e+23
-2.122608397687008212e+23
3.625420236460181126e+25
9.388921370937136343e+24
4.463196677547032521e+25
8.246622361277002945e+25
-6.513468034816815213e+25
2.924671168414423648e+25
-4.680378552085765674e+26
-5.117512862135860373e+26
9.523734261354332354e+26
-3.025271812889005484e+27
4.334525318336658026e+26
9.509813970226922185e+26
-1.476763165442874910e+28
-2.719779317248826681e+25
-5.862365902273310232e+24
3.455622406065396210e+26
-7.870557509624465204e+26
-6.804758546520816911e+26
-9.984096229781699513e+27
4.491642861426403404e+28
3.762443135139976843e+24
-4.209368316726452114e+26
-5.612488236902888248e+25
5.190095353807758187e+26
1.222361706877588223e+27
1.034282754018955140e+27
-5.797789081495366625e+27
4.781761819968337300e+27
-1.197035643178029236e+29
1.470673777331990149e+27
1.927091246752572073e+27
2.737076369568802548e+26
-8.415631329003594883e+26
-9.076451153076916996e+26
3.881572486454825445e+27
1.198884862372403962e+26
-3.487474543123330244e+28
-2.219544055169915855e+28
5.275625694603771999e+27
-8.900921827827424995e+28
-5.273251394497030821e+27
-2.081034617315991190e+27
9.768548240370812476e+26
-3.118624639558002441e+26
-2.494594277870404151e+27
1.538447843469605569e+27
1.667503134576903368e+27
7.775169595170653628e+28
7.398360574141835047e+28
8.678443255933293608e+28
-7.541492031058379804e+27
2.788845506029656348e+29
4.797731370185039644e+27
1.789698038756899419e+28
1.256004229224181994e+28
-5.803715292943145323e+28
-1.684630374825003156e+29
-5.752856651712465387e+28
-5.181925510810226750e+27
9.708994049755836386e+28
-1.063486970991184136e+28
6.628355609069431509e+29
-9.076229804859341836e+29
-7.634065292062148876e+28
1.572185620402311963e+29
-7.545713325550096081e+28
1.153309946042033658e+29
1.278731481570057140e+28
-3.171710978734033792e+28
3.000700244920922928e+29
-3.991018881290324229e+29
-4.787569148653800253e+28
-1.072434046830681735e+29
3.254377649580231988e+25
3.157856230728229524e+26
-1.884526124329252926e+25
1.392712144563420490e+26
1.064304905652050561e+26
-4.232565782514057922e+26
2.794789839727300004e+26
2.112619041456053752e+26
-9.542427741203930421e+25
-4.204623811526096540e+26
-1.516542824165757264e+27
-2.140373398062728197e+26
-7.100926007605055605e+26
1.818264284499426886e+27
4.670282913757581318e+26
9.874215342717532924e+26
-4.798481642365999931e+27
1.129272658802590592e+27
-4.950631324001595672e+26
2.658259409954819779e+27
-4.631893296763661821e+27
2.509994002866391586e+28
-2.214620172587442851e+28
-3.545944941363861805e+27
-1.102521742231565583e+28
-1.638023061118979430e+28
-1.159340359869144679e+29
7.817992217662346392e+28
-7.095463084507161104e+27
2.756934922640770722e+26
6.707792067600029477e+26
-2.345786821680999135e+27
6.855483329985219287e+27
1.294838257406839138e+27
2.397836399723889691e+27
-7.858842623912655010e+27
-1.135829205693981315e+27
1.032299521625583951e+29
9.986881337200905149e+27
1.169763542782909305e+29
-1.101519787352426951e+29
-4.029359008762758192e+27
-1.898472252194201280e+27
9.604348178557149269e+27
-5.535814099207260761e+27
-1.009741291048198029e+28
2.717905797148951021e+27
-2.618447079928768835e+28
3.346954166132988843e+28
-4.975905167777895241e+29
-5.239256977612124621e+29
-1.466658193085112947e+28
-2.196787277612661847e+28
-9.856574613450109757e+27
1.013662718179273989e+28
-6.246673133547140856e+28
-1.087721326610646489e+28
1.250042138341454210e+29
-1.775445353766770139e+29
3.301052922069109869e+28
3.165454477627212617e+29
-2.668397199866513718e+29
1.224003495364947283e+29
2.046890609226804113e+28
7.508094500546337265e+28
4.716275417419545749e+28
-1.326381624126745460e+29
-1.885300090069762950e+28
2.621495341731657285e+29
2.320030938413250475e+29
2.660894703617486204e+30
-7.340959719437013388e+29
-2.441685472518974061e+29
1.575521416199791106e+29
-5.323109194255028464e+29
-2.083237824348625709e+28
-1.796015149792507626e+29
-9.923936015198678219e+29
3.231389643515333573e+28
-2.646483573601501314e+30
-7.109692691123800265e+29
3.376672472464898804e+26
1.196351539727195027e+27
-4.290450459841059246e+27
-2.390005878573053561e+26
2.895681625072377309e+25
-1.300629653257690738e+27
6.672339805686207237e+27
1.931641548639739355e+27
-1.017013728806227325e+26
-8.379403586740673436e+27
-4.401925404471126549e+25
3.932443494067938093e+26
-5.763902483923381330e+27
-4.555626389503367455e+27
-1.956252081365056272e+27
-7.426041121719049049e+27
7.818822319163604387e+26
-1.729922725634357353e+27
1.097558966507692585e+28
4.427803330342844707e+27
-6.357441462183931045e+28
-9.374545223105666098e+28
2.481126672030002221e+28
-5.503049319697923986e+27
-3.503112165737659385e+29
4.135772248222880348e+27
-4.248561990490279577e+28
-2.629171872862754301e+29
-3.288733939033223979e+29
-1.416195980663017998e+29
2.883288355396490663e+27
7.157421299775640987e+27
1.174615120499845336e+28
1.668470039149470309e+28
-1.339404627162857040e+28
3.763433173475606900e+27
-1.826005430082256236e+28
7.457680407021161110e+27
1.389796519772121712e+28
1.602438053816109456e+28
-1.686958278620746808e+27
1.596589653840870011e+28
-2.949951452378041312e+28
-6.649675286309838762e+27
-1.179795209001478556e+29
4.245203411184713222e+28
2.764536235925250848e+29
3.004668781044939121e+29
-1.919069620405883706e+28
-4.769680160898987621e+29
5.973771552134941092e+29
-4.883800804670167517e+29
2.599106547971159159e+28
5.317843516491519197e+29
-4.144307489124931928e+27
-3.331726778789396258e+28
-3.141395497718116681e+28
-1.333292373761872171e+27
5.501251077483225599e+28
-2.501575439823472818e+28
1.059372341761892467e+28
-3.296616147624335296e+28
-3.526778591172871097e+28
-2.763524380332514560e+29
-3.746226362259719883e+29
4.372621801267324521e+28
-2.707177642012578274e+29
5.398281301369434703e+29
8.584376051839003276e+29
5.419504630771092569e+28
1.009572234505289934e+29
3.362690735025676038e+29
-3.093728086121983158e+29
-4.889297366277840471e+27
-2.131864029387815787e+29
-8.578374353512310642e+29
8.723972750546225331e+29
2.513778614468086720e+29
2.898299918791031891e+29
1.098734251019427271e+29
4.340534116815941002e+29
2.521841501967068956e+28
-1.959026213387790125e+30
1.362469432182087867e+30
-3.382096984226688988e+30
-2.748738058538921928e+30
5.031774323203857544e+29
3.179971296788696066e+27
-2.309674325401868057e+28
5.323679104857651161e+27
-6.761978880715714229e+28
2.652970401675619287e+27
6.474312099181464453e+27
9.793534419379625059e+27
5.416093836667635224e+28
3.708104354033592039e+27
-1.227953758945629816e+28
-3.117018530014248384e+27
1.609066113411703236e+29
1.131171120831800139e+29
-1.432499621336999381e+29
1.730573098348909660e+27
-4.124813663780241687e+28
1.263772660537397045e+29
-2.459926277819046157e+28
1.335711538351697152e+29
-1.236916247127939083e+29
-1.421300222159523636e+28
-3.111084193625078830e+29
2.787763237516178594e+29
-8.438786450489145245e+28
3.912014382093224331e+28
1.213111340827826625e+29
1.102315013161894694e+30
5.975179228157343918e+29
4.290258427080190007e+29
-2.679829375363914872e+29
1.785929150597792926e+29
-6.275039870964814879e+28
-2.955693433910038671e+29
-6.889223291151624182e+28
2.620379055677635920e+28
6.439124689413117427e+28
-3.405642744707404023e+28
1.771830780001950685e+29
-1.555242934917831939e+29
-2.873280520464041220e+28
-6.608518911543365575e+28
-1.909749768484358082e+29
1.038852258721405167e+29
-1.166016338996297336e+29
-4.668765816835413474e+29
-6.865707675578904406e+28
-6.575426009561380524e+29
1.175040619304269583e+30
-1.865555151345915011e+30
5.798833403250417658e+29
2.201496825511704449e+30
-5.797069391664401407e+29
7.328400454667137582e+29
-8.741012467535516775e+29
1.796293923218202217e+29
-1.501372283388381134e+29
1.570874799704711319e+29
7.384499988282358817e+27
-3.883736606082394304e+29
3.044335717970412934e+29
-3.262760813755864239e+29
1.083385837646471184e+29
1.890591907000362674e+30
8.874199428201458376e+29
-2.728052448513044155e+29
-6.912773376844591439e+29
4.520813589469715358e+29
3.948397809234391217e+29
3.851612634925107665e+29
-5.920935229605433277e+29
4.442012715381160726e+30
1.781819543126152763e+30
-2.078520613666742642e+30
-4.497608977669685948e+29
-1.528007876019284828e+29
-8.249251497578474859e+29
3.467925389556420230e+29
2.217772299919407539e+29
-2.187439505924018244e+30
-2.352432906871567563e+30
1.488060630777937991e+30
1.915158072672611863e+30
7.268083249193808127e+30
-5.518370077509964659e+30
-6.783154594449808754e+29
1.385224984383436549e+28
-2.536449165795230307e+28
-7.156544513100383484e+28
1.205888462214332127e+29
-8.275003455817732533e+29
-9.339363780758529400e+29
3.655950867695848816e+29
-1.748005997730121799e+28
2.132816983038589741e+29
-1.260635320991268010e+29
-9.635063043552530010e+29
-5.820305152213306314e+29
3.487430603291746907e+29
4.956994522967308281e+29
6.446230878576895112e+28
-1.969863060769286412e+29
-1.715563769657093756e+29
1.421731124161908021e+30
5.255887819669243668e+29
-9.379402403889355071e+28
7.833053553878248840e+28
-1.347607313873940644e+30
5.066675178624066510e+29
2.917040243594862128e+30
-1.109219544918816625e+30
4.566624866638949718e+29
1.156054504923103261e+30
2.824695519715924842e+29
1.136870121679361916e+30
-9.725389924053298935e+29
-1.957933487260171821e+29
-9.798776460110298913e+29
4.431460114167690622e+30
-7.914930155545469222e+29
9.120841430555631159e+29
-4.187142910694484682e+29
-3.208487120627429036e+29
9.675476507742394000e+30
-3.134128894272878386e+30
-2.348847502271658828e+30
-6.421570180299053951e+30
6.976320157537825999e+30
4.611629682661914235e+30
-1.675918903336894902e+30
7.070795154125903897e+29
4.071882199898230165e+30
2.523009471142039658e+30
2.620295001847244673e+30
4.652157737279811663e+30
4.366344986772113522e+30
-2.587718574161622848e+30
4.183922104162900815e+30
4.846335627546475144e+30
-9.184494006645483468e+30
4.382868487880098088e+30
-2.133991849012196851e+30
-3.634662040037923275e+30
1.274037044739994711e+30
-1.196406825036127278e+30
-2.283947178201840717e+31
-2.256035129609630473e+31
1.772009415992713617e+31
-2.350575795060108948e+30
-7.887378387846739748e+29
-5.778951803810536688e+29
-5.207981081409002953e+29
-8.702581207676058508e+30
6.940699122029434735e+30
1.458374995537796407e+31
-5.530242065423550883e+30
