-8.224972641355312000e+15
1.205122622286954906e+19
4.580485058975904563e+19
4.641809269376263782e+20
5.770686232758044328e+21
1.263687445665486471e+21
8.835255215818014720e+19
-8.002766731744628861e+22
-3.642580432321475521e+23
3.862566314467267072e+18
-1.671157746552497439e+20
4.132235573257261023e+21
-2.876801471367674541e+22
2.822321785992409357e+22
-3.623214072613808007e+22
-4.448518888281747961e+23
3.002150356564007172e+24
-6.787210939241742771e+24
2.133048947301539840e+20
1.856634320163188402e+22
1.608384917434501851e+22
-3.993510921365732354e+23
3.953024105821108301e+23
5.618211530675272381e+23
-3.660284494985347077e+24
1.448733396706927367e+25
-1.817101051670200686e+26
-1.303694778719980225e+21
-1.295058042669340914e+23
-4.449803142348062012e+22
-2.113918173183709083e+23
-4.587909997559194206e+24
-1.469151718128250192e+24
-8.178716681916594021e+24
-1.740424567701233311e+25
-7.868717339895745222e+25
4.562095436914714485e+26
2.028291028441017562e+22
-3.028117028103917624e+23
1.241814099639148606e+24
-1.216469666668754080e+24
9.888452375610904617e+23
-9.980366253428098204e+22
-1.490885686833496952e+25
1.001620380119691671e+24
4.219620889163440377e+22
-1.053025279885263217e+25
-2.229689269189434936e+26
-2.405267073307388802e+26
-4.652935527252105363e+21
5.851644757159685652e+23
6.352504905680595808e+24
-2.907981387811157503e+24
3.389333176761771746e+24
-5.793537393450534149e+24
1.534270413714761652e+25
-5.174363129995623473e+24
-3.365507940372674536e+25
-3.487803150658757783e+25
-9.061994750778264419e+25
3.298482027011213559e+26
-2.541205711317617435e+26
5.792390366785958240e+26
4.026037250530295257e+22
9.526946507940658330e+23
-5.664148576667350535e+24
-2.514223564819133668e+25
-1.185907994130341469e+25
2.283494315681134030e+24
2.503614096456139065e+25
1.228905945655020269e+25
5.681440699099357289e+25
5.789056747937529909e+25
1.398336314920595708e+26
2.428321945188848492e+26
1.080128076489138139e+26
-1.155351386446805190e+26
5.897801802547734080e+26
1.165841495519041505e+23
-8.154579300325412961e+24
-1.601743656279798488e+25
2.330595117518411163e+25
-5.636844263076463838e+24
6.606042276447493160e+25
1.074885907937193088e+26
8.430886834806158887e+25
-1.534924873026312275e+26
-6.351674445932731402e+25
-8.167177425026652733e+26
-3.024529373721409603e+25
-7.089092283426888699e+26
-1.060253168171916058e+27
-1.287993333670640496e+24
3.808458782876835907e+24
1.345041210937373920e+26
6.766160573604871317e+26
1.274615400115960670e+27
-2.697803370668981192e+26
3.874998910477871679e+25
4.672976083069960266e+25
1.166440074131432217e+27
2.390096183929219554e+26
9.202861778918437054e+26
-6.852679339070861319e+26
-1.822143517764385877e+27
-4.133923844465717412e+20
-6.969767548281096765e+20
1.232422094071135417e+22
-2.873617411688434447e+22
-2.389703089533071078e+22
-6.132396132086406059e+23
2.015353438511561041e+24
5.452057492601003594e+23
5.016156252090518796e+23
1.177373917722307511e+24
-1.981421882456411285e+24
4.108039466737693364e+24
-4.021269978232596693e+25
2.824308405002699371e+25
-3.367521492500247793e+25
-5.909662151442159622e+25
2.243067584603749058e+23
1.365866729606901349e+24
8.586171820286553811e+24
-9.949053056579351842e+24
3.640193095901645520e+24
1.193160144988280339e+26
3.267668871901644352e+26
-7.813564538711708040e+26
-1.032540660058224796e+24
-1.061499777919238208e+25
2.774751900125423803e+25
8.219713151759928403e+24
-1.795203308884975371e+25
1.642721314265179879e+26
1.261069114505271740e+26
-2.235686653299803728e+27
1.021036347786379434e+28
1.606344176390920028e+24
-3.038565958511353698e+25
-1.954616399135599176e+25
-7.333523044254824347e+25
-8.277689720373955864e+24
-6.517193118186938797e+25
9.266659130184187282e+25
1.035182208800009891e+27
-7.299368383828916126e+26
4.034134233081744597e+26
4.628633298376377699e+28
-2.071406636877515779e+25
1.000800522858715180e+26
-1.995523713971290496e+26
1.177607964073787133e+26
-2.566472180685593810e+26
8.795161355855149651e+26
2.406599825074245513e+26
5.054190557483721830e+26
-2.019576843606213907e+27
-6.254912583313156036e+27
2.798821391921635741e+27
-1.284739329928366777e+28
4.715766331794182316e+28
3.972734905833803420e+25
-2.069466230852007927e+26
1.545053563842893478e+26
1.058268850905966614e+25
-1.003744095525317244e+27
-1.188984199667303168e+26
6.365185972029795969e+25
-4.074889624784324601e+26
-9.020599538193450282e+26
3.730510401268990097e+27
5.704052883664506865e+27
-5.881927713112159163e+27
2.578675080588036558e+28
-2.393691083130862319e+28
-1.912294552409889237e+26
-3.308753041302541731e+27
3.311694832265079408e+27
-6.252685937514889904e+27
4.860900669164145698e+27
8.861650305204423884e+27
-5.524524050741914504e+27
-1.599879157462367086e+27
5.107761064046516628e+26
7.260678489219262168e+27
1.185569339291750837e+27
-4.538944982014744969e+28
3.321062589897190995e+28
-6.788092347209625736e+26
-4.391374828642708488e+27
4.055380446471607246e+27
8.318270002456075029e+27
-1.411452917065687427e+28
-1.172820960285038056e+27
1.420789571406426501e+28
-1.110715524401713042e+28
-2.244130971129516677e+28
5.520224745531164139e+28
3.601338248899262661e+27
2.761250645527012701e+28
4.434932920996184635e+23
2.984575373915253104e+24
3.003089355335358833e+24
-1.054392308547462860e+24
1.900257198266017248e+24
2.254565907036605689e+25
-1.311847352359543192e+25
-7.059502029844562288e+25
-5.531314889277530303e+25
1.571776703520704103e+25
-5.993034948093625556e+24
-4.044850304013347731e+25
4.528220338415962918e+25
-1.696498555036825455e+26
5.700822767450368002e+26
4.445601409299821485e+26
6.361956820488690978e+26
8.960325246711665938e+26
-1.212331706129317614e+27
3.963257208596938916e+27
5.752522694444629612e+27
-3.109080551623913410e+25
-6.885490807325844481e+25
2.295957128134336874e+26
-2.671010368377207126e+26
-1.444640195595569005e+27
-2.591104237724707609e+27
-1.811719636857057987e+28
1.462659304265852695e+28
-1.134663572085140147e+26
7.020920228275869580e+25
-3.522985882965088440e+26
-1.676128734328299933e+26
-1.726980337402335378e+27
1.743198679506338340e+27
-3.958747219003013177e+27
1.238583330028088552e+27
-1.559958994758351696e+28
8.882519700595177959e+28
-6.134937542197184869e+26
9.095336147783844106e+26
2.375197980810374078e+26
1.348280298322893511e+27
5.593489639192818023e+27
1.926328754808634789e+27
9.090010183028822778e+26
-6.764893676200051496e+27
2.323070004388813690e+28
3.308357854899330076e+28
-1.312758355389208230e+29
-9.699328295466237875e+28
1.268728315448204089e+27
1.507523560186952063e+27
-4.997663671687047712e+27
2.021605183396952543e+27
-3.796889758397503505e+27
-8.776416035160488768e+27
1.171393205586377038e+28
-2.817628129968444593e+27
-4.385453071390199430e+28
-6.778867871554425253e+28
-4.469569951005946184e+27
-9.399082694834407809e+28
-3.484698206287632011e+29
4.194858783307399602e+27
-2.938204529465198006e+28
-5.889381405713532802e+28
-1.344022637710978539e+28
-6.396973916899940490e+27
6.313606893924371032e+28
3.143030997480932645e+28
6.344779666168487806e+27
-7.557755604228367327e+28
4.478343628809437726e+28
-6.014238749810237675e+29
4.737723200669970209e+28
7.395336011720996237e+27
-9.141525587313825961e+28
-1.712533223751332393e+29
1.829267565031067602e+29
2.761869107536112558e+29
-2.638424977368929202e+28
4.413587025616684662e+28
-6.614832084138062826e+28
1.400128950430229541e+29
-8.802474202144326650e+28
-8.630051834336587787e+29
-5.012596465839940617e+24
4.240262350717339342e+25
1.043023306183295890e+26
1.695468032267705187e+26
1.742455558516747087e+26
6.702910446047532816e+26
4.435479772650468895e+25
6.722271295560930795e+25
-1.984265294721505829e+26
-2.154671988143858825e+26
1.459977826681541228e+26
9.246390713612679991e+26
-1.749943042803491944e+26
-1.487810969729985642e+25
-5.379932188433879197e+26
-2.303069716282981958e+25
9.719124290144380554e+26
4.969931662947836655e+27
5.812324760551443762e+26
-2.941241126054410271e+26
1.324810908854352125e+27
-5.426768890481172890e+27
3.157245063634208174e+27
-3.828878275745233134e+27
-7.119656356893086019e+26
-3.468958111642767361e+27
-2.339853148788893745e+28
-2.287802032164640404e+28
5.263148552735916230e+27
3.583602715339019625e+26
1.937334250154118107e+28
2.920557881726812109e+28
4.875816381197374163e+28
-1.546278727166510614e+29
1.552173135310796664e+27
5.545202327206375374e+26
-1.274558894821474819e+27
-1.020253104600444028e+26
-5.899845821627656812e+26
-1.887288983838176921e+27
-2.486122428945353769e+27
5.775891063340312631e+27
1.403287721703253655e+28
3.281512172132686872e+27
-1.514022735640727691e+28
7.345002236984527482e+28
-1.571321283032126527e+29
6.501455049299452493e+28
5.446162279604357349e+27
6.910131499617764663e+26
-3.813021100192122307e+27
5.495290031154353212e+27
-6.678498666129649934e+26
-3.207672809264139196e+28
-4.345395604643986301e+27
-1.187045205202302637e+29
3.038622084122672406e+28
-4.437245556942444605e+29
2.531821807103681489e+29
-5.452070818977453843e+27
1.742483955902035043e+28
1.482440654614628433e+27
-1.299115095184605653e+28
-1.872656653499125546e+28
-1.042354615671015112e+29
2.658922171899974567e+28
-2.544403489802006767e+28
-5.138981768993312559e+29
-1.234827342843308900e+29
-3.528980345193360374e+29
8.548721037043886672e+29
4.449783181107690837e+28
-1.901749207164865072e+29
6.827555601770268565e+28
-6.496631947517101275e+28
6.905524916259256704e+29
-9.513795299153440547e+27
2.321628051288063658e+28
-1.659704892114493301e+29
-2.976583513326115168e+29
1.333812747184358845e+30
-2.318852360927412958e+29
-4.370305724495394083e+29
-1.057518232876896834e+29
8.021538200850453172e+29
1.112240813684112963e+29
-1.791393065066506588e+29
2.079090501951388502e+29
1.584647480196178990e+30
5.214212278506251672e+27
2.118102165792892316e+30
-1.218227456092831748e+30
2.554075647139122939e+26
3.144320749755768180e+26
-2.535147383472895572e+27
-1.449082035897912917e+26
2.700323850520997642e+26
-1.831405812553200057e+26
-4.334588302200232722e+27
-6.530937714105434706e+27
-1.537288656095577832e+28
-2.814498559303238069e+26
-5.330877709001106056e+26
3.617958706270032520e+27
1.739501902785551094e+27
-3.430754935479414776e+27
-2.124449622171862601e+27
-1.638338168270000472e+28
5.777022953498130198e+27
-1.172474017881565808e+27
1.105565006333818472e+27
1.724372801016384778e+28
1.635140985190628350e+28
6.477005226525165058e+26
3.371706147488266794e+28
3.846228897102878971e+28
-1.532925105303094118e+28
2.682214034320400326e+28
3.019949149204657571e+28
-1.453818153397985698e+29
-4.986218467544095945e+28
-7.760182521932331519e+27
-2.228726651047691851e+28
3.870044496563380556e+27
3.741282547335071360e+28
9.502781972459663044e+27
-5.370815699368076346e+28
-6.248318353321104688e+29
2.545053584291823486e+29
-6.946534911638917851e+27
2.213894347030240194e+27
-3.511327675738376498e+27
-1.921944486685000306e+28
1.303998417252345048e+28
6.596113218217580174e+27
6.733228659830539723e+27
-4.100083073927919470e+27
2.234580233119819175e+28
4.779237359202596926e+27
6.851665269629122596e+28
-3.331448732645175358e+27
-2.123945090440748443e+28
-9.794733113662341386e+27
3.283283335442397038e+28
1.059223872651158853e+29
-9.113854916009192866e+28
-6.613710598228956939e+28
1.285453731995598589e+29
-1.339780345171627799e+29
1.070796597028668948e+29
-8.861921666640975077e+29
-2.842623842310267361e+29
5.769438378908392914e+29
-9.585178240809185443e+29
5.335157236762534758e+29
1.337437469724271448e+27
3.030123276165455037e+28
-2.646220601526466478e+28
-8.349662260468588768e+27
-1.707635077395297797e+28
2.865040645585102295e+28
1.894714245650337062e+29
-1.939975451971786466e+28
7.984958946868148220e+28
2.470903512331151033e+29
-1.568262936854608471e+29
-7.250108334819802650e+29
-8.606133108615792475e+27
-3.131423607849264807e+29
2.485642459360679699e+29
3.548820035249626796e+29
9.156801488586200922e+29
7.814649129666509424e+28
-1.089068625201774437e+29
1.024205104408270756e+29
2.267271308010468445e+29
-7.205259263540227590e+29
2.382181553347130287e+29
-7.631836072469583737e+26
-1.927336819677149644e+30
2.294712513396369596e+29
9.522773463503210852e+29
1.794844083696964516e+30
8.868983011010540224e+29
3.942743121350165829e+29
9.297780716657705534e+29
1.970685217104355166e+29
-1.749636062794928870e+30
1.500182569077750053e+30
-5.361126974780672256e+29
4.031397521940058390e+30
-6.024862311635315555e+30
-9.481724581343332315e+25
-2.012835317264737142e+27
4.446036110514945313e+27
3.719505022446526093e+27
-3.295863763553241229e+27
2.425075353208065344e+27
-1.996646492465043119e+28
-3.690689700413158002e+27
-1.949656233490528542e+28
-2.846931671485385509e+28
2.048870524090992935e+28
-2.029777076834772268e+27
-1.821102516240781200e+27
-2.560719605151310395e+28
-1.116115520379113014e+28
-1.691205393255014463e+28
1.629922352071116672e+28
-2.301923495483218575e+28
6.962869001540965693e+28
6.018356810107598940e+28
6.663884913606460227e+28
-1.186802437107558677e+27
5.699503031271323443e+28
-1.282355506052369862e+28
-3.304767565663451698e+29
-9.833447040057066486e+28
1.031436759762138694e+29
-3.560785119876832698e+29
-6.381254997687817665e+28
-4.466819286399951482e+27
-7.949504281900855916e+27
-7.149977167489322125e+28
-2.350832043619153501e+29
-2.489287041721283600e+28
-5.351400042390194635e+29
9.559011326544075796e+29
9.698863858190309663e+29
1.523735870054660515e+28
4.847138169195761852e+28
6.042330033990571754e+28
-1.057933957560348854e+29
-1.253709616907498656e+29
8.826654417814142222e+28
9.993573386012374065e+28
-1.218847602980815201e+29
6.274483278098408949e+28
-3.970394817053225393e+28
-4.123109670077794228e+26
-1.302602160847711687e+29
1.877889277443104828e+29
3.126320195534389551e+29
8.054642769891609030e+29
6.919297832465100683e+29
3.122626454624173733e+29
-4.100991192815059649e+29
3.172285477036645402e+29
2.485749872678126897e+29
-4.426751949164031662e+29
2.026934793480486767e+29
-1.197826989005101970e+30
8.496745547606555473e+28
-6.395837797370050165e+28
-7.712965648274770380e+28
-2.454711480408058704e+30
-3.882214700512852171e+29
-2.539098920646925534e+29
-8.940620726566478122e+28
-1.434071718685967312e+29
-3.159125366218909017e+29
-1.303251053553644992e+29
1.459129695121152526e+29
2.000144788214896145e+29
6.164381507984051754e+29
8.488686162596460957e+29
5.400800529785159950e+29
2.214939878466337126e+29
6.837525114051771833e+29
-2.233541832450347181e+30
1.034612384805570398e+30
-6.885207419827676601e+29
-3.760765267086381260e+30
1.213902559285018710e+30
8.847918212469891374e+29
8.614946748181082135e+29
-2.570987235057489012e+30
2.291988338784656264e+30
-4.105058278569722396e+29
1.967440058335379991e+29
-8.817832253687142498e+29
-4.165918255298150026e+29
-2.159102157758117882e+29
-9.845247956045192973e+29
-1.921957280742628258e+28
3.004635268562329856e+30
3.406991072790865214e+29
6.934765108859841839e+29
-6.926557693442834525e+29
4.044397402214967947e+30
-5.604043060539362250e+30
4.852512425795397659e+29
-8.974779664480005005e+30
4.810701590648558816e+26
5.002027269498822376e+27
-3.322223616134723532e+28
-1.083709335781520351e+28
-2.731246069762952899e+28
-5.054580494981674010e+28
-1.121269058216377626e+29
-9.553551362727625149e+28
-9.507267131640723181e+28
-3.393161630586491344e+29
-3.045254785912048304e+28
5.721446426013098998e+28
-3.303264330250934405e+29
1.206944131460521219e+29
2.116636150312711970e+29
-9.268846252663986833e+29
7.461730382267839386e+28
-8.473899795729101629e+28
3.414400340147911957e+29
1.498071325107539566e+29
8.243253462235426292e+28
-7.081500670193671074e+29
-4.943872222969530896e+29
8.329632313493925077e+29
-3.283285921248727933e+29
4.998197588156343734e+29
1.235006754737276057e+30
2.279131468409030383e+30
1.845928279187943807e+30
6.925581902245440552e+27
1.276981400015737548e+29
1.679214986948467746e+30
-5.202001238005014423e+29
2.175061226266045149e+29
2.738661427444047176e+30
-1.445893386105461156e+30
3.560553821513169336e+30
3.527017436275623015e+29
-9.811568250975025659e+29
5.819908072413067164e+29
-5.062232840213113821e+29
2.263628898541810090e+29
8.248891035581718235e+28
-4.732854446943569770e+29
3.685109392396875419e+30
-3.402189998397240878e+30
1.719721527393496673e+30
-2.326872955578693284e+30
-1.250553861514738839e+29
7.845200508515620859e+30
-1.424888354021495269e+30
5.069427178008084566e+30
-8.396685155799489038e+30
-4.036504678946298203e+30
-1.836564877958004166e+30
8.744165815549440722e+30
9.443833399146468056e+30
-2.083664980436258012e+30
-3.604926345176063217e+30
1.500131562104027031e+29
9.374183151071404093e+29
1.149975501070451460e+30
1.605180780686297201e+30
7.374563400955130712e+30
-9.933507283143884749e+30
6.682436287763132130e+30
1.021281809703167124e+31
-5.232763946600754917e+30
-9.331482903506880146e+30
3.029491022345872780e+29
-5.548774613169188036e+29
4.467273520650344228e+28
1.793552629084819667e+29
-1.816954349841540581e+30
-2.498006029839275962e+30
-2.367193548808742297e+29
-2.711422604218930723e+30
-3.285893011045141587e+30
-5.957603317422509444e+30
7.900164128979314632e+30
-5.449344320473448186e+29
-4.465154048855804257e+30
-1.984093929142922467e+29
3.260931218288866432e+30
-7.468845757841777316e+30
3.423865685470688904e+30
2.111298892492070304e+31
-1.314156753124628328e+30
-5.225873764544711277e+30
1.006674253778276000e+30
-2.257453882150348416e+31
-9.096950003564276836e+30
-1.380814397193959516e+30
-6.774774993019767444e+30
-1.671717294549613844e+31
3.854279526044216631e+31
-1.728701595832128852e+31
-4.189483621726870180e+31
6.333280113741622885e+30
1.765794741090985455e+30
-3.197887017770782616e+28
3.681646197987457068e+30
-7.581906527610524987e+30
-2.315739756046345645e+31
2.978288808374955186e+31
-4.273329258414965338e+30
5.365069055810386427e+30
-9.975352380045473833e+30
2.562548457520544768e+18
-5.724262167417303040e+19
-1.067919654392812012e+21
-2.492280296427163222e+21
-2.758572084773749522e+21
-1.347375097113959465e+22
3.954836518824583365e+22
3.259163458396967341e+23
-2.309440572880858317e+20
5.974160903577841172e+20
-5.219637768276696000e+22
-2.692254258523449412e+23
-7.246789395219402059e+23
-9.427224828108520345e+22
3.115873360928430463e+24
-3.608636018567624733e+24
-5.560576177306980057e+21
-6.817785616507831583e+20
-4.093942594170451101e+23
1.122918296703907704e+24
-1.025053640549744161e+24
-8.009969981872336819e+23
-2.703393423960367386e+25
-9.203940982121524810e+25
6.051805573087921544e+22
4.433134932595230229e+23
5.350751745106122606e+23
-4.545424034016555109e+23
-7.474487961985240405e+23
3.907862654616907733e+24
1.219174819818139501e+25
1.179591478776895177e+26
2.173700816746426344e+26
-1.335507869614628657e+23
-1.222709294889966286e+24
-6.747564118732912837e+23
-2.725002990985400730e+24
-4.424422235969409853e+24
-5.517161217823290734e+24
-1.087879539718251816e+25
4.955375917624939461e+24
1.351520922052781799e+25
-2.489861803408630309e+26
4.095513114291631964e+26
-7.441782243821959491e+23
9.845418722759867892e+22
2.145925195162449049e+24
2.187804805954883518e+24
1.171306449911435568e+25
7.269983167435301049e+24
-9.298377073584257049e+24
1.189561237017821299e+25
-3.369550213744448802e+25
-1.715370439459736266e+26
3.344115509102859940e+25
-2.985335695952937158e+26
7.079004941038042601e+26
8.988934503934456800e+23
6.000784662104198028e+24
6.918666356741785903e+25
1.088551337267008669e+25
-4.159289639695558573e+25
-8.209749304583825845e+24
3.696675739260790970e+25
-4.496960951718837161e+25
4.462984585660506466e+24
-1.323840480089212813e+26
4.629980032080961416e+25
3.681018193211320556e+26
-6.938930964194992948e+26
7.642371709594588227e+26
-1.264007391714529843e+25
-6.359503699351753609e+25
2.421110444479959848e+26
-6.268052510251474206e+26
3.012848367896804871e+26
-1.280463899655499320e+26
-1.080199869346253638e+27
2.029774929722478239e+25
1.544707035663912090e+26
-5.387462901860850471e+26
2.030066285319581200e+26
-6.928026767645799047e+26
-4.721437535099789004e+27
9.943929881091988647e+23
7.184821604031743210e+25
-1.931282095339636944e+26
3.607133676954418587e+26
3.617294332604492344e+26
2.580498685144498795e+26
4.708835037906642989e+26
9.307788202397158789e+26
4.194072554460191974e+26
-2.544138657105322861e+26
-6.241283704302253636e+26
2.652356742319922628e+27
1.877858584712513900e+22
1.117117452036654236e+23
6.042326913804074693e+22
5.650061963732174336e+23
-1.962850205586521284e+23
-1.992137981831897883e+24
-1.140137311788373826e+24
3.718446377319339135e+24
6.152193949592664765e+23
-1.412370058706448549e+25
1.069934900489271568e+25
1.094421287674264761e+26
-3.690339529253096687e+24
1.202101420030184904e+26
-1.337285673856044599e+23
1.179525244136618720e+25
1.305913610029428675e+24
-1.174217492748553393e+26
2.481103461675266688e+26
1.927186932568061823e+26
4.289167370609709492e+26
-1.576090799639547419e+25
7.771211726865658624e+24
-3.853600972338823384e+25
-4.512375414821789424e+25
-9.909181698753208528e+25
-3.870205085317987277e+26
-1.681848598699637972e+27
1.575954669419523462e+28
-1.632019231085100731e+25
3.701712696883370685e+25
1.254866773769401686e+25
3.189622241182638442e+25
1.853277444516082727e+25
-1.515755705243283546e+26
7.939988959195588897e+26
-2.563559539686862417e+26
-7.033264455360655584e+27
2.808325898983653354e+28
-1.303302502722773979e+26
2.833026306525091116e+26
8.004427719080745818e+25
-3.724732957032635277e+26
1.020815058299718893e+26
1.631818789975318383e+26
8.108974833639616907e+26
1.561536157965370992e+27
-1.325480503757476471e+27
1.770727943206416627e+27
1.885976284623796256e+28
-2.511040646999808059e+28
-2.938741369363748016e+26
-2.386768723086883803e+26
1.378057252559404802e+26
-4.160112301213495998e+26
-4.667486620352751831e+26
7.067992819265980544e+26
2.633602811557200617e+27
-9.192517162452289986e+26
-1.955303169374308665e+27
-6.426418830171873005e+27
9.134263733589619482e+27
2.358439626551110841e+28
3.944123127379512969e+28
-3.729362964680326301e+26
3.523269188867204576e+27
-6.318880921903505959e+27
7.990295436491142380e+27
1.754196487738047305e+27
1.247732312176991191e+28
1.984786446026689945e+27
-3.787812151256636655e+27
1.655179636875585622e+28
2.468185178037928150e+27
-1.254568164224067579e+29
1.728398246871396988e+28
-4.721526617581678193e+27
7.956921731343914127e+27
1.383149498381734602e+27
1.467422893466349738e+28
-4.047856488832645345e+28
-1.328817443317795290e+28
-2.103079352267417094e+28
-6.835783267016153934e+27
3.625044096714751342e+28
1.397679493754062952e+28
-6.626924145722059789e+27
-6.429952135644011142e+22
2.253662107719190527e+25
-2.853481068901646217e+25
-1.529688658579562461e+25
-9.463967743539332679e+24
4.500063543079957568e+25
8.893161383292595067e+24
1.827236665070326503e+26
-1.197713511496566157e+26
-3.600415495746037414e+25
1.350668381809878378e+26
-1.226946002346684722e+26
1.701849378431930450e+26
5.450793423604423610e+25
-1.941958416011432323e+27
2.089877055314231235e+26
2.116040666106119970e+27
-1.133891785450283806e+28
-9.760290948867465780e+25
1.501037295632814365e+26
-1.453693003195186191e+26
-3.871447767758629798e+26
-5.686147287341218326e+26
-1.551079106167350347e+28
-3.702843815811126814e+28
-2.713888908685852688e+25
-4.302197015327043331e+26
-1.363942417597184394e+26
1.887420596859047092e+27
9.708500470674843259e+26
-4.786158756434500926e+27
1.867122595940638110e+27
-2.237096690421112852e+28
3.558417980616557172e+28
-2.139821866859909973e+26
7.100464787769759860e+25
-4.849844076570060812e+26
1.019570437615110105e+27
6.573054551815762066e+26
1.257857517450430759e+28
-7.302523601939330376e+27
-1.764377477300842928e+28
-1.895153656132357415e+28
-9.506190060867779005e+28
7.088516667306305178e+28
1.903852732044158675e+27
-3.064912440045397943e+27
7.140224722556533825e+27
-1.246954563936370869e+28
-6.841934934427765607e+27
-1.152836530268665405e+28
-4.086787871461654895e+27
3.302113032197448716e+28
1.252774781747904428e+28
1.779415132485944849e+28
-3.508152932803553229e+28
-1.975291880814057615e+29
-9.747866957037033215e+27
-2.411469521064014107e+28
-1.566189085252874310e+28
-1.005516971605297499e+28
9.987303069385717550e+27
-3.644844282838175361e+28
-7.939102056905068034e+27
-1.130425555293103448e+29
1.701886365776403320e+28
2.639756387135131541e+29
2.760792986354490681e+29
8.008147262987708652e+28
-1.019354033217708833e+29
2.650091881207338878e+29
-5.037112560622107313e+28
-7.519332647936809327e+28
2.431574149976057086e+29
3.152327488322666180e+28
-1.012533749051466495e+29
-3.284726739703182448e+28
-3.854382645639286615e+29
-7.238309724616296603e+26
2.761067243546135403e+26
1.237910912579475851e+25
-1.542179517977709708e+26
8.203637753523168110e+26
-6.780237143614755103e+26
4.468481207868166437e+25
-1.954880780664001299e+27
-9.500262878102399251e+25
3.927682288040411244e+26
1.879604315716334914e+26
-6.042588204783775531e+26
1.483675227757227494e+27
9.261391341782350703e+26
-1.702517250100619434e+26
-1.078379651803800247e+27
-1.331521559343351949e+26
-1.410769557004219558e+27
2.370770196010306134e+27
2.259775804493631508e+26
-6.736523272672713392e+27
2.809373465620179702e+28
-1.566114297592554127e+28
1.285361371585612240e+28
8.410277679029733999e+27
-4.240255719471681692e+28
-3.458074420964421024e+28
-1.036298046357544613e+29
1.721530628404801365e+29
1.662440936390723080e+27
1.045162194275516182e+27
-7.093044771608459490e+26
-1.330610107293254174e+27
3.315765707931574913e+26
-4.701884324391934345e+27
-3.348084966803815481e+27
2.131799840745514641e+27
5.515482142843307128e+28
4.821343803445805485e+28
-2.818114623913182084e+29
-1.117089716665210712e+29
-1.973291087423268667e+27
-3.222966758625198392e+27
2.571891508289783459e+28
-3.561947487243458750e+26
2.158601518862882887e+28
1.469613072193463343e+28
-3.351100067863632918e+28
-9.023492196720825179e+28
-4.868522679564748497e+29
-4.827941462960735636e+29
6.344677192615445307e+27
-2.733090755303840499e+28
-2.825246746630506658e+28
-8.516379774644966939e+27
-4.453554351641426092e+28
-4.447102932479369736e+27
7.041007816148644318e+28
-1.533524186733077154e+29
6.036322195182674871e+28
2.517484297801800010e+29
-3.225188841205419351e+29
1.064963517134165980e+29
-1.727323722038499089e+29
-1.441815378059792017e+29
1.908459060178358468e+29
-3.192273820976105963e+28
-2.315438640731361723e+29
6.557308424841062723e+29
-1.309766280732894492e+29
-3.394723255633427485e+29
-1.778266256198854652e+30
3.649353381987929714e+29
-1.231581070651836479e+29
1.791844055538662640e+29
-3.781838848682256987e+28
-4.585814321504237436e+29
-2.441372972388475269e+29
1.064513083601291634e+30
-2.875118973082726029e+29
-3.122586481500567640e+30
8.134296680972937741e+27
-1.845597493251413217e+27
1.323896292646837721e+28
-5.697674085757926460e+26
2.488993258133778645e+27
-9.901215162017965635e+24
7.927421196816562105e+27
-2.416946551415646468e+27
6.182389776929543981e+25
9.643910353284198369e+27
2.823229593896521366e+28
-3.481662367031281875e+26
-3.083245461938024000e+27
-1.491128316616255269e+28
1.403109488971800018e+28
-1.144650066757532918e+28
-4.402813860699035388e+27
-1.565384172508156229e+28
6.180367274299190901e+27
2.906215378839261723e+28
2.508952125737610487e+28
6.241190913019689276e+28
6.642492523114473823e+28
-6.194868654283051053e+28
1.722696373790934849e+29
2.621361600410620091e+28
-6.256446676088578217e+28
-9.673163438988772325e+28
-2.177930273930061777e+29
-5.748436474586125868e+29
1.284570608465571943e+29
-7.506915175959643421e+27
-2.553351397913577732e+28
2.233174527326704950e+27
8.901557462775528448e+27
-2.933044349484167252e+27
-5.700799965131574723e+26
-1.980528783383124051e+28
3.501618986305584871e+28
-2.109800356449203026e+28
4.007211619704869269e+28
1.946236589684919101e+28
-1.928932129489968615e+28
-2.615963815243281662e+26
1.160582087599838157e+29
1.700879769274294559e+29
-2.156043058225111130e+28
-8.097086550475582331e+27
4.824025997550566142e+28
-1.721485392563376055e+28
-1.127140874634474324e+29
1.688462306095736785e+29
3.761786940817266321e+29
7.603856268861927688e+29
-1.062367708891357904e+28
-1.151291597650059111e+28
-4.313716261313720058e+28
-5.493163827801926866e+28
-2.347367057169314191e+29
-1.835479500404226835e+28
4.435779990762875690e+28
-1.831488900255705164e+29
7.357468691979402625e+28
2.085874709836954769e+29
-2.927404226525491818e+29
-3.983469849038574474e+29
-3.677071395088259328e+29
5.707496664521904829e+29
1.009629301891207121e+30
-8.751243559275609431e+29
-1.066100429330247273e+28
1.077913429502752290e+29
4.256399992370508967e+29
2.014757906031246159e+28
-1.915030403169393864e+29
-1.108570140843270081e+30
1.191027842113701846e+29
7.384404468423311359e+29
3.191624463253525282e+30
3.909023348010365892e+28
1.526982449039192353e+29
-3.048828603947188780e+28
8.246384044823714867e+29
-7.627858524736290939e+29
-2.676753799208414593e+30
7.533262142142608840e+29
3.700276909999151610e+30
3.049171386809749354e+27
-4.985152401633927649e+27
8.977801816695780245e+27
2.844100004788500681e+28
-3.470950009431292278e+26
-3.049110719678507093e+28
-1.300443109509079371e+28
-3.115012594386439206e+28
-1.373953558849366069e+28
-2.550507797456381774e+28
1.212429796292262041e+28
8.698881566437673175e+28
-1.247994758569352732e+29
-1.912483529022320050e+29
1.717480911046753977e+28
1.363626476688258781e+28
2.613006087501582628e+29
1.657678920726528425e+29
-7.828142704084451234e+28
6.303037040794278016e+28
-1.702856210396016755e+28
-2.831584974964270776e+29
4.567181682703136574e+29
1.831585413114599239e+28
8.461884795023039388e+28
4.772797286353336503e+29
-6.441898891874706811e+29
1.683341451408229302e+30
-1.714040034398197881e+29
-1.264009002017138909e+29
1.616817400376385234e+29
-1.023102920939738979e+29
2.310303879786416142e+29
1.005229372649419309e+29
-6.718701357255454311e+28
1.074145324704960922e+28
3.071587660739419923e+26
-8.727775322782946482e+28
-2.695654649520348554e+29
2.817949005939105125e+27
-5.543649678357251586e+29
3.934816746223521038e+29
4.820575055878736842e+29
8.773123227511370451e+29
4.878360712621228181e+28
-2.535855485431264770e+29
-3.979106537226555953e+29
5.002923604645084209e+28
1.333359555674709634e+30
1.722449497571088974e+30
4.706934928465958330e+29
-1.544752122268312017e+30
3.416167200038128145e+29
-4.586464793197439255e+28
-2.136695232508472987e+29
-3.489280942643620559e+28
8.936889238885559541e+28
-3.088536469758640352e+28
1.659369458656551412e+28
-6.506415889236684790e+29
5.599559147542340013e+28
1.127385977319791060e+30
-5.261187480332347523e+29
-5.370772876624000720e+29
-1.039062314237738342e+30
-8.110584354409470635e+28
1.450953947128032539e+29
1.131264371579750711e+30
3.950423470508915112e+30
8.939757639594100637e+29
-7.826724833016874347e+30
2.378633804020329338e+30
8.396865191134610936e+29
2.123471291632811961e+29
7.715842346258228646e+29
-1.853345060258893260e+29
3.856855726990132754e+29
2.280386901070379310e+29
2.256415234593445756e+30
4.184977506674285283e+30
-2.989034585511366682e+30
4.169983128123228294e+29
6.825300235623829188e+29
-7.974416935264803468e+30
6.340985927549105147e+30
1.844221914302274979e+29
-1.403963261932068574e+29
-4.010877495434960566e+28
8.221173486113499922e+28
2.124631005788842634e+29
8.224034878034282921e+28
-8.418921063405414362e+28
1.476715408997103504e+28
2.142079150477194190e+28
-1.692567497591363566e+29
1.723483225070793357e+29
7.560521069356880455e+29
-1.351779446186558634e+29
-2.668561139564955487e+29
1.579685752595925234e+29
-1.267051951059266093e+29
-6.845539135548730128e+29
-4.576450563357202683e+29
-1.126858801888850803e+30
1.174393042049119017e+30
1.165620467776531120e+29
5.085562276618140594e+29
2.344237280804047004e+29
1.485798453581407062e+30
2.723447194587593780e+30
-1.328967831733038132e+30
-6.966077336417349087e+28
3.685106184415956493e+29
7.587009331480470062e+29
-1.914453795476081694e+30
1.093630527945064743e+30
-1.638139811035907397e+30
4.869300942882166613e+29
-8.161086058254315935e+29
-2.912634929716278991e+29
4.725175777486858708e+29
9.704937226638599591e+28
-6.270871129945116234e+30
-1.296871965511244553e+30
-2.072320297023732087e+29
-5.394892806774347464e+30
-1.134536292229845223e+31
2.068420192176829206e+30
-1.512682732681783558e+30
2.425550205957247931e+30
-2.815565907160989874e+30
2.819475146246711913e+29
4.404957184785085200e+30
3.553463540105585490e+30
-3.152017500395875432e+29
-1.066037115334723886e+31
8.997624180816424768e+30
-1.801616376893782549e+29
1.149891213272548589e+30
4.111090205034516286e+30
6.232444373609447535e+30
-1.501833021909779207e+30
-1.110297733017382673e+30
-3.480874561462136544e+29
-2.100348037355682015e+30
-7.236733876826592893e+30
-3.964321105112626887e+30
-1.144342976286173654e+31
8.270033260754051312e+30
-7.078452488798820732e+29
2.425958823970139737e+30
-1.138776274751757953e+30
2.606751605239230910e+31
2.798608844908373452e+30
3.801801122038664515e+30
