1.977363987477588000e+16
-6.540711572036833280e+18
1.339994355384024678e+19
-1.557790224872470610e+20
-5.056039254605881016e+20
3.267380287738245808e+21
1.399849878533553992e+22
-1.217102995395053743e+23
1.500903098166394361e+23
-1.941741098041314099e+19
-1.987754692167123763e+19
6.330632858932193788e+21
-1.965114433079957258e+21
6.311237881421780065e+22
1.769965249772650915e+23
-1.655026329815283583e+24
-2.671534972495665740e+24
1.594372569732502734e+24
1.230096607434100244e+20
1.633284778868943356e+21
7.263668849362316820e+21
2.772590799702378257e+22
-2.829069771543932075e+23
-2.994225280256787853e+23
4.334720127963487858e+24
4.274026954944297027e+24
-2.755184255471783812e+25
9.341114665832997192e+20
4.363367873306163151e+22
-7.581598524358714091e+22
-2.445689112654594672e+23
-6.155773498886753511e+23
-1.096556013070003399e+24
3.308534984509161912e+23
9.306478043879121852e+24
1.693017878325459197e+25
-2.139253616390720493e+26
7.530918418982811730e+20
3.770597047377784839e+23
-4.819106840878912299e+23
2.679450375514765237e+23
1.069870379386290536e+24
1.935109396858409276e+24
-2.984375251657095719e+24
-8.792804017931257656e+24
-6.408590993449384518e+24
1.164195748584787690e+25
4.383459612334223077e+25
-3.227850169727453647e+26
1.060020104898626454e+22
-9.816284841371566311e+23
-9.741905256585534416e+23
1.743358464569417621e+23
-2.553284841139196993e+24
-5.631628583781490728e+24
-2.221634109684079166e+24
4.356734590997662171e+24
-1.181539687375119189e+25
2.625790017888719035e+25
-1.161498997683788390e+26
-5.686925119997463488e+25
2.952066177447859662e+26
-2.091479689218718825e+26
4.380745289163840946e+21
1.693178261047422176e+24
-7.554790229743577464e+24
1.245874428117821888e+25
1.370197498880371687e+25
2.045577054126639124e+25
-6.561181054312310725e+24
8.648733592160378888e+23
-1.712848682277845480e+26
-4.647711138234348916e+23
-9.660791873050385395e+24
1.160816335853846924e+26
-7.541695415847217400e+25
-1.234497417048929801e+27
-8.236607178242778984e+26
-3.032209402242282606e+23
1.240537824043835129e+24
2.213435937658440710e+25
-6.944950257507073725e+25
1.084523742904841536e+26
1.848876027735127493e+25
-1.042964128308498433e+26
1.050024282936128625e+27
3.374926165242120131e+25
-5.399573098778692724e+25
-4.756945845083774413e+26
-6.158488654462165914e+25
1.647274368817525826e+27
-1.149793392863845799e+27
1.321158372157930917e+23
-2.864550265963022232e+25
1.329312166892618626e+26
-1.917951550990982450e+24
4.024309021232351764e+26
4.002976513703960318e+26
-1.706364993997352808e+26
4.630278017574020748e+26
8.658732180634600413e+26
-1.110320606229618896e+27
-1.189160716544582268e+27
2.692852027437702193e+24
-1.352110944714477803e+25
-4.391242555182381269e+21
-1.807652880946726699e+21
2.276755532884852133e+22
-5.422779461039588534e+22
2.415695703208396629e+23
6.874706662854211561e+23
6.526661465194809440e+23
-1.164042023705845332e+24
-1.381981844740736538e+24
-1.475193894594411336e+24
-2.104189539165169582e+24
2.663883551165577681e+25
5.248401451929694195e+25
-9.069732954114485175e+24
-4.615948100353921750e+25
2.132400846147509244e+26
-2.689708605095751660e+23
-3.177152527537312629e+23
3.804084630817124527e+24
1.653646938091556274e+24
4.170364884588229482e+25
3.449235585947816617e+25
1.819832804681952278e+26
4.129030834980165511e+27
3.779974021636945955e+24
6.570307511456737100e+24
-1.721803636079087946e+25
1.980291728593933326e+25
7.342669670199636512e+24
-5.675938264903256540e+25
4.055879425376117461e+26
-5.585907319247998014e+26
-7.320746499443574337e+27
7.643156520813637413e+23
4.816852385272557609e+25
-4.527676974508993375e+25
9.585683946405984006e+25
-7.223738022624334288e+25
4.115103067710349811e+25
-9.802784789959515540e+25
9.424679271205966057e+24
3.201864923181844285e+26
-6.388263951016688113e+27
1.544613544429162073e+28
1.246389795387256939e+25
-1.454786204662633536e+26
6.040745686667944561e+25
3.315406161269913444e+26
-1.430485774209371391e+26
-6.891548898770466562e+26
1.871147204333050576e+26
-1.133772910450238321e+26
5.176877151728332846e+26
-5.751492209941743532e+27
3.818346019786285747e+27
4.711722275615080581e+27
-2.761730930794141238e+27
2.914712545597134263e+25
-1.849750534393167073e+26
-8.303272083985101238e+26
1.784232518351582035e+26
-3.058745595629950962e+26
-1.347526014316855987e+26
-2.356444272505832396e+26
-1.326275667452237949e+27
1.609340084129937778e+27
4.511524019799548771e+27
1.469380214558477719e+27
1.036384093867139165e+28
9.674516469525298567e+27
-3.215187008481001332e+28
-2.533332189401227490e+26
4.182990284663208076e+26
3.615591064791915230e+27
2.583870908201159725e+27
4.120299198285380006e+27
1.172898054967376850e+28
-2.923630968827115648e+28
-1.605785187345777658e+26
1.806958322856694563e+28
8.028023417311492402e+27
4.296720626419293231e+27
8.012030596581358761e+28
1.434712991509612386e+29
1.843067241148358582e+26
-2.971797074130522201e+27
-1.435204676742503614e+28
-4.856108181945609884e+28
-2.071194077120533780e+28
5.052318793302972897e+28
-1.293243817111723816e+28
-9.938044876945353951e+27
-4.114547539667898758e+28
-7.764912903916024852e+28
8.835037200440392961e+27
-1.565755297176999514e+28
3.798865509982573471e+23
1.540432613567658268e+24
-1.093619522913577181e+24
-2.729948254897430952e+24
1.070548758779429348e+25
-1.186996798194003158e+25
-9.207632646877253644e+24
7.692397255804598972e+25
2.630812681665921818e+25
4.079701667569522774e+24
2.399426259665800485e+24
2.010875390233176716e+26
7.145857238038919042e+25
-1.841292063691247039e+26
1.544192371999273252e+26
-6.439757438459546210e+26
4.267004500499882357e+26
-1.548066871167425198e+26
-1.364206231832032940e+26
-7.601139137463924510e+27
-5.345147205170528849e+27
-3.017619900881575950e+25
-1.430704982274276089e+26
-1.019133064375053937e+26
-1.105225743678612497e+26
2.186408755503990763e+26
-5.714975283386842651e+26
-8.847040583834513744e+27
1.732791070947136888e+28
7.580891387842912762e+25
-5.737112773083242140e+26
-3.952676796093905432e+26
2.094855058728845671e+26
-8.421438839308514693e+26
9.815812646058357824e+26
-1.362773744196611533e+27
2.091345539899573837e+27
-2.913388957550723549e+28
-4.984102916406348271e+28
3.800999383100116869e+26
2.512017448291119598e+27
-7.537832459748666187e+26
-1.585036564427823677e+27
-8.331621423932996102e+26
1.183433698235465642e+27
-4.866339877037543063e+27
5.094879486105866577e+27
1.020442831226680364e+28
7.866283875581619541e+28
3.374262475456548318e+28
1.662587021568019123e+29
-1.174451006025515759e+27
4.426239338362743938e+27
-7.628457857676539129e+24
-4.582130646483511325e+27
1.312213531137133703e+27
5.055185517438782049e+27
3.607397217295810969e+28
-4.210082912385605019e+27
-5.757002412904022262e+28
-3.334264978389466664e+27
-8.300341418508365486e+27
-5.042772560394598594e+28
1.762820537889702062e+29
1.656430381421723296e+27
1.841982835245317007e+28
6.695746598195048945e+28
2.743918712426330172e+28
7.071240481413240642e+28
-8.267231371958226971e+28
-2.162318588940850413e+27
-5.994292437953026082e+28
-1.602085278035786169e+29
-3.811095644024300653e+28
-4.191422840790846619e+29
9.341466748366182913e+28
-3.320459192075855017e+27
5.271971636626980472e+28
3.501887956305498379e+29
-1.472421045243716045e+29
2.295969148906297555e+29
8.162643254349023560e+28
-2.460116301079335967e+28
3.003266018652438887e+29
-2.866379615036406743e+28
-4.922961732694476669e+29
5.074775915276731925e+29
-5.248531225541023761e+24
8.760705324727814544e+25
-1.556226915786758550e+26
1.003909594101879134e+26
-9.478300474154883412e+25
3.554915094720547184e+26
-3.584921336985635932e+26
-9.722032650751963600e+24
5.004072474834229564e+25
9.110745193487699217e+24
-3.178938854140141816e+26
-6.334747827910938289e+26
-7.948919094962130484e+26
-5.099099770449697746e+25
3.172418567344570056e+25
4.415217408200120771e+26
-2.603031593688143299e+27
2.350719034619223008e+27
8.378063273034025426e+27
-1.981624373766265148e+26
5.605223474272590343e+26
-6.887470049236113044e+27
-6.249821575392421030e+26
-5.410988146498542894e+27
-2.747847090728690735e+26
-8.655224342669138542e+27
1.768449888467497672e+28
1.240060053418564522e+28
-1.989613306840247871e+28
3.021217381719446953e+27
8.947006530339595687e+27
-3.992766558938593287e+28
1.683128507575231544e+27
3.570146289863919855e+28
3.890823720738184353e+26
1.145776157550737894e+26
-2.998987752664725455e+26
1.259904569546432884e+26
-4.619375746215621485e+27
-3.540848323339924379e+27
-2.851279357618510380e+27
8.159042494333833026e+27
-5.439682171778298293e+27
-2.167942717178085687e+27
5.969677870246507794e+27
2.838745872362253109e+28
-2.474406698985638785e+29
-3.774373798529751204e+28
-1.382437399203788321e+27
-2.478225193933794857e+27
-8.906587209507244004e+27
5.952213092084363252e+27
2.491067670926344633e+26
-2.445454668669741521e+28
-3.737541202250913790e+27
1.308841028186378197e+28
1.710982921015140016e+29
2.688630426817322624e+28
2.703135642580872839e+29
-1.143826614989937484e+28
-1.284024498654140050e+28
-2.271713797517977466e+28
9.240286156363923558e+27
-4.232688286453962200e+27
-4.308914042991848351e+28
-2.051660031053935330e+28
-7.697174024293338730e+28
3.678978084323160484e+29
1.826531853237722287e+29
-1.863549874362985562e+29
-2.775855349893582520e+29
-8.420198478603240622e+28
-2.984456614635144320e+28
-2.801275858533810179e+28
1.444814569564076856e+29
3.090400378451304337e+28
5.020614990648594116e+28
-2.836516146647165845e+29
2.442231114573352053e+29
-7.160191108806355479e+29
2.958255237205488625e+30
4.358598576157004704e+29
-8.479113778889350041e+28
1.817736096214444731e+29
-2.533731094915302348e+29
1.729550644287499518e+30
-3.897188500750155860e+29
-1.632370162952242606e+29
8.059803906858706468e+29
-1.587639507833983715e+30
1.849433878659646650e+29
-2.519198040230898570e+30
6.972194802877723323e+24
-1.419014133318878285e+26
6.865434381642990904e+24
-1.748007356171683461e+27
6.556536316549279090e+26
1.018062635099766943e+27
4.054885242484312390e+26
-7.411203901806153819e+26
1.060653357856737275e+28
2.926618915093543233e+25
1.016454160263065543e+27
2.658126343733899434e+27
-9.781840796373037670e+26
6.734994650161998528e+27
2.698651292898777660e+27
4.526500046325993157e+27
-4.532211063449789235e+27
-8.132934430558788183e+26
2.794277247208120579e+27
-2.502607238364255843e+28
-2.595482713440008398e+27
1.263584045174736439e+28
-7.208062520868258403e+27
1.463687016132365101e+28
-3.785293342374609269e+27
-5.113649954240102771e+28
-3.014036039128779526e+28
3.897084320831540813e+28
2.705772536196702922e+25
-7.304014998962961695e+28
2.496054288591186808e+27
1.523505109567432961e+28
1.506262780058290811e+28
3.149766054347964358e+29
2.121213722552077646e+28
1.871803081635025977e+29
-5.249291124940152741e+29
7.514372249012614641e+27
2.457053340058646577e+27
-2.280270456513450950e+26
-8.311772060765916070e+27
3.233433130052963583e+27
-2.719472136005846497e+27
-3.567060434342713410e+27
-3.105708408124574958e+27
-5.493288570071970266e+27
-4.390188499050241678e+27
-4.337573718518580779e+27
1.424070525408295126e+28
2.005988114079019292e+28
2.092619515469324857e+28
3.216501832530661117e+28
-1.551097343818505726e+28
-9.882990388107748254e+28
1.191336994280560450e+29
7.619471162948194000e+28
3.900270676954175787e+29
-2.026751056113246159e+29
-5.362804380741476293e+29
-3.525902082526246182e+29
-4.252658381429469649e+29
-1.598324249300344252e+27
3.320479963071128386e+29
-2.902152803720332338e+28
-2.954893427973033819e+28
1.072161773369544777e+28
1.444538753126401346e+27
4.456224476855206952e+28
8.494878105227504822e+28
-2.041587177824601333e+27
-8.180612051257459214e+28
7.967362498826564293e+28
-3.258397984000961197e+28
-5.736024481634292342e+28
8.229595366915352434e+28
-1.137466890846166107e+29
5.335776988772934142e+29
-4.069561988443110570e+29
1.019145166911211990e+30
-1.287973293092120716e+30
5.904561462979533152e+29
-6.401358516331218561e+28
-1.234277952360530924e+28
-2.819648349201416809e+29
-8.725187833647807413e+28
5.597639200696508287e+28
3.210437553497855156e+29
1.657972749019736308e+30
-3.902500832955542099e+28
-6.616030560019198482e+29
-3.534528467854262495e+29
8.285093327133179431e+28
-2.779895560664257397e+29
2.775075447850362774e+29
-2.424845856983349796e+29
1.257909332318638769e+30
-1.220499841301507563e+30
-1.160060996393513785e+30
-2.073545502502177407e+30
-9.638324032998484055e+29
3.134975820373647827e+25
3.302498424354217554e+27
-3.432138013148475852e+27
5.084165353536749228e+27
-2.683592794069663689e+27
-2.471443019549212197e+27
5.545608734172733144e+27
2.773780902317151175e+28
1.290763027865506615e+28
3.788202811603639982e+28
8.562849988559685129e+28
1.202882305376956561e+27
-8.000654085169775536e+26
-4.103111896362005249e+28
-1.131524495847527720e+28
-2.840377178278637461e+28
4.709665553857940842e+28
-5.925136234179804079e+27
-1.695236932620507818e+29
2.442813260842252945e+28
5.372006994965978696e+28
5.981602542818193381e+27
2.999533005540909731e+28
-2.218405834236414454e+29
-2.486567017575844608e+29
1.932615440480404946e+29
-3.273367807413668470e+28
6.588517866864729424e+28
-8.387112926528320504e+29
5.528225232037021635e+28
3.258240206479007664e+28
-2.148156947908445654e+29
2.918837583917194664e+29
7.730576920665543144e+29
1.918825533904946062e+29
3.588342805571232765e+29
-4.198960543570127855e+29
-2.761871190162870633e+28
-4.393594144745746044e+27
-3.714334193398872609e+28
8.832812033830136806e+28
1.847632598705888701e+29
5.309930254312987982e+27
4.318720163712765638e+28
8.591314260684039551e+28
5.928745926452473150e+28
2.265765846959915379e+28
1.217870755539128427e+28
-5.511251289048571260e+29
-2.288995665405298908e+29
-3.015468262754189603e+29
-6.006269224182920745e+29
3.341331346890095811e+29
-2.190174859795183089e+29
5.373407207099109504e+29
-4.585545550656492146e+29
7.639045626820091967e+28
7.072134229603495218e+29
-1.135644117725865982e+30
-8.501127555787588715e+29
-7.596976097214995881e+29
5.658277086944210378e+29
-8.694322858339803558e+29
8.225557869529591256e+29
-1.180522045465897240e+29
1.251696810569223569e+29
1.308743220305284009e+28
9.969964552056994983e+29
-4.596445616429635063e+29
-2.211187064338887444e+29
-1.092356567095224322e+29
-1.077962083057581076e+28
-1.404810904184138862e+29
-5.655325164267880090e+28
-4.018360085900139070e+29
1.337217840559827793e+29
-9.956045278894137357e+29
-4.027229869692145438e+30
3.973950437981500906e+29
-1.101488401506929011e+29
4.644734392308913728e+29
-1.495796346576421078e+30
-1.473976024164358179e+30
-3.378621534540763609e+30
-6.554151801113001314e+29
9.727878087936370298e+29
7.688646524814366792e+30
-1.655932336124136324e+30
1.496117156015287767e+30
-1.036043168707304980e+29
-1.367170264291839713e+29
1.127168053604547027e+30
8.590460763621274907e+28
2.210719816093759170e+30
2.615403219382481656e+30
1.879476688872727155e+30
-5.252317176975889758e+29
4.470299899670904123e+30
5.134470150724282452e+30
9.528578065826883785e+29
-9.297139588915910132e+29
3.044089468493575413e+27
2.535006965542138692e+28
3.040899808847099890e+28
-5.642492013634779155e+28
5.331138078023035386e+28
-7.529958217613578667e+28
2.081965120219008256e+28
1.119406631505032292e+29
5.242507843093616057e+28
-4.193229799692146243e+29
-5.129027970218990257e+28
1.643351507830280910e+29
3.997896683370080461e+29
1.545344329796607501e+29
-2.552045037943951524e+29
2.735557354022338778e+29
-3.365075503046012932e+27
-1.312230410098379475e+29
-1.950778351347890444e+29
-2.034605604987672418e+29
2.151481773993592101e+29
-3.876714655269978899e+29
9.587040864847965065e+28
-9.102349435201744062e+28
1.484761994556803655e+29
3.698112438942849859e+29
-4.763711062599390782e+28
5.373247211623933915e+29
2.817605732919297752e+30
-8.218864230092286104e+28
1.941439931017637732e+28
9.684985956511277783e+29
1.458444185208880791e+30
-1.207792323884658718e+30
7.625499800783870071e+29
-2.301000208376499007e+30
4.061835939755968017e+29
3.827616761717446014e+30
-3.605428026580444154e+29
-3.307550005820959700e+28
7.772440050107993678e+29
7.115129563616697448e+29
-1.067428183876422914e+30
3.972482551144844616e+30
3.456527838847308385e+30
-8.238787182246036660e+29
2.780519664068245081e+30
2.207003662614215746e+29
7.490618520013121337e+29
-1.442857941593368920e+30
-2.817325620222692830e+30
1.490415299121511466e+30
-7.013354767429796517e+30
5.139040968811377692e+30
2.794938361685203398e+30
-6.827696490060242511e+30
6.756382078547422382e+30
-3.234733430287170156e+30
5.581303101309716544e+30
3.656028638843668639e+30
1.328134567309227176e+30
2.544044320051421945e+28
-5.029541608465521062e+29
1.322617353908863910e+31
1.325551539825607855e+31
2.287559653091865731e+28
1.476890568324930723e+31
-5.709507377451042098e+30
6.694846955705808159e+30
1.295886768230758987e+29
3.509480073678436869e+29
-2.921776099816478235e+29
6.416441293067375857e+29
2.274284828921095195e+30
-8.775222348119049957e+29
4.412583785073299278e+29
5.724598921412054541e+28
-8.349206808850001616e+29
1.251979782070478752e+30
2.332369498484161281e+30
-5.535080834149657767e+30
4.591822340228238891e+30
-1.013387859469622048e+30
2.911631324120223239e+30
-5.506650306495469099e+30
-6.202806464221548129e+30
6.567666341359120635e+30
1.835817964251441152e+31
-1.013370875715119892e+31
6.111490108704090870e+30
2.116224839364593470e+31
7.035183281694497770e+29
-4.584041457770107010e+30
-1.254041865660501314e+31
1.156883243556093711e+31
7.734450572017929200e+30
-1.643172738617551689e+31
-2.055191926401671639e+31
-8.379151789674736970e+30
1.479778679314764017e+30
-4.651324478665179511e+30
1.830777703619444209e+31
-5.625980968715726437e+31
1.246168289974618418e+31
-4.431559816372488954e+31
-3.260328119946718518e+31
-4.773186991265289175e+30
-4.407796562865002473e+31
4.537138383252669952e+18
1.252794594623469978e+20
-8.028722700585972531e+19
2.768065976635379876e+20
-1.370306779806989812e+21
-5.098529931163026326e+21
1.173849592674529869e+23
2.062669110929786426e+23
6.645584372083302400e+18
8.158557100262175015e+21
-3.959729527051278038e+22
-1.508712663939345474e+23
5.411523296214787713e+22
2.736135005420822379e+23
1.022634278233571060e+24
6.793263981944068037e+24
-1.532833089771471110e+21
1.543815577117977163e+22
-3.222235366161484087e+23
-2.423767495445793567e+23
-2.652689323928496028e+23
2.552486226373644806e+23
5.765466043297466897e+25
-1.418588357042638745e+24
1.139261730684637838e+23
1.165777538954130578e+23
-4.021688020279064370e+23
-5.860443677774741074e+23
-4.460011060789216291e+23
2.402301106235582110e+24
1.073846059318018873e+25
4.305860021499756394e+25
-5.733459743530657196e+25
-2.187487780870336922e+23
5.990209877992296352e+23
-3.776377501079716695e+23
9.599583477057523370e+23
-2.427493562281922354e+23
-8.214424225744749714e+24
-2.289854714451353586e+24
3.202685968652777007e+24
-2.744368924132065426e+25
1.461098159510990350e+26
-2.806247124978316509e+26
-2.513831514224425383e+23
-9.772425248254601755e+23
7.221491368675661148e+23
-2.313023439036069169e+24
2.916325328870510032e+24
2.451735927446587170e+25
5.130840867334075732e+23
-5.225112860960050661e+25
5.723896790932811105e+24
1.390546004678507373e+26
-8.327216198058204198e+25
-3.946790765311878071e+26
-9.376643345476161638e+26
-1.510754275951320064e+24
-2.919754853150017297e+24
-2.792804291971887884e+25
1.316817219625684808e+25
-3.515792272637493903e+25
2.906992714296425976e+25
1.599642268008265793e+25
8.680986030056150667e+25
-3.427932875570918420e+24
2.824916144526092508e+26
-2.309538265242445220e+25
-1.637281878193167151e+26
-3.120815814229440416e+26
-6.949462709773051809e+26
-9.234278482953560392e+23
1.886344297903234988e+24
6.720488482285686468e+25
1.698281846625923887e+26
1.135310005291759505e+25
-3.235394055506180901e+25
-2.369778718456347126e+26
-1.063320986880866454e+26
-1.811418205058433011e+26
-1.481798085241890587e+26
8.717792694442276337e+25
-2.262905416323600305e+26
-1.857748658647918324e+26
2.646259117839734406e+25
7.927887469108051909e+25
-3.331524335735908348e+25
-3.947245628173644677e+26
-2.622099548505639016e+26
-2.763734593843503180e+26
-2.088661112483289467e+26
5.709628128474949813e+26
-4.833827982124996026e+26
3.098130446873532684e+26
3.986492598448518669e+26
-1.078885554209633407e+26
-6.730926117218635534e+22
2.129781353029025399e+22
2.484000154348178102e+23
-3.384007529223860592e+23
1.758000908462507331e+23
-2.643380691942901516e+23
-5.018093742814255823e+23
1.403757333213125005e+24
-2.194844256828318879e+24
9.843120260341535491e+24
-8.158090539345446752e+25
2.525636639488090955e+24
3.770097555172302259e+25
-8.081676189454327921e+25
4.470466563188961208e+22
-7.932285293502479649e+24
-4.544407557931195150e+24
-1.985401716655043195e+25
1.589617665174075593e+26
1.154498202899167566e+27
2.339607225788753946e+27
3.507852988519270391e+24
-2.190991198313993825e+25
6.816565270417955665e+24
-6.611224296433849657e+25
-1.306415677401255409e+26
4.680754560500946229e+26
-2.127098194411813281e+26
5.790413042795805415e+27
-3.916824922428894986e+25
-2.275365441994292147e+25
-6.020596359004533149e+25
-1.179444495470046292e+25
6.956155471508622700e+25
1.103384795472976095e+26
-9.531131163182573710e+26
3.463907250156549590e+26
-2.758647948394288778e+27
-2.653862968754213744e+28
-1.562133934033171331e+26
2.897380465023619380e+25
1.112521750597372253e+25
1.082211311965208167e+26
4.281279636534908821e+26
-2.265054541580713272e+26
2.366200880106786582e+26
-1.458775334762465923e+27
2.755880053198156002e+27
-3.544512563573543734e+27
-2.818363757696765148e+28
-2.036827667205524357e+27
-4.326002759596204959e+26
1.176030529284558795e+27
-5.761567610342881563e+26
2.066984374884886324e+26
-6.613748619038883146e+26
-5.568232162144831179e+26
2.548932805229475970e+25
2.987008800904939578e+26
2.984478079062635591e+27
-1.658002332966337292e+28
1.600273740709293739e+28
1.319140901949749070e+28
-4.306904931593084191e+27
3.458785782142889363e+27
-3.039235035636401602e+27
-4.297852607163994194e+27
-3.267457932374493843e+27
-2.256516366028626572e+26
3.538909154751299186e+28
1.067514640101237561e+27
4.549632255276380943e+27
-2.880604453598464974e+28
8.299753634539493648e+27
4.859268998226893216e+28
-6.031965293218165209e+28
2.133445874110590821e+27
3.069772770881377506e+27
-1.582303827823590245e+27
2.574436950301296790e+28
2.605643278754126058e+28
-1.065217255566774879e+28
-1.079909911494765856e+28
1.511665987613007843e+28
-3.133551008278341185e+27
-2.693376363662706874e+27
1.441144925453867369e+28
-2.692257629084701291e+24
-2.256805312837674829e+24
9.509871720323971520e+24
9.352711699366673878e+24
-2.357635655249631162e+25
1.384942183024566138e+25
-1.597395935399792125e+25
-2.826735263831739974e+25
-2.492687455122811213e+26
7.648519674738217678e+25
9.413801314296505327e+25
2.845788574841316916e+26
1.352236870883942278e+26
2.236961894708579489e+27
-1.124010017294245668e+27
-9.311215392431285115e+25
-5.868113267538591797e+27
-8.808164604116267801e+26
-3.639463514968321167e+25
-2.566288249237565756e+26
1.932635425315961661e+26
3.418511786279239228e+26
8.463999598232647597e+26
1.657424534867962441e+28
-3.252635049574066427e+28
-3.749664119403910737e+26
-2.479247475122640509e+26
1.666934431920437387e+26
7.448048587421147800e+26
2.876178654580538673e+27
6.227934424112734462e+27
1.406358229282000937e+26
-4.409447910088257674e+28
1.328819294961299663e+26
8.627900896984923253e+25
2.936225897926210090e+25
1.454933346197157360e+26
-2.239836726063328662e+26
9.698078126111438238e+24
4.487774319585534895e+27
1.460121420048580551e+27
-2.186361209414233501e+27
1.787174018171682713e+28
7.204519175049808772e+28
7.691191769453762984e+28
-5.845612069623472565e+27
-2.173027327988725485e+27
-3.441276060368154425e+27
-3.195223367015196753e+27
5.027564564755351312e+27
-2.440032224314978821e+28
-8.746238691080732465e+27
-7.212430484358889975e+26
4.312280738406897488e+28
4.482643467408717848e+28
3.612223886648282249e+29
-1.220702124965874625e+29
-1.885579979341045099e+28
-3.515525564128876679e+27
-2.085969905062597343e+28
2.326178367308595736e+28
-1.501495007961073441e+28
1.770160273076151039e+28
-2.890375622957765273e+28
1.487651578354811247e+29
1.798159873694934103e+28
-7.536027872744987060e+28
-1.117131873923800312e+30
-1.137260740663414442e+28
-2.781733675406167113e+29
7.477812303507967017e+28
7.103998133782018858e+27
-4.162312591207627787e+28
-3.581980403154865175e+29
-1.308182804281918043e+28
-5.685726819561900436e+28
-1.743407307242554921e+29
1.472969558207734071e+29
3.773338092402612236e+25
-2.227574262598848913e+26
-8.183630871559092498e+25
-4.483397152795269682e+26
-1.156914105936140042e+25
1.028481408958452100e+26
1.726978717885727209e+25
1.962618088592072577e+27
-3.745593696887411162e+25
2.894847981961482726e+26
-5.981878837049712158e+26
-2.679857105956031589e+27
2.759976617632822125e+24
-3.101090930667823376e+27
3.585199875028888050e+26
2.032937294639141728e+27
-4.344551550068143196e+27
2.049712303753392600e+27
3.552536741397067289e+27
-1.284710840995507035e+27
1.066369103834277323e+28
-1.888459461929774075e+28
2.259502205357409490e+28
-4.682980711521933837e+27
-9.970070127342779609e+27
-2.329412151763029096e+28
-6.116617250110633692e+28
-2.809146293177366303e+28
-5.384605348050453431e+28
-6.224385944309135771e+25
7.640988227528816227e+26
7.216520689823116825e+27
4.491926529686426142e+26
2.802788587809408310e+27
-6.502808007570698936e+26
-9.736569089581951078e+27
1.086000283966229743e+27
-5.139996766899427329e+27
1.228789675193079945e+28
-2.082236596759685856e+29
-3.034782193102092573e+28
2.924795967261928123e+27
-3.148427387982433189e+27
-9.298216999435531092e+27
5.999264596858677010e+27
1.393217878608941516e+28
6.836220029350979692e+27
6.500671136962258907e+27
6.422090466558234661e+28
1.385478546224916014e+29
4.955510183938789816e+29
-1.295608112806553406e+26
-1.255431096817048805e+28
-6.653644474663722423e+27
6.004473721473456619e+27
5.183044467368968401e+28
-4.363011592964621723e+28
6.921190598181710513e+28
-1.067839794861229245e+29
-2.772426873070115999e+29
-3.442079047843945763e+29
1.602790738108015505e+30
-1.298838704554027048e+29
-1.488450689653319345e+29
-1.254209713515428933e+28
-5.301645219348076205e+29
-5.535367846971751278e+28
-1.163642122130143807e+29
-4.338916255218057290e+28
-6.101098118056952354e+28
1.194734363160522764e+30
4.801715271625365826e+29
2.683315431528135238e+29
-3.245585005434638965e+29
-6.667260963665078607e+28
-8.475478924540530126e+27
5.367949971881768278e+29
9.458029587986920945e+29
-8.030938034107024552e+29
-1.534735617757264623e+30
-6.519903797665025611e+29
-7.851225433015951855e+26
-5.934327897952752635e+26
-7.782583103639027420e+26
-2.083145937885524023e+26
-1.898988662086356718e+27
3.259111752856155998e+26
-3.025371649174125119e+27
3.345602438956247313e+27
-1.798386121327440075e+27
-1.198276320381505989e+28
1.364861289793290361e+28
9.083274016677346501e+26
-2.880676081841616043e+27
1.099007491128545098e+28
3.769067549704805823e+26
6.894124867216625174e+27
-7.431652914468849234e+27
7.369952318830321300e+27
3.848496844329580778e+27
3.692454114132053583e+28
-9.304160843674551276e+28
2.228485299803611263e+27
-2.180400828432853321e+28
1.339529662606595108e+28
-9.484974773560856141e+28
-1.126157205579300781e+28
7.764367100346400170e+28
1.135034213947843732e+29
3.067085346506658457e+28
6.542471564746631527e+28
7.441438734913729059e+28
1.947904263665104399e+27
4.172130468833226933e+27
-1.285175710666879303e+27
-1.704845315539417216e+28
6.697910109641311853e+27
-6.208912083348454302e+27
1.836175074191786232e+28
-1.209785947318670392e+28
-6.726070090019272028e+28
-1.110557489165889661e+28
8.218793650705543040e+27
-7.327724005589826077e+27
4.857561216874908398e+28
-8.216280446703775608e+28
-3.266842144873553142e+29
1.227158446385333194e+29
1.198031517941385356e+29
2.259512568012549786e+28
1.723834538591693463e+28
2.922014625337753809e+29
-9.532484720938670342e+29
3.929201027350200222e+28
-3.327411394427466570e+27
1.685003052412545238e+28
-1.137263385278895666e+27
3.110884234773760744e+28
7.088237162503609067e+27
1.489885300362574471e+29
-8.761809903550781337e+27
1.123289832168116579e+28
6.035572412542604193e+28
1.168883779697592323e+29
-1.123234824757774775e+29
2.677589656121176307e+29
5.677989446632894876e+29
6.778559086144486410e+29
6.047547622120432951e+29
5.743327337513256431e+29
-1.481872199044419075e+29
-1.070000906088698680e+27
4.216940067665005499e+28
-2.374242960748431246e+29
1.313702212953221531e+29
-1.263705016869987534e+29
-4.228950803314776110e+28
1.737921466457688601e+28
1.488630918701536104e+29
2.387099997646124477e+29
-3.963398777151495121e+29
-5.459596749116595353e+29
-2.791629174355303409e+29
2.243529604985355287e+29
-2.340454766035091679e+29
-2.827863307010211813e+28
-3.378535741089572544e+30
-9.193760490292761832e+29
-2.192352390250122997e+28
7.932212587828220784e+27
-1.894337047450714068e+28
1.314398695334889051e+29
7.665371867510034156e+26
-4.372035185078812843e+27
-1.810523275028390776e+28
2.385636144762973015e+28
1.902674866935213587e+28
-2.459594814622840242e+28
2.106328208703610357e+26
6.744863532200698457e+28
-1.733669062132169747e+29
1.933481015951127444e+29
2.002822345716515399e+27
3.080843813511599140e+28
-1.072767591464509738e+29
-2.237190310197043925e+29
-1.105023770277694982e+29
-2.740557177925297192e+28
-7.837016635080936598e+27
-6.419609462665133933e+29
-7.096026147228384802e+29
2.124282735442491477e+27
1.922461280184217313e+29
4.257131744891607215e+29
3.366333694030239622e+29
-7.496163998998332382e+29
-4.700699636731546249e+29
4.829644060483897780e+28
2.073161275992203398e+28
1.832465936152390681e+29
-8.825951505272593661e+29
2.293186243020290448e+28
1.036882141803574635e+28
-6.963264308647496329e+27
-3.751703459438500297e+28
-2.554699818148209190e+29
-2.926080751493624767e+29
-1.208229922043308063e+28
2.919783674590193208e+29
-7.338259562327122439e+29
-3.701161373842737343e+29
-1.115675674391720207e+29
-2.796832735664978571e+29
-4.838769641595568908e+29
-1.606107539038963450e+29
8.239211416414816867e+29
-7.445110668620079547e+29
-2.090923026747995698e+29
2.436339257640467012e+29
-1.597646513160708889e+30
-3.910732175931650679e+29
1.200376463016412134e+30
1.149201013823812857e+30
7.258113772970525653e+28
-2.427973470344101349e+29
3.380793667579409006e+29
6.941940067767729079e+28
1.115218692533499431e+30
-4.358288368156285070e+29
-1.629455743177298670e+30
-8.844930559614688957e+28
-3.003225533232261553e+30
-1.134975876199825230e+30
-5.222275507653000514e+29
6.528695324634487284e+29
-4.198707862850867616e+29
1.607240933882175669e+30
-9.787954422024676355e+28
1.078616864388706220e+30
4.537168213785361689e+30
2.632074078648432601e+30
-4.056323585609855949e+29
3.567184592141272584e+29
-2.583675604830961986e+29
1.055335344338184119e+30
-1.900863770533395848e+30
-2.034224102961840685e+29
2.292255484934097848e+29
-7.732275152254848147e+29
3.610267523706275294e+30
-3.036162752754220937e+30
7.654808184358690933e+30
-1.487659798536564800e+31
2.496262891274494014e+29
-1.750206620001500505e+29
-1.740400027572662629e+29
1.471641531841701433e+29
4.898482807366578462e+29
-4.985563831758291786e+29
8.746781437787999906e+29
5.477297739361596027e+28
-3.070495239108689568e+29
1.164542802442407000e+29
-2.418023314239945440e+29
-7.830405315022605170e+29
-2.299049245970686043e+29
-9.442333798386748793e+28
5.382073679083856999e+28
-2.930167913302883639e+29
-7.069044503111634741e+29
1.529338983547565727e+30
1.165322608015751254e+29
3.940556185575312386e+29
4.534565598713077716e+28
6.770750169810653137e+28
-1.393975002148214409e+30
-1.126656000471305592e+30
-4.573181132405996201e+29
1.283539268552014909e+30
7.857906986945391031e+29
1.855962698497763696e+29
-4.787976244543387481e+29
-1.879993651613858350e+30
-6.472602259454033851e+29
-9.959877762353041385e+28
-1.780410526319532671e+30
-2.022076604446901701e+29
2.096563086155609780e+30
3.643234476788679427e+29
2.507271227336186435e+30
-3.312302684611585697e+30
-7.689882742818652136e+29
1.714249854968048004e+30
-1.800492419984930557e+31
5.491706669315676755e+30
3.654766255734354795e+30
1.044927820791099735e+30
-1.423115676047412560e+30
-2.155214641236357938e+30
2.043552196683915986e+30
8.796766074679266788e+30
-5.985687121874017762e+30
-4.752304632297820012e+30
-5.916634247724718779e+30
4.155968226139590293e+30
-1.824523618991682827e+30
5.943258025724477881e+30
4.638735409270881298e+28
1.141273022103006603e+30
-9.052526333542352032e+29
-2.255633931951977848e+29
1.295468672698453276e+30
-6.134203894938211815e+30
4.224600491400520169e+30
1.833980149532988846e+31
6.622925428743253213e+30
-6.339578711397101602e+30
2.010821179071361623e+30
-1.734818607231789168e+30
5.063913260445012628e+31
-1.862670163828078915e+30
5.704171529597611268e+29
-6.370054192450008548e+30
