-3.094065818417886400e+16
-1.981725548663738368e+18
-1.257729568516352246e+20
-4.838469348213804237e+20
-2.472089187300037100e+21
-1.546545659290723025e+21
1.683569898257540081e+22
-1.086805357039000601e+23
-6.348618649024836015e+23
-1.216812208081944576e+18
2.194505231011644703e+20
-1.866746363517850092e+21
-1.151500186963425205e+22
1.850321877044320964e+23
-3.316531904138862972e+23
-6.503481822997341694e+23
9.186657895325970790e+23
-1.207527131943079684e+25
-2.019823239749743411e+19
-2.785121158434190787e+20
-1.462263645587476631e+22
-2.444268022538619480e+23
-1.485045630394319283e+24
-4.132442884579682230e+23
-6.573784944823133429e+24
3.990085863291280080e+25
-1.862057870341435561e+26
7.434730390417628201e+20
1.098645320715059855e+23
7.845748414032041424e+22
-6.902992134577541549e+23
-3.960813133421590522e+24
-3.008508767617521319e+23
-5.237685992287050266e+24
-4.274409339174466187e+23
-1.632972193471301962e+26
-2.336318618526912250e+26
4.086786329311462818e+21
2.128629804691522113e+23
1.032668798278122340e+24
1.076004664817043424e+24
1.687556064142919077e+24
1.508729552305543197e+24
-4.266871217350789713e+24
5.446891000673883174e+24
-1.951280421849852876e+25
1.063822967927593709e+25
-2.701938579864476960e+25
-3.442676112394467286e+26
-5.169095002988145017e+21
-1.190871157999175844e+24
-1.889055953581078607e+24
3.037272082484994385e+24
-2.120362033396987082e+24
4.136487840105487558e+23
-1.088304197099008521e+25
4.238429192349520610e+23
4.707660955435279531e+25
1.166291031907243695e+25
-4.921837318664693371e+25
-2.252021887857900577e+26
4.882297576926812401e+25
1.438162541662300252e+27
5.531945718813620489e+22
2.310638860278358746e+24
-9.473215650844271593e+24
-7.970876491644575737e+24
1.999889772861801599e+25
4.359346499856850552e+25
-7.029138893928255654e+25
1.494676338268239621e+25
2.887383314358414170e+26
4.501177921240404181e+25
1.767411114118449910e+26
-3.533738420679854285e+25
-4.449042016855594680e+25
-1.378062517617549392e+27
1.833513707273444899e+26
-1.996167166536089590e+23
-2.586397711967585761e+25
-8.559019446935898083e+25
-2.587260602233631894e+26
-5.954147936111293987e+24
1.305338902800376564e+26
-2.280565402602594825e+26
-1.877872169346964272e+26
-1.537023689823385534e+26
-3.169986319282451244e+25
-1.073031470482412878e+27
-1.985098104416081689e+25
-3.528083607822814631e+26
1.914790086104513678e+27
-1.796761489087670988e+24
-3.251235892687286842e+25
-1.317336609508033356e+26
2.066417915001113340e+26
-2.201722035889755411e+27
-1.354710878830279141e+27
2.240137504161433774e+27
3.922962233421925224e+25
1.572739111053023640e+27
6.577499607771021327e+26
-6.227499645854852179e+26
1.454289152219546341e+26
1.647148901639893779e+27
-5.003724339379045401e+21
-2.554238244343603266e+21
-4.252133674561573801e+22
5.009680942108236789e+22
-5.757040003838943376e+22
6.057300907130442786e+23
-6.412730944846106701e+23
5.399715970459353114e+23
8.292223050966730476e+23
3.390277582069163381e+24
-6.076824139737507639e+24
-6.989320881177690812e+24
2.087219474064848831e+25
-1.057527092419495111e+26
7.010552989463394294e+25
9.064400166994479445e+24
-2.740461202806219850e+23
4.837968634545073312e+23
9.973728431615933782e+24
-6.937057849951234975e+24
-6.076511857930954760e+25
-1.425565824294073197e+26
9.339184840644227203e+26
1.155276098542075762e+27
-1.862518569797468836e+24
-4.407906614812360577e+24
2.286306143873958851e+25
-1.592667912557645271e+24
-3.648978231041636810e+25
1.034770456816325441e+26
-1.920563366063303036e+26
-1.772968092009346294e+27
-1.931338259092082520e+28
-2.053900884726022041e+24
4.371596868719043042e+25
3.464069515846894565e+25
-3.193622246809204176e+25
-3.888836812059284296e+25
-2.518523754153455684e+25
-8.357113896157008156e+25
-6.900493142286487049e+26
3.298778963575243759e+26
-3.491997819988061457e+26
-2.509398893693702493e+28
-1.568107009460971817e+25
3.623224606443353640e+25
-1.243506536238724740e+26
2.090131222962943554e+26
-2.691854841119966988e+26
-5.171249559092230011e+26
4.625034788807669182e+25
4.111456109179745209e+26
2.348971522910347424e+26
4.756939220378916040e+27
-3.592751347177010690e+27
-9.942883743963557615e+27
1.230001260040469541e+28
-4.616804055388862391e+25
-8.749067632909929272e+25
7.956095511956977158e+25
5.517646126961958244e+26
1.004999692450226803e+27
-1.114740113589157316e+26
3.546378118181744041e+26
5.743821101043906442e+26
3.746650192047717487e+26
-5.592387197829657303e+27
-3.979438232577409287e+27
4.647229310292054948e+27
8.407053082832376254e+27
2.390562150992185505e+28
2.241307297727205559e+26
-2.042291460663061917e+27
-2.204119259498167746e+27
4.694865047947652893e+27
-4.075015449983829525e+27
-1.359140901996747167e+27
3.854097690740495654e+27
1.159687257707029754e+26
6.659642285192873733e+27
-6.013928831050477265e+26
-1.852540803797959787e+28
1.864578365545289889e+28
3.288337626438988777e+28
-1.729418854851432039e+27
-5.060712786046237980e+27
-2.994513748078796300e+28
2.486552347783706192e+28
-1.109770080813465858e+28
1.649440562388284671e+28
1.791019113436917707e+28
-2.077159997196906355e+28
3.275069525285424046e+28
-2.588498098155068114e+28
-2.574748357988464507e+28
-7.498848670917676199e+28
1.743119003751091714e+23
-1.751870817634504046e+24
-8.916763870331230057e+23
6.008360518031429610e+23
1.267519133596692144e+25
1.003453321577547887e+25
2.036069529699954366e+24
5.557836470086403231e+25
5.559502815070381253e+25
9.247806586645585517e+24
-1.306278265319331680e+26
1.727967233549590748e+26
7.548630909812017348e+24
-1.134507781201301489e+26
3.107104072449438767e+26
-9.184813938537802855e+25
-8.568875778796499627e+25
7.021772478901797110e+26
2.772120013417757024e+26
-4.906213850587725715e+27
1.271252111938866530e+28
1.803504427965184243e+25
2.701205490075999011e+25
1.432907355530230955e+26
5.365418969459743362e+26
7.147635548468168755e+26
1.356696706892536975e+27
-8.033733670339583859e+27
-5.432072276394668898e+28
1.469288282284504863e+26
-2.957435441678894755e+26
1.902900707766560694e+26
-3.268711199653018443e+26
3.737687829717844510e+25
5.507266372854090776e+26
-1.644476501823210650e+27
1.200257012719728548e+27
-5.963269136169680767e+28
-7.939586097028202156e+28
-2.080751310484423104e+26
2.635195555015564564e+27
9.763450169120750232e+26
-3.109910942807718475e+27
-8.145806778339557069e+25
3.934263527449275512e+26
8.669694154843804388e+27
2.715089730611715217e+27
3.089276511712193197e+28
-2.501997346349740195e+28
-9.934387345327706197e+28
-5.430059025389547647e+28
2.791711739393154710e+26
8.917454520220400483e+27
4.103269636820175415e+27
-6.794759730727868567e+26
-6.842647213907123958e+27
2.559622517311863896e+27
-1.320064114514684314e+28
-7.028991621848406890e+27
3.444289143732884774e+28
-4.836996367941367611e+28
-9.412586985465322384e+27
3.233556335193603420e+29
1.193694523038561426e+29
-3.531299548641762633e+27
-6.996506390617520974e+28
2.455052103347999280e+28
4.249670480434523371e+27
6.171871475601010077e+28
-8.590821400469943313e+28
-1.101847097904632942e+28
-3.242141267789910370e+28
9.373019427630610692e+28
-1.507076707657659345e+29
-2.877437018518399653e+29
6.383132028976696466e+29
3.196761093545335874e+28
-4.574099754856422782e+28
2.339691066033903486e+28
1.418919237927935430e+29
2.526066140485088004e+29
-4.537830552191413622e+27
-6.630148562421424547e+28
2.357776384025729969e+29
1.979745281141004832e+29
5.487114708582637137e+28
1.763360640129978248e+28
-4.138127345243214865e+24
7.355403998371262142e+25
1.567184695054873533e+26
-3.770265913588159554e+25
1.242677797236225173e+26
-6.955844473030674728e+25
1.200037753630610277e+27
-2.158921345603529948e+25
-2.415229072301009892e+26
-5.342315039005313952e+26
-8.662260335396587849e+26
-2.781061670765890714e+26
-5.281330955841356018e+26
-9.232823755873026374e+25
-2.341779446031226837e+26
2.970572255939195003e+26
1.985946426873119492e+27
4.361620136919133362e+26
-2.171040802670405287e+27
-2.200771793250604751e+25
1.854649547459516953e+26
-1.921971844042162472e+27
-2.274875300226341718e+27
5.876234291048583673e+27
-1.271012849588664099e+27
-1.243136282631437413e+28
-1.260587126808440870e+28
-5.642793986455262687e+27
2.318267707306788394e+28
2.833679313669010306e+26
-6.616575184055729206e+28
7.221647896905058951e+27
-4.238377902807570108e+28
1.206798171515187768e+28
1.050048377836322278e+27
8.123102778291013356e+26
-3.980263100624935367e+26
-2.115700465097037292e+27
-5.680775096251004452e+26
-6.711785873116838722e+27
9.395392237535211910e+26
-1.348627606012010004e+28
-6.678745929892459788e+27
1.192000498602068441e+28
3.911016688769251842e+28
-9.350407174868177993e+27
3.509064687011308288e+28
2.024390724974494298e+29
4.322477008268655611e+27
2.103067197636594561e+26
-5.074270380652022222e+27
4.653037470390153430e+27
9.378835005027350441e+26
1.475714111364474780e+28
-7.642960599210791808e+26
5.026389228812341404e+28
6.404373122712177261e+28
-3.466804210458166144e+29
3.344163240919802521e+29
1.327730331544761946e+28
-6.746343599577971075e+26
-1.358710592838876821e+28
-2.641101979221997909e+27
-9.906814532535759436e+27
-1.998085715593637448e+28
-1.668950301075740060e+28
5.561953643975068053e+28
2.942069066418432602e+29
-1.339916627683199445e+28
4.646933411506975791e+29
-4.845608163107685331e+29
1.290257809431685765e+29
9.322554144586926023e+28
1.591891921068736587e+28
-2.183910710536281907e+29
4.197577861999884900e+29
-3.092790585345208320e+28
-5.780612099375466373e+28
1.184890923893632504e+30
3.046647828112381561e+28
6.111401394495343287e+29
-1.622191781254251689e+29
-2.528751686416619787e+29
2.350393202552697537e+29
-4.644403750548150838e+29
4.299651164921868986e+29
4.452114992512691290e+28
-7.047125181577243682e+27
-5.181221390149390745e+29
-3.399160714717914622e+29
-8.676957853330179673e+29
-3.181796880122474266e+30
2.233459576380345329e+25
3.538964368408849868e+26
3.281359298843756803e+26
-1.858831340957267179e+27
7.739579207418934353e+26
3.359434668968986199e+27
-1.471558261461438208e+27
-4.763835466747404444e+27
1.186320409874752042e+28
1.496863346366115560e+26
1.362292828809797160e+27
-8.838382065056187638e+25
5.067442236450166851e+27
-3.853813724589087571e+27
-2.207154605080143980e+27
-4.163482054974064826e+27
4.607706208874467933e+27
1.642267349286424475e+27
3.724450039114117273e+27
4.318658442630207188e+27
-5.037850399985698397e+26
8.014741153497494916e+27
-1.563747182492989638e+28
5.571790961712098452e+27
1.671617209427559222e+27
2.445484283915178239e+28
6.680273557265119602e+28
-4.445030031896152378e+28
-1.798037113070947670e+28
6.389857716527064114e+28
9.650590144320284462e+28
3.294616400926376536e+27
1.228127831044315980e+29
-2.134092856155566946e+28
2.396990929703653221e+29
-1.732639689050876722e+29
9.572351144390845986e+28
8.361041947881196704e+27
-8.793121078871979507e+27
-1.469346519448825886e+28
-8.094771042238624194e+27
8.143875145691269876e+27
1.638588044449998209e+28
1.225961729878208670e+28
1.274725721262757851e+28
-5.477136074173844874e+27
-3.434393162739942719e+28
2.590745921719096767e+26
-3.500572386018134650e+28
1.845174203854490906e+27
-5.959928764034053193e+27
4.308765803197577992e+28
8.045262695820525601e+28
-5.284683978838559197e+28
5.384383905601249716e+28
-1.180189028010488842e+29
9.496069839975829251e+28
-2.916850586796436778e+28
-4.989043978080199138e+29
-2.671155963748197504e+29
7.810660897945325132e+29
4.137236061955600883e+29
5.574329152632701783e+29
1.095015734239965647e+28
-5.489321889308635900e+28
5.763843167074222302e+27
4.253905521593593431e+27
-3.217123247983904633e+28
1.118913965586295681e+29
-2.079880342301395500e+28
-3.296116043525162699e+28
2.734048111120898121e+27
-1.905703379219407552e+29
-2.730288621876873614e+28
-2.024817022211066172e+29
-4.253613528403808909e+28
-2.578586265963962533e+29
-1.587371793769326069e+29
-1.649442883223273907e+29
-5.181156570871483793e+29
1.997681584141809369e+29
3.537196729952948021e+29
3.496967121303044695e+28
-3.027995734599017298e+27
-3.162756747660153063e+29
2.814624388852583904e+28
-8.763457784928205773e+28
-4.871679590963109260e+29
-2.076070142945367246e+29
7.103782380303306728e+29
6.103330015172452957e+29
4.570335563110988798e+29
-3.490300416961355610e+28
-1.151012696236100473e+29
-4.735069071783565021e+29
-1.120775088006349748e+30
2.814705984830090561e+30
-7.760939370609852962e+29
-6.954574995238438760e+29
4.938519412340792531e+29
-4.110867461991946044e+26
3.845090640271972147e+27
-2.264009000180145099e+27
-9.686224385550635169e+26
7.785612052193954009e+27
-1.025887377081362761e+28
-9.596735220729151182e+27
3.589234348664469041e+28
4.183001306696374222e+27
3.859059951271771942e+28
9.851348009358462158e+28
8.513816422201364343e+26
1.807393339404755532e+26
-2.110570208992887235e+28
4.849512601946416805e+28
4.286306708216843705e+26
1.065243289212698537e+28
5.805837677712119528e+28
-3.553966407656351817e+28
5.022166444825615030e+27
6.546567863813581072e+28
-1.336128367346744613e+27
-1.256077705148832080e+29
-3.125753241417603306e+29
1.467607969860819187e+28
-5.531813463538687695e+28
-1.965191529771574968e+28
2.248262746809567433e+29
-3.382686672299111934e+29
5.824467022106586642e+29
-1.511436505808693266e+28
-1.799656710732594922e+28
-4.634731337470802300e+29
5.638364981631733564e+29
-8.991513239325948657e+29
4.552128950126801225e+29
-2.207806079988778491e+29
3.660113414646470368e+28
7.349573677860301649e+28
7.998432099034620732e+28
7.698749925432055471e+28
-2.517424446395876119e+29
2.892856834240827165e+28
9.310149353455512068e+28
3.513608915345783034e+28
-1.284837615299266363e+29
-5.390211948984870200e+28
-1.954849780747782986e+29
4.108837863427182288e+28
5.663232123507704938e+28
5.194834246510902717e+29
1.578339502635507350e+29
-1.608338668530406520e+29
4.274978122203026022e+29
-3.326063293226893204e+28
-6.831486729509560276e+28
6.054267037343733448e+29
1.962730678202110597e+29
3.922000269975842995e+29
1.365954836874166442e+30
-4.868337055800880997e+29
1.074835794776671825e+30
1.318887466564992170e+30
1.593789531689918807e+30
-1.157101473948945456e+29
2.620424945141539604e+28
-2.590182815449096894e+27
-4.948921938953958222e+29
7.181968129770222321e+29
-2.890624359652942285e+28
-8.706269308576495164e+28
2.080546763030853477e+29
-2.842132704335373161e+29
9.221276687991069074e+29
8.428440544596857746e+29
-2.711846323338594273e+30
-1.941495302590520836e+30
2.420450451695223035e+30
8.250509336261890455e+29
3.280047656716303160e+29
4.754433864964186054e+29
-3.244140254288414038e+30
-3.401949947115927817e+29
4.475133896904290061e+30
-3.942423007783449280e+30
3.109607839783407402e+30
3.974808800510169866e+30
-1.156350192669468647e+30
9.448106851922982825e+29
6.116543293450409856e+28
-4.598886567166414650e+27
-7.412437572727599309e+29
-1.020223505741299183e+29
1.266276069994618021e+30
5.103093675521624394e+30
1.386921365402942037e+29
-1.443212645818292407e+29
-7.810100256265600047e+29
4.318782392504229462e+30
1.529825629222485056e+30
-9.012918365392893469e+30
1.534530328506298991e+27
-3.965587748319408020e+27
-2.865247065611215732e+28
6.849422456194816654e+28
-6.024000008254642803e+28
4.462164058861439586e+28
-2.853738397746777206e+28
1.557528801026041127e+29
-1.756184314459875487e+29
3.042986715892863547e+29
-1.670903680893141919e+29
-2.563800591445343106e+29
-5.384657319860879262e+29
-1.367221220740001333e+28
6.500539159660645150e+28
1.874118339349799702e+29
1.751264625088409745e+28
-1.763129921738657800e+29
-6.236015945958299215e+29
5.331322777882836372e+29
-3.058392202104188031e+29
7.954512943273610043e+28
-4.622406606397928872e+29
4.799569897204926779e+29
-2.549226449256800159e+29
-1.074940374899504139e+30
1.272222556099347351e+30
-1.282404607376050111e+30
-2.625967806829922175e+30
-1.056971572430050019e+29
-1.833895872290217219e+29
1.198875365480301775e+30
-1.510442912620987197e+30
-9.189993895136391666e+29
5.155023511190813415e+29
-7.478441081959769167e+29
1.065605856765396089e+30
2.242600925565613192e+30
1.030096711200535600e+30
1.025209532049786202e+30
2.343166017081045906e+29
-5.962566921687675513e+29
1.455668991296758990e+30
-3.414958959859789798e+30
-3.296605667951586640e+30
1.391956970225725055e+30
2.735234354716742348e+30
1.228139628485849539e+30
1.301497154416662878e+30
-3.924988352066150144e+30
2.554476977946649154e+30
-1.692535082627907200e+30
6.009326379082461102e+30
5.015039253023659065e+29
-1.279590390266483474e+31
-6.122835065104141736e+30
-7.629177247366321684e+30
9.514711964642354224e+29
1.627669774926421986e+30
3.702946956233334129e+30
1.039479982847288238e+30
5.452994381799920812e+29
5.602144697740963848e+30
-2.953211104107596415e+30
-7.553966785812217814e+29
-6.233784621069560230e+30
1.891456481930813601e+30
-5.936721930112933401e+29
-1.960263016475952227e+31
1.469242236682543032e+29
1.790862432474265087e+29
1.863742054650124482e+30
-8.065107281786785781e+29
-2.599505674497191859e+30
2.435025955837218881e+30
1.361209086655899902e+30
-1.867202692119007996e+30
-1.719565983581657444e+30
-2.895157442563961603e+30
-2.688956346139033821e+30
2.800890428528941704e+30
1.168881410668609176e+31
-3.404992102115009128e+29
1.330668097399786280e+30
-6.231554257609500223e+30
1.385513643931629168e+31
-2.623570338819334910e+30
3.033820627354321732e+30
-5.081525819222675298e+30
-9.826033860630060817e+30
2.836835498505407715e+30
1.513325885158027875e+31
2.431395898401542204e+31
1.394312705727868505e+31
2.443711795951377773e+31
2.713533333658510390e+31
1.946263360826715958e+31
-1.660588247818190984e+31
4.929427309561501471e+31
6.397839976993781583e+29
1.886663631197615472e+30
-1.948441410990594002e+31
-3.941731326807114910e+31
3.334762720334514766e+30
1.076300352876176521e+31
-4.924759923396989580e+30
-1.462848937799022279e+31
-4.999196712407981442e+31
4.392791461296121344e+18
3.643100073354489037e+19
1.505605464851582812e+21
4.721998803164649226e+21
7.863717322315240833e+21
3.160456483971154313e+21
3.075438000116182758e+22
7.731917635580817362e+23
-1.322466968707884646e+19
2.608136525799900054e+21
6.778731544850898040e+22
-2.647640296392758185e+23
5.002335980192364505e+23
-9.708160940567113876e+23
5.922550972726078385e+24
-1.794313319997563273e+25
-1.326325183826936568e+22
2.004233962627855811e+22
-5.615025483632364633e+23
7.198075517483238482e+23
5.424338588970900175e+23
2.643774807630745140e+24
1.837690950236603523e+25
-3.121080382853728700e+25
-2.469177537688770791e+23
3.241260654961291187e+23
-3.291925236498495544e+22
2.695885643253197690e+24
4.697250598587714652e+24
2.809684121167169076e+24
-2.491832767359578108e+24
3.400226723428317011e+25
-2.237225366251653911e+26
-4.949647584190406140e+23
-1.747401719146115945e+24
-2.267626681607533468e+22
6.845174667191051365e+23
-2.299070183217109152e+24
-6.711333655994854392e+24
-2.318064395237285601e+24
5.909380843573248822e+25
7.288303192062507410e+25
-4.181145460183733073e+24
-2.285862426710836268e+26
-1.041454605700423148e+23
-3.969088283777086815e+24
8.749368594056115787e+23
-1.609003008688472923e+24
3.882465861074746348e+24
-1.411660481020552716e+25
-1.692209791363761392e+24
2.591634828805951870e+25
3.880278244935446508e+25
-6.733247670910064205e+25
-6.569634502966199022e+25
2.316684067982577397e+26
7.475000692024996347e+26
-4.116800583147119859e+24
-1.172868751449379001e+25
3.410302369696178072e+25
1.282627413169700302e+25
4.994476684322005604e+25
2.016109367123576669e+25
2.553835010713337459e+25
5.564675340993596791e+25
-7.431605335344204359e+24
-2.581029462787233307e+26
2.945702898611079551e+26
-1.158897142989966639e+26
2.203168304416668893e+25
-3.565947583265029153e+26
1.421178698866175603e+24
3.252760830988445033e+25
1.345025872015512117e+26
-4.710577964035502555e+26
-1.460389147504415259e+26
-2.309195057185062556e+26
-6.085620195901398171e+26
9.536397685691098590e+25
-9.011031115616016352e+25
-4.046868475873188270e+26
-1.446536940762952183e+26
-4.674516802295740880e+27
7.082054857726367136e+26
2.264206746577176162e+25
-3.500382179532071314e+26
3.922374678066042384e+26
2.842304782430214852e+25
-2.954977322986705983e+26
2.036358636603504969e+27
-3.783048844000221639e+26
-6.840570903175775029e+25
-4.728047843244966649e+26
2.290120266443001934e+27
2.199443732576430735e+27
-7.909258111357628531e+26
4.065173853565167337e+21
-2.340286477362448564e+23
-1.409688651605653166e+22
1.080386311982031439e+24
-5.044782212665511216e+23
2.845042541021617006e+24
-4.616397352404737652e+23
-1.131823457748876442e+24
-9.283493363909343278e+24
-4.951779709723836217e+24
-5.556128703482700026e+25
1.328689290285675786e+26
9.808728195651546324e+25
8.982291682041770898e+25
-7.335458597288116906e+22
-8.165384813099261433e+24
-3.924247732148853004e+24
4.272687580601120263e+25
1.685574298480400619e+26
6.560109678689089730e+26
2.054705511945384429e+27
2.646022188050414089e+24
8.817135668206262578e+24
5.008908837946438334e+25
-4.752774748047077030e+25
2.632953561721407743e+26
3.229275192777646833e+26
2.568138847746787027e+26
-1.011667166889660723e+28
3.422139192278025519e+25
-1.648379376345638228e+25
-6.399558590369735823e+25
-7.362168323396630101e+25
3.322541880808626953e+26
-3.167192374631258383e+26
-8.635230004422367040e+26
-7.496780492907719716e+26
-4.645203610798964356e+27
1.066029925789368363e+28
1.527673277870020746e+26
-3.883438182049328090e+25
4.229800298432481022e+25
1.154261719032741571e+26
-3.033252601665103708e+26
-1.066701925243475825e+26
4.460589787320117872e+26
-1.268159581307156125e+27
-4.867716154330748245e+27
-3.752502249593223906e+27
-1.341661216316812780e+28
2.124529684604559136e+28
-3.376587091859068788e+25
7.040877382573479723e+26
1.125290943143898068e+25
-8.864498536873117819e+26
-6.672265274552319047e+25
-8.928655404897390778e+26
-2.562647743222493575e+26
-1.481640110008048258e+26
-8.439626033312178387e+27
2.579022508407511521e+27
-1.319358479102435118e+28
-1.864737287606779024e+28
2.910462380079425489e+28
-1.384053448364035336e+26
-2.922594413497599091e+27
6.639733673007699967e+26
-3.174631926177716498e+27
-1.369909860118536068e+28
2.420420752559560930e+28
2.286549058190917008e+27
-1.633574496354936864e+27
-2.996642567845789725e+28
9.095293725021537699e+27
-5.525240997126132802e+28
2.162259810767857937e+28
2.786205377656705212e+27
-8.825360693095833123e+27
3.644011276851963522e+27
1.785280037523118946e+28
-1.232641999297650874e+28
5.257256401943256702e+27
-3.179152520797143428e+27
3.913641503530249121e+28
1.759644177442402412e+28
-1.591234057410637364e+28
6.840104540801047339e+28
-2.946679354463102668e+24
-9.756040570291187456e+24
-1.741481541277715583e+25
-1.185457648517458448e+25
2.920345816192286231e+24
-7.848645431130079920e+25
-1.684953818304538514e+25
-4.585601265388375457e+24
-1.712897278050572117e+26
-6.642474043955060339e+25
8.131456485596451174e+25
5.232506649656390885e+25
-4.231155330386729011e+26
-5.094686836432272057e+26
-1.508239607924199734e+27
-3.365812962420019633e+26
5.842983891022937095e+26
-8.041689572574412447e+27
-6.630746503751901094e+25
4.666953473462029928e+25
-3.495712065105938350e+26
5.197998415928928671e+26
1.891513576328016170e+27
1.165158816762519927e+28
-2.083770768302141798e+28
-3.002364057624959477e+26
1.993602190118966754e+26
-1.707858564471126742e+26
4.649384916616385112e+26
-5.137372138847509630e+26
-1.490912763566076483e+27
5.271659552700327906e+27
-2.034973629806420849e+28
1.425259289155432571e+29
6.657176785602113746e+25
6.684170736311770101e+26
-1.206611478611733251e+26
3.981736065676461136e+26
-4.709178203444587814e+26
-3.774518102399174258e+27
-9.225685820219099787e+27
1.923048068710441937e+27
-4.056124304843091756e+28
1.040701785291962776e+29
-9.749649021530229852e+27
2.566696810733542203e+27
-4.662514012419665280e+27
5.227441465489069275e+27
3.458950516361933672e+27
-1.091183130442551909e+28
-1.148217643597937972e+28
-7.505794187254487066e+27
1.366061370639775274e+27
1.222527113283848492e+29
1.297816336098156889e+28
-1.843290020796932661e+29
-9.070969341417384301e+28
-3.176581533132562400e+27
-3.480133253546465618e+28
3.226375597787679902e+27
-2.914761379600619161e+28
2.432783033571995376e+29
-2.218820422636829239e+28
1.382857314503917855e+28
-2.126145022298750649e+29
-5.213981677887757071e+28
-4.384189693788634823e+29
-6.344634170120826565e+29
-8.634181710885583647e+28
-2.212815983437072099e+28
2.150639916127593226e+29
-3.550578543992427970e+29
1.728943497875074996e+29
8.671007813972783564e+28
-9.799510688601495734e+28
9.979249010922750441e+28
-2.198023398630518692e+29
-5.331271108594116917e+29
-1.336266694463139684e+26
3.979440725087028041e+26
-5.720480193629947320e+25
-8.182614859491115430e+25
3.979098944373200438e+26
2.222686213260856178e+26
3.419043965505079119e+26
8.993281204563972776e+26
-2.224096539405135866e+25
4.142706167872665864e+26
-1.599367626182389763e+27
8.847792087238248409e+26
6.716583515116100373e+26
-5.523839742543730644e+27
-1.282262866728714979e+26
-7.771510418224710082e+25
1.654289268044787499e+27
2.612337998876266481e+26
-1.434545216389469369e+27
-1.234436975411865873e+27
-2.285331867881015797e+27
1.598901938113265975e+28
2.695891132385200799e+28
-3.917668994780738153e+27
-7.696766682237133442e+27
-7.036799864106975903e+27
-8.215865219541919874e+27
-6.905294857208143991e+28
1.844614421235040737e+28
1.093099350338170244e+27
1.760015991956724925e+27
3.087346031769758570e+27
-7.893807768633637230e+27
1.393495162100723707e+27
-4.488230171586719516e+27
1.260471343185479764e+28
7.184434270569830268e+27
7.606621393571847462e+28
-3.973836419490751072e+28
-2.825391805129224091e+29
-9.736276742145782743e+28
-1.152221119485504991e+27
-5.261727013116615851e+27
4.669602868054780545e+27
2.271444887294016357e+27
-1.688507221343390420e+28
5.894076090148241725e+27
4.953602989300304643e+28
6.709235167755386278e+28
1.882305950848123367e+29
-2.407965426103841287e+28
1.328803695740074302e+26
-2.340448083304196829e+28
8.877076027090020691e+27
1.799419533831803194e+28
-4.762591233933841633e+28
-1.735306849512634307e+28
-1.474288648521241371e+29
-4.150255734903871362e+28
1.589882455129842824e+29
3.989790452116985667e+29
1.022509603105632008e+30
1.042487557331382593e+29
4.664597304971131464e+28
-2.626876456587404580e+27
2.176251731373132546e+29
1.170663385188259533e+29
1.930821959071283545e+29
-1.047307517538651790e+29
4.629190223824828989e+29
-1.356927166414755347e+30
-3.210962089149426205e+29
7.618012504446364200e+29
3.735632632675209453e+28
4.213654562389914357e+29
-4.295388949101832082e+28
1.659234065014975670e+29
5.544193034599139690e+29
5.766865837770378026e+29
-1.766466546010488658e+29
-1.727499543277029039e+30
3.523945067658444058e+27
-1.945847230551349555e+27
3.963853580946196339e+27
-5.053053521163306366e+26
1.421504362520222521e+26
-3.707101486160273495e+27
-1.679655843882025618e+27
5.151218307983662359e+27
4.129400558122936032e+26
-2.427478682585556570e+27
-6.447928123443601325e+27
6.737971650040984071e+26
2.545353740176158782e+27
6.903469372014832204e+27
1.225310793333127334e+27
-3.175914403289402537e+27
5.740770292852901991e+27
-1.129092880374793068e+29
-5.122333754547332538e+27
-9.157327403255828388e+27
-3.998379633651648373e+27
-9.495712337768965841e+28
3.946994414361226897e+28
2.689637614324559037e+27
-1.450043611059995551e+28
-4.496895153158938474e+28
6.390311042776501175e+27
-6.762473249459653825e+28
-2.746156880815990110e+29
4.817334783929026359e+29
1.779093039591176455e+29
-2.653215883572658685e+27
2.554484334646466208e+28
2.299728468583399891e+27
1.293611283731462345e+28
-5.263345078796525020e+27
1.798756923799747329e+28
5.023239029564522673e+27
-7.771797472835811799e+27
1.174404552929964743e+28
6.018136874875998942e+27
2.082041041703793815e+28
7.885663834339272580e+26
-3.650132087195542921e+28
2.865583827044278977e+29
7.237981187054555423e+28
-1.389782084878336880e+29
6.835017058148024888e+28
9.448736423184702872e+28
2.768900756318164692e+29
2.625780520438247797e+29
-6.681390153593886372e+29
5.657057249911024504e+28
2.471471056466001149e+29
2.732920386960774894e+28
1.292439038086247323e+27
2.264758489712715117e+28
1.729674078158798929e+28
-2.039874037295608427e+29
1.371781554228517380e+28
-5.434537779652441417e+28
1.402336191981205043e+29
-2.427297628331217645e+29
2.270180722632902525e+28
4.135017495994615205e+29
-2.300078816429142596e+28
6.694956171240953677e+29
4.068930519739124003e+29
1.712092887475340421e+29
-1.404180265123413470e+30
-1.110416868148345338e+29
-7.205222463061252842e+28
-5.736318021588151352e+29
-3.292312840571048074e+28
-6.950150947741278324e+29
-1.037944930379693722e+30
9.634853370835047891e+29
1.545962695285495908e+30
2.550539379430631000e+29
-1.159467439283276866e+30
-4.683836013154598472e+29
7.795410468315705253e+28
-7.807303047488139475e+29
-6.850448255479190858e+29
-1.736674952498384979e+29
-1.103118374259244968e+30
-7.907126103583623269e+29
3.136033209668161637e+28
1.402767249481606360e+28
2.726586467528852954e+28
-1.585392373370474719e+28
1.514850944258722436e+27
-8.739187127716514857e+27
3.650025687828143901e+27
1.011267160245264646e+28
-4.721184763317183945e+27
-2.768852640768991140e+28
4.261905190534137874e+26
2.363547812729175597e+28
-4.775834571061386096e+28
1.784735054744160537e+29
2.645776733636472228e+27
2.002653226805610570e+28
-1.494755661626778780e+29
-4.015281269056952234e+28
1.701609436490597449e+28
4.801124854727451046e+27
-3.000397875810007338e+28
1.333486874622806296e+29
-1.635595741710984312e+29
-6.348451348203440150e+28
2.923575631214531550e+28
2.061595958023240191e+29
7.071741959361205237e+29
-6.533444841991705624e+29
-7.107976104711882026e+29
-1.866240731041800144e+29
-1.537811978363244864e+29
-4.088157771612874320e+27
-5.443976016619723538e+29
1.548177745667764042e+28
2.201759005832953271e+28
2.897905898917217221e+27
6.825089758154952021e+26
2.273040981911048780e+29
2.300556526294377011e+29
-2.695611283023749603e+28
2.650128075214704232e+29
-2.101498648805554231e+29
2.413625870312306096e+29
-2.210567562330584782e+29
1.547230834398105985e+29
1.432244476627778000e+29
-1.446491897459423380e+30
-6.694458089303113010e+29
-6.995389209013313410e+29
-1.609480259434874323e+30
1.792987091556704437e+30
5.952466759883284725e+29
-8.344562555841323816e+29
-2.295853710993087794e+29
3.803257058798438918e+29
-1.305637955222919804e+29
-1.218068507261264907e+26
-1.385508621853786372e+29
-1.155742825697453881e+29
-2.890596551821643105e+29
-6.205542857916661895e+28
2.504515224672223708e+30
-1.733726127376175971e+30
9.849913343095484661e+29
-1.450355478624160349e+30
-5.631070036652780805e+29
5.472364721323391700e+29
2.791861125326056905e+30
4.452132291720587668e+30
1.302092392417148183e+30
-4.102897716489026495e+30
-1.146861152777938718e+30
-7.146951508465740389e+29
-7.204627673128769892e+29
-1.918151649744737133e+28
-2.586756834787476434e+29
1.397106826716518946e+30
5.730777304112073718e+29
-1.046328621118552736e+30
1.621244886629904759e+30
1.558955523046190694e+29
3.386777690815909683e+30
2.449214196461940652e+30
1.409395679426438836e+30
-7.302687205651647536e+29
-3.799666130747508196e+29
2.701280938429919147e+29
2.300540875489058308e+29
-9.518846452860079263e+28
5.346863333944822032e+29
5.931543387787240226e+29
-3.949774630883265690e+29
-4.468173839296669270e+28
6.662229358385997679e+28
3.378788740900264324e+28
1.508180291475120430e+29
1.218854024621734334e+28
-8.184128431295976108e+28
-7.426041386726251323e+28
-4.225684259312812106e+28
5.589491277124787070e+27
-4.648498751642091218e+29
5.028390392016540044e+29
2.466091482311471675e+30
2.333869832555701110e+30
6.407441907965492167e+28
-4.823713852554348056e+29
-1.210034284934040899e+27
-1.127282962986973486e+30
1.945575449948692444e+30
-1.168399776105547139e+30
-3.255560111334825138e+29
5.394687103962569302e+29
-6.061186627502046612e+29
-5.889148537964334969e+30
1.218517448907188616e+30
-2.016937303449741106e+30
1.798282065386061498e+29
6.820996931758473281e+29
-1.627015533961876044e+30
4.830285706722008686e+29
-2.017800027102087849e+30
5.742706703133790211e+30
-1.451488032611965945e+30
4.065656521643054900e+30
-1.137924796208003099e+29
6.229820949506559853e+30
2.553255969312110781e+30
1.429831546047942600e+30
1.623834982003798728e+30
6.967065100417069949e+29
-1.173559327334496689e+30
-2.272231339520762444e+30
-1.699789866626336960e+31
-4.985170117708674154e+30
-3.018320497185998009e+30
2.124390753301129275e+31
-1.393782305534118409e+31
-1.972492005719423280e+30
-6.070590599176125497e+29
2.027207265925642854e+30
-4.465182407767168602e+30
-2.566408785251528123e+28
-2.486536440417332097e+29
8.972684755148189433e+30
5.946202130311029154e+30
-5.540854215442544045e+30
6.567605614404964047e+30
1.602158725545071198e+30
7.577196515810702814e+29
-4.391545061042318986e+29
-4.225669799529200619e+31
-7.192543272094852566e+30
1.247906023921918446e+31
-3.668744808549631838e+30
