-1.375503181038011200e+16
-1.397332486412800205e+19
1.225550515789599703e+20
6.218848523170109194e+20
-1.797933898336787497e+21
6.205152693296994714e+20
7.231291364659397919e+21
-8.449519333808330821e+22
-2.219926343629147503e+23
-1.969073621082501939e+19
1.146776953644128502e+20
7.402530518434290074e+19
6.179323276950078960e+22
-7.122915332923360438e+22
1.434039452159853399e+23
1.186930230160196293e+24
-2.691719090582527026e+24
7.189883617842560856e+24
-2.629362745354292101e+20
2.319920263052541034e+21
-9.445275845926729023e+21
-7.574253680457776156e+22
-2.185302271394413931e+23
-6.821890391826298390e+23
6.981043732869276039e+24
-7.064575302089939119e+24
-8.499289432157316050e+24
2.941739914459536687e+21
-8.257443970093735635e+22
1.499163954068996280e+23
1.012070197082229320e+23
-1.792046736761193318e+24
8.608507171257043732e+23
-7.310246982381501942e+24
-1.809923234238059105e+25
-1.063596673435494648e+26
-4.579063864018478060e+25
2.295458578726736364e+20
-2.075288498350604933e+23
-5.277940903566759397e+23
-9.864169784874478328e+23
-1.741257016828765246e+24
-8.773867747397740412e+23
9.157018363610397067e+24
-1.393244418177968264e+25
2.106882323962953780e+25
-4.082617260657483847e+23
5.000971064229201592e+25
-3.929154864659181338e+25
9.476001249258534601e+21
4.069358700499169391e+23
-3.258672757725752203e+24
4.178674039521548637e+24
8.633362576270044128e+24
-3.173111804081764754e+24
-1.526485629848076345e+25
-1.727940644428865371e+24
4.095385640949216941e+25
1.324486699899797223e+25
8.164467513936906735e+25
1.805935752722391354e+26
-7.097813771831807306e+26
2.713305657119536439e+26
1.216429218177992360e+22
-1.962550954695375224e+23
5.714094816754209164e+24
-2.109066863178345613e+25
-1.551032373357159812e+25
2.911486330173475120e+25
-3.343962696739155389e+25
-2.820246275258316469e+25
-6.495170981834219134e+25
1.332335158733824414e+25
-3.729395002541190223e+26
-2.240035627397171839e+26
4.101603953441308432e+26
1.173241220808855054e+27
-5.860444911017728284e+26
-6.648784614868598863e+22
7.233577929371436232e+24
5.959707877860942133e+25
7.510103005177435064e+25
-2.816964675563361962e+26
-2.070831158522270622e+25
-5.421896731725008362e+25
4.555285021039198667e+26
7.291626821819056162e+25
-9.715706116625068320e+25
-2.933705977701217451e+26
-1.950064083650587184e+26
-4.510253178175765928e+27
-1.074671822649874682e+27
-8.492716963893660457e+23
-2.097743587648615173e+24
-8.648718855764114397e+25
-3.024942185989820659e+26
1.398231795598367276e+27
-7.160326505914670195e+24
-1.223033489699095432e+27
-6.035598381248794327e+25
-1.851938288354135614e+27
4.230866227007107953e+26
2.569187429425790011e+27
-2.970802720807844212e+26
-1.099094728381713406e+27
2.635067755129778209e+21
-1.269571464797320380e+21
-2.738524165757860001e+22
4.872188509300022942e+22
3.934876899132229393e+22
4.386252262611267617e+22
1.659105499749483104e+23
-1.122940740524918652e+24
-2.989723847380222209e+24
-5.999615346372809656e+24
6.051449302000462641e+23
1.223421681621271900e+25
4.020638702784672821e+25
-1.669605298265640246e+22
-1.933169630426957551e+25
3.543982309572453323e+26
7.921655827206212944e+22
-5.931746452915289797e+23
4.258011713137158717e+24
-4.847511594254385333e+24
-1.132111470147504567e+25
2.682911035106300235e+25
5.003736200157302781e+26
-5.306849304614844939e+25
4.318584682448073475e+24
-1.267216577735467649e+25
-1.501932314492442367e+25
1.732283844804403625e+25
5.726561855904943424e+25
1.060640913009805500e+26
5.974739369147215325e+26
9.324560075085318405e+26
2.367812270295521529e+27
-1.235171469073422994e+25
3.423871518416777515e+24
-4.164406768692343866e+25
-6.368769411111585980e+25
6.581399209564562089e+25
-2.497831416165462975e+26
1.983067885776397128e+26
-8.391155102646922153e+26
1.242931255678096947e+27
1.524064002033265718e+27
4.541364083577659526e+27
-9.996660717353072664e+24
-3.157438342591488968e+25
-1.525562395771152006e+26
1.929039506300139256e+26
3.304379271466668724e+26
-3.092447154900114786e+26
1.466775441444939386e+25
-5.617829082187603385e+26
4.113590349188045170e+26
1.511099314610732316e+27
9.166823011263284581e+27
-2.980044898097175552e+27
-9.641182956597175871e+27
6.764733803045364688e+25
9.059441014204487620e+26
6.293052541470434843e+26
1.465902485477301395e+26
3.129911021442325467e+27
1.928308925166821786e+26
-6.702654298172056336e+26
2.694925931426259237e+27
2.023244928534492212e+27
7.801253696948302205e+26
1.307691665771557459e+28
-1.035807306872772295e+28
-2.711518986455863263e+28
1.273108686178998800e+27
2.016943468533883672e+26
-4.676659216675383117e+26
3.177197437762246383e+27
7.839254556038788608e+27
-1.974448455250286318e+27
-5.924519543586250701e+27
2.342939383162518933e+28
1.521051044849088347e+26
2.477331848597964794e+27
-3.705445706074112442e+28
9.523260388667927081e+27
-5.830010651339624837e+28
-6.190681710924236043e+28
-3.476305904457817729e+26
-5.679491656976799991e+26
-2.678169229871197871e+28
8.965173159220197048e+27
9.153896621906693015e+27
2.356558426526100066e+28
4.945877963958103655e+27
1.728614915577673189e+28
5.473158641583697952e+28
4.229983844319030992e+28
-5.247986904873775542e+28
-1.164796624382809634e+29
-3.492681407703373253e+23
-1.035889271410087617e+24
3.739363143676719601e+24
1.012796115285795650e+25
1.004873667612246503e+25
-2.281311787931678769e+25
-3.301908138320351698e+24
8.336970981458911223e+24
4.181465042581977727e+24
5.261979195751536090e+25
2.690155617670532072e+25
2.151174614684809563e+26
1.503745781715916164e+25
-2.076686517501947789e+24
3.019274310019267985e+26
-1.911058961400397911e+26
-1.988287184790215935e+27
2.749218204688738607e+27
1.219823478320038599e+27
-4.746855827771964764e+27
-4.424137062757439348e+27
-7.902735165943609449e+25
-5.980871919536726519e+25
1.637191045941364764e+26
-1.441551538436096620e+26
-6.534687383541765787e+26
4.768240449315673568e+26
-8.359729943980111947e+27
1.031932752206475622e+29
-2.087045948127480627e+26
-1.730118780826149395e+26
3.603406880862974725e+26
-5.688485667613124908e+26
-1.355752005226526869e+27
1.395732282372576029e+27
7.169149639061728082e+26
-1.889997244194947773e+27
-1.361165651907111256e+28
-1.006776279181427825e+29
-8.804754048566201562e+25
6.033587721641647639e+26
3.405095705490555960e+26
1.357398651759496894e+27
-5.514259334015556430e+26
1.460865167296935478e+27
1.291209749154668548e+27
5.215876685833717270e+27
-4.686886491503619638e+27
-2.576302835511884515e+28
7.006512970550745711e+28
-5.998488860834948586e+28
4.063410479030416361e+26
-3.700836179358519663e+26
1.262740255661680484e+27
-5.810670603035427262e+27
3.894058908302849375e+27
-4.357320854206798364e+27
4.166425253724201600e+28
7.826313941300517765e+27
-9.003343642983320100e+27
-1.514913881851412043e+29
1.032618759648713777e+27
-2.603076088916603578e+28
-2.184541527871565781e+29
5.895713664059670455e+27
-2.085560417994848176e+27
5.858326935381730041e+28
5.127836861018365725e+27
2.623281471051675402e+28
-1.911956644153560868e+29
2.870243511634127641e+28
5.003193150911532726e+28
1.609778015257765548e+28
3.775674948699120145e+28
1.955518576226568155e+29
1.696619232717501370e+29
7.313213433099171875e+27
1.943128372374539531e+29
1.011127759149615016e+29
-1.257262101113840244e+29
-2.462460708594601678e+28
-6.014813997173866344e+28
-8.855747055378956224e+28
-3.030473142242416709e+29
-1.366048412600763165e+29
-4.641935576369564922e+28
-1.074815229920284448e+28
-2.833996037782201042e+25
8.986553367863933976e+25
-6.640530856903203041e+25
-1.104480548829295263e+25
-4.232592982056186125e+26
4.002834040044428652e+26
3.074472086357159774e+26
-2.574877074248243188e+26
-2.050836304005102399e+26
3.547739394227507755e+26
6.428932087671959234e+26
7.619990280754254597e+26
-1.172998578754962175e+27
-3.185352020794889684e+26
3.962971257305929163e+26
1.331845497994005362e+27
1.901999221495124569e+27
8.645027953136671192e+26
-3.772707998939876126e+27
-7.778398947423409241e+25
-1.621951711829615675e+27
3.031338965962437218e+27
-5.730669304212446283e+27
9.050346753381017149e+26
2.264735683719467694e+27
1.506557970814619405e+28
-3.294313884847178207e+27
3.814725825239093383e+28
1.248613164195384165e+28
-6.061153251706798562e+27
-6.482342015277453286e+27
1.695153877551273276e+28
-6.258472837584780186e+28
2.493195461473847581e+28
-8.208712461429705836e+26
4.059139832009110521e+26
2.533208211660889425e+27
2.045817125914512254e+27
4.154917748721981554e+27
-4.401010956192016183e+26
-1.673020028021092976e+27
-2.141950625578947851e+27
5.399934773796331256e+27
-4.595644918977954849e+27
-4.528043943501549850e+28
-7.589544913822786993e+27
-4.164835604987516595e+29
3.016847271827446913e+29
-6.578981034133017760e+26
-3.913990900304927571e+27
-3.138375383123873797e+27
-9.351664536892856408e+26
-2.973946203877820065e+27
1.664523276825483073e+28
3.729397156262475165e+27
1.368877243417272999e+28
-1.082992709441962756e+29
1.368556899382387108e+29
5.656416477184682332e+28
-3.254102712369975781e+27
5.745336892268998365e+27
2.673008201763780129e+28
-1.342687404846773253e+28
2.800363738865631708e+28
-1.405933588616588354e+28
3.998383373649823370e+28
7.804958782119600454e+28
6.348685686068045337e+28
4.743948825641461757e+28
-8.274706327971982124e+29
3.377493175463405181e+29
5.068312445943191253e+28
-1.076192654284210138e+29
1.172737795231688329e+29
-2.730791671068521647e+29
1.919454744688332985e+29
5.150097464190275741e+28
-1.939618544808286350e+29
-2.098166379166615637e+29
4.654929485634102969e+29
-1.003967554229970243e+30
-3.884957444362126402e+29
-7.817999482928014372e+28
4.813844838695287122e+28
-1.353904406462207384e+29
1.463225032178693138e+29
-1.542319767228478113e+29
5.306290631857683415e+29
3.724747037574390349e+29
1.159566870921650484e+30
-8.681235387785665514e+29
1.770216672176814219e+29
-5.150758050718505059e+25
-6.012856397144819374e+26
1.425678086368692487e+27
-6.673096942405401589e+26
-1.073761319257651789e+27
-4.850487830478934245e+27
-4.842440376930293508e+27
2.193971080280242115e+27
3.133855073474755649e+27
-6.352169510568456916e+26
-2.360768022035533259e+27
-6.297271720582665732e+26
1.776234241904916164e+25
4.181341977980177053e+27
-1.001871514324028828e+28
2.665319386937026676e+27
-5.652974377800452380e+27
-1.189947808398327312e+27
-2.210806068840490211e+27
1.114180516619313230e+28
9.825068562430145559e+27
1.456020382515294425e+28
6.187303668787877059e+27
-6.927868691697963680e+27
1.147631638034084269e+28
-5.578885676074219068e+27
-8.939710539861009355e+28
-8.803870276708105483e+28
-3.738184057071089174e+28
-3.014190230132878209e+27
-9.659804115757848958e+28
-7.780958184693690372e+27
-1.034734829286931262e+29
-8.368010814554192049e+28
-1.000507243231241937e+29
-1.288535570462206433e+29
-2.425643192361959986e+29
2.969444489647902306e+27
-7.996136573235401674e+27
3.556877241226900938e+27
-6.319898306397932645e+27
1.077277875917816381e+27
-7.307081916913557751e+27
-1.421295592510006171e+28
-1.961407046180916570e+28
2.398789272004514719e+27
-3.229595600423620240e+28
6.419168039940803743e+28
5.114293604721998326e+27
-2.649296442830927465e+28
8.039586490008598940e+28
1.230052311371812857e+27
-1.241552678447656570e+29
1.643867335098598444e+29
-2.567007658806138524e+29
1.497376643798889499e+29
1.650618135553192798e+29
-2.320122102988023315e+29
8.356896619947151139e+29
7.035604809140935734e+29
2.283527418263595201e+29
-2.008819283567517356e+29
3.357815106078979351e+29
1.592075612711616889e+28
3.907243926289110767e+27
-7.707241807150067355e+26
2.917193071440610295e+28
-2.877818579418481688e+28
4.434540620829019906e+27
8.400994463232730537e+28
1.682842987087991110e+28
-7.598373258368258208e+27
1.160273512636472896e+29
-3.265695500012696535e+28
2.453874932403132948e+29
7.813065174304030719e+27
-2.139475805507333127e+29
1.382092383434099460e+30
1.106156125468643801e+30
-8.936045299750155501e+29
1.183283468024742123e+30
6.263940175444926488e+28
1.637900258784397337e+29
-2.073714284670985183e+29
7.780383171363573657e+29
1.516612878170861911e+29
-8.840834287971763182e+29
1.521557248336136922e+29
-1.125856229071506123e+30
2.728083006442773917e+30
-2.819356695748897991e+30
7.751098672848186194e+29
3.790915841752269361e+29
1.764269628277963503e+30
-3.359403818521045793e+29
-8.785606989629525231e+29
2.745540372413619080e+30
-1.091607296338751660e+30
1.419735993045238873e+30
-2.542650255337142344e+30
4.657415677326421589e+26
1.281253864632129625e+27
3.312527934981320051e+27
-7.883251013241495164e+27
-6.267648856858988135e+26
2.625887322649231728e+27
5.551830169877611733e+27
-4.215980993399047016e+28
2.685029898989211342e+28
8.091632262876919096e+27
-1.107889971550726821e+29
-1.682401071749256353e+27
2.016988393797046119e+28
-1.030998458722689609e+27
-2.970684311173303482e+28
-1.287900014988549241e+28
-1.794553726789564825e+28
3.560139030226810758e+28
-8.979884771931586093e+28
6.931333957564216592e+28
-4.029880052301433598e+28
-2.624635728174086120e+28
-1.266941058780079335e+28
-2.235917436264586170e+29
5.852745835011362727e+28
-6.780340258819087228e+28
-1.445242671812348875e+29
-2.631424987354803336e+29
2.835676960679071844e+29
-4.974078426457358069e+29
-4.391837914185437854e+27
2.623634933502881919e+28
5.763446295692511583e+29
-2.221754050028472015e+29
8.135456532252868616e+29
-7.628923541083540596e+29
2.221820640848841017e+29
1.191013033973959739e+29
1.934668636992551911e+29
1.077694126041379474e+29
-2.321048780747931214e+28
-2.985338258768172240e+29
-1.127018666127070320e+28
-2.804688151425321750e+29
-4.388292227360348547e+28
-2.086629468981725009e+28
1.418801040541525719e+29
1.895201198833918788e+29
-1.116803336889882775e+29
-1.302622747599950068e+29
-2.315380977664227316e+29
3.679245055061283752e+29
1.451127741219859611e+29
2.192567906271126292e+29
2.695982907554838895e+29
-2.447082910690162886e+29
3.950077466224231233e+28
-1.043758263732299859e+29
-1.901456819886238535e+30
6.386986749492532894e+29
9.390779775591846066e+28
-3.308283796378778078e+30
-1.784736784955896056e+30
-8.120875820810004875e+28
-4.265614900783279870e+29
-2.131292163966718244e+29
-1.927112089801385053e+28
9.838896531289001101e+29
4.330639205622964163e+29
-1.474628253510328679e+29
-7.414273597914952308e+28
2.704064223277488414e+29
5.502653474507572118e+29
7.596239689252991659e+29
-8.899097987406817924e+29
3.840087230517987046e+29
-1.062478266983076073e+29
1.893276939509268005e+29
6.176901226443344368e+29
-7.728936367613826958e+29
-5.768683920066560501e+29
-3.146393636442237654e+30
-1.554699479014599786e+30
1.330073644044202037e+30
2.361383395865828734e+30
-3.265019783628109934e+30
1.739394287980323489e+30
-7.454721961372359189e+29
-1.110712654147308262e+30
-2.440954490147740429e+29
-5.721739141319041338e+28
1.927792772622933588e+29
2.055192709642952073e+30
-1.829650657907153459e+30
1.505842818375015535e+30
2.788373518401660627e+30
-7.365399376716175368e+29
1.084240274873535179e+30
3.435008644621670631e+30
-4.119729562048226127e+29
-8.393037957771944974e+29
-1.316282403317594658e+27
8.628992818081319185e+27
6.484286713960691560e+27
1.906107287436346100e+28
-1.012149561378093508e+29
-3.284205687165254947e+28
-5.189660634858645042e+28
5.421733014763228460e+28
-8.945328899476839828e+28
1.550836707523654584e+29
5.766778637815979479e+28
-1.655132452622351441e+29
-1.530417426610673079e+29
-5.002645982877774915e+29
2.952396351233962000e+29
5.378315249731319227e+29
2.395614911420131064e+28
1.526485316999419432e+29
6.859598819614940771e+29
3.519316274565399709e+29
-4.977411255918709491e+29
7.215768982186693747e+29
-1.821368088864117761e+29
-4.407715879150216547e+29
1.860619003524711500e+29
1.132210699859087908e+30
-7.360311866530560730e+29
5.225249348622289409e+29
-7.632409539831378460e+29
-4.875630139512390834e+28
-2.282296832414705856e+29
-1.195356068084477749e+30
3.054796867271676957e+29
1.400050663427374612e+28
8.337182796321635470e+29
2.548511333587445464e+30
-7.523779271905290787e+28
-2.660828376428920994e+30
3.002969058808425731e+29
5.012861452035583868e+29
8.126926892365905843e+27
-9.953472540744859874e+29
-2.541515372782438614e+30
-9.210380729873988361e+29
-2.869589377362157648e+30
3.426055394208648489e+30
-1.554280949930742112e+30
2.434010832025744819e+30
2.736743339114240439e+29
7.963933950543660578e+28
-3.553750685860379451e+30
2.826677537797619841e+30
4.457003136249094838e+30
-3.660124357122748987e+29
1.048220474889830887e+31
5.512275979076792339e+30
6.295206664533859803e+30
-8.740157696560194244e+29
-1.283164463774101430e+29
7.085673408767288747e+29
1.791251555010467541e+30
-1.702225887012888798e+30
-1.136783520712264315e+30
-4.178578935587121546e+30
6.059471480931173269e+30
3.609552668133182934e+30
-2.793769770373228682e+30
2.844394408338540935e+30
-6.378891037371489467e+30
1.635333418038595898e+29
3.427472712278924862e+29
9.699992947765065190e+29
-3.319576050380576795e+30
-3.613138184540656790e+30
-8.657328413154413667e+29
1.085633756917429012e+30
-5.409057747892005680e+29
4.441354278894020058e+29
9.058708815342708058e+30
1.055558859292931107e+31
-8.513148759438181921e+30
-3.152198979394474521e+30
8.567473326938094979e+28
-7.074418361697571489e+30
-4.213375111472170065e+30
8.265283261953671311e+30
-1.608520050630808815e+31
6.484467043928155841e+30
1.430431710930129531e+31
4.158595399452362093e+30
-6.008984435185402063e+29
5.109776042670639198e+30
-1.125174006343747120e+30
1.736350877290497348e+31
9.871466711488977391e+30
-2.502675348216870647e+31
4.761309253807873993e+30
7.733471560530760236e+31
1.348466529546280901e+31
-5.573953969468149656e+29
5.651497878881114465e+30
-1.077530190606654590e+31
2.975466927630450032e+29
-2.598108674291830728e+31
-2.815146066070152968e+31
-4.341402837592652575e+31
1.112293644288697758e+31
3.498422756803193565e+30
4.896965315736776704e+18
-7.104672476116662682e+19
5.042672769541564006e+20
2.010701277212856287e+21
-2.601472877843940639e+21
1.143865217161406867e+22
-7.097581256196973239e+22
1.286635836760136582e+23
6.651171533231960883e+19
-8.596178238456598626e+21
-8.274679201726166204e+22
1.678903004652059492e+23
-7.206094434142805599e+23
-8.027639830450665800e+23
-1.733299850142247471e+24
1.340182278812927174e+25
1.430766025294620289e+22
-7.950566072766207885e+21
2.757112897859740374e+23
3.738441903746312716e+23
1.481202040555979498e+24
-2.481127952232237045e+24
-1.392875978797852333e+24
-1.085222853001056978e+26
-8.922771126550015456e+22
-1.763038093671501010e+23
5.598250009164757808e+22
-3.400638767573418551e+24
5.854593359926794220e+23
7.782963258787596322e+24
-2.012229259256888282e+25
-3.684494341358692860e+25
1.873764262225487464e+26
-2.603086582192398097e+23
-6.990806395282333033e+23
2.050493801690382809e+24
3.239826713084876609e+24
6.289695786350926165e+23
-4.415185178781591393e+24
4.159381935180211020e+24
-7.646950227559312253e+24
1.727301339408335801e+25
1.320756354123614961e+26
1.472792349226499594e+26
-2.981528872150948244e+23
1.061395853466492239e+23
-7.243515883540002753e+24
4.272196130315710641e+24
1.235990699400050062e+25
9.557385956524576337e+23
4.763646064857747334e+23
-3.842390373137674720e+25
7.988661340267961954e+25
2.113116820005861896e+24
-1.105232022499016796e+26
2.883452693451086408e+26
6.317799901542010529e+26
3.073271929857288260e+24
-3.770659148678041497e+24
-3.448993066605557514e+25
3.586176444655761608e+24
-3.075426487891914741e+25
1.219032795218233274e+25
1.583058593740381779e+25
1.639842096532719093e+26
9.138015758623259383e+24
-1.535781928197667523e+26
3.083052202513969780e+26
-2.491968949789537400e+26
-1.186356080734730564e+27
2.844894203361342961e+26
4.107555889810054253e+24
-3.598581701943124462e+25
3.081696649681447967e+26
1.756186625034349723e+26
7.684008781328250808e+25
1.637549263826317357e+26
-1.149424177298914214e+26
1.514242976743658380e+26
-3.194516917666359958e+26
3.908365506636098654e+26
-2.012942311764050394e+26
-1.352004489977877894e+27
2.440940158635361499e+27
-1.422343133505154316e+25
-1.137280185296304436e+26
-4.956121068010954883e+25
-2.151486552450410088e+26
3.358960398869079318e+25
-6.247773187777083381e+25
5.310744598928154830e+25
1.510452587902246659e+27
3.232845906302919444e+26
6.039469206297343736e+26
1.300878315353430977e+27
7.275978461162498888e+26
6.496780042615409502e+22
-3.149502825953817212e+22
-7.018287787556583107e+23
-6.588860049484654387e+23
-2.937429016492192773e+23
1.107522982690509925e+24
-1.274756088712390123e+24
-8.911816305879265124e+23
7.856150857843249198e+22
1.003286689880808255e+24
6.956218404502941880e+24
-3.384478513662600417e+24
-7.599661002479853481e+25
8.236310301299986702e+25
6.849363333132761338e+23
-6.948755905016763859e+24
-3.696484148984561629e+25
-6.041991167993379966e+25
3.337941304181678002e+26
7.792605569466771812e+26
4.235732492659230731e+27
-3.115258017344682252e+24
-5.293133020017790684e+24
8.362660627097067284e+25
-2.067023401625279519e+25
2.137475520914176552e+26
-8.124323548925599007e+25
2.689122319425569610e+27
-8.248745525229266461e+27
-6.499237667278335345e+25
-9.273127086517725174e+24
7.832041143375830320e+25
2.188627025576395067e+24
-1.283666618629570097e+26
-5.354992042961198282e+26
3.150909040535204616e+26
-1.048869339218689159e+26
7.105834098237791901e+26
2.081803586430671048e+28
-3.665231650183443599e+25
4.102903720797667799e+25
2.659496874987049902e+26
5.214261457585223418e+25
8.196294180549938720e+26
-2.638862017933071256e+26
4.808629526078730780e+26
1.224293819925151477e+27
-5.013223968296781349e+27
6.654682982871998457e+26
1.162132836152858811e+28
1.343176380423288521e+28
-1.440641336152089844e+26
1.737295780907768280e+26
-5.740614891660747040e+25
-2.487295739761664523e+26
-2.735952455434861052e+26
8.560758478113744980e+26
5.925614799001310503e+27
1.210989213342430861e+27
-6.517312484809429247e+26
-3.492670277923858422e+27
-2.222501921140195303e+27
4.661942853739290917e+28
4.449669807124549873e+28
3.458762709518636474e+26
8.213279032110364885e+27
-4.804269180285700959e+27
-4.387353868951292884e+27
6.702900556597522039e+27
-1.687029212580834908e+28
5.731361519635595260e+25
2.923521390884455261e+27
2.018864884971063863e+28
7.822066598364342584e+27
1.099160887344015248e+29
3.847020665691575806e+28
-7.406054363284968112e+27
2.268561559638466889e+28
1.362636430448255492e+28
5.925591215600857275e+27
2.077907554193671520e+28
-1.205639185101741708e+28
-4.819010275609316474e+28
3.617911943092899116e+28
-7.620792010353489965e+28
2.460784929793063457e+28
-6.148053221408638044e+28
5.083512023022605877e+24
-2.199445845926382899e+25
4.416222288909148208e+24
-1.429792913992635144e+25
1.065592151936107375e+26
-5.057479449240067551e+25
-3.123444310390869074e+25
-1.505017371843300066e+25
5.538419132118641863e+25
3.298310528781253327e+25
-3.466598387988699058e+26
4.614980424885181725e+26
4.954190152306106218e+26
6.793158959392909773e+25
-3.445037133202147727e+27
1.352303691735206207e+27
7.954504892544174427e+26
-5.619204195199535751e+27
7.551861783044637893e+25
-4.758485495272303376e+24
2.727249179834523203e+26
-1.031870722565097007e+27
-2.480730698519737382e+27
-5.652937095059729537e+27
8.112391135731694400e+27
-1.161336324416171666e+26
-2.454573980761950402e+26
-6.323580435845369405e+25
-7.101941379995492369e+26
6.687863095706879783e+26
-2.131527497018360537e+27
-2.278021384685416595e+27
2.583674585353228304e+28
-7.698087532562733170e+27
1.030727171728190600e+27
-1.053796726379310672e+26
-1.054313585736763966e+27
2.621436158105968964e+27
6.148050655050414132e+26
7.950861339522347316e+27
-6.936331828020775090e+27
4.298506559796449984e+28
-4.849140755862103016e+28
-2.315697916999618549e+28
-3.134508904986487475e+29
-7.939089967058579026e+27
4.725905590148942627e+27
7.258398978317785128e+27
-8.211644549397653993e+27
-2.189158367669818266e+27
1.279558595841588558e+28
-2.282608003411331110e+27
9.820266076100334581e+27
-5.088871548503847612e+28
8.870986427155777010e+28
1.012280494234125704e+29
-1.177231438414977482e+29
-1.958256582939223293e+28
2.519376059817386557e+27
-2.432993532885448879e+28
-1.559342292620432001e+28
3.895333984576539899e+28
5.492846711479065198e+27
4.656405479046856281e+28
-6.296576502440297142e+28
-3.597437473773631796e+28
-1.027134767683653218e+30
5.297224668676093838e+29
-1.425089546681057186e+28
1.694989242901115035e+29
3.120817338939492461e+28
-1.110350694689102135e+29
1.080688851612351758e+29
-2.177241992874584041e+29
-3.259948512550968563e+29
5.144238856849677858e+29
-1.263630969323548309e+28
1.480847244785487440e+29
-5.915512924278416735e+26
-3.611724728517948611e+26
5.909587179154329889e+25
-8.878165052106904640e+25
-2.778111617379934254e+26
-1.145755232513308359e+26
7.993478636180578905e+26
-2.111516866884205452e+27
1.120913116315660893e+26
-4.737136810046376722e+26
4.195997416368396176e+26
1.382181865330731714e+27
6.121458303121329313e+26
-9.455506380751018377e+26
-4.604887354404303279e+25
-2.226340638729338873e+26
6.205208749931506127e+27
-3.158799559968924021e+27
1.927394954488285704e+27
-6.723786320937173538e+27
1.169261214451397601e+27
1.125344043609921386e+28
1.108617957948760248e+28
-2.280384906600965575e+28
-2.716515758855933413e+27
1.729466767343969714e+27
-1.101064497300186203e+28
9.491316460930467249e+26
-8.106437427994329791e+28
-2.928996716140654064e+26
1.412385164245900179e+27
-2.664308299180519779e+27
1.461804846733883836e+27
3.029817206584268667e+26
2.667931320459527389e+27
2.525730066290663205e+27
-2.606304788091088540e+27
1.465199800706452824e+28
-2.755395017023652769e+28
-3.937209994058244455e+28
-8.832227224633638601e+28
9.243446605885709116e+26
2.319709005171442204e+26
-1.283330171530503587e+28
-4.326584728158956024e+27
2.479049930239055682e+27
1.216331125652242504e+28
-3.140082299865377908e+27
-1.116390864323477984e+28
7.811795792100261663e+28
4.574124228959810311e+29
-7.616120756476811187e+27
-6.606110934494432328e+27
1.670506516749894007e+27
-1.919445047702862781e+28
2.379377203353193996e+28
1.472777146057553067e+28
1.131546188278611860e+28
1.011466059425880218e+29
1.231994086750801401e+28
-2.023125977480032666e+29
-6.066693702474918682e+29
-6.882622474880484145e+28
-4.911269147067374714e+28
9.528917504480762207e+28
-2.438585305162570350e+29
-1.736130887241845967e+28
-5.684139936341521285e+28
-2.344639075301861545e+29
-1.039060639242759185e+29
-5.307698395865263421e+29
2.081071814010328214e+30
3.809995648573522604e+29
2.787542923608335262e+29
-5.229687630579198674e+28
4.252351275958175837e+28
-7.878144698061119435e+28
-4.873556023412177539e+29
-5.308318510592363052e+29
-1.787867419662295530e+30
9.196349960039094181e+29
-7.549255833233109723e+27
1.632650349626768955e+27
1.248802629949781955e+28
1.198475703999477767e+27
-4.496569432404360855e+26
-4.201185128684743575e+27
5.762880952853817210e+27
1.877766117623221087e+27
1.573518148739070020e+26
4.147241468398764161e+26
3.060117029391091677e+27
-9.712048776327079725e+26
2.858825770797652327e+27
3.871743756917246646e+27
-1.031863965586113078e+28
6.069422750259873992e+27
-2.862006674372366931e+27
-8.495041116947703732e+26
-6.415173906601855986e+27
1.102276293368746221e+28
5.837487906806327570e+28
4.555330784610114406e+28
-4.218867258337360191e+28
4.559667163859226590e+28
-5.303758849346479368e+29
1.242077520100038506e+28
-5.075229770863228808e+28
-3.487798359391695587e+29
1.608634232784530294e+29
3.756068360259134595e+28
9.363399565861219100e+28
-9.298112607256652072e+27
2.104122260385482981e+27
-4.040861077938923987e+27
3.120068533866644734e+27
1.228669441123565374e+26
-2.961173956565333998e+28
1.053535630528811362e+28
-3.420388058908631272e+27
-8.249825870091484818e+28
-1.454611860084402205e+28
-3.868451702218835074e+27
-1.970993257272017525e+28
1.625506042360976437e+29
-7.122425417726587362e+28
1.649286476534409352e+29
1.456813593540092936e+29
-3.453612707183133347e+28
4.406461835822301089e+28
4.902769761511125954e+28
-3.232046043132223007e+29
-3.470196398304686871e+29
-6.028448043369890372e+29
-1.275627914298283882e+29
1.242944015608716419e+28
-7.140815447761566561e+27
1.254049821857508800e+27
-2.440498767619664876e+28
-7.384044263933080440e+28
5.997114604859501623e+28
-4.134720918642453801e+28
6.364082090790140012e+27
-1.493319770934386149e+29
4.557677283518774067e+29
-6.332907501708631685e+29
4.316449628729125399e+29
-6.154726973886875197e+29
-5.695825199479246955e+29
-6.969409573506530171e+29
-8.686359415384478731e+29
2.146255049854567351e+29
1.878263234115983561e+29
7.577561053451628683e+29
-1.227241723209993081e+28
2.372285094459937950e+29
-1.773834181091933632e+29
-1.418730028959585719e+30
-2.677918793354774118e+30
-2.209142754168364809e+30
-4.413236235636039283e+29
-1.863848385500171915e+29
4.242501743640893410e+28
-8.309338773560428499e+28
4.717368954477895662e+28
2.150540975695945163e+30
2.834018663375697786e+29
-5.282740520507645959e+30
1.514013351867860886e+28
-2.867105261789914906e+28
1.741246385255877043e+28
-5.203060623166669248e+28
6.130560627306148348e+26
-1.806568605697230017e+28
3.297714237969540787e+28
-1.855370946862450607e+28
-6.261326918028053600e+26
-1.328741171121319626e+28
1.742835819778787453e+28
-4.958748242504836165e+28
1.554884451892895878e+29
-6.466075013847906777e+28
-2.912582452705209524e+28
4.193753064890310596e+28
2.163278682696286781e+28
4.479688344296683023e+28
-5.166616725221623956e+28
-1.497475452855496623e+29
-1.057947315926551798e+29
1.828919227045322262e+28
8.171610741936344133e+29
-7.727658235876203018e+27
4.725672651721306163e+29
-2.495839213741038602e+29
-5.218979941201532905e+29
-2.433796732417983841e+29
5.791626004087961715e+29
-8.434334390601736097e+28
-2.514540013597368170e+29
-1.749050559415318763e+29
3.116385796175584115e+29
6.977029912655581886e+28
-8.728619418457017237e+28
3.212186129411739844e+27
3.023878512131143148e+28
-7.073100834270171120e+28
-3.357164061492071934e+29
-1.371241808360712423e+29
3.708591503783539365e+29
-1.692697559059333385e+29
-1.994814817984571872e+29
-4.751547812317907416e+28
-2.794781727948264631e+29
1.172374911559255457e+29
-5.563123726156328404e+29
-1.569556179862411310e+30
-7.985467427390703987e+29
6.993913730815605163e+29
-2.338027430825439817e+30
-3.781857886702557982e+28
-6.249951123413802816e+29
-7.581237299185339105e+29
-9.694908948009362036e+29
2.445017919815001943e+29
1.787125683314768796e+29
1.581705499116620841e+29
1.092108344217931726e+30
3.951810483130605251e+29
-4.151739785682699039e+29
2.278050514201810790e+30
3.035436015371851941e+30
1.061888087042089126e+30
-4.215271562127763930e+29
1.198941626588960686e+30
-3.202399506260156949e+29
9.007204552167473707e+30
8.230271803064150494e+29
3.417122967114284263e+30
-2.064990970885429121e+30
-1.765048723214184629e+30
-8.175463676089889991e+29
6.548793883959461709e+29
-6.447263930872917148e+28
-1.027279485896256573e+30
-1.073605474758935195e+30
1.337218941851414516e+30
1.733710848599827091e+30
-1.094715275248493556e+30
-9.380930609351262877e+29
-8.574312587132987306e+30
1.449898083824175835e+31
4.924256185385166957e+30
-2.644061575366711624e+30
1.866038993145768586e+29
-1.375222623468923763e+29
-2.632732264615687178e+28
2.538798591936684717e+28
-7.859490806312382572e+29
6.380920477184369719e+29
-5.735150392772398300e+29
-2.358362417092168515e+28
-4.545335998258651378e+28
-2.101099145820750174e+29
-5.307940079732843597e+29
6.856401447234034397e+29
-3.611712454883763876e+29
-2.981061193427206592e+28
-5.048405388941744828e+28
7.532744017106713676e+28
-8.169037974173260272e+29
-7.160262911412645476e+29
-1.585906177594459424e+29
-4.323004561657434199e+29
6.754651305777254076e+27
-1.694044946337807706e+29
8.676267332891037986e+29
-2.991067127990624406e+30
1.436224746782225988e+30
4.040442500318341731e+29
-7.834856540606757576e+29
3.115103625352230440e+28
-2.969724671378049802e+29
1.017102633868640707e+30
3.592104912732050365e+29
-2.123373772370690414e+30
2.946767128509309096e+30
-1.110383970054382215e+30
5.235104609199044887e+29
-1.737556665187208417e+29
1.216677534154328775e+29
6.286754027544285419e+30
2.269958151660698054e+30
5.501112202158589508e+29
3.625506532241785867e+30
-2.326550494518526231e+30
-6.567373301395479236e+30
1.801242165900091139e+29
4.482842601713235454e+29
8.876337821635520588e+29
5.697918359307043222e+30
-7.530234711437864460e+30
4.492582318581675942e+30
-4.052686567891704060e+30
-4.495509023059900480e+29
2.653500729609012472e+31
3.132576236032130313e+30
-5.319327274967732306e+30
-1.078245162563729332e+30
1.156752123580464159e+30
-5.313673583785373474e+30
-6.487436833947793522e+29
-3.950448041907060958e+30
4.627789898151244117e+30
8.484930846783918333e+30
-2.416094103581899860e+28
3.944943611789590147e+29
6.775720669440187098e+30
-5.405184784481582576e+30
-1.120812731523458662e+30
-1.901827092895310559e+31
-1.586670137924251232e+31
6.156677416616682952e+30
1.344631163802542577e+29
