1.485015927487876800e+16
-4.639229336375130112e+18
-8.851545087234972058e+19
1.362003232764156969e+21
3.000583571583599116e+21
-1.658179610436629955e+20
-8.529194966007307829e+21
3.352972226790527756e+22
1.294466529154279638e+23
-1.313349432278472704e+19
-5.642457101961862840e+20
-3.430424397836439257e+21
2.171094867580844769e+20
-9.393713174031974269e+22
-2.798084943596453102e+22
4.917153597948322927e+23
-1.526513962235075655e+24
3.709405608433726790e+24
-2.225668215079784284e+20
1.274033558294199743e+22
-2.552417726654389944e+21
1.126969171500697911e+22
9.386812343770613075e+22
-6.940629123272537727e+23
1.948448814329645054e+24
-2.549300951929605042e+25
1.211637376469524324e+25
2.355268369416650228e+21
7.028326725831102143e+22
3.333431325225016046e+22
-2.078208017890695667e+23
-1.944660410137620907e+24
2.950467060652065665e+23
-1.611808915596844259e+24
-1.934446296391669193e+25
-6.088686592245353020e+25
-1.772419695352394451e+26
6.895322896813564887e+21
-2.024920461579163491e+23
1.184458172525848914e+24
-4.896054601894981240e+23
5.272119462667460521e+23
9.795501792372851737e+22
2.837910611252788649e+24
-1.379907086130702159e+25
4.315243885571775155e+24
-1.017147948857529830e+24
2.106826142196834685e+26
2.855675454934747184e+26
4.341003741319600800e+21
-4.429696214666357265e+23
2.685574145611199167e+24
9.137064727758513415e+24
-4.454807367781705111e+24
6.278957507499468228e+23
7.589133226467895695e+24
-9.853312375725704169e+23
1.007954503132488721e+25
-1.552958800194041278e+25
-1.698929687026876338e+25
8.784155857784231902e+25
9.609764290806260365e+25
-2.841423641399079665e+26
4.822719721840060662e+21
1.295461286467423435e+24
-1.462288945353398919e+24
2.689266633135732587e+23
-1.031250656748593723e+25
1.888712670051020560e+24
-5.079823759308045735e+24
-1.199023982468475309e+25
4.025651556869456012e+25
-2.739813426451871765e+25
-8.978091566834893803e+25
3.507798044096303057e+25
1.125021943050536177e+25
-1.548981128248457762e+25
-2.058329774536943722e+26
1.107358613711601271e+22
8.084132943221988149e+24
-4.081482082686342644e+23
-2.380849701661859556e+26
2.667572238442078307e+26
1.758017335567410503e+25
1.976891597475643551e+26
-7.347917215239125450e+26
9.692637100355566926e+25
-3.514188071700123465e+25
-7.644881834194317593e+26
1.120929816585252641e+26
-3.518947148066963704e+27
1.923600892186438700e+27
-2.220892153003917034e+23
1.525703587008154836e+24
-3.502208043841903259e+25
-3.420280120762365402e+26
6.670855942244659182e+26
-1.132574061290624443e+26
-1.369893454152359780e+27
6.492791388276022175e+25
1.723060087332423078e+26
-2.860041583140923557e+26
1.872026407943924268e+27
-7.355309762528791947e+25
1.761892358687400031e+27
2.341308994532969284e+21
5.528443449556607173e+21
2.318881466984577578e+22
-1.178718176566592133e+23
3.561189890557332580e+22
-7.722187511627823815e+22
-4.736451046800982530e+23
-2.504426800219128062e+24
3.448682530685019125e+24
-2.289968865326492518e+24
4.265177944310074900e+24
-1.488102831171292621e+25
-5.708278976202721495e+25
8.201542746942855317e+24
-5.114939074776765897e+25
1.442130393876633389e+26
2.325572876046802228e+23
1.846846251437366169e+24
6.735461649227320310e+24
-2.859517765827998979e+24
-4.184771065188891380e+25
3.963063716233657434e+24
1.352954399040654873e+27
-1.061248895873316925e+27
1.549669226703710163e+24
1.682937715699370552e+23
4.703271246601231417e+24
2.162632330447497843e+25
2.502643199691346554e+25
3.742563373380359027e+25
1.288125297805102009e+26
-6.673790144400658958e+26
5.916402903359834011e+27
-4.172279504407730166e+22
-1.093802618758892650e+25
-4.234307355165950476e+25
-2.285697021326585165e+25
1.273882953546151036e+25
2.461460879676216365e+26
4.457054135008413247e+25
3.393392594058928076e+26
-3.770462671387356226e+26
5.222410078191881385e+27
-2.319228867440850013e+28
-2.232403421148227484e+25
2.035417509236418114e+26
2.533150556611315571e+26
-2.454374809099783890e+26
6.920748404559820113e+26
3.573411560191275979e+26
-3.929792258809314004e+25
-1.947958396654829932e+27
2.008003108571414943e+26
-8.779194002630709719e+26
-3.542893521342754424e+27
3.895626110185857009e+27
-1.151193933869436696e+28
-7.173714473299246867e+24
4.087892424777798415e+26
-5.730511288163311693e+26
1.250280471998979497e+26
4.918833169410323627e+25
2.158463270757612185e+26
-3.077707488838777920e+26
-9.751577354732544504e+27
1.672701271946038478e+27
7.156320443702326584e+27
1.530957193346777679e+28
6.606908073711682004e+27
-4.229978537889650819e+26
4.215915756168090157e+28
2.555855903058229363e+26
4.556537333669794111e+27
-6.413178697714894207e+27
-1.491773574890096121e+27
1.903873341193040423e+27
-1.839902721734426830e+27
-1.281242587219190653e+28
-4.879741286962741925e+27
3.261598352643031543e+27
-1.204176332055741257e+28
7.849772168559707122e+27
-7.183759856150343368e+28
7.929078476052473829e+27
1.069689471817803149e+27
-3.260532521772357576e+27
-9.695575314400632288e+27
2.158037931801953780e+28
1.125594094064429343e+27
-1.217243264481154694e+28
-4.650375793289351152e+27
3.662630414258802293e+28
2.080763913517073273e+28
1.936596448029919550e+28
-1.804013953930809184e+28
1.194007878299050886e+29
-1.994160626536997443e+23
-5.683570687733734509e+23
2.113053757252082682e+24
-3.215711619800255787e+24
-5.402328700252350751e+24
2.373489762075786477e+24
1.410153234325493737e+24
-1.122194533165165193e+26
-4.357500165318126893e+25
4.218966441973748181e+24
-3.068116490671095251e+25
3.064136722182410236e+26
1.491055012083693651e+25
5.594601045893789377e+26
2.618125536573143368e+26
-4.568480580730946562e+26
-1.400053983704142265e+27
-1.418957872810787703e+27
-1.065355963237634815e+27
-1.001312874913849557e+26
-1.517300661904590330e+27
-3.060391247173206969e+25
1.297102000225458968e+26
6.267836515063181198e+25
1.455886522705731735e+26
-7.388453872369925845e+26
6.211106345909802081e+26
-3.585269890740085643e+28
-3.350822018100689893e+27
-7.105668347907838206e+25
1.687567412923522622e+26
-2.360292118999170861e+26
5.784443469987338114e+26
1.764527445621526948e+26
2.124684086181293126e+27
-1.287049614164485121e+27
2.371531616396680904e+27
-2.173688425270297903e+28
6.737678211630695639e+28
6.907282102491382867e+26
2.643806093515248106e+27
5.263448888393617453e+26
6.803129612217222821e+26
1.785995739339883422e+27
2.651795620922417868e+27
5.614377662462544646e+27
4.169554267853880291e+27
-2.850884537885022859e+28
1.977221893770051515e+28
5.249487663607845419e+28
1.693907545241349291e+29
-4.905172660406356275e+25
-1.018553828162026707e+26
-1.958310572070427555e+27
1.018604733725625646e+27
-5.432031389712740668e+27
-1.566474758968411708e+27
-3.670711221739914396e+27
-4.823159675194994557e+27
3.941225639482696680e+28
-3.479470181924278021e+28
9.872955525546270866e+28
2.677120248593733988e+29
-3.362434513809395857e+29
1.923239437331408851e+27
6.191347984695352625e+28
2.901999615391673349e+28
4.101376838119626194e+28
7.685173624841135487e+28
-6.744839555210456413e+28
2.039463127494315064e+28
5.018915578189483510e+28
2.200424905031331255e+29
-7.970267072053746376e+28
7.402532905287383401e+29
2.780126617185332620e+29
-2.276567344057459455e+28
-1.206292601771849999e+28
1.004172663738357056e+29
6.515270196312208847e+27
-1.098901071969235729e+28
4.826049898426605298e+28
-4.227169390168009755e+29
-1.795215709015473863e+29
-1.864168282675924611e+29
-9.799439966769277234e+28
-1.899177200542505451e+29
3.087800914785337713e+24
-6.905763449845972447e+25
-4.451852040477384922e+25
-2.604120853665865896e+24
9.336618563261056169e+25
1.712694643197258658e+26
2.280020134258023764e+26
8.584704136371126596e+25
-3.597055277124045913e+25
8.772981513002716888e+26
-5.251429140441677931e+26
3.503850593732908741e+25
-2.177579651053749663e+26
-2.323674596999752793e+26
-9.672882979374108913e+26
-1.901357513787505110e+27
-2.271797184140143281e+27
-5.311275877829434731e+26
-4.863630664628336873e+27
-1.947992669824432499e+26
1.660281469125622008e+27
-6.750397999757653089e+27
7.828043540133633335e+26
3.639633324262929519e+27
1.911790662829937710e+27
1.029179504322638708e+28
-1.290679830445286303e+27
-3.022633703378650755e+28
2.460581838988544052e+28
3.740075621081012148e+27
-5.464070391807483549e+28
-5.871846566176778176e+28
1.553128262340049971e+28
6.630606862166183772e+28
9.648205333626083053e+26
-9.221355342631110133e+26
3.583305389138360774e+26
-4.624856367343070059e+26
-1.740352571601312280e+27
-6.529908561141823554e+26
-5.242774717887659662e+27
1.382187462442372251e+28
-2.230366361941680909e+27
-1.409053946222307475e+28
6.726049438653802183e+28
1.143083503365433332e+28
-2.297385610721712988e+29
1.436896418347154574e+29
-2.120022010634556872e+27
2.785409992195812104e+27
6.008282489546949875e+27
9.003419722935619015e+27
1.927631406896286308e+27
-1.470154510744318745e+28
-1.329638003337056981e+28
1.272078440168998910e+28
-5.968882036601486615e+28
4.099686202036110827e+29
-3.121267664690946939e+29
1.240449646960381620e+28
-1.792361655040550989e+28
6.340403894789718835e+27
1.165159582838141964e+28
7.278489510986380038e+27
-7.488739701702264693e+28
2.988369617084983695e+27
1.571277252705838824e+29
1.397809216137372378e+29
1.004612325104514628e+29
-8.727193357148132979e+28
5.668046851234954974e+29
2.487273025573364438e+28
2.255707173245175476e+29
3.557089218520584760e+28
2.425404111254003440e+29
1.228360579191280304e+29
5.798181653762597646e+28
1.929088170226464948e+29
-2.759702827104564820e+29
-9.635254820179184606e+28
-4.955416003257291590e+29
-6.197559802411095150e+29
7.889013912805848417e+28
-6.625785985071462790e+28
-6.055112563437502200e+29
3.371386422170479730e+27
-1.962640833793829216e+29
2.248533245938952161e+29
6.537624457141477120e+29
-4.961562768678531654e+29
-5.323553827340734469e+29
1.827355113911278733e+29
-1.596920642868666097e+25
-9.027488094307522012e+26
2.614019319458333659e+26
3.353836606347234762e+27
5.735318369931272946e+26
1.865367780471055838e+27
4.433727255015356055e+26
5.636963493719400724e+27
1.150277387314780794e+27
-3.130874436109492230e+26
1.385806256204841497e+27
2.289492424275602409e+26
-2.673628054481202391e+27
5.074896183781390096e+27
6.928413690918178768e+27
1.197619566999560582e+28
-4.291675396961107636e+27
-4.689703722695985026e+26
1.547859558104487669e+26
-2.654373793880044322e+27
2.039061877097157377e+28
-2.548826121300711479e+27
-1.030627575704527215e+26
-6.462273943728006380e+28
1.443229282789496795e+27
2.816833673033435423e+28
1.157618586770493153e+29
3.487001414536975231e+28
-8.871429165263367365e+28
-3.672268968954649926e+27
5.839097111770342638e+28
2.866634536622691350e+27
4.000029447157189636e+28
8.927219871864422083e+28
-2.077038655247062261e+28
1.016376996048829711e+29
2.905836761668623193e+28
-3.047184161325686839e+27
-4.430530180789464670e+27
5.373382514415534700e+27
3.581654276005773311e+27
-1.616306916198227023e+28
2.200708683326455813e+27
-5.244005613879617294e+27
1.049020728502765248e+28
-1.032433355320498240e+28
1.658551891086544779e+28
2.090083403486118297e+28
8.463358722961755723e+28
1.027778551626136121e+28
-2.884121731018471181e+27
3.571820968957889412e+28
-2.676491673171291635e+28
-1.436012638295090937e+28
6.196417639451226041e+28
1.454324782426233431e+29
6.297729945725059799e+28
-1.194361040260263799e+29
2.643563691704282567e+29
-4.158979588736236733e+29
-3.755695363880210887e+29
-7.400274835560273123e+29
-8.432803868339628034e+28
-3.847902004193750530e+27
-9.512178108391737552e+26
2.215008849779802195e+27
6.744324708985711822e+27
-2.216232235500830173e+28
5.913174658361474863e+28
-1.335761032029584457e+29
-4.764469918116429643e+26
1.374367375587740831e+28
-1.803264837436524225e+29
2.913744383144673526e+28
-6.867851527522591273e+29
-2.121942163256705970e+28
3.139296619664744804e+29
-5.426802175836989815e+29
-2.089978829827518120e+30
4.098372932653054249e+29
-5.745845188260893983e+29
-1.272217756589431664e+29
9.777700677594156807e+28
-2.083122223167095517e+29
4.040488975388267222e+29
-8.786934232616216647e+27
5.495280178529684798e+29
1.113125464211139148e+30
-5.040232476226877977e+29
-1.673323764456022896e+30
2.413372964876990137e+29
2.568064110760738398e+29
-1.534656968575413628e+29
-9.711832736217396033e+29
3.498805865260804139e+28
6.404645340727094882e+29
-7.609105041030976439e+28
1.334996536238413985e+30
1.798144374728135003e+30
-5.019872385086172849e+30
-5.743463026645313015e+26
1.654890177109095275e+27
-1.380178180255989541e+27
8.599905942430327424e+27
-4.898643513321250347e+26
-9.120784161827142267e+27
7.916994759040342327e+27
3.572665660345285977e+28
2.428343271684470115e+27
-6.628515132517007462e+28
9.804173894840468287e+27
2.280984374205329226e+27
1.309332725107575711e+28
-1.216761353555226476e+28
-2.805137185186114744e+28
-8.749757455300210032e+27
-1.863396148588418547e+28
4.352103605164736665e+27
-2.293349020809412041e+28
1.669141712989790577e+29
4.105259282924084300e+29
-1.900916726503869080e+28
1.694300902461948911e+28
-1.778275847114052469e+29
-1.195826621590431626e+29
-1.193404381716083703e+29
-3.094717965907056665e+28
3.034850431707287279e+29
7.770524919153453613e+28
5.174163552822529839e+29
3.546749944931486978e+28
2.421044507537917293e+29
-1.958141510545998720e+29
1.666407489491797573e+29
7.090425981985784280e+29
-5.228261511607564960e+29
-1.748033481878790761e+29
3.496025844303369179e+28
-2.500086815850877072e+28
-4.136656617784694591e+28
2.705349864396802347e+28
-9.465583218024860864e+28
1.909926331069203235e+28
3.448276294709811574e+29
1.263473887395901512e+29
-9.685821549279411379e+27
-3.452049521271695948e+28
-3.804889067267914734e+28
1.190237284133122611e+29
-1.465945429254463817e+29
-4.273497199339054511e+29
3.092214145827393412e+28
1.193620655406007836e+29
4.302338613640404219e+29
-1.199989229553534297e+29
4.989558266349581119e+29
-1.683206627595681954e+29
-9.648922825614296045e+29
-1.533513514050267635e+29
6.960339190946656977e+29
-7.372800396940617580e+29
8.322402896115875440e+28
1.018476716142765936e+30
2.092605536325510306e+30
2.523244412329807936e+29
3.843511236908359065e+29
3.718482328602713658e+29
-1.985616100745389836e+29
9.348964192962594402e+29
2.581427406113950414e+29
-5.512265484902820068e+27
-1.152886087375294986e+28
-2.910406619995868211e+29
5.049180576088196730e+29
-2.377574111226170620e+29
-8.321020300960750690e+29
5.507821112833157950e+29
-7.551337158541473543e+28
-3.198767264070142675e+28
-1.367960206090917520e+29
1.354974811124606874e+30
-3.094808149676478713e+30
-1.045772008576815301e+30
1.093591312953333454e+31
-3.093617716744734570e+30
-2.067769767819696609e+30
-1.920661927862125157e+30
4.030195632934736220e+29
1.054995710219393299e+30
1.804659416136438004e+29
8.456920204273031348e+27
6.041816751963033531e+29
-8.061078774367712767e+28
-3.313012367638192351e+30
-1.162311817134118712e+30
-1.796657316833583612e+30
4.118756039523073540e+28
9.736435946584842117e+30
-2.991915474165420454e+30
-2.047148349989405716e+30
-1.044479095234041124e+30
1.897031987978419688e+27
1.232465271047365662e+27
-4.065068808246089087e+28
7.148272432583293945e+28
6.630118651582139645e+28
2.423278153005766536e+28
7.910208079839489694e+27
2.029273518893341188e+27
4.405750031538903261e+28
-6.228603104223602923e+28
-2.440072539284570138e+29
3.302189689956617462e+29
-6.628112352755146485e+29
4.642926476217570112e+29
-1.725243991100025070e+29
-8.592896995273878068e+29
-6.336198688549779591e+28
-2.524321717925318866e+29
-1.104002713353944267e+29
9.590082518203843848e+28
-4.336407326686004305e+29
-6.073224641784803163e+29
-3.988218941417252745e+29
-1.870914013814148575e+29
8.957576463229526181e+29
2.762658773726332101e+30
2.983801626121959053e+30
2.497790273627812335e+27
1.853688712497753798e+30
8.446008024191425279e+28
4.463716363572577183e+29
7.131692366341501341e+29
1.049127773759053612e+30
-6.262936072783531629e+29
-4.214848344353156732e+30
-2.733475668976375131e+30
-2.962320973390904176e+30
3.542534989510065846e+30
4.907658521814392832e+29
6.542532506840394090e+29
5.046165271288552179e+29
-2.509725317985216638e+30
-2.657150027810006065e+30
2.988649895433431824e+30
-6.070239048020736109e+28
-1.247657537491109207e+29
1.876700224986109822e+29
2.024904463700887098e+30
-1.286587361850254239e+30
-1.026688772610275599e+31
8.764518701714074532e+29
-3.153868052879128666e+30
1.129800915360500751e+30
-2.248551849792493228e+29
2.256597555414985671e+30
1.074180589273805656e+31
-4.884922331209465154e+30
-4.747490740460148404e+30
2.155798216879898399e+30
3.028768262247168963e+30
4.236604501809583249e+30
1.447941191470953019e+30
2.106346093106230610e+30
-1.209005532537597855e+31
1.084729527298418954e+31
-8.077338129295109303e+30
-1.300564333873777554e+31
6.892705675928387804e+30
3.956276010489929883e+30
1.884488016685217826e+29
-1.585749508845414208e+30
3.144736980403573948e+30
2.636062486434156580e+30
2.729508059431669816e+30
3.212155695885207888e+30
3.713958193341588225e+30
-2.089257023050286973e+30
1.641620438807374477e+29
1.050442655177159840e+31
3.130732385593142025e+29
-9.966349738949780847e+30
9.548507863601771114e+29
-6.109231797152733925e+29
1.823835772949676405e+29
-1.092498781066854020e+30
-1.265767497862165728e+31
9.828177385591235610e+30
-1.406708081648055645e+31
-2.273253812187676727e+31
-4.660835006595858088e+30
-1.065185347925907284e+31
3.099589023373861907e+31
1.995669288457741705e+31
1.311262588901121201e+31
-1.201747251501323437e+31
3.303134327092845871e+31
1.140235503222279884e+31
9.886242342247219456e+28
3.114899274023694131e+31
-1.229450936323828594e+30
-1.355290373097573555e+30
-3.597943367648723588e+29
-5.207737612550538108e+30
2.539872823067497376e+31
1.830597829112149447e+31
-1.383016935630942128e+30
-1.674727557884990425e+31
-1.948088892678467356e+31
2.641831387428709888e+18
-7.594978356405479014e+19
-6.044046124138785669e+20
-1.643287857280232456e+21
-7.017497593781584658e+21
3.634671863312049242e+21
-5.363400226330430669e+22
-2.158654531038063645e+23
1.384682233618883543e+20
-3.839415435894905635e+21
-5.991793301069444940e+21
5.273169772678693362e+22
3.162999092539484621e+23
2.242723681365067511e+23
7.898468767387868736e+23
-5.726492030363801947e+23
7.970542621778241389e+21
-1.689530767104851260e+22
-1.245890928169262021e+23
6.651790233592975296e+23
-1.596149328318535024e+24
5.932689600905217627e+24
-2.712750494609401739e+25
7.499218827757490529e+25
6.767137955245506901e+22
4.355336224804654862e+22
-1.708967925219507265e+23
8.927531576832495651e+23
-8.002865314874581613e+23
-2.226239016836902597e+24
3.070392035243645525e+24
2.602109031147020169e+25
-4.126330067390397964e+25
-5.454247206631387473e+23
2.245424536493606929e+24
5.686368670852636287e+23
4.306718312971100500e+24
2.368833639162885026e+24
3.982758288566315091e+24
-1.643648467259586077e+24
1.126733856610334583e+25
1.101463617538318370e+25
1.000563738136251249e+26
-4.207981784183996229e+26
4.053658021169890947e+23
2.942884927552757948e+24
2.005001674362474753e+24
-2.642276010512365593e+24
1.307149780126839026e+23
2.273404031328460703e+25
-2.558594421920032944e+24
-1.823681420553799726e+24
-3.987063949242364009e+24
-2.029895506429242729e+26
2.512113731676670783e+26
6.190842365173409756e+25
9.869264058507774221e+26
-1.691100273255161161e+23
-4.005950913964128049e+24
-4.203581232370067154e+24
1.872258334219092191e+25
-2.244644903701518231e+25
-5.165215102656625905e+24
-4.189189334411382975e+24
2.945331295455286437e+25
-1.062819327345155212e+25
-4.216973129746471321e+24
-4.541061147336282676e+26
2.554128122932054404e+26
-7.457605272981169955e+26
-9.303123737124442569e+24
-7.101459618930046653e+24
4.740849230900795445e+25
2.536998593640516515e+25
7.074464211789001120e+25
1.985148960762136905e+26
-1.065330999683982209e+26
2.805622027672703914e+26
2.509414139868733290e+25
8.006351577854902307e+25
-3.104179530513289363e+26
4.102164959741376998e+24
-2.255749921174724017e+27
2.205141552718048299e+27
3.092489468059654670e+25
1.435206024740701546e+26
-3.971058641627615312e+26
-4.381751348194377799e+26
2.819359594034607156e+26
1.281887512562313372e+27
-1.140210217966673433e+26
6.785651965442059220e+26
-1.077654336880716782e+27
1.325098763087557008e+27
1.569206524496616024e+27
1.434283739713233740e+27
6.025921597711395376e+22
-7.048349283165566665e+22
2.671549556369413426e+23
-2.669758452234957147e+23
2.570171254249473326e+23
-3.268367059287684885e+24
1.419552418471680881e+24
8.967397613505808706e+23
1.231281917424152261e+24
-1.075205479724680900e+24
2.405646737312108272e+25
1.464670211021808812e+25
6.740259485750945726e+24
1.417157015122249988e+26
6.204712881019942695e+23
6.824188208099555602e+24
7.925253080708679352e+23
-5.065999857603167608e+25
2.282992999091847266e+24
5.620233753618315615e+26
3.922764038222739908e+27
-1.055162016614422844e+25
-9.345014035048911671e+24
6.613308423741889830e+25
1.120638260173242861e+24
8.584849586862471476e+25
5.091909157725624151e+26
-6.016303080681534901e+27
9.068046963328674126e+27
4.019442590173652379e+25
2.155881324564845523e+25
3.841278280521429029e+25
-8.203836618978461501e+25
3.805366533258477309e+26
4.859502450863104543e+26
4.260910585799199878e+25
-1.598548306553541288e+26
-2.435370525061048268e+27
-4.790512516882779069e+27
-8.202652520610486139e+25
1.690095110626914762e+26
-2.839369278462107342e+26
3.108764065048898888e+26
9.746375592343573300e+26
9.423024606991266167e+25
6.114091552942986225e+25
-3.567241208146535055e+26
-1.748967614000392943e+27
4.943484731386608906e+26
-3.339006462673758908e+28
-2.993310410032199912e+28
1.464515311100706607e+26
-1.230026576231667148e+26
1.112167816451540232e+27
-1.868431301963910437e+27
1.169212593569012457e+26
7.466160198172041306e+25
-1.387365810355212052e+27
1.022785735220604544e+27
-4.093933643525916577e+27
-1.993138725037735319e+27
-9.805841449383257316e+27
-1.497179219297806886e+28
1.150058652803792193e+28
4.117091904542241427e+27
3.192380915222722825e+27
-2.219912591457986815e+26
-3.784170931839221820e+27
8.511787669853311168e+26
-9.654134685859319469e+27
-1.436582437716934117e+27
-2.057857265393063857e+27
3.282769402517738946e+28
-1.172515465269414541e+27
6.781574605629056754e+28
7.773097613310071785e+28
-1.292472723777177823e+28
-1.058553115206349296e+28
4.436022579046586534e+28
2.937034751257871160e+28
-3.823343724256587694e+28
-6.905182962533122115e+27
-3.270497239798117231e+28
5.859596261912764664e+27
-5.362850322652819007e+28
-2.374402565298961768e+27
-6.312978142464678228e+27
-6.356085737480342429e+23
2.173133831077050663e+25
-8.157252044275804401e+23
6.285135462947551355e+24
-2.201439436156659640e+25
-4.514152841470947433e+25
2.678570862577532220e+25
1.270615816655085506e+26
-2.293888234543462526e+26
9.789591505591963834e+25
-5.161138131694949642e+26
-5.416070723452282378e+26
-4.459632871830422377e+26
-5.666756693157195052e+26
3.066449064358884514e+27
7.383438035322195076e+26
-9.650087237366754681e+26
1.101188799565239778e+28
-6.213173367965215109e+25
1.493062899744728686e+25
-1.596759909583299611e+26
-8.879963993701382849e+26
1.676267336249845992e+27
1.429592224381583067e+27
1.485718591279524505e+28
-3.578280950044106536e+26
-1.872133523158766469e+26
1.029553616746383674e+26
-1.694227890602753409e+27
-1.247398413716705245e+26
-2.941538618513519233e+27
2.138325606479788613e+26
2.622063574283464266e+28
1.478873264895369427e+29
1.860687722993395612e+27
1.585662841340880351e+27
3.152580733020730463e+26
-4.287072712744746319e+27
-8.662974323261998611e+26
7.324836635740933169e+27
4.140642322967516251e+27
-7.940277820474457119e+27
1.382299274769883522e+28
4.771238972531681708e+28
-1.411053807266510140e+29
7.233349644507101207e+26
-4.611142016267976724e+27
-5.031178347547535832e+27
-2.896267827415104766e+27
-3.205860649687156371e+26
-4.509625718375234536e+28
4.950525884467555849e+27
9.044539345625948117e+28
-7.662427809202130113e+28
-2.039878315397011256e+28
4.392354550222007393e+29
2.645277567684748095e+29
1.090894948796489733e+27
1.322179366710725049e+28
-3.101495604876231673e+27
5.897081066138558978e+28
-3.676759162544718355e+27
-6.734508313302486802e+28
-3.254743077250401669e+28
2.621113113511542251e+29
5.591474415158727058e+28
7.387047603805221854e+28
2.276751978627231897e+29
4.730990489335809618e+28
-1.756376778023963871e+28
4.186425019856127217e+28
-3.806532544693523473e+29
-3.463275162749270412e+28
-2.773708755743478201e+29
8.862156579091234234e+28
-1.126849569183999092e+29
-2.412773128934886226e+29
1.321727921083118754e+29
3.267806956504207387e+26
6.263119229127429562e+25
-5.620716322639623101e+25
1.906785169390397676e+26
5.695800774856109215e+26
-6.016161373829996059e+26
-2.076587309200922607e+26
2.887938656513594864e+27
4.638806638336448802e+25
2.323639934935024244e+26
-2.228036051258540286e+25
2.967069704247115830e+27
1.481035213586875326e+27
-3.517440788040758678e+27
4.887355639089961633e+26
-4.027809657274094777e+26
-1.930043943477519267e+27
3.646770155254324972e+27
4.627974047657331732e+27
-2.332163710822608809e+27
7.818740761989946415e+27
1.915242270025423674e+28
-1.065550533966958542e+28
-2.914975458509202634e+28
-4.862072911800801742e+27
-4.554395815178216050e+28
2.391216323762100270e+28
1.236704781965130803e+29
-1.015693769261404641e+28
-2.065343687153874405e+27
-8.536111949497054334e+26
2.123489900675804149e+27
4.149848401552127886e+27
4.138424958094088708e+26
-5.044197850548401429e+27
-1.211057775409960577e+27
-4.116691984328169295e+26
-4.526756534669997212e+28
-1.269472894027889177e+28
1.550277669936415443e+29
-1.352794749590688003e+29
4.634524156925839978e+27
-1.006467744257618726e+27
-5.463471793001332038e+27
1.368431826052201650e+27
-4.550158511359179430e+27
5.428162012479609049e+26
3.510312379618317796e+26
4.860759263501340958e+28
2.992219694609140229e+28
1.433429530723920775e+29
-3.907301344773653010e+27
1.953799315134286129e+28
2.718525600731963251e+27
-1.176024324056804803e+28
7.849806496128272546e+27
2.823737398792152642e+27
1.309995393019306408e+27
-1.261274559853812801e+29
-1.937496452127429164e+29
8.647442811436170847e+29
-1.020310664371819204e+30
-3.048553352692139576e+27
8.280661426679887115e+28
4.166501608184401784e+28
-1.541738101365237142e+29
-7.367755747984697200e+28
2.618077745616108852e+28
-1.312826293491071991e+29
4.441906168049261996e+27
1.287954438711385307e+30
1.973173627890584173e+30
3.662770497856479334e+29
3.180398846344095328e+27
2.674829021937391582e+29
-1.408506217000200435e+29
1.618224556163876919e+29
5.409643824408636693e+28
3.116136793664704902e+28
-8.774895308536464658e+29
-7.343030561448190875e+29
-4.430138273271950081e+26
5.220775884468638477e+26
-1.252829064876178799e+28
-7.060250089947487598e+26
2.319322058059116843e+26
4.414918941046066064e+27
2.841483256489639903e+27
1.418079125446725191e+26
1.694983947389586839e+25
-3.837846280717032717e+27
-5.592967841000625271e+27
7.389778331140200240e+26
7.358635549974086975e+26
4.484852434294343306e+27
1.668279084697983289e+28
-1.367492265255990329e+27
-1.555050674182450704e+27
7.018411539579427561e+28
-1.746117999771608995e+27
2.064635918485220727e+28
-6.077227392493095724e+28
7.311156724536939238e+28
-1.051875581012063599e+28
-5.176949681803798662e+28
1.643431002223447601e+29
-1.435069422110141706e+28
-8.126194862426858850e+28
1.522231977947354307e+29
1.498161048833899847e+29
-1.234372243000228978e+29
6.748227396265523145e+27
-8.700541269627825976e+27
9.445246066211947728e+27
-9.848709656857613950e+27
-2.370503126065972479e+27
1.294806277419628601e+27
-1.772124818931150085e+28
2.687113433042832593e+28
1.413480674427900898e+28
7.565616976497117603e+27
-8.457902118349147610e+27
-3.534645963665925222e+28
-9.756774024898526424e+27
-5.257398942896131837e+28
1.810405085138679426e+27
1.387203077592071479e+29
-9.011973723346994882e+28
-1.157446991113665319e+29
-8.960082820670269935e+28
9.202159271875548452e+28
6.695857045840333326e+29
6.997666628687460888e+28
-2.740904056310449529e+29
-2.130358855386862956e+29
-3.521598039349244579e+26
-4.132137012621710943e+28
-2.129238102450701079e+28
2.553063587009471824e+28
3.067326452091705777e+28
5.882327878115299408e+28
1.346657069550495352e+27
-1.080972107133917709e+29
-1.812152174037011716e+29
9.875734078339911802e+28
2.425741270674278809e+29
-1.754233246195852644e+28
-4.357097411019455709e+28
-4.051419945694432364e+29
-1.936716540492569807e+30
-1.220065857664513472e+30
-6.034630423078125158e+28
2.896010826064211951e+27
3.967592482368798995e+29
7.913328690243405827e+28
-7.035617343111002781e+28
-9.528482085652309844e+28
-1.198244706529848238e+29
8.451239376524599015e+29
-2.658101132709775767e+30
-8.744618806135412278e+29
-8.311887644484254922e+28
-2.977779895901417101e+29
7.112772996166330409e+29
2.407488552396378388e+29
-2.429261070823277376e+29
1.738194455527896251e+30
2.530973535402534438e+30
-1.214713983990721086e+28
2.572336401254293133e+28
2.735185542699104586e+27
1.935897979352364348e+28
7.338277029628634929e+25
1.232083821062476782e+28
-2.567848351060301888e+28
-5.385143334484195804e+27
1.405579361531384690e+28
-2.095117781489277204e+28
7.591934295009336842e+27
-1.541120875884768544e+29
6.752286321796369027e+28
-1.091831600215528694e+29
1.975567324877791650e+27
1.717688455834695499e+28
-9.680721352188288015e+28
1.219988170597398712e+29
1.538587175867298610e+29
-1.017928186476795229e+29
8.262521197428462698e+28
1.967630771329512622e+29
1.628327835151071469e+29
-2.415910517503134019e+28
8.244988117437139266e+27
5.439959852424820029e+29
3.973063459643386159e+29
5.748411828760920482e+28
-8.438958128484265423e+28
3.903690124276059604e+28
-5.614677116010207860e+28
-2.878374461773910983e+28
2.244755381923013423e+29
-5.227431312575371153e+28
1.534808158102140757e+28
-3.959982208058367049e+28
-2.008041483348437106e+27
-7.497751990307325348e+28
-1.351263277453976652e+29
-2.084355868588079758e+28
-3.410104966291240148e+29
-4.627158016820089409e+29
-1.496299863281419584e+29
-6.038874907247756267e+29
2.003811130319406879e+29
-1.338293922596308603e+28
-9.547480627357970525e+29
2.567441782625812470e+29
-2.704958744816494894e+29
-1.757534373987504912e+30
1.074699004851442872e+30
5.819992677870751129e+29
-2.066987834323842482e+29
7.402742114744879268e+29
9.864312070923699700e+28
-1.242444848375271109e+29
-3.015464290529363842e+29
1.922285486786959329e+29
8.826155408753598238e+29
2.806125500130860512e+29
-6.121284542904475663e+29
1.417845150850935711e+30
-5.146983609951173875e+29
1.309802458552363227e+30
-9.458296002405729615e+28
-5.065809465676141610e+29
4.220925217651406228e+29
5.302155072089134011e+29
-1.782201886356300603e+30
-9.479451346809105394e+29
-4.601516210948958436e+30
3.286395635852439567e+30
-8.605964922785963694e+29
-3.400499286080986280e+28
-1.482129071618746714e+29
-6.138337783237363352e+29
-8.293986019124626874e+28
-1.755380630220322859e+30
1.425020577092099034e+30
2.721793781306482630e+30
-7.848019902797287222e+29
1.486300095474880932e+28
4.420351224496938685e+30
3.229100214326407161e+30
4.586389191215798615e+30
-4.579295967179403761e+29
2.239607286082960704e+29
-1.553118820359208544e+29
7.078914359754126371e+28
9.731158635046514849e+29
1.608496515696553986e+30
-8.788506139117681430e+29
4.330316546637515881e+28
-2.673756910594526204e+29
-4.961229397361236989e+29
-5.793318402457568024e+29
-7.108048680936344739e+28
3.195875673449494641e+29
2.947841704486392324e+29
-1.019969079314767835e+29
-5.120498575105909121e+28
-8.014210220542636780e+29
6.826266808954015031e+29
-1.381719747976646841e+30
3.264216558708140738e+29
4.991337357209953455e+28
-3.094875988850976973e+29
-9.151474945234825592e+29
-3.468760098490063099e+29
-3.219390136035329331e+29
-4.334747834475337877e+29
1.248488132985467423e+30
-9.525924369267627677e+29
1.056381899665672075e+30
1.875197786477659805e+30
3.649307192867979326e+30
-1.274466573996439947e+30
-1.003320946017896816e+30
-3.754505029277893510e+29
5.730475771226150530e+29
-3.165408399915686967e+29
-2.181919255855158055e+30
-2.321668803335946164e+30
5.187305219393731664e+30
-1.578136258220813364e+29
-2.541142495544379490e+30
6.139209584752366589e+30
-9.903722562863046709e+29
8.142313231591774982e+29
-1.221051597822520349e+30
2.572643482052497111e+29
-7.428987790059129941e+28
-3.111721928573725525e+29
7.219398922597266633e+30
8.724547815776367038e+30
-9.795662166896507029e+30
8.260915324800673567e+30
-5.254825448146055564e+30
-1.013047753953561335e+31
3.152873082504241190e+30
-3.273256752976058131e+30
1.612877895229560277e+30
-8.311809773675338255e+29
2.067981329448479981e+30
6.932874091814296735e+30
1.597929075546376155e+31
-1.043644288908482362e+31
-8.253482754940101138e+29
-2.677632147621060550e+30
3.433396976920204975e+29
-2.056477793596517945e+29
2.093533205649080940e+31
1.866001701737721152e+31
-1.252963906944992044e+31
-4.655707046526976043e+30
