-2.068610256095113600e+16
-4.124132953849116672e+18
1.704355952877771981e+19
4.063542727183851192e+20
1.689407597500758229e+21
2.436558293369621053e+21
-2.071395399769368664e+22
4.906342678755863115e+22
1.130752278850741291e+23
-2.191991832137263514e+19
-5.117469213195428823e+20
-4.827643173698996797e+20
-3.667795138447780767e+22
-1.581117195668524913e+23
-1.640946511419047800e+23
7.431846398060468854e+23
6.200132498356372551e+24
1.102946979074001518e+25
2.471387352943130706e+20
1.358346599143972536e+21
1.871812099308885587e+22
-3.759141085988271046e+23
7.765364838606045939e+23
-1.809852930513163321e+24
6.889909847205118336e+24
2.147087843677062166e+25
1.779498660105147850e+25
2.354778038983541654e+21
9.883323028405853408e+22
-7.927142342592746708e+23
2.128182496932926964e+23
-1.079300355495169786e+24
1.541513533155238006e+23
-4.094870068601132660e+24
-7.549936846295504995e+24
2.800262302317998269e+25
-1.270530204263428705e+26
8.692503545396275970e+21
1.027603592466968147e+23
2.799885248085380655e+24
4.642649622227799696e+23
1.057223499518972548e+24
-2.266544875998047669e+24
-4.893682288982025350e+24
-7.270933579346108058e+24
1.729391132646110877e+24
-2.148616321268100193e+25
-2.136657607585020169e+26
-3.754322282403410115e+26
-2.691087792306154111e+21
-5.113406494996815046e+23
1.277144753463172625e+23
1.179528510529869260e+25
-5.488561831056808585e+24
-1.154163043696065122e+25
1.532199350917710729e+25
1.523913513836123307e+24
-4.049794256155215500e+25
-1.837642260836907266e+25
1.861684025417269956e+25
5.522284980818914497e+26
1.054826716074409976e+27
4.853794578160002506e+25
-5.041042064995275244e+22
4.987883662260624687e+23
1.760955539658369645e+25
-1.825636499463490463e+25
3.968074483588685575e+24
-2.422693052023484268e+25
2.555423642507040584e+25
-7.434931793177861075e+24
1.591132657152854747e+26
3.065918559584785707e+25
1.031579765186730519e+26
-1.071418907593620641e+26
1.605727522029491028e+26
-1.837960474589478888e+27
-3.316969540927278533e+26
4.343015976015907888e+23
-1.579711652934527298e+25
-2.065775588248113384e+25
1.445266678452007081e+26
3.319698058612309301e+25
1.975962549022592363e+25
2.294282895046943519e+26
-1.526095840710118586e+27
-1.426063927878952379e+26
7.364302407007383122e+25
-1.588666050304953507e+27
-4.214147642420635350e+26
1.117272995782965290e+27
-4.733570425778773726e+25
-1.617154178738400830e+23
-5.278492438731011484e+25
-4.730930733489237827e+25
3.995378654931344417e+26
2.207300841041493985e+27
-4.685667310697687393e+26
-1.373695064310022071e+27
8.155798986954589920e+26
1.593194887812003242e+27
-9.295092101641284291e+23
-6.330976429296688716e+26
2.124302515411379689e+26
4.424843394366953098e+27
2.520763985219263922e+21
4.328453466008930222e+21
-6.133022258989325353e+22
1.432178638762708493e+23
1.069307597441640012e+22
-1.550297008607620130e+23
-1.173213905069387293e+24
-1.223501220845762550e+24
1.451062579992245960e+24
-3.601113426865096640e+24
1.936562513297452703e+24
-7.567351196422274114e+24
-3.138184609911872806e+24
-9.705513098390423429e+25
1.158453128170160845e+26
-1.875575413206756469e+26
2.149678901027150391e+23
-1.105186703831270311e+24
6.202244591489294992e+24
-1.284288833474190882e+25
7.559297932448089602e+25
-3.467280303165699348e+24
2.994757227316029201e+26
-3.182175956479790799e+27
3.320088990694198567e+24
-8.078245977165862359e+24
1.049243050607924000e+25
-3.351723844860279724e+25
-2.371346377140064954e+25
2.234083040369634471e+26
-3.139261044349754538e+26
-3.524023420520796731e+27
-1.430098704892967736e+28
-2.898399739702994927e+24
6.563605552609869625e+25
3.206105446573540672e+25
-3.544843379280486611e+24
-3.385136998065299451e+25
7.552081489263771346e+25
-4.975576401388681235e+26
2.088047840428942738e+25
1.270727519967891289e+27
-1.004425203579782481e+28
3.232295561765552262e+27
-3.253163765839477648e+24
2.534911336549624463e+24
8.424384935424047893e+25
-7.702530989226756207e+25
8.910140991200048426e+25
6.153416083494793033e+26
7.963011410963076212e+25
1.193963568153759747e+26
-1.159267857342066458e+27
3.980416852844951777e+27
-4.202254558222153720e+27
-1.816757504954067921e+28
-1.885713087850793433e+26
2.358132313950375076e+25
1.706089103176589996e+26
-3.869960450820431897e+26
6.412339671434832908e+26
1.450182987343423916e+27
2.729932288750251261e+26
-5.505791179077699514e+26
4.478371255408432854e+26
4.757533061012504711e+26
-2.319595007587495299e+27
-4.266315987079927915e+26
-1.180185952036706975e+28
2.878833355677844249e+28
-4.893842839555904436e+28
-8.069212814434374652e+26
-2.680379695354225978e+27
-4.585460393359012191e+27
1.203428681669262842e+28
-6.319586862189806054e+27
5.626419747970667174e+27
-1.534160337746274075e+28
1.676735033460437825e+27
4.510136597427343963e+27
-8.087899849096161827e+26
-7.595094735790022826e+27
1.488289536942997484e+29
4.654699238418308849e+28
-1.498789206201857794e+26
-2.817363525952839141e+27
-2.071488432500631025e+27
-5.901473191498925649e+28
-1.907351779496875101e+28
-5.073023800828720444e+28
7.805991699161649751e+27
-1.011679700246471905e+28
-5.670629392787050901e+28
-8.699138275701052140e+28
-3.103874413789339734e+28
1.616131602848484818e+28
4.147818551281037450e+22
9.818889176081792972e+23
-2.836264003804250579e+24
1.659700918486994059e+24
-5.004547455942424693e+24
6.844936301151775546e+24
7.578846484452145166e+24
-1.092736822461139788e+26
-1.690858218405392688e+25
-6.305808675604663521e+24
1.794627184547960162e+26
6.810044117011651170e+25
-3.860457897819319800e+25
8.683326589591993117e+25
1.056434944583273993e+27
1.768638235961156595e+26
-3.771981208986326970e+26
-2.296683270201167131e+26
-7.147600415612873984e+26
1.276392074818827639e+27
-1.120901174889206782e+28
-7.263311255142692558e+25
-5.414444825903891744e+25
-3.567183510882307367e+26
7.613912253883468724e+24
-7.758032513135433980e+26
-3.789045637623724189e+26
1.094211659866667997e+28
-9.456377031665166528e+27
1.006577454587806182e+26
-6.102505313270426846e+25
-3.608420807480997532e+26
1.238846261580212870e+27
3.148110473885803479e+26
-6.746639831911949823e+26
-8.166041224961943066e+25
6.045948026078133572e+25
2.686137265950606848e+28
1.512524064719728411e+28
-2.684021224035030639e+25
-1.270040167879510923e+27
2.082480460778778822e+26
6.808803711666006281e+26
-5.632796795361144494e+27
-4.608868683795788272e+26
2.317439529512967770e+27
-1.098701857248334765e+28
2.961625256582639737e+25
2.390905500778996209e+28
-6.480129770397812043e+28
-1.051588086793456483e+29
9.613737469063132934e+26
-2.501906449503232297e+27
-1.422897312344678507e+27
6.479690130399291381e+27
3.075531625553582126e+26
-2.276390950015845836e+27
-1.421656071992688693e+28
-2.069377635762352386e+27
-4.275371147060096739e+28
3.124386218454833708e+28
7.146172734237831805e+28
-3.985521446434900088e+29
1.357978707239840060e+29
-8.557341126421623211e+27
-3.490886966217919381e+28
-6.717356536276027681e+27
-4.112522452839259442e+28
2.841632609946064891e+27
5.085795021813291263e+28
2.017641969812126203e+28
2.609460130101228792e+28
-7.890763910005721029e+28
7.248872268684355898e+27
4.124826972675505227e+29
-2.502250505299114311e+29
-2.119931782424296349e+28
4.696878289906910122e+28
-5.841659459353223926e+29
-2.306585502515549161e+28
-5.035516490217570946e+28
-4.505177391241549606e+27
3.468105985423351061e+29
-8.488507340699720887e+28
-1.563131308877060155e+29
-5.670298109068545122e+29
2.803890777807879545e+28
-1.361577224060023773e+25
-2.866619824328769127e+24
-3.021698868828328933e+25
-5.590037342065011424e+25
-7.787145415628645225e+25
-4.875569808919114905e+26
2.995617192678903944e+26
-2.447590439855222783e+25
8.066236364488733649e+25
-6.177618380913127838e+26
-1.239745737159343836e+27
-7.790888478809814744e+26
-1.531140586625922743e+27
-1.328316635802019171e+25
1.661903829968911950e+26
-1.039544752807412323e+27
5.293347412964283792e+26
8.729249824829456389e+26
3.516602250336786535e+27
2.003912262788763902e+26
-1.017250134123873687e+27
-4.050322098760871920e+26
-2.062467816772778410e+27
8.479857466003030304e+26
-1.071196098603230798e+27
4.988316160365974007e+27
1.970478407800652152e+28
2.812748009977562296e+28
-3.159708107934054780e+27
-1.227923712902143218e+27
-1.969703643042977811e+28
-4.039063224488576739e+26
-1.153254382975388530e+29
2.699076566472191360e+28
-9.741343785904191115e+25
1.347191326835888604e+27
-9.602363340312293885e+26
3.520570391000010874e+26
1.177240137443206615e+27
3.347862757511620415e+26
-4.130940689632396541e+27
-2.993100189540735262e+27
4.941657047684173067e+27
-1.936130968593749621e+27
-2.381030931915401184e+28
-1.731671288527555437e+28
-2.603590589866384755e+29
-2.811638287485821616e+29
2.005668719907180647e+27
4.454469829859375380e+27
-1.209196920328072098e+28
-1.911439753285502638e+27
6.610963069958796234e+26
3.966254207726269011e+28
1.313418688794641155e+28
-4.301628901520566806e+28
-4.761194069849683112e+28
-4.062000167868609504e+29
-2.319345912119348094e+29
1.066186070879236798e+28
1.882814792955862950e+28
4.455105681773049732e+27
-1.574768576478053278e+28
1.800274961420653562e+28
-6.472191264669515222e+28
-1.268282852836094940e+28
1.726880102142296270e+28
2.495731830283146547e+29
-1.622808773648355928e+29
9.161119477962558272e+29
-5.485098992412452484e+29
2.599216165536862902e+28
7.847604072079717607e+26
2.999436259354519337e+28
-2.392000931531962180e+29
3.085387162211630233e+27
-4.650855076605795838e+28
7.100601039849101166e+28
5.428967627301975296e+29
2.492526114290862727e+29
-3.332865345236836362e+28
1.132408241141827290e+30
-4.305332385708178486e+29
-4.449765318272852448e+29
6.998172152024950401e+29
-1.984898656305861269e+29
3.512491494998540182e+29
-7.025357416185162349e+29
-1.119981946017844676e+30
-8.317335181587891378e+29
2.493590987435689251e+29
4.906178403715342869e+29
1.321144726289957238e+26
-3.135724328912528480e+26
-6.620750600670192805e+26
-8.717997821680891031e+26
-1.362272751653185193e+27
-2.035445805574005714e+27
1.186698621532274464e+27
-8.507794168510392063e+27
-2.563726608263908742e+27
-1.194413746654986503e+26
1.027215469745158974e+27
1.812462240887042567e+27
-3.112716003131230893e+27
4.009403883587651074e+27
1.017576668293090483e+27
-1.497729166720735005e+28
-5.556335827278300041e+27
2.096605505573517383e+26
-8.177762319674984649e+27
2.027338518021719416e+27
-3.509497566302908817e+27
6.062850731305194781e+27
2.204960834309144928e+28
-2.197587914437425893e+28
1.213500069359196470e+27
1.342806103008630553e+28
-8.268865022584213966e+28
-6.319450285210884837e+28
-3.187210234769457122e+27
-6.805056830751542570e+28
-4.308170053460127759e+28
-1.101054455430484713e+28
-2.709123723673444661e+28
5.517540399290627666e+28
3.387220163964921580e+29
-1.080070796309823978e+29
-4.730085410669619611e+29
2.394163581440225853e+27
-3.752863535600990599e+27
1.587088222553783408e+27
-2.861215413645747906e+27
-2.572720115474172922e+28
6.809848074975896013e+27
1.229950361232535026e+28
1.626725412319878919e+28
-1.970074146399680520e+28
-9.418151074320157128e+27
8.866884781380000993e+26
-4.622961660122245825e+28
-1.997113808604280305e+28
6.144253014275579979e+27
-3.958279364620745718e+27
1.949948867298865920e+29
6.695193243901008812e+27
8.668125064104622824e+28
1.455172330832846551e+29
-2.116346685505847852e+29
-6.117213390082786456e+28
-4.149358323971911368e+29
1.015975254753637225e+29
-1.281597760468009787e+29
-6.703731542588814744e+29
5.518160413813232843e+29
-1.537081458615454140e+27
-4.850155287924935386e+27
-1.000287777840575380e+28
-1.262367048909696134e+28
9.444878688293709320e+28
3.049752180248160919e+28
9.290405596465696366e+28
-5.216958012247692069e+28
6.881706058809490812e+28
5.111326327215997654e+28
-7.250226933250413377e+28
-1.757811502675749545e+29
-1.145503497187164723e+29
-2.628413375602311245e+29
-2.306259189207854559e+29
2.049123323133818237e+29
7.343766272487157147e+29
7.328403041777089573e+29
-2.025246800749021141e+29
2.372177334499600073e+28
1.935412065797336495e+29
-3.160877901425377489e+29
1.709774983628772824e+29
5.335358774475725663e+28
1.967439842400242978e+29
-8.095922505168662092e+29
1.325694809734063819e+30
-2.042556689094657594e+30
5.463734316913077058e+28
1.431120185920197018e+28
-6.581934003766991918e+29
-3.982588759665884197e+29
9.978835168894123635e+29
-2.843033361418706664e+29
-7.272433415609301823e+29
-3.083181678565281275e+30
4.054579796263050024e+30
1.193009877112955249e+26
-2.413061332967195326e+27
-5.252043137112853341e+27
1.079800002596868441e+28
-2.352147051344783068e+27
1.507806211076968113e+27
-5.400167849113440607e+27
2.855110707643162741e+28
3.912380863428312765e+28
-2.833151110804779834e+28
2.489670837933060048e+28
-3.479378440137916514e+25
1.447497982487245448e+28
-1.782912296280355723e+28
-3.535978998129156537e+28
3.328189043665017579e+28
-6.931762804589596823e+28
-9.887733317308477326e+26
9.276954057508044181e+28
-9.599150623314711784e+28
1.564073181170139519e+29
-2.713560894451666695e+27
-7.565206737114714083e+28
-1.774586335562945199e+29
3.169212171198503971e+29
1.709019884108177770e+29
2.878142853918474139e+28
-3.122018640351191264e+29
7.610176506168616900e+29
2.681171149971044754e+29
2.744112230691153602e+28
1.708910973814622425e+29
8.524867277303724452e+28
4.028245447739349395e+29
-5.751518786358469349e+29
-6.446371958352431084e+29
2.666426735246553528e+29
-6.074829204714929908e+27
-7.868904521149349604e+28
-5.108899975943606233e+28
-3.735850735101385790e+28
3.175182676431701441e+28
-3.220406506233035253e+29
3.808721178095219107e+28
-3.264668057172934613e+28
2.324567231581454091e+28
-1.558537860260143372e+28
-1.058062338719212110e+29
2.034906616103865805e+27
-2.711076322320687557e+29
-3.203894666904004118e+29
-2.324792177417227809e+29
1.126400545533227479e+29
4.055788782125835391e+29
-2.112634981476552227e+29
-1.243379696331926977e+26
3.157718285585824749e+29
-1.621716138692720377e+30
1.463818067987211514e+30
2.934325646796275710e+30
7.235638430427063453e+29
-4.928185144235411901e+29
1.347856597303829375e+30
2.466142353755726654e+30
2.678493542177789716e+29
-9.849848169729794754e+29
-4.716078926042532166e+29
-3.248344661561675976e+28
1.270201391338768225e+29
-7.207349641302003739e+28
2.249585432045383512e+28
-4.818258873387989161e+28
-5.212021528913996239e+29
4.870551233572849390e+28
2.309383545586241393e+29
5.927863433941856998e+29
-1.829239651606380299e+28
2.084354592893010843e+30
-4.249144687325717760e+29
6.293412971583089412e+28
1.236505576649572360e+30
-3.289335524299252538e+30
-2.778652265585199315e+30
-9.723542441955764395e+29
2.001345893036735383e+30
-4.075942940332292066e+30
-8.214370350569764913e+29
-1.874266800294433320e+29
-4.030687489068493101e+29
-1.573708041005759281e+29
2.152157684614275233e+27
2.469077710408624575e+29
9.300243841481046073e+29
1.378132128959202310e+30
2.608346926500110674e+30
1.440579855301799946e+30
1.316124963640541016e+30
-2.363191961923007137e+30
2.618327457419770836e+30
-4.933534209274025623e+30
4.249417948963044182e+30
1.496966011251685345e+27
-3.891523368432469515e+27
-1.088180159754687374e+28
7.992519430762418527e+28
1.998752478038393947e+28
2.160363603876615842e+28
1.839810925996167385e+28
-1.040524561433464079e+29
3.623761354585348509e+28
9.829490760357937508e+28
-2.509867092616513145e+29
-2.710314526804127305e+29
-6.489827421842962015e+29
-5.985233187098021827e+29
3.640271728306640533e+29
9.770774912011209534e+29
-1.080915052485283071e+28
-6.433504042205839149e+27
-1.073508136754317832e+29
8.370428306155087757e+28
-3.860052231472717234e+29
-4.110108102129667215e+29
4.974160599986249389e+29
2.950839018397562271e+29
-1.057794419521285606e+30
-1.344797968281624066e+30
-6.544579423674402868e+29
1.513942648359580950e+30
3.965813544336445841e+30
7.529148552273152910e+28
-4.302048053503059144e+28
-1.104321914433853451e+30
-2.147902315404951471e+30
3.495584648819900549e+30
2.033654474179221403e+30
1.682168187173301615e+30
2.956800479332607357e+30
3.134470280450989844e+30
-3.983983682515520002e+29
-7.356656920030860224e+29
-3.100426668100199650e+29
-3.611416247016598994e+29
6.821050293923838942e+28
3.918570243682334504e+30
3.008486609370007800e+30
-3.521234272877760371e+29
9.050180301984097086e+29
-2.181378207168064591e+30
-3.139404651881909313e+30
1.032686301020150956e+30
-2.999734578482707010e+30
5.040092945072107472e+30
3.653048875147160953e+30
1.698676813446513725e+30
1.449903132167320463e+29
1.880024105093183633e+30
-2.586300652790279804e+30
4.628739629784090252e+30
2.896625834058396734e+30
2.073923668549083728e+30
-2.179187664249293959e+30
2.186268399268545028e+30
3.534154623885645405e+30
9.703292944126273319e+30
-1.613347893191334602e+30
-2.876490858255120101e+30
1.545951928735070174e+30
-1.096407881856233693e+30
-2.447756513452152345e+30
-6.791842580699210783e+28
-1.443282520990464968e+30
1.352923512031703184e+30
1.422748949906987732e+30
3.845351612862672256e+30
2.516809805744111364e+30
-2.561259476934763953e+30
3.553181180012445451e+30
1.019960474511042962e+30
-3.471837523873063107e+30
-2.562245104624830510e+30
-2.893609368958489711e+30
8.342667721522524207e+29
2.525822443424376004e+29
-3.040523701650356849e+30
-2.391053751463344142e+30
1.055382823990399225e+31
9.432560149429389180e+30
-1.490893964406281658e+30
1.159224031286048626e+31
-1.337000413439541447e+30
-8.327205505655074142e+30
-2.573150579271440227e+31
6.822725439164886719e+30
1.316645667957736705e+31
-1.019841356714569005e+31
8.234716977009109093e+30
-3.391502450646963039e+31
-3.758570661750404276e+30
2.873130007816508752e+31
1.861945676675555546e+30
8.778901273922249743e+30
-1.486907127228291731e+31
-2.338908210130534309e+31
-3.072050340748328452e+31
-3.952086381632337099e+31
-7.443629975865986036e+31
1.218608321384337493e+31
-2.130608750170978264e+31
-7.002813296330306560e+18
-8.040967431530027418e+19
7.676260200208250962e+20
8.486730251400877179e+20
2.442892326140139536e+21
3.867872583256346984e+21
8.297764121756665328e+22
4.151650385553329918e+23
-2.263281271945881846e+20
-2.291808181359885156e+21
-3.372495538868824572e+21
6.870058913323195512e+22
-3.032499203559622758e+22
5.987659411606602777e+22
5.710793782441947037e+24
-3.615443462402668256e+24
3.213932980113313890e+21
-1.998603391732832377e+22
4.343018460732203372e+23
4.225704907221837797e+23
-3.938451688515516001e+24
-8.724084511014307181e+22
2.200085540667457951e+25
8.715581555168634409e+25
8.780833080365815955e+22
2.290257406700822305e+22
1.044753730586174323e+23
2.168475463939167135e+23
2.120179785803982233e+24
3.365518520537910484e+24
-1.285122620157792328e+25
-2.345128507551650291e+25
2.301266801654566793e+26
2.055723122718233885e+23
-1.637237456710714440e+23
-2.823849960679621106e+24
1.016256393660033868e+24
1.098445088326274316e+24
5.463840786660166774e+24
2.069973527814006649e+24
2.241916183871710120e+25
1.880902661551028207e+25
9.301214406538895259e+25
-6.004273283271100258e+26
-6.072091326249300499e+22
-3.047910592051665992e+24
4.078909299962511119e+24
-6.979973014124819839e+24
6.186258384221763610e+24
5.943248975243776350e+23
-8.862612286289411412e+24
-3.277860130301590126e+25
1.554963607172650050e+24
-2.754700474502832615e+25
-5.401886588518568928e+25
9.275061046242660059e+25
8.844844618294730268e+26
-1.534339253084784997e+24
-4.476680221040208570e+24
-5.353442480462526369e+25
-4.931021266232563531e+24
-3.604649221468527775e+24
2.113451077939384585e+25
-2.592585731472814254e+24
-1.137858063917418336e+26
-8.282053277143079475e+24
2.347971937975488133e+26
1.035185767787309964e+26
-5.344459260143813660e+25
3.234977955227729457e+27
1.668042228327938944e+27
6.877855307480722383e+24
-1.694641083309894968e+25
-2.286009109230846698e+26
1.743113526579977728e+26
1.326557293647422151e+26
1.452855513678243050e+26
4.009767797433571569e+26
-8.103735832324859656e+25
3.374676111735904896e+25
3.191485699965748708e+26
3.065784355343933665e+26
1.309896579096017949e+27
-1.683568228845122706e+26
2.844815938274595832e+25
-1.884983903624610934e+26
8.151276072938459991e+25
9.279508001706890903e+26
-5.684160805658986577e+26
1.241059156040016701e+27
3.079294915547946051e+25
-1.649138507922586598e+27
1.731768701048465283e+27
-9.852041561221054741e+26
1.532087094952809540e+27
1.692403928322313517e+27
1.687247507672583373e+22
2.072719060115568722e+23
1.394295477238802038e+23
5.323825666410326838e+23
-1.166128766653358466e+24
-3.240737369658703531e+24
-1.868191297274087274e+24
1.103014971451935656e+24
-2.560050698355382661e+23
1.028563432877033114e+25
-3.326119422489340149e+25
1.470694382318144652e+26
-1.422426647104489146e+26
1.754291230531970502e+26
4.626936540604320428e+23
2.963090882903236942e+24
2.075302222100627047e+25
3.367420784556791012e+25
5.025238120725948495e+25
8.125890775874403155e+26
-1.298001011395807589e+27
-3.873892119987148114e+23
-4.463743589133844748e+24
-1.324478549340926110e+25
-2.297491735696727992e+25
1.718174301768161362e+26
7.348428677459629004e+26
-5.048253145706392182e+27
-2.393340312104024991e+28
-7.084716552410241881e+25
1.050592462093573296e+25
-1.009333481845815032e+25
1.011281463098064480e+26
-4.242126818590719742e+26
5.080103956422467601e+26
-1.523102908620751824e+27
9.121318627387000318e+26
-8.293892285531405972e+26
-2.272049959586134662e+28
1.732436123052360230e+26
-1.523565667339974500e+26
2.467778553366178665e+26
2.611242536164120510e+26
-6.755346334772528885e+26
-1.946402774136716104e+26
-2.835738753595978488e+26
6.672506516420301602e+26
8.579182243202012659e+27
-3.460506149790871161e+27
-3.178917715487300604e+28
-9.724175574314036722e+27
5.162719912460207940e+26
7.431869354702427820e+25
-1.740437045127797904e+27
5.071637931945680138e+26
-1.248308598780772683e+26
1.703872447773900083e+27
-7.381060761089076111e+27
-2.372810139235946511e+26
-4.987573002229596264e+27
-9.266014499241568138e+27
-9.762790216975163839e+27
-7.185623338959921894e+27
-8.833138029775017004e+27
3.909515069599551088e+26
-5.073770558438752754e+27
1.021366222856329105e+28
-3.284804687003001243e+27
1.541911572057861012e+27
-2.898136641602621006e+28
3.188978581205982644e+27
-5.610491598392449144e+27
1.439615583270537894e+28
-2.619489104728352785e+27
2.333663480136015216e+27
-5.672879529275195658e+28
7.509524355092394950e+27
-4.012242143598509817e+27
-2.583859030488059537e+28
-3.145771085022377385e+27
5.908963207744210793e+28
-4.019338521265208844e+27
-1.182405702222863247e+28
-2.000615516151558726e+28
-3.839724748989542838e+27
3.491245006047896863e+27
-5.475940550474950947e+28
-3.628292943166935568e+24
-9.795104299816705340e+24
-9.224138484341394196e+24
-1.402452115718999370e+24
-7.638220661756865441e+25
5.292330638355002651e+25
2.926716941044253698e+25
-9.877642612234874473e+25
9.600595787699602732e+25
6.620536503664544075e+25
2.623921614619953902e+26
-8.891578248422595089e+26
6.294720016782874059e+25
1.950981082357730394e+26
1.432647077993791817e+27
2.130091486056330955e+26
-3.685945915939176064e+26
-7.924935884344992210e+27
-1.701844047413445765e+25
-4.369684248217280327e+25
2.292663353121982419e+26
-8.110109177552313858e+26
1.656659026548810764e+27
-8.821714742205946694e+27
5.132553330663365567e+28
2.577730989344637916e+25
-4.849841807045344531e+26
2.284329108715354161e+26
-1.181509627555839762e+27
2.101753813621125351e+27
1.260485643649376581e+27
3.466868624287429293e+27
-1.867428960115171880e+27
1.837616517467514594e+29
1.243777795445977008e+27
4.510456518041380448e+26
-4.558914691248694368e+26
-5.467687495348548423e+27
-1.518019733521833826e+27
-3.085959954445924155e+27
-9.001424646441816607e+27
-3.098279408114457565e+28
-1.932743836212325015e+28
-5.077412924647625160e+28
4.360283380408672277e+28
-2.963988757532136399e+26
1.755767986372957817e+27
4.419294700280384409e+27
-3.333386929808843509e+27
-5.807729928231117358e+27
-3.283035382359539934e+28
-9.925244016182500696e+27
-1.107303838096904531e+28
1.511235985408720169e+29
-7.396129653928275652e+28
-5.742965221374642854e+28
-1.673404036001754041e+29
-7.676373850768115565e+27
-1.705549160102382931e+27
-4.823848150261409329e+28
-1.777788706075778344e+27
1.264127945324279921e+27
2.965818719794305281e+27
-7.624299191015103958e+28
1.941720857673922477e+29
-1.303443478479987196e+29
5.514758344230483417e+29
8.128728298083654475e+29
-4.747264042403622062e+28
6.336067133481639488e+28
-1.637128831642698374e+28
-5.912133148332575654e+28
1.110877738703264800e+29
1.423042012225067296e+29
-1.017569453228518541e+29
-2.800261519636268885e+29
-1.697563633587815188e+29
3.047941728039630404e+28
2.444266176873435435e+26
1.290374365202883852e+26
-1.318876576173372989e+25
2.044932798113064311e+25
-8.432949308606012676e+25
-3.366950202064923734e+25
7.867555365019268933e+25
-1.660800360399516779e+27
-1.702960576516433019e+25
5.036411732403455371e+26
-1.815446127724926870e+27
5.735809064139456660e+26
-1.349506370262814669e+27
-1.707302922751329323e+27
-1.723417411645693461e+26
7.352409346587097597e+26
2.763904792295860709e+27
3.700840800137669127e+27
9.531646167030522945e+25
-3.290621993185198301e+26
-1.235249164981141149e+28
-1.501506870688612995e+28
-1.359626741127700203e+28
-1.353951057097466910e+28
5.002084637650679985e+27
3.254042590542160173e+28
4.381137990303679552e+28
-1.692718261638469795e+28
-4.168591038383849885e+28
5.181591249739423914e+26
-4.280475726456883105e+26
1.794289165988773294e+27
9.228726281098414401e+26
1.484524465131368721e+26
-5.142325755814469792e+27
-3.643172734491278161e+27
1.417678762200331778e+28
-5.429127638068330363e+28
-5.790836506169397619e+27
2.279504439414375973e+29
-8.031499831127990473e+28
-2.379843215276214652e+27
-4.114270790717451830e+27
-3.070184186250160953e+27
1.053804750563053639e+27
4.846140878244902353e+27
9.679283115109910638e+27
-3.096826992039408232e+28
1.094643358718622152e+29
3.841798595095148885e+29
2.414217669228545699e+29
-1.088756979758597391e+28
1.259636686401167757e+28
-1.979588456063759719e+28
-1.897555810817757289e+28
-2.798762486883635667e+28
-3.150293408716260422e+28
3.437915737302759994e+28
1.958953007261353119e+29
1.485679153184951992e+29
-9.562852405975640028e+28
1.143980853712422646e+29
-4.486413182361539745e+27
-6.151963209828383504e+28
1.073969048342998577e+29
-1.241654669906135807e+29
-1.040067045226570145e+29
2.625886590338030023e+27
-1.300716419093456544e+28
1.476779783447288061e+28
-2.513698121692758340e+29
-5.818738773366403608e+29
5.417454449168740521e+29
1.174410187811959471e+29
-6.041210573476717372e+29
-1.511040640842297442e+29
-1.612533942366065991e+29
-1.355801156625174577e+29
-2.003256159242138224e+30
3.616920691406547715e+29
1.460082570182425364e+29
5.926196739671935919e+27
1.441657916633461658e+27
2.294467123689839749e+27
1.793064014934451983e+26
3.868067869934116985e+27
1.165830751826748951e+27
5.926554088989539908e+27
-4.383239027975116572e+27
-1.476277452949692578e+26
1.430164348338258422e+28
-4.761754086402198625e+27
-1.139180132905908769e+27
-6.027163073639936981e+27
1.025401008061046670e+27
2.887049288401349444e+26
1.184225736560561762e+28
-9.910580873286858423e+27
3.683615028890857085e+27
8.293493581249480661e+27
8.049914404055666779e+27
-2.683716465223442090e+28
-1.431514466372024707e+29
4.186321257659213220e+28
-1.264568600134276121e+28
1.598097974984957706e+29
2.899198091120775346e+28
1.082629044404575767e+29
-1.511760355181687169e+29
2.033830016860518497e+29
2.083259805228949860e+29
3.146620251476169990e+29
6.755012316620308965e+27
-9.490748338846193684e+27
4.908913187773751394e+26
4.043819352790283968e+27
-1.582212260989149474e+27
-1.300010373922654138e+27
1.560440894312354184e+28
3.164049038331007881e+28
5.297663999749919488e+28
1.574746231128237624e+28
-1.954949184987263132e+27
1.024339120491437111e+28
-1.241957539796634777e+27
-4.580786614348468946e+28
3.157224811403259698e+29
-2.411086072799693959e+28
6.242823555698162764e+28
-1.243910584474524546e+29
-4.508746321804839906e+29
-1.009691510864280661e+30
3.964480020137015404e+29
-1.094220196846403932e+30
-1.040192014432648525e+30
-5.436159509056353270e+27
-4.560318625906233796e+28
1.280680391832123892e+28
-1.487116428312414455e+28
-2.541026180010122689e+28
-1.233660422887802777e+29
5.904634032776654981e+28
9.735159963047080979e+28
-2.561033781324030069e+29
2.832188545442800087e+29
4.749923320273240534e+27
1.132605485851486096e+29
8.654365265211612294e+29
-8.926425382758540776e+29
-7.849197909060953541e+29
1.075818473062965141e+30
1.661552526617001250e+29
1.427995571852638709e+29
2.907216853653477900e+29
1.047550579400334886e+29
7.095544929181741589e+29
-1.151901447940282853e+30
4.433382439082242089e+29
6.889743449053073104e+29
5.499605184114667892e+30
8.823333915532734637e+29
-4.210056047069713008e+29
8.557489010101584197e+28
1.924879058296925406e+29
4.689553758955753472e+29
1.384290765186765202e+30
2.679007410858024914e+28
-1.563873254720635555e+30
-1.870506528637498114e+28
-1.137421291928092460e+28
7.599075273648139858e+27
-3.935003927480100347e+28
-3.310107640244244627e+27
-1.396805772540825805e+28
1.530417782718033538e+28
-1.808202588218568587e+28
-7.590221664866800519e+28
-1.396800467468094326e+28
-4.484767725779275743e+27
-2.445223390331512216e+29
-1.570627764318682985e+28
1.449153595059846869e+29
-8.552093894563535380e+27
4.680007599615006413e+28
8.845377175632334999e+28
1.462207949065102631e+29
6.328026955610528704e+28
-1.545634855948441171e+28
2.605149361403797882e+28
7.607788400174965722e+29
2.808559408211242152e+27
-3.896452051828684796e+28
1.331467171110267464e+29
8.990702638624614540e+28
-1.459745424765435440e+29
-6.762158190943037792e+29
-8.011507167965329928e+29
5.332106775435729455e+28
7.756510057366259629e+28
8.020904755421171190e+28
-2.208869315788513442e+29
2.543771481476615762e+27
-4.292009072590061182e+28
3.490644766085780737e+28
-2.932654436392859835e+27
-9.553161310435223593e+26
2.170240776945605646e+29
4.349343020779546161e+29
2.078747606463064896e+29
4.681389545538580359e+29
-1.126880511947393866e+29
2.959667787236992811e+29
-1.102967585970283699e+29
-1.080260634862431871e+29
7.437405486423766907e+29
-1.439425283159346038e+30
7.011510408225628590e+29
-1.460323832114393209e+30
-3.169601087512554223e+29
1.977127874141615332e+30
-1.355686355479332217e+30
-1.238536254007212196e+30
-6.432473647160823599e+29
-3.105203338362390498e+29
-6.875045295779483331e+28
-4.074850858834333314e+29
-1.850987126094568881e+29
2.715398967962596563e+29
1.323432218225231801e+29
1.459260038920782116e+30
-9.196797764805981106e+28
7.524131983632899829e+29
-3.852982431119873934e+29
3.272559586346608484e+29
-2.622198106128507854e+29
-1.827968119991335204e+30
3.834636945489292977e+30
4.435891491515234552e+30
2.386544165074594474e+29
6.447133034396831574e+30
-1.762371666521601925e+30
5.072944630021061075e+29
-4.857239913645239141e+29
-1.017370845110859703e+30
-1.669393531288380095e+30
-1.760862015044525725e+30
2.861663849777380633e+30
-1.997319122307946142e+30
-6.008894509290204996e+29
-8.230614920773844896e+30
-1.225182613586661565e+30
4.181622670954155953e+30
-4.469033309619750529e+30
4.271770853670623949e+28
-3.462401218427995313e+29
2.461139354942852619e+29
-1.002118716131052100e+29
-3.722967773317343824e+29
1.156565334735348851e+30
-8.139617073055852932e+29
-4.766900137333961967e+28
-1.622038546221112865e+29
-4.504447746676075621e+29
1.441644572301939295e+29
4.425230615603774186e+29
4.040468388873874316e+29
-3.070104313690895229e+29
2.663803226875837802e+28
6.507100715331556957e+28
-1.288317233198313655e+29
-4.981460622080824393e+29
2.222527807557080153e+30
7.738397095089866663e+29
-2.929157085167643935e+29
3.269786417649075391e+28
-3.140688680533212686e+29
8.256608826275271249e+29
-1.101498826046476624e+30
1.971716444346223896e+29
-1.380368980940253623e+30
4.768266281693373324e+29
1.377690452679290896e+30
-1.402209969774116319e+30
-7.093199140798605188e+29
-9.853615959651688899e+29
-3.829493172336103229e+30
1.197147765499527992e+30
2.252882198941059220e+29
-3.028150579439488860e+29
-9.385590732258362954e+30
3.337033326425122549e+30
-6.981041560102982705e+30
-1.608721279549684589e+30
5.751781076729480788e+30
5.864851961898395504e+30
-9.602342364390099329e+29
2.957053119113618092e+30
-5.801827557908606574e+30
3.481990752806114022e+29
5.419666526176533585e+30
4.476816266878279071e+30
-4.450651463665300575e+30
-6.547993946442137339e+30
1.785128576522854234e+30
-1.018771151928813540e+31
-9.100417527073100461e+30
-1.000404968211755142e+31
-3.764123508650391058e+29
-5.385951003537591080e+29
-1.413749037164543937e+30
4.799976265737042049e+28
2.141243666939624245e+30
3.224775101606609272e+30
8.532118645377356552e+29
-8.280470460465662018e+30
1.651440099924562923e+31
4.195884575752037425e+29
3.106588514177335010e+30
3.243107123302869704e+30
5.214830685808926927e+30
4.149018459308626240e+31
1.737116012089495330e+31
1.900177159138750505e+31
