3.246315435737134400e+16
1.520315648958872064e+18
-8.761825716021605171e+19
3.719587837615350743e+20
2.129853199034255278e+20
-2.180781137094773834e+21
-5.362666318364719186e+21
-2.162610931412845671e+22
1.425628722113917737e+23
-8.248484206445150208e+18
-4.982485595622412288e+19
-5.100545543905184055e+21
-5.038239620183041140e+22
4.826894258102649592e+22
-1.241504151704401420e+23
-1.486441511819847076e+23
2.136385545269824358e+24
9.726491462683254441e+24
-3.398741891360978371e+20
-7.237746304080952689e+20
-5.333017072199084802e+21
-1.484907884239424995e+23
-4.725967060797641992e+23
-8.416358807481537245e+23
2.907371514000468968e+24
-1.696734939299807521e+25
8.952732096265598453e+25
-2.080342294595923476e+20
-1.363351710309181030e+21
9.125001502492562188e+22
8.704016347586233788e+22
4.886958339566188144e+23
-1.057365763386561689e+24
2.404941779389785578e+24
-6.118364702936332964e+24
-1.457755906673679917e+25
2.893143031933349251e+25
9.385383326810977075e+20
-2.044411734309087687e+22
2.301505772049203431e+23
-1.084396360759447336e+24
-1.163428185727610149e+24
-1.184223184402152505e+24
7.572074756911491623e+24
5.968626692283292065e+24
1.684768488758404767e+25
6.998586364976829664e+24
-4.646695230265375826e+25
-2.529894105944423990e+26
9.191686970422790717e+20
1.350548713534552927e+23
-4.981978514231742180e+23
-6.447389340412575062e+22
-2.088167507234991077e+24
-3.620217969943440475e+24
-3.157324521994208196e+24
-1.041631782539443757e+24
1.867813152465119710e+25
5.878965270953772867e+24
-4.060321200820644915e+25
1.547625053049099301e+26
4.393233020551514068e+26
5.575092704461493250e+26
2.070292972812390892e+20
6.408705307225485088e+23
-4.836585773508141517e+24
1.315914089145854151e+25
1.167057520707376701e+25
1.037659998348355684e+25
-8.961736857541143958e+24
6.462290373570362006e+24
1.258692239538586905e+26
-7.514265639949490731e+24
-1.517131812132211416e+25
3.603938918856850799e+25
1.368940054856903498e+26
3.232535456464721272e+26
8.560283780479805062e+26
-5.462961815576160869e+22
2.136383373193447830e+23
-6.739751030885730511e+25
1.578721397662028299e+26
2.202841769296056232e+26
-1.725488430492153132e+25
2.936572229163407869e+25
-5.966294984585367453e+26
4.776474789733493979e+25
1.502141248359997440e+26
5.029720657645066505e+26
-1.722733586401608611e+26
2.697331659244648192e+27
3.165842439789965699e+26
3.845332748538768838e+23
-1.952713732017486941e+24
-7.044518283021206296e+25
-6.678594488613225623e+25
-3.962064363668406846e+26
-1.924199282709246004e+24
-6.211725488542621771e+25
1.392753313150304309e+26
-4.266212182346779429e+26
4.098651497134856886e+26
-1.713922045907218269e+27
6.907166888969817558e+26
-4.899447339181818720e+26
1.481410721395705905e+21
1.079909570475708121e+21
4.771417704164919502e+22
-2.247450473153055372e+22
-1.649147751404981033e+22
4.122627602128445007e+23
-5.505583984598365745e+23
-1.748292448354502743e+24
-1.674384954703538393e+24
-3.122989891113051467e+24
-7.947141263688975386e+24
1.537430106057200757e+25
-2.719516348248145561e+25
2.195046282727669578e+25
1.011468121685410432e+26
2.316846994214906135e+26
2.998117574689977176e+23
-1.732014122320288452e+23
-2.715042877317879567e+23
-1.031195166953926244e+25
6.092263876327523091e+25
-1.528725486475002491e+26
6.816837576255130918e+26
2.806121058305518148e+27
-6.615117746375937355e+23
-3.691886295487484128e+24
1.515337317968008190e+25
3.456093417129595265e+25
-4.463298548620451279e+25
1.094834460517800260e+25
1.803412786289399676e+26
8.213587083226251374e+26
-2.412731128486318669e+25
-1.075909680655107482e+24
2.291229340101109121e+25
-2.421085578840100403e+25
-7.091866781349232882e+25
-2.989407392891235100e+25
-3.628656090127565507e+26
8.440369890286196014e+25
-4.672316188299611524e+26
6.006175482404632221e+26
6.705125879060907106e+27
-2.747139749891774371e+28
5.351642937178596456e+24
7.297118384807714119e+25
-8.572866554736744541e+24
4.264764302666845910e+25
2.358809163899859038e+26
-1.454805816725583928e+26
4.687855651977829931e+25
2.756657874401178794e+26
8.080126717597479047e+26
2.103660512162811532e+27
-4.089726314968164444e+26
-1.335434974241745031e+28
-6.718515482248662015e+27
4.519328996202069615e+25
1.705104166815466859e+26
-1.114621497990830179e+27
9.594298908012952459e+26
2.530509022887877023e+26
1.310946874536596515e+26
9.028548393644709096e+26
-5.828545647126401986e+27
-5.934562134308185454e+26
8.178694398472483404e+26
1.025373855774144189e+28
7.199880555259383539e+27
-9.502668688804410126e+27
-2.507959681629553048e+28
-1.660655904180263507e+26
-9.084156974683538928e+26
-2.898816533836907802e+27
1.264157721048528462e+28
4.416842584754354873e+27
7.610270465364017617e+27
2.739727697716151837e+28
1.435428772569639818e+27
4.142785907354838496e+26
1.058014915769353554e+27
7.317523774038745602e+26
-3.181202033782123946e+28
1.089615288301579203e+29
-1.816552125064382939e+26
1.923872949946001138e+27
1.324132116559919898e+28
-1.105331499404838942e+28
9.628049187619639476e+27
2.993620585859631650e+28
1.310249223510905509e+28
3.123786662665103619e+28
-1.135545157079817536e+28
1.408813134411541059e+28
1.762567140993368454e+28
1.064231323576603662e+29
2.304978671724229191e+23
2.835752280722277055e+23
-3.889151950231180084e+24
3.015768053618049695e+23
1.935031331086043866e+25
-1.444971876086267887e+25
-3.484154258665826572e+24
2.949560225240577762e+25
-5.104906316075252180e+25
-1.456371034045992874e+25
2.188500869812057120e+26
2.973347548130634773e+26
-1.061685503217971588e+25
1.472292779742339270e+26
-1.435088380391954221e+25
-2.270815241297181320e+26
-3.327046114633256378e+26
-2.685275489419358088e+27
-4.604269327821280480e+26
6.499771868923726453e+27
3.127884787804409674e+27
4.821110399143880440e+25
7.756332789319077547e+25
-1.849029504087910303e+26
3.069888697678683370e+26
-1.066613088231168265e+27
-2.684933660724434454e+27
-4.064443933821120759e+26
-5.144992650479122359e+27
-1.280799958947358171e+26
-1.646085354865469920e+26
-5.802050448048305337e+26
1.384648709158735014e+26
3.950718183262512605e+26
-1.179301160276674699e+27
-6.047593769194574729e+26
3.961646820829820650e+27
9.306677913507511287e+27
1.014871512043986665e+28
1.704498984519069346e+26
-5.854408858067637139e+26
-1.066245819581578021e+26
6.242208788633202614e+26
-7.774692710294624590e+26
6.788155638268677855e+26
1.254277283098370762e+28
-2.086934071990517540e+27
3.694479374276906938e+28
2.586251349555696094e+27
2.792306587822359384e+28
-2.160782788811700538e+29
-9.835847643227902229e+26
2.942040122897682624e+27
2.301468901541370495e+26
-4.744497129506232488e+26
-8.130806631539115430e+26
7.074793423434107931e+27
-2.540396799066381343e+26
-1.039810089152560571e+27
-6.148596223525810686e+28
-1.225079051444662840e+29
4.358668468622535120e+28
-1.770457020379267251e+29
2.348385332097896438e+29
-1.570195880776251015e+28
2.959010602215066176e+28
7.115434270986248580e+28
-8.824190941500312979e+27
2.306117736283951457e+28
-5.203339960513041420e+28
1.091248531945192933e+28
-6.190845733334984781e+28
8.313806862221244664e+28
-3.934136857924504863e+27
-6.313037992241314871e+29
4.250900052569711490e+29
5.285790456996150543e+27
-1.320089425531993909e+29
-3.542107952529630870e+29
5.426742153546838257e+28
1.029647200940916096e+28
-8.815851885396515726e+28
5.077236158619847091e+28
-1.689024038248444008e+29
2.730207794477309374e+29
7.301208504889694014e+29
1.727951944676975560e+29
-1.313905367329469322e+25
-3.875601950060425642e+25
8.909510448148147362e+25
-1.450744034244388599e+26
-1.217865114495876170e+26
1.984032935016037047e+26
4.500205425529436812e+26
-1.045027790570973540e+26
-1.225694709149450295e+26
-2.131147339977410618e+26
4.087697311317477038e+26
-2.537729923218025717e+26
-2.458882859705413505e+26
-2.387681358455876429e+26
5.360349985547159891e+26
-7.888778841356913259e+25
1.691421492672821319e+27
5.059579501356900299e+26
-1.599203826713775108e+27
-6.196386325535184700e+25
1.517420676820997729e+27
2.510004835404510933e+27
2.700318736252873338e+27
-6.852205579676114919e+27
-7.570307063691381420e+26
-1.891425779424818887e+28
8.979437414292646068e+27
2.317536344125617085e+27
7.593833276558745807e+27
-6.117531838911291134e+27
8.302351411539483123e+28
-2.361017056473643871e+28
-5.192658960753690922e+28
9.514828924931892753e+28
3.271856034737370152e+26
-1.954555154141518334e+26
2.253221476997467679e+25
-1.102682111461072832e+27
-2.792090582159089288e+27
-1.990884959251558612e+26
1.249228846569646753e+27
5.116986122387446360e+27
8.184033077155926975e+27
1.005596706259665728e+28
-3.604271766844176670e+28
7.706281675981616174e+28
-8.824291114015054188e+28
8.360777544727485933e+28
-2.098689088405057064e+27
-8.151924800476800280e+26
-5.768900702957534598e+27
2.689244677729598833e+27
-8.514107699110295024e+27
1.928857503462143391e+27
-2.014149087501361423e+27
-1.819139340118316352e+28
-2.163966228727844997e+28
6.454374927398318157e+29
1.194169224301462143e+29
-4.163562877526501039e+27
-4.648259142225947122e+27
4.513056866056843699e+28
1.158290780304284531e+28
2.440795504552424909e+28
-3.239502119956721039e+28
-1.880277565953243937e+28
3.056392656716398097e+29
1.070951085033143898e+29
1.956616034192675760e+28
-2.153877183295258522e+29
1.598602806479031145e+30
1.229354194031197362e+28
2.045671087377700127e+29
-1.217585520812336617e+28
1.109670057005563970e+29
-2.493960801605424452e+29
-1.101169307542290021e+29
-1.440273296902061113e+28
-7.558472326030309465e+29
-2.725513979115105677e+28
-9.954349094578541293e+29
-6.539260033481738763e+29
2.149541277293804539e+27
7.853848991939918887e+29
-5.612233044712039199e+29
7.916669459451533302e+29
1.202990662478386784e+29
2.715463052261621575e+29
7.485674769591480259e+29
-7.414699241897541501e+29
2.010552036160761286e+30
-1.840743953760060580e+30
-3.364925376016722563e+26
1.998378202004352093e+26
-7.684187372895779075e+26
2.904483041557141563e+26
5.532948221234582081e+25
7.308470875861998545e+26
1.009090253264409507e+27
5.842532560109892936e+27
-2.272417728778817447e+27
-3.998912884838737983e+26
1.859624937907999833e+27
1.152228565687704875e+27
1.345892977871354098e+27
-6.017394933943448602e+27
9.687741526266430675e+27
-3.350662379398936631e+27
3.889296279810417587e+27
-3.683564252116352955e+26
-7.461049517799847130e+27
2.432152801779120999e+27
-1.233763116691458160e+28
-7.070560531416716970e+27
-6.277124331442194242e+27
1.404734622962066211e+28
-4.241717187133560890e+27
-1.468975712692928368e+28
-2.750912084780934166e+26
-8.850430341609613041e+28
1.154181448996177325e+29
-1.610770674746558925e+28
-1.983679282982182727e+28
-2.404074583740174719e+28
-6.687489246385086438e+28
4.284501266532496692e+28
5.101318852200514150e+28
3.754097684128857714e+27
-8.331520753669504166e+28
-3.730073588014477936e+27
-8.142787337597703861e+26
2.285949990779525720e+28
-2.725177503480898845e+28
-4.017896417596383997e+27
4.709254493610859666e+27
2.425822623670194637e+27
-4.428753836372435447e+27
-3.177749046010173543e+28
1.578981041431701278e+28
-8.061861357022639439e+27
3.555743940168601270e+28
2.003373435430233585e+27
-1.299657361895926346e+28
2.938464073226561154e+28
7.446674977685606363e+28
1.557364707008609478e+29
-4.502426387409700088e+29
-2.559493700754503510e+28
1.202981183502471746e+28
1.620787183875874630e+28
1.372851511789833001e+29
2.474603575876711148e+28
2.039392105803458720e+28
-3.393236304031298631e+28
-1.210768115698010100e+30
-2.259055272612634154e+28
-5.001219528406932634e+27
3.808913314595739292e+25
3.331759574297372342e+27
7.599253965219214645e+27
2.345419642485996769e+28
3.514872493326407404e+28
1.837637066076899793e+28
-9.424392761137001621e+27
1.758840184326145772e+29
2.104567030476343846e+29
1.199784206700517530e+29
3.520833535579792080e+29
1.677161855678436726e+29
-3.925681631926110203e+29
5.603245648124585626e+28
-1.333785979493843715e+30
1.543171311710241326e+30
-7.191220275108536761e+28
-9.777908960240351809e+28
-5.797488375436592154e+28
1.015077915041246728e+29
-9.045147448112347519e+28
1.454110761497681790e+29
2.492964963186587036e+29
1.946412140431607918e+29
-2.627747095668567977e+30
-1.368022965892405457e+30
-1.772883853881389208e+29
1.152447704110691225e+29
-2.523041627557155151e+30
-1.778980867878799805e+29
-2.043397215148913453e+29
-1.783247307765640570e+30
-1.585606851723083957e+30
4.313007215896078106e+30
1.705100972194502325e+30
-1.142227688100836132e+27
-4.592063553135032954e+27
-9.643295754491812487e+27
3.018549958025342580e+27
1.370192487883035544e+27
1.101381547500692806e+28
-9.731771757977904704e+27
-1.764166434250156447e+26
-1.073807066595677720e+28
2.020119725056247492e+28
1.882451627911417573e+27
1.847905225806656316e+27
4.206136586413576872e+27
-1.606210692471879393e+27
4.496064290308855742e+26
-3.348929438563014421e+28
-5.093342222198072126e+28
5.062998753342324416e+28
2.983640874452144517e+27
4.380994732050299501e+28
-1.060583289358634699e+29
7.622658428745111570e+27
-8.957048466453644475e+28
-1.980365843858367590e+28
-5.023422789881475818e+28
-4.149860186984507871e+28
-4.298644871064773795e+27
-2.807804289212050614e+29
3.193230849358840658e+29
-4.369706188079054829e+29
-3.274161072382840471e+28
-1.343288487690686783e+29
6.825023613124838344e+27
3.502722241009501242e+29
-1.745691366885383632e+29
3.255683841319058884e+29
-8.778103966239132040e+29
2.533143584713693667e+28
2.352935362881239498e+28
4.653303381483596810e+28
-1.742934466429438883e+29
1.353884590030134776e+29
-1.817224716921383560e+29
-2.030970456492981001e+29
5.202757833140107054e+27
-1.519816917303087518e+29
1.450638344150320740e+29
6.422552874679657890e+28
1.962489841857431850e+29
-1.460469775619531740e+29
-1.430573483527651337e+29
3.562136861342378104e+29
-5.361299450592437330e+29
-3.994572331882949768e+29
-5.990198173667624305e+29
-3.117340849063772908e+29
-1.727171843630738284e+29
1.078601413909238077e+30
-1.238470175455060123e+30
2.757393125855545582e+30
1.280666087915944800e+30
4.629577856895324544e+29
1.699899613257767794e+30
3.884104844248207514e+30
5.781618460261353223e+29
-7.753826055536427903e+29
-3.496356460111684633e+29
-1.348048541081956250e+29
-2.316477663027092801e+29
-6.272072664934433221e+28
1.464819136968838618e+29
-1.404423855690539382e+29
2.164777620322651851e+29
-6.494454010424133461e+29
-1.433532076635283594e+29
4.892790751619857657e+29
-8.939596908095804721e+29
8.304672251041035665e+29
-2.398054903343123017e+29
1.309101203007002432e+30
2.943651010645621927e+30
7.496598799631540049e+30
5.624781553428572450e+30
1.790774701507338635e+30
-6.460982062597900369e+29
-1.126740843263326696e+30
-7.746543838278715479e+30
-1.654085865817269704e+30
-6.684249708999097083e+29
2.310422478799480575e+29
-1.364749051629500852e+29
-9.314846919971378111e+29
9.151561589352210230e+28
2.004070939189380223e+30
9.023079744205152431e+29
-1.399055880842367300e+30
-5.260559953959826781e+29
-4.818098515947551026e+30
-5.941898339992383945e+30
-7.755253746863151568e+30
1.001660156943281404e+31
1.196370411902665968e+27
1.158665048333281786e+28
7.855840559022220185e+27
7.642111925237412786e+28
5.471446535551718042e+28
4.129582672147176965e+28
1.844186419439491644e+28
1.706063902874543514e+29
4.670915014109315507e+28
-2.225765545453857811e+29
1.706989523622644521e+29
-4.634882096373957376e+28
5.556456275957257591e+29
1.558913564017969321e+29
1.037631269724859729e+29
-3.718118500913365804e+29
3.466692369412999995e+28
1.677091692522012125e+29
4.125459194850288912e+29
5.415109748819757845e+27
1.881871290694716669e+29
-1.806060930935435222e+28
3.547002043083037205e+29
4.550210745427988180e+29
9.740128902825642444e+29
-6.552361156812517500e+29
-7.357022679700693434e+29
-4.368143745149500582e+29
7.216865528075957558e+29
-6.569862436921491204e+28
3.444805827290661765e+29
3.287197657171981288e+29
-1.544949769006606750e+30
-2.011631625245394463e+30
-3.970756316449795783e+29
-1.512086455642783265e+30
-1.110245975167982722e+30
2.040393060089566401e+30
-9.812933473638833902e+29
5.857691185328657032e+29
2.202343465316470124e+29
1.081937785667449387e+30
2.644875274050819494e+29
7.445418131219311242e+29
-8.111124365477914375e+29
-2.664655053677811509e+30
2.814312805080033805e+30
-3.372652115559043046e+29
-1.299569460074520376e+30
5.506675277641631925e+30
6.710389281081885751e+27
3.177043782129796923e+30
3.053273471842006894e+30
5.359787458270903518e+30
-2.487549371665855482e+30
-1.149721266066767190e+30
-4.748295948157757136e+30
-5.324226750370243469e+30
3.411566003792367037e+30
5.006470151236132345e+29
-3.109935424186312321e+30
3.254026651886994154e+30
2.575881549423211477e+30
-7.669620201056807455e+30
-6.227023924114944554e+30
-4.903415985982004302e+30
-1.096570863098576897e+31
1.043574368323947818e+31
8.717275212970070675e+29
-1.555194733083052537e+28
-7.949326618921525331e+29
-1.016691286105499994e+30
-2.044803465690372171e+30
-3.427734518793657577e+29
-1.025858282068448605e+29
-1.196213606715058757e+30
-1.321825739879712667e+30
2.730180743896669226e+30
3.372734500473429060e+30
5.119392143659838673e+30
4.319117892186070536e+30
-2.167567800329585682e+30
-6.615371505109197815e+29
1.485326577074364701e+30
-5.637914955663422263e+30
-1.439996244593123462e+31
-1.147271476617776603e+31
2.315236545487647652e+30
2.638463952363139790e+30
3.022142574399601267e+30
4.106999741178749415e+30
-1.198497818242486070e+31
7.691370715628474745e+30
-2.297716545562282875e+31
4.470324846545559646e+29
3.131915762536299983e+31
-4.407292332479590491e+31
-1.633539050423678097e+31
2.329296888142866343e+31
4.520581491996424631e+29
7.755131030183955737e+30
2.372818701460639470e+30
7.279372564120078662e+30
1.092392158035324529e+31
1.473016851695813760e+31
6.154141454104430660e+30
4.222281525479814846e+30
4.981674443384047167e+30
7.374641477706264576e+18
4.448510509744671130e+19
-6.645111397814393242e+19
2.407821652837635981e+21
-1.879321692446762992e+21
1.314337783921532889e+22
-3.658370456496543105e+21
-1.162446065564634841e+21
-4.000575253873169203e+19
-2.920624816303476048e+21
-2.518696012419838457e+22
3.320491938811590423e+22
-3.418728320247637266e+22
1.337303993910022520e+23
1.516539549527399557e+24
-3.197502167926213729e+24
-8.858454838513345495e+20
3.180463207242385064e+21
6.623041590042214531e+21
-4.482263639377963825e+23
-1.350994755212690145e+24
1.504486692751315468e+24
1.256881122125914530e+25
-5.220525582883664821e+25
1.805794112105474110e+22
-8.236605995563158287e+22
-1.537207380181936977e+23
4.491447779280541618e+23
-1.122432694929507358e+23
-4.119840976345083085e+24
4.924006297318683820e+24
-5.898195751049460157e+25
9.075333313317281756e+25
-1.225432012213329991e+23
9.001857727305096406e+23
5.315310116333592510e+21
-2.354817215601552782e+24
7.391694707602771705e+23
-2.876131786891113387e+24
-3.364906721799463980e+24
1.275600919945120153e+25
-1.748815345162420091e+25
4.677425604314098191e+25
-4.097446832117963787e+25
-7.273145338453273713e+22
1.586978740966903891e+24
-4.190730625100375088e+24
-5.003627631948488228e+24
-5.567719411136143385e+24
-1.989493864544851588e+24
1.202211462222750679e+21
-3.079573730825956906e+25
3.240920652722929668e+25
4.705860111982893914e+25
3.878609581867561531e+24
-3.373668025904159960e+26
3.100033594346460075e+26
-1.250056032604228617e+24
6.620073832887688368e+24
-2.682042193759480216e+25
-2.249579705967391296e+25
-1.368472196766325309e+25
1.084385326729213512e+25
3.420677122812719798e+25
-2.106975187985139378e+26
3.272789032868000324e+24
-2.028982844682067301e+26
-1.419995080375556854e+26
3.787569295584530814e+25
-7.759992604198454907e+26
-4.933234608762049749e+26
-2.830591719758631782e+24
1.840614725979408270e+25
8.422487341885400056e+25
3.136996363730719722e+24
5.267318255176793749e+25
2.234614428418367822e+26
3.287762801360759018e+26
1.247025443669672020e+26
5.786888587284251098e+24
1.035144914702351180e+25
2.397027496916445487e+26
8.054707577478053460e+26
-1.377646711775468007e+27
2.393655002547589888e+25
-7.311710044276755559e+25
-4.279393743020360088e+26
-1.897663396845797909e+26
1.789716131487227724e+26
4.403401629493402939e+26
3.990952659562681986e+26
8.178930507755672624e+26
5.150259763881105115e+26
-6.344046026884627977e+26
-3.658405425000183169e+26
-3.063894198228588655e+26
-5.930780709456481930e+22
-5.040503717954304396e+22
-2.526170023169935331e+23
-5.715354390510590870e+23
-6.651336940013299853e+23
2.715678602375018148e+23
-1.212252889797216105e+24
6.047139961603801169e+24
-6.185874913950960336e+23
-1.153302729711699813e+25
-3.461580118838732569e+24
6.448040737421680341e+24
-3.487173757998186643e+25
3.614811263928327081e+26
1.319337090319891667e+23
-7.114395461507504962e+24
1.159907621050677313e+25
-2.600559233356708546e+25
7.340039513368154411e+25
-9.774073206918385134e+26
1.197929981611176702e+26
1.616882328722114347e+22
-1.823002164280843829e+25
-2.430138708674545491e+25
5.920530133761803246e+24
5.814310225006063875e+25
-6.508501971596419768e+26
-7.168266202344062239e+26
-1.174885043169127133e+28
-1.181692230235969799e+25
-1.910467880296186469e+25
-5.689887701658926570e+25
9.283803213092146716e+24
2.164127074847525086e+26
7.136005794652510147e+26
6.257425150245484393e+26
8.390090342147485207e+26
-1.625724779899398678e+27
2.226207679791152099e+28
1.966026231992501594e+26
-2.397128962284845706e+25
-1.299978752090306497e+26
4.306390175314747441e+26
4.698615651836559706e+25
2.797488609639465545e+25
4.794995063100908919e+26
-1.374145961806007029e+27
3.609830725051299555e+27
-1.339615949586139485e+28
2.038968899976185910e+27
-2.367437394457687100e+28
-6.919079315056546126e+26
8.277546027725161463e+26
-7.585055751937719342e+26
-4.806611997063400272e+25
2.414386647408709423e+25
-1.546757529150890110e+26
-6.075336470920993180e+27
-1.583714256138936433e+26
7.590943280247645540e+27
-2.089411073671693202e+28
-1.903509758353807942e+27
-1.558159963522909151e+28
7.162849521439978506e+27
-2.121614981507105417e+27
4.401598439654611879e+26
1.040359481508353922e+28
4.873812442947369340e+27
-7.344320174806551785e+27
2.236102466136886334e+28
-2.616767943295004601e+27
-9.189314353331334527e+27
-2.436225226774538105e+27
-1.127810572466804248e+28
1.730407532473099868e+28
-1.011467220264984066e+29
-1.540512171913473940e+25
1.386856592792015594e+28
-5.128586701335206700e+28
1.907667291943302572e+28
7.135751017845531724e+27
8.417615272146476706e+27
2.373735300162157357e+28
1.300822075722509223e+28
-3.198665306728912718e+27
3.115928134192767724e+28
-1.033051545868204469e+29
-2.342292525295461724e+24
-2.588652107742774678e+25
1.781264093291078564e+25
-8.951563388271927631e+24
-4.177392973294244636e+25
1.115852560893387646e+25
2.361936693919813770e+25
-1.161785509362867585e+26
-1.484270824239780788e+26
-9.484616231430364192e+24
8.428824958652342648e+25
3.230355429726429497e+25
-7.394731482982696867e+25
-6.194321517287013841e+26
-7.137166223153828125e+26
-1.151521511280149017e+27
-3.178044556248630767e+27
-3.590266706206660440e+27
8.771278602218212812e+25
2.657342255765165951e+26
-1.225967159052113036e+26
6.324253478880465080e+26
-2.877899335274968070e+27
-2.146978048198928473e+28
-5.076766713984493736e+28
-3.939730097232397985e+25
-2.758864579202092061e+26
9.319548984911339027e+25
7.695885135341109385e+26
1.866375885534681499e+26
-2.432056850803511673e+26
-3.891759406761789104e+27
1.276588812162031562e+28
-4.879105795617297780e+28
-5.353962060353345906e+26
6.007282573100887469e+26
-2.153433366955954691e+26
-3.905249089296931157e+27
-1.272472695015329916e+27
4.356384945250358375e+27
-3.235479858220669561e+27
3.055748055212166036e+28
6.032877268442343573e+28
7.643116869379895316e+28
-1.410349971429271210e+29
-5.984553866772971047e+25
-4.663900248399468464e+27
6.478736957880925861e+27
-3.834313972920005454e+27
-7.344053046942019533e+27
2.112620574145707202e+28
9.137763194848121820e+26
3.591310652065107728e+28
-4.760786430480272730e+28
-2.170192439222892605e+28
1.554965277222602915e+29
5.908776848890390096e+28
3.918725365149652377e+28
-1.758333662618870674e+28
-4.043994936664518422e+27
2.029944017195306064e+28
-6.333960470555365989e+28
-2.242142381024403176e+28
4.439171340981361823e+28
-2.099470039095470796e+28
7.208858554805590297e+28
-2.567502819326638573e+29
-4.429532668507404267e+29
-2.888565748780854486e+28
-2.278733181455566828e+29
-8.533991868801654406e+28
-1.950271411648003955e+29
5.503055668277850559e+27
-6.789053685092610449e+28
-1.822852492792704413e+29
4.155065229234736524e+28
-2.260143928375397688e+29
-1.731198160547935525e+29
1.636215459971649197e+26
3.186243118726967972e+25
4.856459467323133452e+25
9.254528612270792941e+25
-6.217816470913949637e+26
-3.249174515246421862e+26
-3.250486831107737747e+26
1.931430841802990684e+27
1.357665107675462202e+26
3.189946458957856044e+26
-8.917410586652501616e+26
3.662169610656522886e+26
9.560836657296602676e+26
-5.274659060082402632e+26
2.033971868177558266e+26
-1.589408191562068570e+27
-2.073150627813660388e+27
-5.604371219292304023e+26
-3.854237379621129418e+27
-6.919806366404794832e+25
-6.131777388736069291e+27
3.321340456101092747e+28
-2.634086059760008765e+28
2.855193387999919315e+28
-4.984149652828224660e+26
3.218436644325905353e+28
5.949593848551018562e+27
-2.743514949676125957e+28
-1.755899338926197458e+28
7.455799894894785346e+26
-3.267703460735555976e+26
2.810004933895337602e+27
-4.598526096733067527e+27
-7.869256448587434353e+27
-1.307965465606920735e+28
9.183700268653236204e+27
-2.343481524117449976e+27
2.616954804725962811e+28
-8.172993040892920706e+28
-9.490932799187215974e+28
-1.880141390493401047e+29
-5.758371681974195386e+27
-3.006300211706994514e+27
-6.235175567510561819e+27
-3.164118383104566932e+27
9.677670169583891230e+27
2.643711073881222710e+27
1.807530058399313507e+28
-5.027315990385360926e+28
9.908830101152716238e+28
2.546486497920421285e+27
5.616429408108561497e+27
2.482200454798270646e+28
-1.701753371648807842e+28
-2.094721351761941840e+28
1.614587244453559412e+27
-1.586974051393473422e+28
-4.104679350632577487e+28
-1.032460565095618820e+29
-3.229977843797049365e+29
3.291334956280226675e+29
4.356077286009929924e+29
-7.563678307221661816e+28
-2.076205331587215780e+28
-3.373537590781738413e+28
1.441956129811866809e+29
9.255549105014108201e+28
-1.067248565042344592e+29
9.301538267819198846e+29
-2.133423593688237949e+29
-2.058115278444010049e+29
9.549118783634626899e+29
-1.467268228351453621e+29
4.137022415688535599e+29
-8.321811069323164439e+29
-8.514578011179041076e+28
-8.313719968493458605e+29
-1.808921120898006184e+29
7.707558629893878590e+29
-1.189486843347462316e+30
-8.486931956657108657e+29
-3.911487847762724447e+27
3.915334370969000295e+27
6.224066444461610217e+27
4.877305434037969761e+26
-1.920394281798239520e+25
4.187950240369714095e+26
-4.702033496321901644e+27
-4.339557140834709213e+27
-1.301739165266697679e+27
9.754506535492829058e+27
-6.644815694987465698e+27
3.923315944851145642e+26
-6.324392424010056445e+27
-1.066914092410927329e+27
-3.316768905598162967e+28
9.688740673872521818e+27
3.232624662489332762e+27
4.223088726577003632e+28
7.667171359480146934e+27
-9.776946543668658423e+27
1.988173414921657499e+28
-5.805949508969780437e+28
9.710401831946016168e+27
4.752007279562815822e+28
-3.536337594681629722e+29
1.826937637939041176e+28
2.413708832217244425e+28
-8.910645432758438168e+28
-3.003217023972161480e+29
-3.920341078352623495e+28
6.217286079571968420e+28
4.070805191357127233e+27
5.597681802058710036e+27
1.115896578033459729e+28
-6.383148247203278068e+27
4.009632525522908789e+27
-6.230448253511413927e+27
-2.260357389674936375e+28
3.766012605164321582e+28
-7.549984699352217149e+28
5.957132017072678741e+28
-6.464686063309445925e+27
1.441739710310879388e+28
9.899745978209523164e+28
3.707352308198529584e+28
6.864781087099401199e+28
3.327707413305175763e+29
2.256003511420450751e+29
8.031091164069343223e+28
5.270857771937336785e+29
1.480024291931181325e+29
1.987559187530919435e+29
6.727325348643798500e+27
6.668771251303956732e+28
2.488483736716194073e+27
-2.971920779221942612e+28
-1.625905793543100038e+28
-3.698702541020247200e+28
5.506493806277502485e+28
-2.196655406519615783e+28
2.242892539198281070e+28
7.042392972841220335e+28
6.192691885132318955e+28
-5.825183953736129389e+28
2.510611126401912006e+28
-2.025521463315543940e+29
-1.173132873738896908e+30
1.175668940680071579e+29
5.405834072771652350e+27
-1.249760193302255416e+30
-1.479605614520181882e+29
-1.732593381892917318e+29
-5.436808541010413599e+28
6.095551496508630370e+28
4.552330049776208862e+29
-6.858846159167765095e+28
-1.040572855793491406e+30
-2.845954648106833072e+30
2.406902389597974070e+30
4.536367663403760431e+28
1.243165574291188856e+30
-2.503271263649776881e+29
9.881471476934669797e+29
-1.019298729738539155e+30
-1.050849312612630530e+29
3.191772332137712811e+30
1.314949176480513993e+30
1.058951426798170801e+28
-2.422827657591854499e+28
-7.455127880133958190e+27
1.677514636766839665e+29
2.404231293994874240e+27
1.022467416944834801e+28
-1.500113205313214841e+28
-3.182353864745725038e+28
-3.139843528348654199e+27
6.150230083425704862e+27
-1.573571296740703328e+26
1.666740480537332144e+27
5.937554921123553569e+28
1.760773227583446395e+29
1.309261646543677556e+28
-5.831195571271470093e+28
-6.351418182401037580e+28
2.947036263000069150e+28
2.236980064675892488e+29
-5.145871591334904257e+28
2.627570968545999479e+27
-4.012023829693295564e+29
3.688494252865745412e+29
-2.695475996704910200e+28
3.330255393680267882e+29
-2.340845089783650680e+29
7.733982125986896127e+29
6.282802010739387159e+28
3.376490755388896840e+29
1.474433118849667941e+28
-2.618983979573747651e+28
-1.634944955164555705e+29
-3.755928000114735434e+29
1.213672478333783398e+29
-5.452429030298023075e+28
7.454095563239063062e+28
-3.506565652539836391e+28
2.303817586707830915e+29
6.790709573502032064e+29
-1.700318576197491885e+29
-3.923073921648534142e+28
-2.945388294822353380e+29
2.223287971124622997e+29
5.299164168484580073e+28
-1.058439668180613459e+29
1.154221607875631599e+29
9.498175741771879285e+29
1.015963435020870074e+30
-6.404233248717993179e+29
-7.524892182934860425e+29
-2.093894458946914196e+30
7.574215786091620053e+28
-4.935284425044077597e+29
-4.875259387542581705e+29
5.116378855887614530e+29
7.516154104663716839e+28
1.959241119241620226e+29
-1.574650161149712367e+29
-4.490380486569725405e+29
2.507924508166244730e+29
-2.557580566897440075e+29
1.309267779355342107e+30
3.512168221661910711e+29
-4.740435703450062635e+29
-3.442900130433282061e+29
1.758036472178888369e+30
-6.922253545608067885e+29
-3.371665815342583423e+29
-7.066855197871522887e+29
-1.379619582492282746e+30
1.980895672058974794e+30
-4.543912232685342800e+30
2.353209854226450929e+30
-3.546603485271068223e+29
3.693191960664525835e+29
-1.104351441286289366e+30
2.288653042357996802e+29
-1.441195630607281254e+30
-3.170118701190396642e+29
4.345642158043716523e+30
2.833057187413216329e+30
1.337119562354162374e+31
-4.922927368961900359e+30
4.817306436834861005e+30
-1.613468465815115708e+31
2.821130855378787896e+29
-3.166456261609537823e+29
-1.069768815309094357e+29
9.712760898680800157e+28
2.776438047740335314e+29
1.126767454353432167e+29
-3.681550973836533450e+29
-1.071433711944526249e+28
1.251208996034126026e+29
-2.701038979613650218e+29
1.683971759652680676e+28
-4.332709123872054634e+29
1.417576025997958376e+29
-1.979627700428372358e+29
-2.459374331792820826e+29
-3.280456268627383588e+28
-2.308269646112224077e+30
-8.687735947585917252e+29
1.984485759205355193e+29
-9.536239579460269935e+28
4.964841296269607145e+28
4.132292312056627172e+29
7.920535273544198107e+29
2.834236194517453397e+30
2.031435787789702023e+30
6.082525059604975163e+29
9.009248084102336022e+29
-8.492683712408938403e+29
2.245165896010832811e+29
4.264250139775441059e+29
7.915371644372263608e+29
6.894327392021681100e+29
-7.164073069930525330e+29
-2.982007396755646757e+29
-1.285411362422421763e+30
1.741274078234687037e+29
-3.618787421912681308e+29
2.835068091435284912e+30
-2.823976038143799033e+30
-1.979435633911495284e+29
2.630104763198067292e+30
-6.011747928926407054e+30
-5.987357853683489118e+29
1.353802887286050112e+30
-3.016888388890111409e+30
2.059774986287894774e+30
-3.001155511225298980e+30
-4.970520194076213976e+30
2.135968228902090952e+30
6.156176626292278116e+30
-2.634506658757928021e+31
8.155366307402454764e+30
1.754629544738339766e+31
-3.919227680535112517e+30
-4.852287336103635053e+30
6.203079614289248953e+28
4.994712982974473074e+30
9.689003399650704634e+29
7.006054821730934210e+29
1.042040462685224486e+31
-1.873725986209389713e+31
-5.502966433906603789e+30
9.865381604398689417e+30
-3.379606650298457920e+29
7.667238199849703367e+29
1.325318822138807058e+30
2.883921010768991148e+31
-2.664932095389339557e+30
-1.151560477615351689e+30
-2.230599277865922975e+30
