-2.632493122733953600e+16
-2.200377449969207808e+18
3.470292895547693466e+20
8.261671939357137306e+19
5.227770955309480149e+21
3.316266246687206408e+21
1.715746460292508706e+22
3.382817482460763930e+23
7.111163938047867371e+23
-4.501411747582828544e+19
8.213296491136339149e+20
1.460830811651963041e+22
1.154081687150830383e+23
2.834237616466505499e+22
1.568112908874366425e+23
-2.775602123875600606e+23
1.993885775393091022e+24
-9.223349641411550767e+24
1.183836050932481917e+21
1.030835863323856496e+22
1.830518773958990784e+22
-1.814848307100456080e+23
5.300534741432075897e+23
7.538186244598953337e+23
1.285379794924439523e+25
-1.314371253723469879e+26
1.765046900335184997e+25
4.237163307418659586e+21
2.618755397866591827e+22
1.172012048849518587e+23
8.194704004830736008e+23
3.418589795781421354e+23
1.492146627955457792e+24
-2.715833947002577491e+24
-5.221113964287309895e+23
9.029749976346032484e+25
-1.310272925373284171e+26
1.546905294708634812e+22
-7.141450753679455525e+23
4.225305679200050865e+24
6.687474718465762473e+23
4.222324186336759703e+24
-2.392732992221413447e+24
-2.354523809400601065e+25
-6.697624124833357948e+24
-1.406870982690817001e+25
2.716046750752457523e+25
6.493917590368649693e+25
8.858366912524579482e+26
-4.149952042002799185e+22
-1.077329056230514081e+24
4.123500144660873164e+22
1.697543945606834579e+25
8.997456873211670481e+24
8.367506393119186420e+24
-5.541687206596277118e+25
8.482367761912705319e+24
-1.929234677930701274e+25
4.611711704403304763e+25
7.047581472661364070e+25
-1.418489974365402955e+26
-9.744917416513494511e+26
-7.284852763457305003e+26
1.530774744291708450e+23
1.715988524338692160e+24
-2.494461316008702536e+25
4.811920634471266054e+25
-6.251329632911906758e+25
-4.049996290037370333e+24
-9.782638337063602925e+24
1.956167448504168291e+24
1.818974933715273960e+26
1.249547576102157610e+25
-2.894398706387712514e+26
6.983568239228381236e+25
-8.193296137758503613e+26
-1.324663140203519878e+26
-4.393030100828865890e+26
7.670298279617704671e+23
1.246115882495128961e+25
1.347016068289378273e+25
-1.474983035683541834e+26
-2.470798847531158321e+26
-2.957838081272902517e+26
-4.200733541474136281e+26
2.390128644815678965e+26
2.323108535774785812e+26
-1.678882501315265972e+26
3.276297952694931421e+27
-2.907477794926511770e+25
-3.578602453028704740e+26
7.900021302697282516e+27
4.558860065004167207e+23
-6.328056600512797531e+25
2.641705254797282527e+26
6.487567833208495105e+26
4.276873482313414232e+26
5.352334919433435712e+26
-2.579876851347882489e+27
-3.212010909459003893e+26
5.451094938906905373e+26
-1.919879117315865996e+26
5.002061683899598143e+25
1.161440034841325536e+27
1.547289631517816454e+27
4.941646177644036096e+20
8.965375245590735094e+21
-5.353889878782110178e+22
2.024805975605708660e+23
-2.347385624831633811e+22
6.824154894356465771e+23
1.400313880583363688e+24
2.679057184736372406e+24
-5.896754047589364238e+23
-1.809247911337942648e+24
8.055004306933172121e+23
7.538115950155873259e+24
-6.704547539909210267e+25
4.542875355036937202e+25
-2.822127817690361020e+25
-3.640585548131419792e+26
2.020373469835149296e+23
6.214149171551398412e+23
4.834007004163245531e+24
2.940915650426659583e+25
-8.660225780040522342e+23
5.116614989967902357e+25
-1.017500211894824420e+27
2.883606002172074770e+27
4.144823542425473474e+24
1.754773103752963315e+24
1.297883864130327164e+25
-8.895920391993187231e+25
-6.216990169965916792e+24
1.814487031802411497e+26
-1.248234785009775815e+26
-2.060996188836763049e+27
5.666361115641408765e+27
1.433023101766944896e+24
8.525500074004321696e+23
-4.324084772517995170e+24
2.117703806561188760e+25
-2.776530916384615061e+25
1.675107411611238038e+26
-2.908646322063485899e+25
-3.209067591051564485e+26
9.659275917460770490e+26
6.642300397813765226e+27
3.096551560554447099e+28
-2.509435050533849338e+25
8.261662508644806695e+25
-1.848153225398272067e+26
-1.046883174933118949e+26
-5.567326182333864427e+25
-8.680161112686651449e+26
1.584477059275700979e+25
-3.548870667283486623e+25
9.909002516850290198e+26
3.989508951868420095e+26
2.380463928713414472e+26
-2.048363233370832598e+28
-1.120732308642672071e+28
1.020341336640518529e+25
-1.244873188119073959e+26
4.296999174898291820e+26
-1.556171696248385787e+27
-1.562687013182413204e+26
1.917419352300676847e+26
-4.641305458905023433e+26
-3.716589925766898116e+27
9.149668679949332338e+26
-7.632257079461751569e+27
-7.796896623837242600e+27
-2.467347036303292660e+27
-1.366651066850881190e+28
-1.349294665898333421e+28
3.560416152773523764e+26
3.441195531837350201e+27
2.095490462960912016e+27
6.083838770306391504e+27
-2.638319870085260202e+27
3.564074162248575254e+27
1.154318672854755096e+28
4.251206166246678010e+27
-5.429212151889741047e+27
4.848334203131067597e+27
4.558340681483999948e+27
-3.921409785568724984e+28
2.996518460174837090e+28
6.501855908008810894e+25
-7.916818840661011354e+27
-1.948941137856402267e+26
-1.727293591207080170e+28
1.191109580920576876e+28
-6.416808882729388455e+27
6.840817918438737182e+27
3.424901600053637741e+28
-8.272723945912300656e+27
4.208435985427152246e+28
-1.456944936618793909e+28
1.038554264424063931e+29
-5.320012843644634740e+23
-1.705891315562344616e+24
-2.840502143949844769e+24
1.336211629510735933e+24
1.206541400096273936e+25
1.044944388294502114e+25
2.324987180546166748e+25
-1.560395398766198656e+25
-1.497524437528662418e+25
-2.676545937990166530e+25
-1.755944088775221440e+26
-4.636296992924793004e+25
-3.099202916792980892e+25
3.851688564874821170e+24
-4.418674445975730178e+26
-5.234939257168415459e+26
1.885486250191637384e+24
-8.285067418028117725e+26
6.573751424120339674e+25
2.997187233868094139e+27
5.231954773706258697e+27
4.699388515637753490e+24
7.828431211025778034e+24
-3.738792871609801346e+26
1.615901494767275497e+26
-5.749577816575801522e+26
3.963654053516404552e+27
6.168672435406006708e+27
3.100573465626471654e+28
1.396418982531109696e+25
-1.775572047876782971e+25
-4.238459015759941428e+26
3.752025286052662315e+26
-1.859477561271501333e+27
-8.341288734022612955e+26
3.972151454603430367e+25
4.588109498571134182e+27
-2.470723315669547129e+28
5.256523485508345985e+28
1.751139460224309611e+26
1.242991539844176332e+27
2.139848028286562589e+27
-1.382407950113070755e+26
9.687208011713993902e+26
-2.047417822778748603e+27
-3.885728412660113767e+27
1.141254862193792034e+28
8.401949041197405869e+27
-1.977086813640192691e+28
4.293664246476748697e+28
8.557654123872683759e+28
1.359198609501559937e+27
7.577941281380852375e+26
-7.342664254952519460e+27
-4.617646086917001671e+26
3.461004095311231729e+27
2.728945411477323749e+27
2.877571794348616775e+28
-4.179882112461798812e+27
2.081717999139473134e+28
-1.058538410744157960e+29
-2.355737016868953851e+28
2.458275108045390308e+29
2.024653834590117573e+29
-8.186175954554934173e+27
-1.083691932249068820e+28
9.920977109897633856e+27
-8.262843038578193201e+26
-3.688536518190114412e+28
2.176050677140234184e+29
1.233293545786211890e+28
-5.169552123017830300e+28
3.375607213882636865e+28
-2.394134069492920962e+28
-8.081268770486135652e+28
4.783888944645624480e+29
-5.436286345436918356e+27
-1.933002208903968544e+29
1.897936019387999773e+28
1.919599180351792713e+29
-1.529145932249718087e+29
-2.923405939309575591e+28
-1.562117179178805750e+29
1.647512360259524431e+29
6.416442824492446772e+28
3.156803063763873266e+29
2.972240322193202536e+29
-2.004735378485938047e+25
5.131378224886612645e+24
-6.393295446003034400e+23
8.895547751749165992e+25
2.288723605911466323e+26
2.390896788551427933e+26
-1.934240739824114669e+26
-1.146427654697554286e+26
1.726602506800952053e+26
1.783258092492264314e+26
9.993071638571232035e+26
1.034169366901045769e+27
7.788804369546221703e+26
-4.190404295580333463e+25
-3.525755638454504758e+26
5.254610807686969198e+25
4.724463261960451486e+25
7.286965019539253718e+26
-9.026945598801212911e+26
4.168110693163774185e+26
1.220226613294963985e+27
4.017947011774525222e+26
7.895867682892021495e+27
-3.372106022892762883e+27
8.827740000074286279e+26
9.452815121408903365e+27
1.138811853536082076e+28
1.473737992700840475e+28
-2.538556520549710802e+28
8.141890154133279760e+27
2.436626547235277775e+28
5.449225814612654783e+28
-6.010961430102739844e+28
-1.362170755230176276e+28
1.387587264321576977e+27
5.790357634745866514e+26
1.953420491298256219e+27
-1.530171294744923585e+27
-1.469484149472224034e+27
1.505452465452769338e+27
2.983151972690787126e+26
-2.723000999573910256e+27
-1.104940232287019442e+28
-1.421858774083142188e+27
8.612828144955602461e+28
-5.363613964861593305e+28
2.079590308007535283e+29
-1.742476958648074053e+29
4.526768236857601002e+27
2.315915456291522744e+27
6.615035760393821213e+27
-5.377635244076479635e+27
6.993404376304530309e+26
2.056832468992611870e+28
4.671170991643434035e+27
1.845234329029741847e+28
-4.088545105959418268e+28
9.272161515465135336e+28
-2.209823050053836788e+29
-1.182733377114860150e+28
1.502717415194496088e+28
-3.851643007231018883e+28
-1.038091620168573223e+28
1.433430808348827149e+28
-3.374561890920773846e+27
2.260994056352654492e+28
-5.081104135662323044e+28
-1.511462627483616592e+28
-3.969123589734450908e+28
-3.838639510558300754e+29
-9.852116498535767055e+29
-2.265435341926087212e+28
2.824385899143620831e+29
-3.142857056845923760e+28
-3.997519557877017969e+28
-1.112340294007517980e+29
4.165210500056267164e+28
-1.742778693971530566e+29
7.916292665668903748e+29
-9.239076260910791899e+28
-2.575224753656603056e+30
-9.143255799313895691e+29
-6.017762246560859985e+28
3.795054395148115122e+29
4.481063485494480936e+29
-4.519779022035252567e+29
-3.730900330886224021e+28
-4.619215604182722184e+29
-9.347676948523379124e+29
4.819952003063175485e+29
-1.468352055060221719e+30
-2.863997791868076656e+30
1.532710586686465911e+24
3.089259554218731087e+26
-3.116681850781722794e+27
-3.315896689448496099e+25
3.303109343517608373e+26
1.352859566113875181e+27
-3.064718874962632399e+27
4.822538163587534827e+27
-5.119054665693384944e+27
2.676837867935709376e+26
1.289903175206001460e+27
-7.302054171268750621e+27
3.762304889255850993e+27
1.636699067058622230e+27
-5.137556499712776784e+27
-1.624187780664239407e+28
-7.491814246193587461e+27
-8.233856071597890085e+26
-1.510177132401885429e+26
-1.495601303240777507e+26
-1.510233157324218590e+28
-1.292122023844876696e+28
6.834915058691964987e+27
-3.456178095723632759e+28
6.713255755253533971e+27
4.314957840106308921e+27
-1.393697916168819993e+29
5.026580628736441524e+28
-4.785702711549250946e+27
-8.175440017381718811e+28
-2.464624454684914193e+29
4.719677593888816856e+27
2.401203139754339051e+29
3.702768728943446731e+29
4.130658907729456127e+29
1.632542961937969560e+29
-1.347275466278292069e+29
1.011734183069740921e+28
-6.640742696341473736e+26
5.261983368974091985e+26
6.233708367227283907e+27
-3.443627636772193749e+26
1.347411342811593055e+28
-1.669789513950415565e+27
1.927110397860710082e+28
1.618824915591547917e+28
-3.677033832324675325e+28
-4.879399244789456491e+27
-3.795236256591483679e+28
-2.673524045328293310e+28
3.846431214808047462e+28
3.201147583218863679e+28
-6.417963571060597885e+27
-1.974324022337918836e+28
1.246723199353776152e+28
-2.420603132960101420e+29
1.096566075258739430e+28
2.344879192672841595e+28
5.803241360809521067e+28
-3.140176824470077105e+29
-7.464795323844640304e+28
4.389604043175442714e+29
-1.475612059932463596e+30
3.103663707613539443e+28
-2.292058106114892875e+28
1.891372798374984436e+28
-5.924114306430764755e+27
5.548750428236904383e+28
-2.124555944136933149e+28
-3.732013722912686227e+28
-1.825994492414995054e+28
9.679759450211068997e+28
1.903298529895721450e+29
-1.273696036893265381e+28
-4.365627093047152942e+29
-1.660490830583379010e+28
-1.748790808117372464e+29
2.347152181143272214e+28
-3.634940173230082071e+29
1.716107440406934589e+30
-1.365254073328308008e+30
-5.602031670288665588e+29
-6.277963516286275011e+28
-2.686562788298979829e+29
1.709303052832535022e+29
-8.079583381536977040e+28
-2.689727499952023825e+29
1.068048484885266962e+30
-1.661462035529142238e+29
7.710662443237658385e+29
2.916640503867838169e+30
5.715611002638780079e+29
-1.513560612717940599e+29
-1.611144988916476635e+30
-9.898507145873524241e+27
-2.855408969530208639e+29
1.294774484371943193e+30
-6.869040345667985975e+28
1.479450807125613868e+30
-1.402612242983643163e+30
1.742651280760622105e+26
-1.560667976711423304e+27
-8.490200213918819203e+27
-1.341176041658792650e+27
-1.110350848120084732e+28
-1.298446756266328413e+28
1.996490319839998557e+28
6.622239259555094734e+27
-1.449619338797370606e+28
-1.899425316781143661e+27
2.453891887091367746e+28
1.326905081158237659e+27
-2.881755324124172039e+28
-1.470737859101712103e+28
1.752585530105326204e+28
2.148922424251503118e+28
1.597438937514331199e+27
1.174406727526446003e+28
7.067486049089089153e+27
-7.348148651261138916e+28
-3.290001625048991287e+28
-8.341440077204211682e+27
9.801532192469160294e+28
1.882974581185966486e+29
2.489600472377113557e+29
-1.293408617876463643e+29
4.822974643328106545e+28
-3.734634722636779832e+29
-1.753512293397855908e+28
-1.376044858894647779e+28
2.655776553142621673e+28
2.625772550809518228e+29
-7.784862197768028754e+28
7.724860785981303265e+29
3.099248175968487153e+29
1.022367337865542593e+30
3.921492850955252614e+29
3.227915965962568704e+27
-2.101226494500935754e+28
-6.229331055624802506e+27
6.412600655074435530e+27
1.837923062037057615e+29
-3.301901127865705838e+29
-3.226692172169919069e+29
9.811839068875122691e+28
-1.360829878089625681e+28
-7.651396765223706983e+28
2.741459596577524716e+27
-2.201214930585220004e+28
2.003667155011671779e+28
-5.094137654301508019e+29
-7.218309280889092862e+28
6.322357380685003387e+29
1.909637449470437510e+29
3.776526446420707610e+29
-3.836408159080026967e+29
-7.554712826654246034e+28
-6.456392736038958559e+29
-1.350740633761699630e+30
-2.995862107485345910e+29
-1.687743272306782821e+30
-3.667816868769820321e+28
-1.048110803015009060e+26
-1.719076397934457117e+30
-4.487934691717119600e+29
-9.432539000373956892e+29
1.836349394927963740e+29
-2.782974247082107957e+29
-1.237907023318757374e+29
2.449076521406671065e+28
-1.135595810393333926e+28
7.654605184512164742e+28
8.240003338531090506e+28
-3.727862722034115023e+29
3.648573907719580434e+29
-1.343455204083494640e+30
-2.382325450951389408e+30
-9.360357080536716547e+29
-1.550782226533826345e+30
1.164040812368542002e+30
2.030678684791230121e+30
-8.826406020920623645e+28
-6.004850097874573757e+29
-3.216977392711897738e+30
4.968087877759517843e+29
1.970974847715537408e+30
6.567937599687144799e+30
1.382880563258209975e+30
2.132600508759374138e+30
-3.201136204804068225e+29
-1.010379007798783881e+29
8.081902476926592494e+29
5.669665441436966130e+29
1.526044115963387880e+30
-4.597823767938579091e+29
2.632567184046393697e+29
1.969560549375356375e+30
3.546595541467993012e+30
8.394641124563568046e+30
1.769077817972900141e+30
4.425309396039773886e+30
1.643018821138337350e+27
-2.010596394740918091e+28
-3.343625351120027635e+28
-1.990223593470846165e+28
-1.947762288910132228e+28
4.399586216672855995e+28
-4.690889039947265619e+27
-6.349067094058111680e+28
4.921115200914381907e+28
2.604233964996535753e+29
3.756998046767477098e+29
-6.010495225991988310e+29
4.776175279452583921e+26
-3.572363966957791054e+29
7.699406704697088216e+28
-5.047237573314487245e+29
7.773476114043212886e+27
9.435258438025396611e+28
5.465411570878116359e+29
-1.656718821675908017e+29
2.410058632813941494e+29
-5.734628057662122388e+29
-1.369744022630212121e+29
6.004245848859295021e+29
-2.223184554505617466e+29
2.907879067617858313e+30
-6.060654123192344897e+28
-9.345018513839067949e+29
-2.502859886908115857e+30
6.150778173585398234e+28
5.313713464575636549e+29
-5.535215201429562005e+28
1.929853337403086557e+30
-6.374364653596203812e+28
3.767097747181453769e+30
6.952067625032008956e+29
6.522883621635920247e+29
3.006230734755857098e+30
-3.210001809589472515e+29
-3.293836889507334092e+29
3.547923661636197808e+29
1.823945409135695062e+30
-4.825174294120507364e+30
-1.982056801274358617e+29
-3.542547414466601860e+30
-3.396032477672063711e+29
-1.054182214660024218e+30
1.787727016145461768e+30
-1.173516598244843662e+30
-3.358588042452325974e+30
3.368464562957289627e+30
-5.090783109020490953e+29
-4.757407200483755143e+30
-2.026289050371681467e+30
-1.288044649555302571e+30
8.785044814508231660e+30
-6.778784865679975130e+30
-3.215107550051956486e+30
-3.540864435576185132e+30
3.343597441305864542e+30
1.186798867004911197e+30
2.471829892358599711e+30
-2.302724511023759987e+30
6.998139261975916264e+30
1.118986474462252088e+31
-7.431862458402792570e+29
9.841581980858977760e+30
6.042867391600894171e+28
-1.225374183998582175e+31
-1.959501534291450404e+28
9.611244289378020914e+29
1.331414560892923555e+30
1.362455738513317063e+30
-4.355480246756252676e+29
3.538495931007972075e+30
1.085668171879929813e+30
-8.031760495438700608e+29
-1.187895777604932093e+29
-8.426630350145087761e+30
-5.027117734400950389e+30
-4.043396209982238140e+29
8.197166892906291866e+30
1.703474775431152648e+29
-5.147260676005755239e+29
-5.627697793034367541e+30
-1.762421064547722300e+31
1.540494021947213812e+31
8.325638053814681488e+30
-1.266162285310073308e+28
5.151646688339868530e+30
1.109788149669668920e+31
-1.910653386529968540e+30
1.400287534599355498e+31
-2.500466138493644894e+29
2.417706849230720647e+31
3.234329063000218668e+30
3.031625900971100956e+31
2.853398560465212643e+31
7.404235952144380558e+30
1.886235968337199155e+30
3.775704434808630557e+30
6.215179178244123981e+30
-2.564006194618377197e+31
-3.066522115065860536e+31
1.776435732251585501e+31
-7.151674683317577998e+30
-2.207118466440808973e+31
3.977437845345357130e+31
4.311420828902194381e+19
5.950685774490668892e+20
-4.706301351442736742e+19
-6.822996698951189529e+21
1.721181337406279359e+22
3.498122331672450957e+21
2.130188143616100181e+23
5.812536872563072796e+23
3.148073591910779453e+20
2.051913864914347963e+22
4.223103498237626234e+22
-2.249196616308167698e+23
-4.300314868088922178e+21
-1.708567699220186792e+21
1.317253339928284687e+25
1.097419776882139984e+25
1.659313984652710406e+22
5.008089306867276186e+21
-2.554504318211749409e+23
-5.220558769940842739e+23
4.341777518455350163e+23
1.769458631412917763e+25
1.125493276025715091e+26
-4.262883994924890639e+25
3.073660393757128157e+22
6.206976459193292455e+23
-9.714337650136307802e+23
2.995941979013206092e+24
2.949483715259254675e+24
-1.186152218442841474e+25
-1.973559154370287111e+25
-1.460862090870010125e+26
-3.367274729317432166e+26
-3.517306813915730983e+23
1.830700844391701561e+24
3.014507906085685784e+24
1.012700102850561012e+24
6.204663920394413913e+24
1.141793448633293906e+25
-2.709404808566505068e+25
2.942965018302920744e+24
6.878617500523353911e+25
6.066043744095750438e+25
1.083475890079257574e+26
-3.332841994211751740e+23
-5.170670779124021560e+24
-3.242414623240449297e+24
2.786637829929962897e+24
-1.402353405555802417e+25
5.109411749970603462e+24
1.127908013919934093e+25
3.206127840957611316e+25
4.461710482081890839e+25
1.164814925846744738e+26
3.860817023490660916e+26
1.614340597667092748e+27
2.494384829803073288e+25
3.783237547447200147e+24
3.319777184480273605e+25
-8.132849900243993458e+25
-6.501581573753399887e+24
2.834480513726692553e+23
1.412357821492373387e+25
-5.958731938930733479e+24
1.629659128131098236e+26
2.617538045500557113e+25
-2.151528205175843331e+26
9.811151883037559447e+25
4.656005574530281063e+26
-2.773325808340393420e+26
4.488244174942922470e+26
-1.821387224745963362e+25
5.785377176329028875e+25
-1.129904823631603346e+25
-7.598674489279808979e+25
4.466166082868400792e+25
3.211490685199718567e+26
1.213544059817630087e+26
2.470578611700739752e+26
1.580594465387325858e+26
2.593098864595457084e+26
1.907414604557357342e+26
4.216758675840746484e+27
-1.274608645490430939e+27
5.849854437200393979e+24
1.625143188873701930e+26
-3.889574648904735395e+26
-2.628888472725597953e+27
7.436648363506672849e+26
6.097919918539571983e+26
5.051972057770498642e+26
1.255831144117023616e+26
6.202230457834556906e+26
-2.429322394137753061e+27
1.176023776716947595e+27
-3.034410201947763376e+27
8.794989385517306479e+21
-1.295646177467649680e+23
5.400746517076128878e+22
6.677250546120205764e+23
1.041986215193007199e+24
-1.345127870828216330e+24
-3.551327763348424764e+23
1.472179018017626934e+24
-3.266214156318380359e+24
1.910174161361633271e+25
-2.213147301533709612e+25
-7.790566908921397027e+25
-6.912985684076541489e+25
6.971387019276068729e+26
1.650510913102111700e+24
-1.067434686135045175e+24
5.615685905570734050e+24
8.483099987611866704e+25
5.549187784238138890e+24
1.107102243664943754e+27
-1.054251818611652086e+27
-2.209710559554665777e+24
-8.993218538464327187e+24
-2.464423995799223457e+24
5.465837899080702196e+25
6.543919324982340488e+25
-6.577103338750731881e+26
-2.132082927890071786e+27
-2.695319384174840880e+27
6.981437776884311880e+25
4.195639104391601993e+25
9.558988968789194257e+25
7.268043591411718233e+25
-7.883298424474142197e+26
2.691310418027144716e+26
-1.114915051683155936e+26
6.861384862297980710e+26
1.267096383945969988e+27
-2.323831794071937079e+28
1.173293086202069395e+26
1.385948069109828341e+26
1.351255170805241829e+26
3.855316246034621984e+26
-4.089125852255128104e+26
1.544975939594641397e+26
7.553789102893708722e+26
-1.886535071791180256e+27
-1.474721145918189504e+27
-3.125427345139050952e+27
1.737639399477761488e+28
-2.908097747607277079e+28
-6.143142374200576062e+26
2.615180613619833978e+26
-9.385745024845961292e+26
-1.759360932374586278e+26
9.552748044250932130e+25
-1.767332525226427252e+26
1.320016331762476759e+27
-1.056526048458445123e+27
3.760514679792189647e+26
-5.790722743537607344e+27
-1.647651449820896393e+27
1.874531444994761232e+28
-3.223649608788886598e+28
2.808315248695501779e+26
-2.173338645379038267e+27
5.051293597812100436e+27
7.270325109936310034e+27
-5.925729890199575817e+27
-3.764223702407309250e+27
-7.463388924717767212e+26
-5.917307167707472105e+27
1.060913531018610051e+28
1.015826002664215190e+28
7.953945258160645520e+27
-1.293193352357620675e+29
-4.007904107073590021e+27
2.122801157425901530e+28
-2.052810340739185594e+28
1.452792654781787600e+28
-8.700671831658938112e+28
1.594936952578241236e+27
-3.212800083861178750e+28
3.420302251914055745e+27
-1.557478340514470805e+28
-2.159013716636717526e+28
3.455572663273593620e+28
2.320802374239183587e+24
4.552992118645083727e+25
3.279082148043269256e+25
-1.162429810643031000e+25
-5.259022803142588544e+25
1.691760649681076437e+26
3.685046914618924823e+24
-4.357621439367708513e+25
7.937214168689602927e+25
4.473176878469915553e+25
5.288131912639090846e+25
4.194819973465295033e+26
6.602266518879065765e+26
8.218825252209114168e+26
-2.944983944575278096e+26
1.985256549465168520e+27
-2.272138610756375542e+27
2.629171672756044976e+27
2.869511126259851135e+25
-2.738897252710201164e+26
-3.711396973136731570e+25
7.933433023896182483e+26
7.919652673880949103e+26
-8.575554671373235014e+27
-9.722987125582112318e+27
2.664758062251635300e+26
2.413693603102102756e+26
5.602389592638078640e+26
1.574096999293378764e+27
1.082137351276662203e+27
-1.213776700189585782e+26
-1.713064812057729167e+27
-1.559274375615691800e+27
-6.573658211427932159e+28
-1.861453760126035990e+27
7.957357219905073868e+26
-1.067596169372930216e+26
1.944300646631752753e+27
-1.363031832005426063e+27
-5.150186162772021125e+27
-9.810216558584544850e+27
6.363011897671349298e+27
-5.092872020178145495e+27
-1.266317533089563301e+29
7.455385417098383827e+28
3.909408730803428945e+27
9.640770979724364963e+25
-3.692457086193400099e+27
2.974812149399619413e+27
-4.859296163803012942e+27
-2.656241124086186214e+28
-4.450918401315007753e+27
2.664308740988471729e+28
-1.024462448927707391e+29
3.318174024764099420e+28
-5.983568733238676409e+28
4.929495781411650371e+28
-2.144637759859800343e+28
5.433920955201153449e+28
-3.465884844928955484e+28
4.603919778510993214e+28
9.835331927454607813e+28
-3.034276275306773211e+28
-5.932690372877704192e+27
1.883796610690288524e+29
-1.029528785638213993e+28
-6.113360342993289020e+29
-9.720270522486534985e+29
-6.988621540524134475e+28
3.015666627112903330e+28
9.171818948459651709e+28
1.611101707011518868e+29
-3.698723579666248216e+28
-2.180372968512786270e+28
8.608755976848092722e+28
1.819069268838823763e+29
-3.033284095955672103e+29
3.633572918889453636e+28
-4.629649764252394848e+26
1.086848184517856358e+26
1.747996691527070739e+26
-3.499487803503788153e+26
-8.364560591669570014e+26
4.291263546981233295e+26
4.756290848838221813e+26
1.374073289906237676e+27
6.031500901114933330e+25
-3.558923666009788854e+26
4.633969374674988999e+26
-4.591514153903718352e+26
6.452962594124899373e+25
1.918650291691965021e+27
-1.633562760646705957e+26
1.026842400805363942e+27
3.358063365597266410e+27
-3.311681899114913090e+26
1.838954314583206716e+27
-1.873848800517639683e+27
-1.578437424095769848e+27
2.773225299907982483e+28
5.430381555408381377e+27
3.317110367071936606e+27
5.864282687713020898e+25
6.655694083649953118e+27
3.078640729248422577e+28
1.154239854101322382e+29
5.828207213250138627e+28
-7.731009402507829482e+26
2.148086409077848335e+27
-5.112075285578737701e+27
-4.646878507605175023e+27
-8.071132799729672144e+25
-1.290143525331789303e+27
3.837237075823903683e+27
8.111986047686823651e+26
-5.603818106517522575e+28
-2.820747670273692858e+28
3.807098159054373125e+28
2.803638226021221476e+28
-8.348202806870753901e+26
-1.723324702964026037e+27
6.801634871223460096e+27
5.444106611086110407e+27
-9.873632471861130408e+25
-2.522743630901166746e+28
8.709380860309467156e+28
6.653818124099801745e+27
1.021970336196114450e+29
-1.950568987574359831e+29
7.919335604485598741e+27
1.086747826387507361e+28
-2.738239221955136035e+27
9.066528512151990090e+25
8.593477574642946843e+28
-9.521466903828438428e+27
-7.609989428771635559e+28
-1.991607415094593619e+29
1.265955104704998377e+29
5.354184171696649063e+29
2.927279202355540985e+28
-2.421292718666655855e+28
-4.132469649407665010e+28
-4.242376958550827283e+27
-1.390700271510688713e+29
4.991083507665432148e+28
2.337813355217443584e+29
5.268323827915346399e+29
-9.474903854789392532e+29
-2.242907500284147430e+30
7.465968072226700454e+29
9.019109515475108166e+28
-5.958309094230122063e+29
-8.422198668438835317e+29
-1.687600231046950682e+29
-2.355370944093489475e+29
-3.330999905387195821e+29
1.234233526284204520e+30
2.541295143875680593e+29
-2.413402025230212820e+29
8.853825805036792646e+27
-3.423580470420489404e+26
3.044873940828001537e+27
5.716842836755201573e+26
2.699637132247327660e+27
-4.640293375422102891e+27
-3.347280548561129378e+27
-1.953611287859744132e+27
-3.149596035993299081e+27
4.261533136170898045e+26
-2.069710841688703853e+28
1.028907936089101939e+27
-6.493226864432277326e+27
1.167248797253516097e+28
-4.322764560416317594e+27
8.617957531708204280e+27
3.702010704891242834e+26
-2.296302822931433776e+28
-4.901496921976224489e+27
-5.000053563577676094e+28
-7.479440587058757549e+28
3.425279572590946954e+28
7.832703548722410036e+27
4.973235074553450287e+28
-1.410272328662537523e+28
1.248878766479851690e+28
-2.990260959839194561e+28
-1.650621808660483393e+29
6.063577685456547486e+29
1.357276564761966894e+29
6.220004628456997665e+28
1.106335682253389963e+28
1.730254863408857791e+28
-1.401221763879406628e+28
2.054556950173885254e+27
1.769816705589700508e+27
-2.163380995756749042e+26
1.168511917425752701e+27
-3.423346346815374508e+28
1.161190280342213058e+28
5.985549996023177917e+28
-3.238437330200079242e+27
-9.469585644592429411e+27
1.199763766411282374e+29
1.077675098882829274e+29
4.498031603692323611e+28
-5.078139534360658752e+28
6.302439543228260446e+28
-9.589347861523759944e+28
-1.522526424830419780e+29
4.471395044358430525e+28
-5.676186735812911953e+29
7.324695834296433746e+28
-5.645102891719378769e+29
-1.092797558613575373e+28
2.074868795857350375e+28
6.618961448107619696e+28
-1.284267859183440703e+28
-1.167585810792705165e+27
9.418559031500800975e+28
-1.542363250711953395e+28
-7.473202003522299075e+28
-1.266614963536126560e+28
1.629272565736171196e+29
-3.435657469687749490e+29
3.059252361467117402e+29
6.440488548018386899e+29
7.966814037052770893e+29
-1.410655224822531612e+30
-3.336109402657628500e+29
-1.083608116345899335e+29
1.115507013626227438e+29
5.645018515437200096e+29
2.808826914320994909e+29
-6.759957953861431998e+29
1.316930320395409319e+30
-9.741527509992829818e+29
-1.644378299152799232e+30
-3.817279972922209645e+29
-2.833996468306255017e+29
1.462455563387044735e+29
2.078167559965194003e+29
-1.244000674004646823e+30
-2.483268247114638845e+30
1.833027100580780071e+30
1.366771331215683821e+30
-2.126859699263208633e+30
-3.446458721756433557e+27
-8.693442984115064605e+27
9.535531005223278176e+27
-7.752051656168497867e+28
-1.382671190953291648e+27
3.374755591651084405e+27
7.449979777405740221e+26
-1.586690120439664003e+28
1.454768868346449730e+28
-6.585905166250091131e+27
2.838186439637966353e+28
2.036386963134787316e+28
-5.781587493176053333e+28
1.838788968087734249e+29
-8.157241841181939374e+27
2.204183130032365320e+28
-2.371548922802378625e+29
7.102321661559525494e+28
-1.286775349445817163e+28
-3.253215135218449346e+28
2.714094891595774804e+28
9.463595552322526050e+29
5.982419199799873479e+29
8.196303776612271174e+27
2.347867249746684719e+29
-2.053223371359869064e+29
4.580501299782688103e+29
-1.523864877750963175e+29
5.670294181494373225e+29
5.368269395633639030e+29
6.821135887769055246e+27
6.047161043689227245e+28
-9.767032842797807258e+28
-4.227731822415396670e+28
7.825806363199067476e+27
4.145561597363137995e+28
-4.903125226533000832e+28
-3.325658457389211626e+28
1.551572649465273318e+29
-1.509683941379522135e+29
-2.896311963109894422e+29
1.671947872456596311e+29
2.225692151296695380e+29
4.203217282186339943e+28
-3.368530911179421922e+29
-1.119115612585051995e+29
5.274738735599106656e+29
-9.218911401943093514e+28
8.675280620351227133e+29
3.340298315021291196e+30
4.401350084768606469e+29
8.761813247371367638e+29
-5.883016144779458388e+29
1.238374732455071876e+30
-5.257196949353181581e+27
-1.995076337798088745e+29
2.102378287557659178e+29
-1.778530763125036295e+29
-7.100359668176229114e+29
1.054073821386811861e+30
-5.090515243868226190e+29
-5.166371418428822757e+29
-9.296301034674122881e+28
-1.258356047956746942e+30
-1.023507744692175303e+30
8.989816095872427877e+29
-2.604106510977810373e+29
-2.984259334190299371e+30
-1.644532470236410712e+30
-3.197141721347769439e+30
6.892397886138744471e+29
3.920240100353704371e+30
9.929781117085380554e+29
-6.195233013944414244e+29
-4.291400008177630662e+29
1.131781998767924905e+30
6.046830342855788445e+29
-1.548030279250066637e+30
3.093414644562402786e+30
-6.339468109491200570e+29
2.258106462238416467e+30
-9.283492946021203477e+29
5.451489137341944244e+30
-8.482821928118032022e+30
1.324434527314877788e+30
1.486719935676405727e+29
-2.996577670896991868e+29
3.732709947287613848e+29
-1.405520730899408438e+29
-3.265149219776962425e+29
-1.267005455597259456e+29
1.718484015384401869e+29
-1.989838792261660696e+28
2.294363504487622231e+29
-4.155013571025839019e+29
-2.073239514459663724e+28
2.590412322345375345e+29
-1.030952910048190313e+29
-1.901920556098818014e+29
-6.832195251178163998e+28
1.213900578937968199e+29
4.508194865572198475e+29
-6.809002161668159469e+28
-1.091462806765311474e+30
-1.427496952445763169e+30
1.007400109405335841e+28
-1.853170864217228231e+29
-5.368285370549662002e+28
-8.678840103093620434e+29
9.900685531138088531e+29
-4.065651068103721963e+30
7.203379703244048718e+29
5.255044601797382562e+29
-6.946023695389868560e+29
-9.602253567963065977e+29
3.729876480159838654e+30
2.861777674998005232e+29
5.145301743969341708e+28
-8.803835424690187083e+29
8.240162566498962095e+29
5.107090354518715433e+29
-3.406939318105912364e+30
-4.296267478856744473e+30
1.391356759389313394e+30
-3.516795700531089005e+30
-9.033930361076435260e+30
-5.317649196872055074e+30
-1.777000054004130981e+30
-4.183704513407785982e+29
-7.452020803649436796e+30
-3.319190866910737473e+29
-2.978616692859987511e+30
-5.414830587044791140e+30
1.792655434859216611e+31
-3.097318139761293747e+30
-7.290684589373582559e+30
7.592183691242117007e+30
-1.986205043375018643e+30
7.576171018763151523e+29
1.113271354289423727e+31
-4.426544199138183197e+30
8.341853501126339436e+30
4.930060237565531223e+29
-1.829886014282799613e+30
-1.164969050700737244e+30
8.502694469116504236e+30
-1.260502155430577779e+31
-9.796240206707409369e+30
2.596247649065293278e+30
-1.543006035574974988e+30
-2.452537265697436719e+30
-2.314601431368949233e+31
1.263701055099679027e+31
1.561510705934650450e+31
-1.185501262687843075e+30
