3.655619414695284800e+16
-1.399891144247956480e+18
1.795160878967201792e+18
1.792558603377160356e+20
9.164800019583311544e+20
-8.745812384730343014e+19
-3.239296793250999304e+21
-6.913264855884374422e+22
2.063850029970133793e+23
-1.522064694515239322e+19
-9.890847856971467981e+19
3.972053813763787719e+21
-1.145100162025752468e+22
1.205320225881493340e+23
-3.868116369463037657e+21
-7.504585902069320086e+23
7.726470004593356083e+23
-1.892372541183216404e+24
-1.721634003180386058e+20
8.055966519467731583e+21
4.062952764011557945e+21
2.959752564364975475e+23
-1.262528403857521972e+24
-2.169458719822432617e+24
1.828016442524308611e+24
-1.030631572366019134e+25
2.150120248573172866e+25
8.688664122809909248e+18
5.170234448708337716e+22
-2.134727394675768406e+23
7.476814048460024054e+20
4.163442147736880215e+23
2.376464214474394436e+22
2.577738382995511828e+24
-2.395186682465483282e+24
-8.886287698778363809e+25
-1.604105327514116622e+26
-7.112795739486919066e+20
2.584084054773730210e+23
-1.471117858756036997e+24
1.207571369533609513e+23
3.360374537380005612e+23
4.517712862430152255e+23
-1.211572937321820020e+25
-9.641967503194211368e+24
-1.177532963432561831e+25
1.019297908579267441e+25
6.847379018144781838e+25
-1.215747338350596657e+26
1.149491625331533021e+21
-2.531781309485922742e+23
-2.091689730161748619e+24
1.279615301153573964e+25
1.275675717142309925e+24
2.738294626017306747e+24
-5.056904025701796440e+24
-6.187128865604607486e+24
1.050448747142342503e+25
1.878517585273171726e+25
9.889497865114906292e+25
1.966608098750906650e+26
-2.450954865765998728e+26
-3.327170013335233791e+26
1.999857590256985231e+22
2.397791175245534593e+22
1.376308799870915083e+25
2.326435904944002981e+24
7.287605847785232757e+23
4.347874347210077559e+25
-4.232063932041824504e+24
-5.640410487591886209e+24
2.976738612688454105e+25
-1.532831436608304506e+25
2.745047213160377165e+26
-7.660556583287063764e+25
9.667603833156593006e+25
-6.911709101919562600e+26
-5.515714994334665319e+23
-1.379846067623546501e+23
3.914610766080662162e+24
-7.005209303859935619e+25
4.387263388395281442e+25
-7.913599947775532874e+25
-6.770129548542481603e+25
2.515944059070787309e+26
2.091508270895320695e+26
-6.499431881479564902e+25
2.943436413489632138e+25
-1.511689123701725265e+26
3.396000238523061521e+25
9.528590613458808648e+26
1.283882722986808022e+27
5.811404456178165356e+23
-4.223634123560037254e+25
-5.807270493947732632e+25
2.560150611372848160e+26
-3.512606021765136147e+26
1.281270869167115139e+26
-9.577070363956828462e+26
-3.458735440343451447e+25
9.939686418154568986e+26
-3.147032009093701245e+26
-5.126868559961402835e+26
-3.331373125096707700e+26
1.673626059264873781e+27
7.615401317711885107e+20
5.433990610480047063e+20
4.893052842137409605e+22
-4.518412901201666376e+22
-4.864062421652793511e+22
-7.552526209005754358e+23
3.998712581254246438e+23
2.341910226896426887e+24
9.107639051776827043e+23
-2.232195721199643917e+24
3.947392176695667556e+24
4.792242787468888328e+24
4.899265757035985025e+24
-4.087651212073717543e+25
6.897561801512935840e+25
4.596758787404423556e+25
-2.285231358257190310e+23
-8.581487975625362936e+23
8.348630370976398530e+24
1.344608418120566255e+25
-4.191182104728887909e+24
-6.391039396160588028e+25
-7.404298109118470042e+25
1.272652532849105814e+27
-9.746630026390285498e+23
6.002136447050190066e+23
-1.830642952012074383e+25
-3.295419185014995987e+25
2.981879651594976950e+24
-2.792495594501624865e+26
-2.992315805723730164e+26
-3.617303554941869515e+26
-6.430651032275543988e+27
3.423228703340095651e+24
5.502487024625623059e+25
3.245571091330725032e+25
5.579521841312944036e+25
2.330603557534193713e+25
2.441322104471921857e+26
3.391073815688630566e+26
3.550383695977096667e+25
9.825146948207387337e+26
6.403739583371260178e+27
-1.238346049626659419e+28
-1.576211310128117009e+25
2.016251161717867356e+26
5.580414870463390850e+25
1.402290052343271344e+26
6.215878747319606338e+25
1.284030194855276077e+27
5.625585272054278722e+25
1.332506063906839558e+27
1.997755994738529795e+26
1.435461304345900662e+27
-1.742815709017471587e+28
-2.197165312710490313e+26
-8.817178937524903095e+27
2.959492128549675397e+25
-1.606943772933622794e+26
-1.102618734602984063e+27
4.688785954524010948e+26
2.956819801437128762e+26
-1.880349428943559704e+27
-4.950157563954551767e+26
-1.198149168478753099e+27
-3.523047483771154337e+26
2.142434444025806282e+27
-2.140586285499427901e+28
-1.253592340593979647e+28
3.614991627750569699e+28
-2.893016417646610036e+28
3.035579671793497072e+26
3.180193366794621099e+27
1.072975441138588869e+28
1.342780201936719216e+28
-1.828836937662312217e+27
-1.143214825502122172e+28
-5.722648011659989601e+27
-3.467814154797198226e+27
2.455086015573992544e+26
3.815533253892139615e+28
9.084377201256816709e+27
-1.228833372306385969e+28
-7.261559494131288639e+28
-3.576731216611314202e+26
4.553862301434432146e+27
-9.591283282666095834e+27
8.064335810559438468e+27
-2.877113925958132881e+28
2.642290511218447496e+27
-9.258114026185839470e+27
-4.683914406095093336e+28
-4.868567662054126224e+28
-1.486334512342179863e+28
2.713890944040358356e+28
-3.534797582961360357e+28
-4.750380558576916418e+23
-4.605601069457758027e+24
-2.298685579111694990e+24
9.453162644852378761e+23
-1.637277998483167141e+24
2.543512121995758620e+24
-8.645875610845440876e+24
5.635198432412126664e+25
-1.061149295681678051e+26
1.166590850508106437e+24
-9.711373563953254089e+24
-2.313328248519801737e+26
9.084110702418003914e+25
4.815582880462396906e+25
6.298453328460273588e+26
5.108412007271979816e+26
-2.054030935786683518e+26
1.819163865719325537e+27
1.840476303388497031e+27
-2.866786152484438203e+27
3.347657893227297850e+27
-3.228085013362060982e+24
-4.291914943120706705e+25
-3.679392750944949919e+26
1.356324816439887062e+26
2.578377940858441441e+27
-1.896750982696878412e+27
1.594951243385254584e+28
-4.403861870349327087e+28
1.185215250242077733e+26
-1.066256031288582940e+26
-3.273870088806017256e+26
2.163700162174101877e+26
-5.334121552648846139e+26
-1.484591233250953833e+27
4.303096882155576637e+27
-3.212105730273776249e+27
1.377017072326835493e+28
5.754276449492688186e+28
-1.085741721964935961e+26
-2.177457818338379044e+26
2.551251626819463543e+27
2.135236044034185656e+27
4.964160629456823050e+27
3.373106136573165166e+27
2.447718945504349792e+25
2.357445741874212269e+27
3.424962410445867391e+28
1.965801828226592226e+28
2.877689721362907198e+29
-2.648042938830704630e+29
-1.582893750107567392e+27
4.538675765365543717e+27
8.034980480723258986e+27
-1.312012234027765595e+27
2.044255240457401960e+27
1.535281691302555404e+27
2.069576046404407840e+28
-1.002551010874636656e+28
-4.686552541348140084e+28
8.443229581201002113e+28
-1.598710331819211160e+28
2.273799076262002594e+29
-3.141421658967576473e+29
-2.293218569828648855e+27
3.826429833802701761e+28
2.436059270841608785e+28
-4.668183530728261307e+28
-8.381388143311381900e+27
-1.817084158352537717e+29
2.464045866774757734e+27
-1.317850912754756354e+28
-1.380942116057373757e+28
-2.255725280966459455e+28
2.454906089480008792e+29
4.079197381061099460e+29
-4.363247822115962553e+28
-1.313359820856505318e+29
2.626773527690394236e+29
-2.691840955191312933e+29
-3.525880324292344232e+29
2.006628883895434013e+28
-1.708913656170540062e+29
-4.212593443505581604e+29
-7.189879182151506513e+28
1.608457915379458970e+29
7.287333209086232756e+29
9.950903074167725421e+24
6.773218637042126982e+25
1.167910015494696167e+26
-1.862488254816742726e+26
7.805918140425301330e+23
1.221779765454920288e+26
4.464104560316734631e+25
-4.658485438163591101e+25
-1.754377385014916917e+26
7.208979659674649205e+25
-1.437809071155046186e+26
-4.552617955307734073e+25
-6.691602778940419858e+26
-3.766022695531002926e+25
-5.262385511772309533e+26
9.189194696832800112e+26
-2.319787504203488462e+27
-9.864432089178980150e+26
7.868008371390820949e+26
4.327054275168403443e+26
6.194107361118801353e+25
-7.172479808355876633e+26
-1.422504534185728122e+27
7.585217605555217107e+27
-1.465942283842103511e+27
-1.675777197888952278e+27
-6.838512808629010742e+27
-1.414700109506581652e+28
-6.873039807765586368e+27
-4.326319497159240727e+27
1.458628914772436176e+28
6.038698453843747952e+28
-5.738513741698852059e+28
1.402290536116656239e+29
-5.992427597502091984e+26
-1.338953950166427284e+27
6.129921696071726673e+26
-1.139475217987410712e+27
3.183533279883670792e+26
-2.407365264069590669e+27
-3.723487776290721516e+27
-1.750187481474427495e+28
-1.382983514429743103e+28
-1.284677307525037501e+28
6.316746293433010357e+28
2.100365554433693565e+28
-1.158134214739720888e+29
1.330620777318964882e+29
-1.852305615114057366e+27
-2.187177736046990522e+27
5.888482953177152427e+27
-1.521297285912752964e+28
2.039786585460922162e+27
1.768111818510915159e+28
-8.211777796790158602e+27
5.634244813287077177e+27
-2.737760919886501325e+28
1.465691350030019282e+29
-5.563900248921385617e+28
6.142143312813276074e+27
1.648363871106654219e+28
4.414891480862001973e+27
-1.498566576904186467e+28
4.519792731582614211e+28
-2.407074489786387613e+28
-1.088098896593200313e+28
-1.162990426556860455e+29
1.328524203699458001e+29
1.361756520940499610e+29
-5.943016109316112916e+28
6.172227383976335805e+29
5.632017479331067212e+27
-1.964055197096859916e+28
-8.429379266213953166e+27
8.866472212742517624e+28
6.832834736014293422e+29
4.590900451200560215e+28
1.174523734471676135e+29
7.651762099635430381e+29
-3.704758615865630218e+29
-1.701793344997432930e+30
5.665471064430712096e+29
3.397335695237230885e+29
4.764857247675397202e+29
-4.258458866434651005e+29
-6.692604839835966822e+29
5.433376769360328211e+27
-3.058932457392039369e+29
2.324364749008948944e+30
-4.845370651173290608e+29
9.553237169142605690e+29
2.031679502015990682e+29
4.006349419690791266e+25
-3.206205947358292126e+26
8.150837730924017066e+26
2.405379623727175697e+27
-2.095967259044936117e+27
-6.397746934534094372e+27
2.486064094019876385e+26
7.772241903915074883e+27
-8.852764203138799886e+26
4.114246544127904758e+25
1.343754856831460996e+27
-3.117532412528118914e+27
-2.949964837805304460e+26
3.616196520237341763e+27
-3.901065017650424650e+27
5.887851000039903148e+27
-1.813452538090235201e+27
9.784808657397338521e+26
-5.919376099895059269e+27
-5.046429868184347843e+27
-2.507090035244544560e+28
1.075002398906426053e+28
9.190169035655429114e+27
-3.964967802404820853e+28
7.140716320732747971e+27
-2.875024068406374929e+28
-7.883706659626882756e+28
5.178223056794575406e+28
5.982220448837562705e+28
2.002545953369996034e+29
-1.876653688347187425e+29
5.163168241486325569e+28
2.192804842485858548e+28
-2.019085797163695242e+29
3.624156059141408723e+29
-3.269830800951887856e+29
-9.611371136614353340e+28
-9.161479623943671221e+27
4.244834583199841519e+27
-3.669868814920797173e+27
-5.904649836593451913e+27
-6.366976106098122695e+27
2.426209403869777731e+27
6.688623767711246750e+27
9.759284502784995804e+25
6.214832703934210947e+28
-3.581407043376585725e+27
-6.272248841195724301e+27
2.170573014225410451e+28
-2.997603900968185739e+28
-3.805750208549568886e+28
-5.791526035007078053e+27
-8.603271879870631842e+28
8.208695350636849469e+27
-3.868373155098872196e+29
-1.451913141571962753e+28
-1.403542698412744216e+29
1.887247685631701214e+29
5.152306702479329013e+29
9.161276141142425870e+29
3.012043505004712239e+29
-2.014774111035978116e+29
-3.159003646500073977e+29
-3.070222521746842279e+28
2.822047512145136719e+28
2.247607805750746490e+28
2.462986796666344464e+28
-5.972395768982152940e+28
-1.534440414616952094e+28
-8.177343870155296717e+28
5.464556183923690851e+27
-3.459959788992262504e+27
-8.304785754837913872e+28
-6.163279174391720055e+28
-2.409310363254927932e+29
-3.166508870126847148e+28
2.071872512735628165e+28
2.361920413861730082e+29
-1.153884956874940435e+30
-7.351711021305533560e+29
3.979496185167546903e+29
2.596033375281652199e+29
3.149190014687128684e+28
-2.332450263926124191e+29
4.006531733362252286e+29
-2.510936245879654523e+28
-1.509164119292397765e+28
-6.020678561670349224e+29
6.473686731297199896e+29
-9.907124883044164170e+29
1.947702320785719530e+30
2.763630831475800947e+29
-2.534582650592737756e+27
1.427488271646779837e+28
-5.448888110376043933e+29
-3.318124023433275006e+28
-1.117662453833465430e+30
-2.201025158009872015e+29
1.129913688386037605e+29
3.080188764540015946e+30
-1.056373090989484228e+26
-1.303196253367882807e+26
5.012893903856544567e+27
4.224797211637694782e+27
3.664924563129711204e+27
3.336848807460624590e+27
2.114632580858092064e+28
1.801938178472122290e+28
-1.266913629892018778e+28
1.844284916897243263e+28
-1.435370909705470854e+29
1.430210425472461302e+27
-6.671194728223569072e+27
-3.553904799760620184e+27
-1.864451596346863722e+28
1.677533298639206853e+27
-5.459547059087598919e+28
-2.849768927682672364e+28
-6.614128636454358856e+28
-8.800064365139764522e+28
-7.229302284051254658e+28
3.343292066316852520e+28
8.523978311121371189e+28
8.630604390224135849e+28
-1.067117903381277248e+29
-2.547384393002651909e+29
1.037254937291864056e+29
-1.160999764198713345e+29
3.056591032442851714e+29
1.203147951572229527e+29
8.457898348609025632e+27
1.425827696119082624e+29
4.058250363495057260e+29
-5.742680802825666431e+29
-4.270432583911049909e+29
-1.113265521944616702e+30
-5.529273465362830304e+29
1.201858597678585872e+28
-3.449216134763309029e+28
-8.433995581224144655e+27
-1.035753799305275206e+29
1.873037955237417567e+29
-1.016248137967550399e+29
1.697256361077363101e+29
2.290523236194269934e+28
-1.236884928130932246e+27
-6.392646159843012068e+28
-2.339950382106330353e+29
3.989362378686794137e+29
-5.638334538402061587e+28
3.714602702264356831e+29
-1.308783624849563691e+29
4.270481969991644994e+29
4.777675627306790165e+29
-3.575817625086481052e+28
-4.055182863518387464e+29
-8.952353819109524353e+28
-5.514870590026192921e+29
-5.055418094434868533e+29
-5.902069903766398469e+29
-4.832699893566761910e+29
-1.372017594888207211e+30
-1.300244393481511840e+30
2.750558787123246225e+30
-6.175978423619119337e+29
-8.456761945391073027e+28
1.421476422669067902e+29
-3.209133482604847185e+29
1.085381444986551529e+29
-2.486085333557413793e+29
1.052056227415056873e+29
-1.420126727466976227e+29
1.310793758473305509e+29
-1.133987989176736314e+30
-1.384852476674271781e+30
2.152335869149383191e+29
-6.190949630652144427e+29
-2.178428315419046868e+30
-4.255892278230835037e+29
7.087942326166720599e+28
1.090719458930896586e+30
1.434109775844635851e+30
-2.748863603258604656e+30
-3.188450774069593399e+29
5.223210937342019823e+29
1.183472677500485876e+30
-1.278050803890009721e+30
-1.657635373248004632e+30
7.590457273277351876e+29
-1.444118233577598555e+29
-6.317960428634615628e+28
1.342012018481060700e+30
-3.894128293141034452e+29
4.536731483265601972e+30
4.795389999119884000e+30
2.114849100603271956e+30
1.536230137851997300e+30
-8.764743914379324308e+30
4.386250957501984215e+30
-4.369038968441029614e+30
-3.436619347181482329e+30
5.356403923568354335e+26
-2.396298085137924892e+27
-5.433994769541007362e+28
2.430645904051067522e+28
-4.672151417607185638e+28
3.875006342939481266e+28
-3.829582593093846156e+28
7.227428962305933509e+28
-3.865653146204578849e+28
3.500046487769430946e+29
3.110903256121047183e+29
3.053238812083368373e+29
7.563813277315822703e+29
-1.070955720160978999e+30
4.541715731020999784e+29
1.066585508737194472e+30
1.928670905936513637e+28
1.770718688695409215e+29
-1.048409389460078116e+29
2.920819029235316737e+29
-2.781988546422364714e+29
4.234697073373392478e+29
-3.974510703193117126e+29
-1.047143274381100529e+30
1.640400196171669120e+30
4.317802456618728288e+29
-1.594959492907720171e+30
-2.075893480524371246e+29
-1.056611061067319950e+30
8.186226944158249508e+28
4.050014773933207575e+27
1.339711595458116066e+30
-1.720443712990499036e+30
6.159002963832080702e+29
-6.078118244776069933e+29
7.343704646278937372e+29
8.295092817760069572e+29
-9.546082526189829944e+28
-4.194950875523681288e+29
6.785458323272465614e+29
1.309300122832925923e+30
1.580803741852997458e+29
2.722549301275128751e+30
-3.431357790820438556e+30
-5.665275743524525452e+29
2.535306965363244344e+30
-7.187475301767430902e+29
-3.574484926182453112e+28
2.654497071687200746e+30
2.196012730041611805e+30
-9.805043079456470599e+29
6.537016012376517950e+30
-2.724606445517578242e+30
2.250362660284980218e+30
-2.891948707139900389e+30
-6.366129306429415440e+29
-5.073569608927621781e+29
2.384566213716175675e+30
4.628733333983278194e+30
-9.257388330566022055e+29
-2.308951369649601209e+30
3.606387102745243455e+30
-2.280533527531707494e+30
1.935190648747989223e+31
-1.447976698554109968e+30
8.406416575985329859e+30
-1.422547150744263069e+31
7.433951487457687246e+30
-6.689790210862777194e+30
3.044977026357077800e+29
-6.820055314995237672e+29
-1.570938923953987696e+30
2.793416414988710375e+30
-2.926010883171415979e+30
6.064929611752016400e+29
4.188004131596753686e+30
8.340624880914200717e+29
9.123257951189936430e+29
-4.022150007760142719e+28
7.020944841275454771e+29
-6.142778446054753570e+30
-5.016810296771500958e+30
-1.061600888708875290e+30
-2.690284354015578757e+30
-7.548963957665502403e+30
-2.847616743093457967e+29
-1.348424428164550161e+31
4.439244329101379610e+30
1.362644230134835996e+31
5.003636368852251886e+30
-2.938336106551287136e+30
8.472702620594431612e+30
2.370251866929113103e+31
1.545211856500789612e+31
2.225206841530407128e+30
-1.527761972664373524e+31
1.569902279247863376e+30
-7.258735772053988548e+30
-3.547583346061402766e+31
8.775018775320013085e+29
-1.590739206196436015e+31
1.531857578140866826e+31
-1.252758736626747062e+31
1.865574436170302247e+31
-9.017135962127334226e+30
2.656981939457953777e+31
1.750026819468481216e+30
-2.933526887872033970e+31
1.644606036199297024e+18
-7.047898306537333555e+19
1.134613266790568264e+20
1.034864381898361930e+21
1.740601286031049753e+21
1.951830316789012103e+21
9.129349940714039935e+21
6.439670205758174554e+22
-4.483976493334182912e+18
-6.224032266825497575e+21
2.493895641939085309e+22
-1.687814527267750795e+23
2.900407901097435542e+22
-4.008737548597283237e+23
1.371094118494914767e+24
8.355844505219970355e+24
-5.481486582324664467e+21
1.208586788680510525e+22
-3.486347244801349218e+23
3.218845301885265510e+22
3.821131269868284700e+22
8.218928894994153598e+23
-9.333316025259030720e+24
3.488748226556332157e+25
2.518809510761021309e+22
-2.123323481335628122e+23
2.726850538902899183e+22
-3.442669809043378316e+23
2.565499453337821721e+23
1.120614726846988476e+24
-3.896290089503357361e+23
4.527121418012537114e+25
-1.678428199750183810e+26
5.332004521321683118e+22
-1.165560400016250562e+24
-4.727212501105427696e+23
-1.188259889638583153e+24
-1.367645162640628783e+24
1.006046681669940153e+25
2.991119361553012359e+23
-9.029233008753305566e+24
-1.131455774865632624e+25
-1.066971767016368918e+25
-3.752234976298004161e+26
3.279969166625172661e+23
-2.313961542167559051e+24
-3.023617932113766334e+24
-4.080348267172951405e+24
-6.943626943109987148e+24
8.343673764860354449e+24
5.260674530468407661e+24
3.615054673390909040e+25
-2.030597309161748915e+25
-7.015410141848620733e+25
3.580017943023734192e+25
1.568701298323903285e+26
4.019618614261634403e+26
1.507467758370666834e+24
7.676462059631302920e+24
-1.451244585327151468e+25
1.231357045527451902e+24
5.231798297992491858e+24
-2.148333398871745321e+25
-1.989711368788446655e+25
-1.057810656885541901e+26
3.110029478418079956e+24
5.578904473581651373e+25
-6.593124282444584376e+26
2.385578638186310301e+26
1.267801413512953483e+27
-1.110493124498085730e+26
1.003687595510916123e+25
-1.046868099183188033e+25
1.040296022110501778e+26
-1.089733105186353065e+26
6.037190365474060801e+25
-3.630475125408298928e+25
-3.039980017805826847e+26
4.628773340557383993e+25
-8.136485415126972359e+25
5.120887805641336097e+26
2.502811368541006259e+26
-1.565208032334755545e+26
-1.120356185092551538e+27
1.664501995166969273e+25
8.444028807315854972e+25
7.664471046477598059e+26
8.451346467783145629e+26
-3.165063050645182119e+26
3.095417568153162998e+25
-2.768417169676236184e+26
-8.608955274527788034e+25
1.107601005700157489e+27
-1.522044937657264647e+26
4.359216647738531857e+26
-1.647132096057387410e+27
3.573864151991389572e+22
7.384581754643402247e+22
-6.281415457951564012e+22
9.822343634262756279e+23
-3.090519392103838033e+23
3.614046664271236621e+23
-6.398173759957790695e+23
5.139361447451607079e+24
5.914484172882904974e+24
-8.364697175053690472e+24
3.038847165933720143e+24
-8.709413177614304134e+25
7.237637196446241194e+25
2.362463378205688104e+26
2.111029321691054725e+23
7.781039931120239434e+24
3.139208530091170961e+25
-4.259235509681657358e+24
1.405533883868845094e+25
6.726785177701332518e+26
9.471371528910298174e+27
2.080465570118420580e+25
-1.248957688965047223e+25
-9.191236622712682498e+24
-4.726706940424729604e+25
3.711232935764032991e+24
-2.205546748942312571e+26
3.999863771898056218e+25
-1.860143049042459579e+28
2.727504802407034314e+25
-1.772199123368991069e+25
6.601244285115355065e+25
2.353217086999845706e+25
-1.228081676116059904e+26
1.292137556775573116e+26
-1.712507190947276981e+26
8.057233670839830519e+26
5.962339978056982728e+27
9.950281644924566022e+27
-1.581681950394232816e+26
-5.274604849854218219e+25
2.149883800645544569e+26
-2.084651185907877180e+26
4.349735371316588027e+25
-2.341668040632020190e+24
1.786797847205701299e+27
-2.266012993433048952e+26
1.537789186729111920e+26
5.309072549888667146e+27
-1.311322567280057368e+28
1.535283006013296400e+28
-3.827912991490929623e+26
9.313923774264137037e+26
-1.652583518638940270e+26
-6.389357857379797851e+26
-3.841108607778879948e+26
-6.572321714114934089e+26
1.112084902711955081e+27
-7.277155844396707217e+26
-1.791121135143851594e+27
-1.568472450461590708e+28
-5.035518520462485403e+27
-9.936275879560061112e+27
-5.203620874998848934e+27
3.210709353569888008e+27
-6.290978802173592697e+26
4.116899293461516587e+27
2.032781188807431565e+27
1.060095809631842829e+28
-6.695602010438598626e+27
8.949947608016032318e+26
-3.439442423089479692e+27
-7.004393430611798065e+26
-1.604271068170292056e+28
4.265439864475474367e+27
8.799495624180569858e+28
1.782569469656620595e+27
-1.221051074714239753e+28
-4.442550326631798819e+28
1.298777254269128485e+28
2.957637237235752803e+28
-1.601492357266910051e+28
2.091029738300747361e+28
-2.583648904468582280e+28
1.073264352491446209e+28
-4.831997868148782103e+28
-1.534969174050627460e+28
5.209150963125943190e+24
-1.259639531688219694e+25
-1.688596095490709518e+25
-1.534077757067609422e+25
1.670727694779503754e+25
1.521605547027389542e+25
1.101438931434149046e+25
-1.315151387830109845e+26
5.722526430836031176e+25
8.715268438007967279e+25
5.100880904759955397e+26
9.758212047744409268e+24
2.038841417808171920e+26
-5.518924758225307639e+26
2.424391259795949636e+27
-2.661957137245938347e+27
-2.992042740779400843e+27
-5.783157446104263015e+27
-4.543652282894903434e+24
-1.587309355654095843e+25
-7.909365464071505996e+24
3.338254903147160854e+26
6.084331684157336539e+26
-7.912276370476964623e+27
1.056745183436480965e+28
2.613352525713108278e+26
1.070254363199622623e+27
-1.158490015597546082e+26
4.708677125454540429e+26
2.161379087266309505e+27
4.869092872960247462e+26
1.440598774318764313e+27
1.785037453753106744e+28
9.608890263223954045e+28
-1.189240721917684944e+27
7.293529380759182331e+26
-1.008658437923162277e+27
-4.597621355208151320e+26
-1.359239706676029879e+27
6.361165381284646595e+27
9.734177300717343587e+27
-1.458442672255410398e+28
7.123711998260143615e+27
9.832411195130769366e+27
2.789117722176236312e+29
-4.415071323449936958e+27
-1.489030915229461528e+27
-3.183290172096674081e+27
-3.211229076193359117e+27
-2.404923121706574417e+27
-4.972682168937933739e+27
3.821000393633092920e+26
1.677406710609937668e+28
-1.615513444962302908e+28
-2.334089028124347786e+28
1.943119786335105571e+29
-1.614561447096941652e+28
-2.836182930254430724e+28
-1.140315399553827007e+28
-1.445686466911002164e+28
2.259766330655758699e+28
-2.159874036548984101e+27
-5.938466259719914232e+27
-3.877167229481894436e+27
-5.611161353372228325e+28
-4.241260971420115213e+28
6.052863977856566172e+29
3.687176859013096776e+29
-1.554166670793645332e+29
-3.388548397922046670e+28
-8.590571652960752093e+28
8.779565542188935827e+28
2.243416531841213678e+28
-1.575921311505909343e+29
-1.548237747720094661e+28
-3.399512744576279752e+29
-1.651496585155694244e+29
-3.787719967254711779e+29
8.147780922693873725e+25
-3.227751991218400764e+25
4.109683729151367009e+25
-1.013033387681695810e+26
1.822619915256403911e+26
3.560975187392227559e+26
3.590560834349711089e+26
7.860394927153983275e+26
7.279876153452328356e+25
2.848788633999918271e+25
1.447664809139975671e+27
6.706235140684819383e+26
1.491470722407112161e+26
-2.478193272139390195e+26
1.565270891329004074e+26
-1.318995629446695130e+27
-9.796609727187901951e+26
3.613579025932509233e+27
-2.211506784040656503e+27
-1.787759398193073176e+27
-1.711390496034510661e+28
-3.985226537673049592e+28
2.220292230204548095e+28
-7.041005974869119835e+28
-2.670584563667124410e+27
-4.177413002281455985e+28
7.461771921613289066e+28
-7.050899268048931330e+28
9.726397023198661042e+28
-4.351929297189026813e+25
1.309562314823025899e+27
-1.453456714564940996e+26
-4.465086780770404365e+26
-4.857698611759667165e+27
-9.810545098419424067e+27
8.031404315433891477e+27
-1.014070784656492963e+28
7.103587871488752240e+28
-3.778910996279628662e+27
-5.464100641310502720e+28
-8.327098230599493551e+28
-1.279677340529081871e+27
2.676563324086728380e+27
8.677835637465175063e+27
-2.462341469350807407e+27
1.333383540756853964e+27
-8.951838613976972642e+26
-5.168459900068760705e+27
1.584162173706393615e+28
7.080664106102185250e+29
3.530629241214212376e+28
1.713060223581007571e+27
-2.361796068625600630e+26
-9.807125431942577993e+27
5.877162988863848001e+27
1.466651824725299625e+28
5.059710810098842609e+28
-8.341859235367398408e+28
3.727585734339604170e+28
3.455450923825627618e+29
-5.628511038192496386e+28
3.280567557196079121e+29
-6.655849244718003224e+27
1.254683468586769432e+29
2.427684887040491507e+28
-9.679092786857786286e+28
5.040312284599280043e+28
-1.193830978684141850e+29
4.771679368596385163e+29
-1.586559143312985039e+29
-1.003715382906500410e+30
1.784389738538119636e+30
-2.365484805245743678e+29
-2.237547254899593465e+28
-6.339469812320590495e+28
1.785072082347327256e+29
-1.766948202432643046e+29
-2.855433452950623373e+29
5.127365718667781980e+29
5.262005109111915610e+28
-1.040378219139972098e+30
-5.961036350189461607e+27
-4.411584213408238139e+26
-1.572923398346938625e+27
-4.509387376027825297e+26
2.516922949990820979e+27
-3.833314522403576336e+27
-7.387066519105651933e+27
-2.760774777068884447e+27
1.649272356271346021e+27
1.209360127340278597e+28
-1.536815160122237772e+28
4.036199828991631809e+26
2.756439332299528927e+27
7.248892538956006807e+27
5.580171313333613386e+27
1.181976098171290057e+28
-1.547873016230158318e+27
-2.175706543665430080e+28
-6.038139129509823018e+27
1.145241880801782496e+28
4.989620485666620096e+28
-1.529568280461007726e+29
-3.111263282227517182e+28
6.992261740172751434e+28
2.441991781319699625e+27
1.902549738973731726e+28
-8.089890127205766182e+28
8.727049123951557029e+28
-5.825208140972325485e+29
4.505779733432040315e+28
1.136790069142628391e+29
1.011858733027455223e+28
1.880679314293552164e+28
1.000664291441052951e+28
-2.456059144404595089e+27
2.694484981540687361e+27
3.185456665957109510e+28
-1.804938314878151895e+28
-6.559562361884979275e+27
-3.056211179341411994e+28
-6.144666902246022474e+27
-6.756555432894130204e+27
-1.152236971300796076e+28
-1.064627466112364748e+29
5.501328507317910201e+28
4.440854628544079156e+29
-3.123158812845123110e+29
-6.348083418944243710e+28
8.328784429664891172e+28
1.571096955300697589e+29
1.780960421909135630e+29
8.146465259173493263e+28
1.183935658416717590e+30
7.556759957129541761e+29
-1.131273180299397274e+28
8.538123049714713617e+27
-8.266650846224749063e+27
-2.825540279354809051e+28
-1.421260351955268336e+28
1.452755860582688071e+28
1.077307790943256510e+28
2.275114560196011644e+29
1.327469680869960691e+29
1.809705785821809748e+28
-1.982331097819611285e+28
-9.250078692211311494e+28
-1.494757140104216525e+29
1.291563506453685349e+30
-6.749326444376946188e+29
8.364485748883578167e+29
8.037312968681140507e+28
-6.560567495053763624e+28
6.093855398415348310e+28
6.596720436673965951e+28
4.155522339316621396e+29
-1.420460575766138897e+30
-1.025296217132018604e+30
-3.805029429065806751e+30
4.165349455659972239e+30
-9.077933455180743060e+29
5.909745548502708018e+29
1.573349373463583579e+29
5.497829990469457340e+28
-1.894591840089480881e+30
5.641220373555457358e+29
-2.521339885862858459e+30
2.927239230315064043e+30
-1.055631545403891880e+28
-3.852161658178340368e+28
-1.433003611440564340e+28
-4.815011711498320739e+27
1.219554057563337009e+27
-4.348939953909025034e+27
-4.358899814259331509e+27
1.095639503585299162e+28
2.628869263850385767e+28
-5.385873711722729567e+27
6.712515738233891083e+27
-7.276170112858701588e+28
-1.205040963077346101e+29
-9.975873755612767970e+27
9.548259899857955632e+27
-7.365789550996630228e+28
-9.003879777697833414e+28
-1.798386802559515800e+29
-2.395403600135629725e+28
-2.086699988402562727e+28
-4.086364003953931196e+28
2.939835749466780384e+28
1.085412903793426092e+30
-2.106410663111374541e+28
2.022499897645950460e+29
-6.803804142500515759e+29
-2.334079926609728708e+29
-2.027467356953072196e+29
-3.042093358597394248e+29
3.706380720511648501e+29
1.848136628581398422e+29
7.113726067939812928e+28
6.115959445044827197e+28
-6.049249111844265427e+28
4.988093399328416932e+28
-3.856620111746238544e+28
1.731849732224156233e+28
3.414960318284228221e+29
-1.536521077070288452e+29
6.544180796188917068e+28
2.204043699723399430e+29
-3.420615941829353426e+29
4.224104694572608974e+29
-3.952443879360142459e+29
-4.310648455010774698e+29
3.798509412277058240e+28
-1.005997033948227713e+30
-1.133637203904003255e+29
2.077219031309721193e+29
-2.622196977475303565e+30
-9.760789009712991379e+29
1.007242944094781929e+30
6.886631408680481669e+29
-1.476002361287584386e+30
-5.273625191779563423e+29
-2.781769832343211184e+29
-2.393406246683350041e+29
-4.388616744646904977e+27
-1.735078389378838127e+29
7.419776114558343625e+29
-3.531287636354823347e+29
-7.073113577977257138e+29
4.074064901034732994e+29
-1.241446249325240585e+29
-6.198507672944779550e+29
4.272125609686982487e+29
2.534191660368442438e+29
1.789482533783437520e+30
5.858819200142401621e+30
-1.343353414351743699e+30
-5.742658206462319019e+30
2.709194145013924640e+30
-1.896823635703983100e+30
-3.566119250314334851e+29
-1.423905499430684370e+29
-1.916739088148728680e+29
-9.118052798793656476e+29
-1.641775874099840389e+30
3.320024498070835615e+29
1.934337682168393528e+29
-7.945988576333428567e+29
2.509660403677104743e+30
-3.052996804720852942e+30
-7.027481299747594996e+30
7.193271130283333735e+30
-2.564930316376121613e+29
-1.789086839642322514e+29
7.385542985294120229e+27
1.017555053786878265e+29
-8.024788419583840838e+29
2.463388877426041315e+29
2.110814065342258002e+28
5.286979663410313069e+28
-6.885318441318213848e+28
-6.717277808047574914e+29
5.013047044909284745e+29
-2.544606291776341622e+29
-9.870238285660600142e+27
2.383142554394960356e+29
4.436700827501327737e+28
1.348564127188988191e+29
-1.199016034104802281e+30
-7.266887074227255007e+29
-7.813751636400163783e+29
1.043023214484917309e+30
-8.536110257554969240e+28
-5.240553129642249234e+28
8.230308574544458501e+28
-1.129968296198105365e+30
-6.340527292879417064e+29
-1.786169065043374431e+30
1.469180019583560156e+30
-7.421137592871245016e+29
-2.239151039645676982e+28
-1.624341220457968213e+29
-1.232002445265945633e+30
-1.418021987806137267e+30
1.415547029401018420e+30
-6.851525970805090050e+29
-1.747637501975627701e+30
-7.753884191348411556e+28
5.853644567601328689e+30
-3.715734477364676360e+30
2.267517667190420573e+30
2.245317469457327256e+29
-3.210863290190789462e+28
-4.816392822527427461e+29
5.709190242124213170e+30
-2.413421765827448320e+30
-9.141966021963036365e+30
8.537188165811729379e+29
-2.033507150286823546e+30
4.274713245127896308e+30
2.459857661404183570e+30
7.129312293123015607e+30
4.225484082071231879e+30
-3.433324407672939587e+30
-5.439023285484438863e+30
-1.633450665184121946e+31
-1.481835331325608683e+31
2.688783328967752083e+30
1.048419254050341293e+30
1.077134168176735237e+30
4.753233629767194558e+30
4.038252573085424156e+30
1.189305735589662020e+31
-6.532875325842928576e+30
-1.323027843145966175e+31
-6.599760500905046642e+29
-2.292320376624865013e+30
-1.173229830677776739e+30
1.249051534247193530e+31
-2.458448099264099833e+31
1.055916234561701505e+31
1.496308147657426261e+30
