1.640344843324262400e+16
4.999883016918563840e+17
6.888530229612660326e+19
6.442806339480938086e+19
9.233447204940678431e+20
2.114739392393325052e+21
-7.058732966904508449e+21
4.606642031538006393e+21
-1.640859155005257548e+23
-1.085964046001436877e+19
2.770058952022927360e+19
-2.629909079133037003e+21
3.123719411952326699e+22
-2.134767010753118470e+21
5.306990114524549349e+21
3.841066968459381834e+23
2.302605630335779560e+23
1.386201428898521472e+25
-1.775582512098556969e+20
-6.412785195556368548e+21
-5.978598221965954122e+21
1.431830301984281078e+23
4.449651111142279516e+23
1.353151780720714497e+24
5.636505536776992092e+24
1.795048687245963930e+25
1.329144398295196073e+26
-1.666001636297307849e+21
-2.470018838117975327e+21
2.036279785904239343e+23
5.996719717787463844e+22
-1.373172315819047989e+24
1.086616352835921225e+24
-1.248538524111585491e+24
-5.333629553272745110e+23
6.530394015441324399e+25
1.773979604115208386e+25
-1.700676816793921126e+19
-5.284993734161056399e+22
-2.274206911183476606e+23
-4.138128695513220152e+23
1.591971906652210326e+24
-1.810062784116950460e+23
2.248021935259674911e+24
-4.412295497561077497e+24
4.877068980534787105e+24
1.944120491530341243e+24
-7.865150399612038296e+25
2.202160257955920215e+26
-3.214441016942913389e+21
-8.399516813939181785e+23
-3.699885498244236122e+24
4.469846109315876254e+24
4.461873041558648914e+23
-3.133621655238341399e+24
-6.672783918587797335e+24
-3.867426980313025015e+24
1.893364624711075833e+25
-2.063563752421700502e+25
1.558942341262504050e+25
1.303154743471191511e+26
-4.458472398824966639e+26
7.227495243333158889e+26
-1.950824037904953010e+22
-1.971998030624598690e+24
1.203594327248865547e+24
2.291480773884933251e+25
1.719470597026140096e+24
1.769967420398284987e+25
-6.618458775076641509e+24
-4.657537192969842501e+23
3.442970058878976017e+25
1.586594774466211428e+24
3.017065472888281801e+26
-6.546161458237270068e+25
-3.287679877060027613e+25
-7.303301529221160375e+26
-1.424779592047943006e+26
6.915354762408995324e+22
1.074679896293966362e+25
5.218430056231199240e+25
9.555321456234309783e+25
2.288385913565692433e+26
1.233529721104120427e+25
-1.579345537416495472e+26
5.778629294440810043e+26
-1.710481978856313098e+26
7.946513271461649127e+24
8.361408577581275486e+26
2.598735957199826073e+25
1.222974714459565674e+27
2.537095283271875174e+27
-2.353160055901847405e+23
-1.857283268716591262e+25
-1.714248073609987704e+26
-5.051186046680299097e+26
-3.163647678844395350e+26
4.654128849711255645e+26
1.682675203332572325e+27
-1.361764853491018880e+26
6.609672227137103399e+26
7.147130037999322685e+25
-4.579046945915447189e+26
-4.123288494852987208e+26
2.713982540052913687e+27
-9.314448018250601595e+20
-4.292027496166798131e+21
1.931923273787935136e+22
-1.081158484966430411e+23
8.640775931626682476e+22
1.103801255996224291e+24
3.464071399118002832e+23
-9.307667384907490918e+23
-6.974961507830780385e+23
-4.414220265476378073e+24
-2.474635814751678425e+24
-1.911437884707869808e+24
-2.575200336315111717e+25
3.062578127706929780e+25
-6.742624934155045633e+25
-1.764137238700383602e+26
1.507881715917482266e+23
1.829344563734232443e+23
-9.261041847036823474e+24
1.788224426757629290e+24
4.273529500302899247e+24
-8.351378253569328503e+25
1.455526237320398069e+26
-1.684237303578367334e+27
-3.241822512382565627e+23
9.204826687890289378e+24
-1.911450773589508113e+25
1.339930127742110967e+25
-2.607058916821959958e+25
2.251535875973933003e+24
-3.723070285515504993e+26
-5.245855220972020394e+24
-4.577615748250419467e+27
-3.419240059721841558e+24
2.818725219161598016e+25
-1.748615978526219459e+25
-2.502037965028298119e+25
-2.573270487790520688e+24
1.504107025114238325e+26
-1.059876234886171403e+26
1.033311135586193400e+26
-7.330191943697218042e+26
-3.616880196601531561e+27
1.756160752255726737e+27
8.645180892261122082e+24
6.298659238563971243e+25
-1.724509614628051937e+26
-1.782727511884624153e+26
1.187112582075295890e+26
-6.103495645598690234e+26
-7.487882675635590344e+25
-5.788604261005505362e+26
-1.417496518886069533e+27
-4.073483430957225423e+25
7.507736816926292583e+27
-1.026762939634070205e+28
2.726512987749325129e+28
1.545464563845035033e+25
2.072072835368264580e+26
-1.481527653072133908e+26
6.771139708909694809e+26
1.733598886130670092e+26
4.951830364356034859e+26
2.658391531930006806e+26
6.605447342211965483e+27
6.018198179511014749e+26
4.776791371293559700e+27
-1.164044369144499102e+28
9.665113324023826269e+27
-2.762791682578250330e+28
-3.679863855618274036e+28
-1.427395763120318068e+26
3.412401604468778748e+26
1.944853245108730994e+27
6.397376879317975005e+27
2.974126298299848534e+26
1.820850827621898897e+27
-2.660101058881149848e+27
-7.984482294873000221e+26
3.514762690001789430e+27
-5.357728977375587791e+27
2.747279520558240813e+27
4.468253543710774915e+27
4.566836385857975438e+28
3.705436143330571501e+26
-4.523600373730341321e+27
-7.752938074533426265e+27
-4.037382971977205499e+28
3.885216368127796006e+28
2.686432650635033821e+28
-5.960376458748091954e+27
1.487091817616859256e+28
-3.866051836780763131e+28
-1.652883237517381282e+28
7.984574993028349178e+27
6.583952568229054413e+28
-1.652785173406975326e+23
1.299137161587492013e+24
-1.264531847493678185e+24
1.747257231146306847e+24
2.947475996526295570e+25
-2.129279784695972417e+25
-2.968772082156052802e+23
-3.673595229210658714e+25
7.836034485378617191e+24
2.136538206589350680e+25
1.350905892918978474e+26
3.628946407896156345e+25
-2.561514240902203899e+25
2.393368210023676036e+26
-5.846065921712970424e+26
1.632454786586907955e+26
-5.271315516392114072e+26
2.015508865338324587e+27
6.656225767153474759e+26
2.838152882303550105e+27
-5.810858084038403540e+27
-1.333335159716418787e+25
-1.155237557445775928e+25
-1.319545170861874606e+26
4.914612245777240561e+26
-2.064611046161606234e+26
-9.939226234220595399e+26
1.600867263260285545e+28
6.203060395881673486e+28
1.753891118900220814e+26
3.023900046452217197e+26
1.095458400991729005e+26
4.715456406080408366e+26
-2.091599562851827584e+26
-8.321549898360157241e+25
-5.326852531235721031e+25
-4.926166576789620843e+27
-3.388485857001825014e+26
3.986814643248847233e+28
-2.449711619854664458e+26
8.277858460226028240e+26
3.055036068741485284e+26
1.057368659522660628e+27
1.284308232502072490e+27
2.830727687119029335e+26
-3.032260372181838400e+27
4.028604921115880143e+27
-1.970147505974439492e+28
2.484556471241048104e+27
-7.266164048189347973e+28
-8.316519632403314393e+28
1.034223639175484701e+26
-5.074913674196586568e+27
-1.852097135080843725e+27
7.994884170649246604e+26
-8.152770646239876608e+26
8.861323004465088384e+27
1.115442560175548673e+28
-7.588652777170238819e+26
-3.621754229116830100e+27
8.715842502093259819e+27
1.963559409822907242e+27
1.636095703093890759e+29
-1.900629732698312016e+28
6.588947810926744672e+27
3.952052932912866185e+28
-4.659791890220746284e+28
-1.151796230270954123e+28
-2.090654928127889962e+28
6.988750159358037705e+28
1.484488128392320129e+28
-1.945756489839791013e+28
-5.091704407705789903e+28
-1.857193415025708068e+26
-1.671456341090225874e+29
-2.645360613400865897e+29
1.403602799406986057e+27
-6.845410027857804627e+28
5.680269344242789409e+28
2.261712508384803768e+29
5.535772760960031272e+28
4.903668766331943193e+28
8.808736385927667441e+28
-1.925513059281000763e+29
-6.439129582193990285e+28
2.313245726116756360e+29
-5.580734561482625844e+29
1.826220710248970716e+25
4.562735890983956850e+24
-1.113228172221613923e+26
1.498660621010416296e+25
-6.194676927300711429e+25
7.215025176932755217e+26
-6.568802662605557812e+26
-1.204517088196147397e+25
3.138557466229616667e+26
-9.823885859614580880e+25
-1.367484431383957748e+25
4.706429713541029691e+26
1.109363051330604423e+26
1.145260904529838787e+25
6.277202438127331080e+26
2.615974121585049146e+26
2.022188506239517553e+27
2.106703154884645274e+27
2.545460737777167673e+27
-6.503764669105604151e+26
3.980399722745262488e+26
2.831972626070721206e+27
-1.992362456609094963e+27
-2.212874642177665587e+27
1.426638361605026190e+27
9.112581935510125750e+27
-1.701413537220619862e+28
6.276204170174572100e+27
-2.773686015180276411e+28
-3.333537111607607964e+26
-1.967032339325103951e+28
3.173901129179882262e+28
-4.461442009988047515e+28
-3.953629096999752645e+28
1.094233968583785808e+27
8.540972058779236930e+26
-2.705231947060266422e+26
-1.268221657541026915e+27
2.097111738916114223e+27
2.110236889457676257e+27
1.621207751537638700e+27
1.502051708225254212e+28
-2.855869100532086144e+27
-6.375393374669155365e+27
5.463282301392134925e+28
-1.038942659762912418e+29
-4.826621328031544058e+28
-2.644527194174392112e+29
4.259297630344949737e+26
-3.021947681162179530e+27
-4.761222214671970808e+27
-4.422277219316979903e+27
1.118418937252351756e+28
1.160941752012301100e+28
-6.748828610860185533e+27
1.030618969262541373e+29
-6.727243898240993960e+28
-1.935977777267942486e+29
3.384140633030225938e+29
4.304989069900597897e+26
-9.597831342755437486e+27
-7.940647775978022006e+27
1.589218744054120890e+27
3.809973826732939749e+28
-7.967575048541617239e+28
5.227656598124379393e+27
6.745000776704334020e+28
-2.056962978476399974e+28
-7.170307987555057214e+28
4.976323175519342731e+29
-2.545469589151530192e+29
-4.673494432961412255e+27
2.882440051672945162e+29
-2.777893313422403124e+26
2.342266421932374141e+29
2.271113920206280608e+29
-7.711577284276766510e+28
-3.396587764830202660e+29
5.350836757342506621e+29
-8.949418668976268832e+28
2.193778983428822739e+30
2.674307791020026615e+30
-1.891676296263689890e+29
-3.497990062947307600e+28
4.466362643206504567e+29
1.364967940247893555e+29
-2.497508657222005381e+29
3.000913395971232708e+28
2.589322610567758324e+29
-1.286428412446245228e+30
-5.267427442915050594e+29
-5.548993138193443473e+29
-2.846743328264391283e+25
1.085270026125086511e+26
3.955451858477053474e+26
4.127488338249842878e+26
1.290483015911171578e+27
9.439940510752952056e+26
-2.125421065349200744e+27
-1.102278873456430542e+28
-9.494032516158646016e+26
7.401648806681230707e+25
1.662524046900667669e+27
-4.729396949728415789e+27
-5.242462932559477730e+27
-1.123756881976104414e+28
-9.178773726665791313e+27
3.894120671484834931e+27
1.685193311252127354e+28
1.937607271271290371e+27
-5.583612349570989249e+27
-8.614848920502823253e+27
-1.893996319882016291e+27
1.794576164845347359e+27
-1.964560614613422169e+28
6.939353290195935610e+28
5.901309373868806460e+27
-3.762232849877064861e+27
-2.128890891924953518e+28
4.833835236630947945e+28
1.384244593559089274e+29
-5.419089155671923555e+28
-3.687905834995972606e+29
-1.204613528493375563e+28
-1.099179160103919054e+28
-1.809623546577758963e+28
5.765615435248865976e+28
3.279751158689076646e+29
3.756926023714546643e+29
-1.835666024965407131e+28
2.219009484372348102e+27
-1.516781238307326158e+28
3.299019866902276089e+27
3.602064008104708038e+27
8.393071763139407045e+26
2.369477932847484063e+27
-1.601356114231560586e+28
-3.847915595700881141e+28
7.624706250311599378e+27
-2.541009877350570856e+28
5.889430273135890032e+28
3.205830407849325943e+28
-3.813097948685585714e+28
3.683276519446050923e+28
9.375553521389364463e+28
6.099410204270625672e+28
-3.655641467626364853e+29
-8.143809026723039741e+28
3.592846228855338537e+28
3.630088212397736042e+29
1.202662432251258697e+29
-7.691057236247686024e+29
-2.935839441333501770e+29
2.202378478892545371e+29
-3.119402462133523691e+29
1.226018620065481380e+27
4.693466937250853615e+27
-1.440231261904586719e+28
-1.106752626415660714e+28
2.746419384734912166e+28
1.083422331833732241e+28
-6.166789400355392214e+28
3.181675056350280709e+28
2.077098266511066673e+28
5.856991159755289815e+28
3.840028975835985624e+28
-1.419362511810967698e+28
-3.071748931015667997e+29
5.357593119255634004e+28
-8.318321573510920812e+29
-3.140101525180256395e+28
-1.612536351320277477e+29
1.186694552909673828e+30
2.227366788777654717e+29
-5.719058162132567337e+28
3.180192107032657773e+29
-1.062527919197115190e+30
4.589132125120628485e+28
1.420690922804281878e+29
3.391212223662127737e+29
5.400575503983359538e+28
-5.075786724010581950e+29
-1.347900055978141719e+30
9.088453875889213785e+29
-5.001181892873701275e+29
-2.318636578711944336e+30
-2.080461173762837185e+29
-1.915443506120709312e+29
1.293114027914174349e+30
1.056632732029277119e+30
1.340571558986991133e+30
-2.153908205352525591e+30
-4.603982879300196165e+26
2.179006006249485809e+27
-4.364050441705874966e+27
1.116437879229914103e+28
-7.844266337407238002e+27
3.343091568929018009e+27
-7.125711110485065561e+27
-5.953761010926480365e+27
-3.173193950113172558e+27
1.976106492612784877e+28
2.144808089803038954e+28
8.799728807403668555e+26
-9.374530242317908632e+27
2.373715329489578734e+27
1.314726029210239156e+28
-4.230276833242175846e+27
2.440425182297173674e+27
3.508364564315742571e+28
3.212366179006959019e+28
-9.921037882580172692e+28
-1.893606736081732885e+29
-3.520301007130231477e+28
7.818772960131100306e+28
-1.844690171995968205e+28
2.277493223146208761e+29
-1.408860305804714047e+29
1.310712028641794034e+29
4.829048653280879680e+28
-4.096420208795021650e+29
2.577000936636284247e+29
-7.683792486411412542e+28
-3.087354327983221025e+29
-5.271390648638916825e+28
-4.553739514316173747e+29
6.338079393760209475e+29
9.823578307699364912e+29
-3.399158743560876472e+29
-1.973628928243449403e+28
-4.860939884620956247e+28
-7.040413915795085955e+28
-5.325763958442113725e+27
7.128955520604736510e+28
-1.637041224986409383e+29
-4.301068085360069650e+28
8.050958097347800979e+28
2.753430003533527568e+28
-8.392784620943056788e+27
-1.116506381722057916e+29
-3.062601224750818457e+29
-1.638233648893154609e+29
2.128745350513833997e+29
-2.016596654891300814e+29
4.842420233110804526e+28
-4.178308719071447569e+28
-3.820051202082990647e+29
-6.125492739557245392e+29
-2.718566593522558537e+29
8.785231759039977669e+29
-5.881747161170164015e+28
3.359352632843495950e+29
-6.143371257311767272e+29
1.040815558374313124e+30
-8.712164416852171752e+29
7.702548872646463932e+29
4.811133309313547027e+29
8.922720834978065373e+28
5.856162441076327154e+28
8.030007964829527746e+29
6.008494085127589868e+29
2.166422129720509895e+28
-9.978798696278995810e+28
-3.509394433171359692e+29
2.051492586861756603e+29
5.551796364896423930e+29
-5.035226638566553349e+29
-2.685051549906553922e+29
-1.645606308561315371e+30
-1.212682494079849836e+29
9.666534500715824403e+29
-1.611741723778516736e+30
-1.608667375761035722e+30
2.797405817742088262e+30
-9.552064824296086500e+29
5.842519786577614961e+30
4.113163765476785091e+29
1.286623202792098725e+30
3.436809165125598694e+30
1.551758342477041012e+30
-1.932996333560377234e+30
-6.659511043484910754e+29
1.296379381928400888e+29
1.821999023117943010e+29
-1.550955709448475716e+30
-5.081910096739646759e+29
-3.299019546811319982e+30
-1.997672618301257660e+29
2.066865086697737981e+30
-1.403440783584754828e+31
-5.419470694820050363e+30
-3.804736913935148411e+30
4.012231169631210911e+30
-1.599142695291486315e+27
-3.990257541767105325e+28
-5.410129558444508291e+28
-4.224146056998332123e+28
5.407493037528718856e+28
7.610802933660545098e+28
1.026235203542608076e+29
-2.795604635310021708e+28
3.744207906113316146e+29
-3.313966788524606093e+29
3.438548703252177354e+29
1.082339615987195980e+29
3.144821779022761215e+29
6.745510528093364003e+29
3.362113861103941383e+29
-3.901306781742025679e+29
-3.574305967639748114e+28
5.840446211866113336e+28
-1.114323252233897394e+29
-2.738637648810996237e+29
-2.757466242600312276e+29
5.357449970122074757e+29
-5.466536934913522492e+29
-7.688731671858074275e+28
-8.558824291949843193e+29
8.123895161663459662e+29
-4.496400921444961820e+29
-8.339754792674675411e+29
-1.277053153456149349e+30
1.199636321252498921e+29
-6.337980647584794786e+29
1.144551657738069438e+30
2.528677339892843298e+30
-9.923893676171506521e+29
-1.172407324700312043e+30
-2.277768319605097189e+30
2.468860081784291543e+30
1.961667588450794731e+29
-3.676434559181149615e+29
7.989606529818368478e+29
-6.478374481266479141e+29
5.838865064893659885e+29
1.294109174734279108e+30
-3.216016591477364118e+30
2.871950923088989953e+30
2.301953461040276833e+29
-2.190518554037916439e+28
5.706371638156578798e+28
-4.790409591266428724e+30
2.886115757114489780e+30
6.183678036798033231e+30
1.877074151774580579e+28
-7.088527808000193958e+29
-1.347950992778866538e+31
1.443045369116869440e+29
3.660969455607816237e+30
3.163429535599595740e+30
1.682400961826275398e+30
2.322866137185968719e+30
-5.023026173979614149e+29
-1.689057107803980824e+29
-3.689371332673119745e+30
1.152475433057605760e+30
-6.057204710727218361e+30
-6.011137881942198703e+30
4.648600988305651629e+30
-2.410494794239898968e+30
-6.575632233562206103e+30
5.679598796435394557e+30
3.234834165799273775e+28
3.589172907351581754e+29
-3.483974198519765830e+30
-9.073018051887659216e+29
5.595028793038686933e+29
3.153887321953653443e+30
-2.503470489229107403e+30
7.568224366506990255e+29
-1.013644303414260335e+30
-1.203081800089628698e+31
-4.680616956820498884e+30
-8.426313276204534147e+30
9.037629646248177354e+30
-8.121253331215918819e+29
-2.873819289632721984e+30
1.611790022579064867e+30
-8.755192004981141253e+30
2.045356138428400677e+30
1.146367804923256500e+31
-6.054550443076722026e+30
-1.275402313010972471e+30
3.938446060059802621e+30
2.399723750966185153e+31
-1.122481802871046529e+31
-1.110679425344725595e+31
-5.790496340454954698e+29
-3.024104535334079210e+31
-6.065265904403472676e+31
-4.299569095355797863e+31
-5.295496401558931991e+31
1.124005127610551100e+29
1.890314952169841908e+30
8.009740841098932773e+30
-3.407278437299886694e+31
-1.778006269232719274e+30
-3.345174188877515548e+29
1.664394376504680531e+31
2.402950606327317269e+31
-4.233573647065458215e+31
6.476777004676196352e+18
5.851950734919418675e+19
-1.416210906758004408e+20
-1.460201737900885017e+21
1.145586213002904076e+21
6.124111382068372439e+21
-2.929363340554063682e+22
6.442586840900028911e+22
1.493638796640164905e+20
-8.589109384402394153e+21
2.536004444532264403e+21
6.993812920546947288e+22
-1.302748426779819088e+22
-5.840661557863946713e+23
6.202739468805738536e+24
1.010833454102106545e+24
2.962261332918743859e+19
-3.487304090034541638e+22
-6.813883307458072622e+22
-1.295268490117061615e+23
7.026631065094455170e+23
4.236811349080597546e+24
9.946650230056890558e+22
-1.394249968258029037e+25
-2.518270850945088120e+22
-6.058122693020548176e+22
3.135217456478849818e+23
1.663495103083082257e+24
4.937349589806350252e+23
2.166070573184479794e+24
-5.076275286041205334e+24
2.528188839405233708e+25
-1.718196910278776423e+26
1.290393829419753637e+23
1.668812654285707419e+24
-1.024826619672778632e+24
-1.486875815819389373e+24
1.112016865982627315e+24
5.070311562224525405e+24
1.065427542756988984e+25
1.564183293355399746e+25
-3.307501190613479618e+25
-3.580592867903369447e+25
-7.014010961594657347e+26
9.207395748409305423e+23
3.436751852021514053e+24
1.404758999989849667e+24
-2.895810180070471532e+24
-1.235555274246932700e+24
2.100216381141598893e+24
2.584788585285307557e+24
-3.278038207424653179e+25
-1.726857700997735276e+25
1.114933419445287615e+26
6.408654476879218495e+25
5.911181831056259247e+26
-6.298469319911275610e+25
-2.794819290518244511e+24
-6.151502997860331114e+24
7.462030835575271193e+24
-1.147426155928369726e+25
-3.500768884691171636e+25
-4.318963685393702958e+24
-4.125259344388473399e+24
-8.414716005088099887e+25
4.130067856050229774e+24
-8.123892384659570352e+25
-2.989105217162352298e+26
-1.376405692525216797e+26
-3.000622689346511643e+26
5.564144385356353698e+26
-7.076184393569215185e+24
-4.194392654118513222e+25
-4.551366693618190751e+25
-2.703077709802775320e+26
-6.554852163243832550e+24
6.258475968796264677e+25
1.091814845710820770e+26
3.453307059000999687e+25
-2.123736162456806785e+26
1.046602417860005418e+26
1.076492954084769467e+26
1.959408122934474230e+27
-2.120719034365516192e+27
-2.603870276293356320e+24
-4.440331107000160399e+25
4.229408540452744990e+26
-4.810824936619934533e+26
-2.255061337422924182e+26
1.994243137104100597e+26
1.323868119758841038e+26
6.780811823372065546e+26
9.913910479028343336e+26
-1.104126436408193816e+27
1.109781175365331833e+27
-9.508821606696038651e+26
2.264110096514326462e+21
-1.910019064133569217e+21
-4.111972614742319982e+22
5.176451675204729019e+23
-1.601909405663494018e+23
7.013489979170752226e+23
-5.839631578149397568e+22
6.361677738333223875e+23
5.046869377043978242e+24
1.351435804056559996e+25
-1.274403664383086160e+25
3.198701188350552899e+25
-5.295128078143472586e+25
-3.423461743478929018e+26
-7.718403898976210256e+21
-6.037409635582957618e+24
-3.086143036723642935e+25
2.303872470687145603e+25
1.719197228555101298e+25
1.075120859933311795e+26
1.525929460035241075e+27
2.892197348164468168e+24
-8.698430428165593838e+22
-1.295852195280900401e+25
4.425271628544188157e+25
-2.226751713013214518e+26
-6.159128745943888376e+26
7.707678456360952231e+25
-1.190095018763188104e+28
2.086303831710889051e+25
-4.754581229899641413e+25
-4.523196239323375289e+25
8.345194213967174012e+24
3.327885296589387833e+24
1.946752353012672483e+26
-5.540212829050873228e+26
-3.829231914633871406e+26
6.495741581864676422e+27
1.768598587427297402e+28
6.593279396171737789e+25
-5.694536077811353242e+25
-9.628755830329987099e+25
-2.550189463267307826e+26
7.853613026188869156e+26
-1.962821105126557815e+26
5.686787728960644660e+26
1.149418798409795728e+26
-3.034636742379017522e+27
-5.056529559057512879e+27
1.006823094280536110e+28
-3.343704874975213938e+27
-6.218437832863095266e+26
-3.639405223754862958e+26
7.518434792558245146e+26
-1.264602744169856993e+27
7.673220457086105918e+26
8.882965449123741149e+26
-1.936267588736273302e+26
1.504035462632443661e+27
-1.669230918190658912e+27
3.564645558443407346e+26
-1.444606813481649962e+28
-1.932767534656303396e+28
7.747401599052991661e+27
6.360906856023659199e+26
-5.378717830534220017e+27
1.207501592843233807e+27
4.839788614910023224e+27
6.569810115993041111e+27
6.118719032847594655e+27
5.168331834186051797e+26
1.654887169495962216e+27
1.772114000446001332e+28
-2.047837364018603199e+27
-1.230101662745983266e+28
5.809665791357385003e+28
1.985732219509905638e+27
1.076400402957265974e+28
2.791465539022891195e+28
2.073206776100567011e+28
-1.646509745838645104e+28
-1.317101120552730688e+28
3.277997380227017794e+28
6.097279156889591119e+27
-2.226052088491861023e+28
1.638649515382341428e+28
4.221365919698616340e+28
-3.793179012781117568e+24
1.420794122178734973e+25
2.622316562906639149e+25
-3.887425661202390789e+24
-2.959908187272965320e+24
-9.910491358121432038e+25
-4.870766404431057980e+24
-5.238789055657345516e+25
4.877933824124001670e+25
3.808612329843079415e+25
3.241206912423984840e+26
1.862004850826178834e+26
2.153250301139124134e+26
-1.474891264305321170e+26
-4.726317487351620373e+27
-7.303870794913942293e+25
1.234200952732568595e+27
1.863507597774142453e+28
5.125775422038655483e+25
1.050847918673285893e+26
5.151951442801263157e+25
1.568077334221128683e+26
1.422256718331848611e+27
4.959018682400178633e+27
4.606085082388974989e+28
3.016866361896646360e+26
1.629370402681770455e+26
-2.826082892750939779e+26
1.243718225755500651e+27
-1.660059425852884868e+27
-4.244599180989543703e+27
4.028734833190993033e+27
2.843307643731265272e+28
-1.233391338841684011e+29
-2.069816321219045253e+27
-2.506537145610524190e+27
1.436936269922670370e+27
-1.202067300942476975e+27
-1.192583733358197687e+25
-7.920527192851942601e+27
3.222632841818101012e+27
1.546483245754769746e+28
1.402618217070002009e+28
-6.636229633629957700e+28
-1.703766757332159720e+28
-1.328131781521563634e+28
-7.437225236879396731e+26
-3.126814367027836461e+27
2.784078514166415248e+27
2.307780204803948619e+27
-1.623886508593828533e+27
1.509383299379708839e+27
-4.617501242072582126e+28
7.441923069304938716e+27
2.084745948157347854e+28
-2.026160305689671748e+29
5.390135243789726735e+29
1.820729107207544752e+28
3.940922559509546467e+28
3.467064290694831555e+28
8.070295651310016597e+28
8.124825493024124555e+28
8.100899997028678279e+27
5.363306093209352599e+27
-1.948555999624800150e+29
4.405425164162872116e+28
-1.091816777203989869e+28
-2.828827643616756679e+29
-6.991885616177445954e+28
7.568243848175702365e+28
-1.441887830842069150e+29
2.356375224470529213e+29
8.963211776684503097e+28
-6.890883829787581911e+28
3.094916620225012647e+29
-9.171247719736196309e+28
4.402180369181285075e+28
5.236011395867246661e+28
7.427550801343036766e+25
-2.557171572396928066e+26
-5.856490888801002349e+25
4.300281995345009838e+26
4.690589952731039824e+26
-9.530038830776183727e+25
2.364291953291394973e+26
1.346063641018054323e+27
-6.422270416061324137e+25
-1.355458028565020807e+25
2.570026469496639865e+26
9.105515630732180702e+26
1.584008260698568145e+27
4.512532389074810884e+27
2.473160277298815548e+26
1.719480703062058093e+27
4.309349363908007738e+27
-4.917775006090180431e+27
-3.851291638279932585e+27
-1.365102722161155349e+27
1.469926353366947010e+28
-1.786556753089481537e+27
3.020461768436378617e+28
6.418603301041122020e+27
7.762028521773056457e+27
-3.756815653136804254e+28
2.094747759243085800e+28
4.085225232553342012e+28
-1.379564206617984230e+29
-1.173946705369129541e+26
2.306490515909880394e+26
-3.291341175581024045e+27
1.198735418999083640e+27
-1.349664610634308809e+27
9.359408411508933793e+26
7.699588910282735458e+27
-9.016801329803802382e+27
-1.253141916338649484e+28
4.977122908120409116e+28
-1.165853194223514959e+29
2.801278339123875588e+29
6.354906605721571692e+26
-5.463631581158684364e+27
3.466677032656165998e+27
2.567277024670607282e+27
-1.188040424711093295e+28
-6.333415625846666940e+27
-2.718559335429943449e+28
4.350768011950221299e+28
1.819893842329864019e+29
-2.762950362229199931e+29
1.688231221278204035e+28
-1.185804055751604165e+28
-1.635168689975570892e+28
-1.538108170566942492e+28
6.715782878565365686e+28
-2.071806236904952518e+27
-1.076347456314131969e+29
-2.758991970943111451e+29
4.824148567214715139e+28
7.710515285584187485e+28
8.715919201023955576e+29
2.555242337565541113e+29
4.167627900452650477e+28
-1.853964539965231941e+29
-5.607246338060797309e+28
1.177595618208983027e+29
5.773765098584870058e+27
-9.584969055141626689e+29
-1.501197273015882604e+29
5.471270291473754826e+29
2.397558911411496771e+30
-6.801506563890918674e+29
1.143591450647554191e+29
4.967321195114269568e+29
-1.501730271943466977e+29
2.720655820991231097e+29
5.665615421133941599e+29
8.934742514461908022e+27
-1.436849869474889427e+30
1.938697785078723946e+29
2.007990623586773207e+27
-6.730291059529977944e+26
-5.282774465933021902e+27
-4.338728121160494555e+26
-6.562085703786071905e+25
-1.570563942409165592e+27
2.693771126954651415e+27
1.689589621408418982e+27
-4.212612954594903948e+26
-6.064803114484488256e+27
-9.043866287292002998e+27
7.990890793327894397e+26
-1.744875175382407979e+27
1.265666774880086970e+28
1.159903422836574054e+28
5.870932006758769306e+27
2.859186547984983235e+27
-1.073522887235146636e+29
3.518337294493916743e+27
6.285941159179101777e+27
4.949945164971309059e+28
-1.013262889356328356e+29
1.655511657446518198e+28
5.554413766668163089e+27
-2.013239399756229100e+29
2.135310550743015026e+28
-9.590112562627219964e+27
8.258828230736511403e+28
2.808069349137874643e+28
-2.614960692415774460e+29
3.795794541023838438e+29
-2.313198602849863861e+28
2.872407758500289858e+28
-8.040203340309861574e+27
-7.517511452601286920e+26
3.024931342523435051e+27
-6.856704894472085735e+27
1.981990601276343112e+28
-1.515138312032125093e+27
2.481728260699954258e+28
-4.392799272750854431e+28
4.870933569448577908e+28
-1.271589428517294048e+28
5.544472341351740061e+27
2.605627988405291600e+28
-2.361550694787759498e+29
-1.263560233774480336e+29
-3.834198124618702621e+29
-6.350180062215459257e+28
5.621937643331435445e+29
-9.913077185216995694e+28
-1.951539572547018454e+29
-4.620735173382824519e+29
-1.549687407631295482e+29
-1.679964782094144803e+28
-1.030403831073701503e+27
-7.078789421892552803e+28
7.882971872852681349e+27
2.114120627703276732e+29
5.567983949691099494e+28
-3.581908353259610127e+28
2.711534991895371710e+29
1.265379735390020564e+29
3.194271917856031308e+29
5.907033650221453780e+28
7.690641137864349027e+28
-8.507441306186974499e+29
-4.546639168492167783e+29
8.235202286311863018e+29
6.873144574320579791e+29
-3.670676323786746084e+28
4.082277528582684533e+28
1.026481206194701392e+28
-3.877147542935581745e+28
5.586752063606157648e+29
-1.453182697108436922e+30
-5.349573032069380097e+29
-1.064236777325360350e+30
-2.282988666453528499e+30
1.987977256398203294e+29
1.665732522786970582e+29
4.229860077132511346e+29
1.450235067791574360e+30
-7.683840664875729512e+29
-1.842578405291462746e+30
8.821472507125514566e+29
8.957070217451879601e+29
-7.436696327743757148e+27
-6.638227213254353570e+28
8.575098224160029427e+26
8.339108850100583808e+27
7.306611311323389221e+27
-9.196972213152273741e+27
-1.558834743411472178e+28
-4.797022482256191029e+28
1.116921296269004640e+28
-6.139141230580526919e+27
-1.944838275661660593e+27
-2.154230638373516185e+29
1.805344639172528735e+29
-1.231447641218860213e+29
-1.321125349073406104e+28
4.671294351190863165e+28
-3.745587656323042450e+29
-6.680905538472918991e+28
-1.123067963902667771e+29
-7.149791686332997239e+27
3.909438597909901746e+28
2.373814037300957709e+29
2.043626391677941721e+29
-2.633332969034596924e+28
-1.815225968175659982e+29
-4.486501470774399513e+29
5.883508973438532498e+29
-2.658586685518172269e+29
3.365459703964506728e+29
1.914372613733605721e+29
-8.689057776988162885e+28
-9.667038541630760897e+28
1.105822153627221311e+29
9.292986139586420524e+28
-5.061884131222859778e+28
-1.124727024522584176e+29
5.055299878908147231e+28
3.794787617509357444e+29
3.584256754130526400e+29
-2.722380184819320988e+28
6.743229075307470882e+29
-7.311490719934964284e+29
3.264430696832334259e+29
4.007864492891184728e+29
-2.683254536272520844e+28
-9.936832947382874768e+28
4.806129122055139106e+29
-1.722316440264164693e+29
-7.549867799199956752e+29
-9.421949420108105805e+29
-1.741102068668795824e+30
5.558709628696681809e+29
-3.409242607191331089e+29
9.905024622331598315e+29
-2.729452867241672126e+29
-8.207236716179708876e+28
4.688443355515510737e+29
-2.888548201710232073e+29
7.009531690165498152e+29
-2.918563252362895920e+29
6.029904844931928277e+29
-2.547865416059903876e+29
1.778876922655602017e+30
-9.348656236073093700e+29
-9.831391215613732874e+28
7.659342784646939112e+29
-2.667527661007842799e+28
2.250988469641289691e+30
6.669163993588360606e+29
-1.944040848105956062e+30
2.812440526447944659e+29
1.222438179305075173e+30
-1.047716330804125979e+30
-1.563962141210418661e+27
5.009438969720095559e+28
6.215055932379147231e+29
1.132899384779280682e+30
-2.417375380111576997e+30
-9.562154782165081700e+29
-4.222305212887079935e+30
8.097911871687275335e+29
-2.164313780008596237e+30
-4.564921482046164518e+30
6.994616069760567780e+30
-3.962533051444001734e+30
3.302407543835592678e+29
7.215761384982715262e+29
1.683055441347739269e+29
-2.949766764485193468e+29
-9.239386193711482866e+29
-5.937187620660330284e+29
4.828303974253905716e+29
1.996276729867585831e+28
-8.262042842340659425e+28
4.158342285046889201e+29
-2.388863768064014061e+29
6.365933489250159980e+29
-2.262568325845826705e+29
-1.476282698472954264e+29
-2.430442665948252680e+29
-4.371073258228256185e+28
-7.588991867908310780e+29
-2.962579838943242821e+29
-6.827314900422515298e+29
5.456009120304252289e+29
-1.001311215232365523e+29
2.236176253897493954e+29
-1.894795625916309232e+29
8.996602266795931627e+27
-1.264278247288744806e+30
9.632212157098422446e+29
1.078750858217400917e+30
-1.342784180111000213e+30
-3.679682200551235494e+29
-3.180282943911850486e+29
5.885227898583958051e+29
-1.794935942409755631e+30
3.181034977006559813e+30
-1.184488974699234255e+30
-1.297675399495688444e+30
-5.153647048431523856e+29
-5.012843069001663709e+30
-1.981139410073033772e+30
1.077007453919854566e+30
1.724500417141085135e+30
-3.495429841495722460e+30
-3.169040822904726457e+29
-3.159858845849999302e+30
-2.626649226783293949e+29
-1.945993794276253004e+30
-1.184125179697015875e+30
1.377467302705146999e+30
-3.726006800810253219e+30
-2.097600691647878328e+30
-7.917489206547061497e+29
-7.950854394683199592e+30
-8.658514262339522900e+30
7.730909743793497891e+30
-8.837031362081667923e+30
-1.005059149973755559e+30
8.870667295283016496e+29
-8.726628709162586676e+30
-3.000125552335001019e+29
2.578618010001559120e+30
4.686969813057546460e+30
-1.421899539959069253e+31
1.313881398364883296e+30
1.242938066817233652e+30
1.779850442372923492e+30
-1.527164457259878693e+30
4.327882866037767354e+30
-1.370486343450898609e+31
1.389558065763686988e+31
-1.485716944282185131e+31
5.773872808840139087e+30
