-4.446135459907108800e+16
-2.106995216870993510e+19
-1.721890182184892826e+20
-7.335234726909796680e+20
1.400956396783151350e+21
-3.954925858280729215e+21
-1.496003953390058786e+22
-8.795462789790530588e+22
-4.607837791460026084e+23
1.153257956060473344e+18
4.918540214856526725e+20
-1.325978050215211172e+21
-4.798837707700953940e+21
3.758907157375058811e+22
1.097710381273584679e+23
1.065597394806710599e+24
6.887784498564584209e+23
2.042726142779375115e+25
-4.832967627409348362e+20
-1.324786800693288894e+21
4.741343940088019131e+22
1.150480357094527682e+23
-5.778290048547324397e+23
-2.328139559458116785e+24
6.988815892426642413e+23
2.741619184214780876e+25
2.087327956541203057e+26
-2.258676217514905567e+21
-1.305335078966004348e+23
-6.716932974910702973e+23
-4.627949584052592941e+22
3.858044844095559350e+23
-2.802290721755042272e+24
2.955729365854767284e+24
2.788317990021645478e+24
-6.074649471791150807e+25
-9.886818201224315013e+25
4.875036588990231740e+21
4.126870561085743694e+21
2.386071175258138009e+24
-2.145975299455495436e+24
3.215874825819042840e+24
-5.456837632119951222e+23
-2.992267014794416912e+24
1.660805030758338501e+25
-2.151984381857377643e+24
9.930907673897364036e+24
1.572386593993923391e+26
4.002200554491935877e+26
4.285253373859232481e+20
7.068207633921607100e+22
-5.385619832018240599e+23
-1.789475568770998601e+25
5.495709353231601380e+23
2.844119816765053906e+24
-2.194036254574887844e+25
-1.300964856278309036e+24
-2.225677877702510713e+25
-2.894329996537293501e+25
-5.883393499818200801e+25
1.040299493073256670e+26
8.180358567663646142e+26
2.523079041741607024e+26
-8.344659312303110147e+22
7.691128145398784370e+23
6.237068042118002628e+24
-2.829520393952021814e+25
1.227507876805116370e+25
5.046371441306354930e+25
1.206720772020014293e+25
-3.653227068628998599e+25
9.890152135991899885e+25
-3.001665390549510122e+25
9.504437861672994402e+25
1.908777534762377226e+26
3.780176797441388676e+26
-1.041583176468860703e+27
7.576235667365156551e+26
1.081374043178589655e+23
-2.628566428576968903e+24
2.134287126691714580e+25
4.254329475439893728e+25
2.982539416177017467e+26
5.239114867110207251e+25
-1.198676883086221049e+26
-4.645323984965823806e+26
2.900598642394714523e+25
1.598978386282530500e+26
-1.579920822092045463e+27
4.949608780222868618e+26
1.044609494636377243e+28
-3.336174655199518889e+26
-4.265223013600657387e+23
2.480237676937110939e+25
-1.795445446630473774e+26
-7.429191697243103786e+26
1.817255207862551029e+26
-7.243400182328205187e+26
2.564455174086217882e+25
2.817742866396160395e+26
1.657201323288499073e+27
7.155450841595974004e+26
-5.152347164592814252e+27
-1.456393027728232110e+26
4.213431664924257418e+26
2.396998635723032625e+21
6.701915272677582438e+20
1.057547050839487126e+22
-1.530140212786578913e+23
4.823827885966753205e+23
8.707640205682434722e+23
-1.223523667010679019e+24
-8.318303730108950433e+23
8.382108566157757776e+23
-2.027747218315985866e+22
1.673952471297329434e+24
2.770252057834206621e+25
6.342988722355315438e+24
-5.313097619776276746e+25
6.040781396109796897e+25
-4.406767092417167944e+25
-1.276237570276104203e+23
-1.270427515241354431e+23
6.065283087111258584e+24
1.568241454906728673e+25
-6.486221450922620984e+25
8.432978667058990892e+25
6.427461204348488818e+26
-5.789027089602758986e+27
9.584894993900365886e+22
-3.574911066011353917e+24
-1.078375461752161579e+25
1.003386852777066853e+23
-6.523344837767482915e+25
9.834429710855493770e+25
5.185851694616895066e+26
2.228720224198061275e+27
-1.201254534879506213e+27
4.220595269431006285e+24
-5.470510114776085471e+25
-2.780199866114638292e+25
-1.247665183722683227e+26
-1.073401409259948309e+24
6.119815444920184952e+26
-3.507995688581801670e+26
1.418581782358555856e+26
-8.101383253823911907e+26
4.727704453499836804e+26
9.632414866363150532e+27
6.915804848591481363e+24
5.331245246020637195e+24
3.355585437975282123e+26
-3.006491389114370273e+26
-4.315954318951336621e+26
1.082805969045926514e+27
-1.886823355503647141e+26
-4.948704162505882551e+26
-3.572120383588846123e+26
-1.924278535103413189e+27
1.301988040636935418e+27
-2.077391729845386170e+27
2.138490660814215103e+28
-3.896262785898162460e+25
-3.182340048799741593e+26
-1.333132758595592187e+27
6.173952663875455357e+26
5.478349802779241251e+26
3.652151223529827707e+26
-5.046818691743008651e+26
-3.043128455575250334e+27
-4.942088951624135021e+26
-1.138637833867992449e+28
4.105994977366581202e+27
1.068406957909841184e+27
-2.309539899208168553e+28
-1.113897151665189787e+28
-1.078745603696216105e+26
1.968052374163626376e+27
-4.402393811656841647e+27
7.011940684205078225e+26
-4.515819970595804744e+27
7.058906887803200667e+27
1.299199908308409269e+28
5.375583487645481870e+27
-1.656347506676646366e+27
-4.535458234629699793e+28
-1.606614710297124340e+28
-1.493612770160623633e+28
3.490252980482098833e+28
1.182459012393835310e+26
1.804732064597403438e+27
-1.447127921133964656e+28
3.530533170648583710e+28
7.125358820385816588e+27
2.863661180908623908e+28
-2.477619041646583799e+27
-1.059163144686778881e+28
1.146987160437730176e+28
4.032747117324706520e+27
-2.986550708692892344e+28
1.604361845486964641e+29
3.473352158543327244e+23
-6.920946565617915894e+23
1.534669469853515988e+24
-4.703535590928508833e+22
4.075698743793619231e+23
5.728919378508082735e+22
-7.772067217414197034e+24
-8.816500378347113740e+25
3.918316180227634613e+25
2.611310020831672856e+25
-5.730073248621568387e+24
1.049955735737556386e+25
3.327143917062399908e+25
-1.738838858781322528e+26
6.320065127175465476e+26
3.003351333063050547e+26
3.437039017524196646e+26
1.022163747307563094e+27
7.638586655695568122e+26
3.552603923626073011e+26
7.382803211351563359e+27
-1.989992862117298305e+25
8.333722520257136206e+25
-3.628106755550916389e+25
-2.844550252785444319e+26
4.812775980568956104e+26
3.212840102280459753e+27
2.368938804672787262e+27
-3.134087871039269512e+28
8.345145399801236963e+25
-1.353034050668909966e+26
6.913696664475753080e+26
-4.111778747073567445e+26
-4.353646203729725440e+25
-1.873266701302882873e+27
1.585582864079464528e+27
5.098151869362347675e+27
-2.525654935767438826e+27
1.103588899018695632e+28
1.136659679618907023e+26
-1.594872443462066749e+25
-3.700300323774634082e+26
7.417093746611652936e+26
-4.563892432319147359e+27
8.648238236147808748e+26
-1.024514698039564345e+28
6.522334907906438888e+27
-1.111277983483452826e+28
3.581342327336116481e+28
3.589145352614980664e+28
1.674146787723698583e+29
1.918709073237038659e+27
-4.314779197718804870e+27
2.359556666796228561e+27
4.861570927065106177e+27
3.033232095760059586e+27
-1.638675512109753264e+27
3.198630171535867824e+28
-7.294465652699993594e+27
1.060137434444156746e+29
-3.325939179445464950e+28
-1.134846589905149260e+29
2.463366246930862797e+29
-1.559881414398225952e+27
3.722852853920719988e+26
3.238251871587152531e+27
-3.049390267456045963e+28
-2.686787665017532570e+27
7.566187992263381035e+28
-8.048272597364416797e+28
-2.787543215946388163e+28
-6.082302413314871983e+28
3.229334476397525568e+29
-1.422913027867560518e+29
-3.804502107606722966e+29
-8.125622069020169709e+29
-6.960361484172310821e+27
-5.499820409566002190e+28
-2.974244952459192492e+28
-8.433016650168886361e+28
-5.973916168347249670e+27
4.632750573867267713e+28
7.729096339717304175e+28
7.541129401959637959e+28
1.607337715613464901e+29
2.456822341676905093e+27
4.697581014822365396e+28
-4.113793579365648914e+24
8.326283998220740094e+24
-1.810819557340140009e+26
-1.084397058065491569e+26
-2.019273897228353598e+26
-1.642011772454382182e+26
-5.782873662252227790e+26
-1.460019009715022399e+26
-2.697701845001056050e+26
-9.821397858443754704e+26
3.896643767125313767e+26
3.114285558889256932e+26
1.223833004712413698e+27
1.874891058235120020e+26
6.333277368179881879e+26
9.204346439374812229e+26
1.019515030510078441e+27
1.068964085495180332e+27
-7.374947498550009227e+26
-1.052356556065048917e+26
1.591085192261844004e+27
4.146158012499212344e+27
-1.922869078298633970e+27
5.771202051020314266e+26
3.301773352699464920e+26
-1.149837427197115669e+28
-2.183633451248185386e+28
-1.544570087257921434e+27
-1.852564055940944870e+28
1.063664232599372208e+28
-2.206407437623698466e+28
-8.104193182624325201e+28
1.102263889149953293e+29
-1.281072958184914390e+29
1.962114040724882301e+27
-7.661824285903958945e+25
-5.020963472626052909e+26
-5.461480288061098516e+26
-2.807356735958054477e+27
2.177313790217136668e+27
-3.304853827690936326e+27
-6.028490414410426045e+27
1.904483461242159292e+28
1.578077759398322914e+27
3.001595262881976772e+28
-9.097947032483116613e+28
-1.698716698035990224e+29
-2.302463724627483377e+29
-1.116311286423237209e+27
-3.604157506193387805e+27
-4.351060058271337654e+26
6.795175420011741538e+26
-3.725987140963547873e+26
-8.884657992548426022e+27
1.244654525908182692e+28
-1.289110533615291363e+28
5.934108338164072600e+27
3.210020928965533643e+29
6.164714770670998637e+28
2.372506879510360598e+27
2.363755364902030288e+28
1.695113656226316363e+28
-5.844708905638773419e+27
1.224571383057993428e+28
1.428910625317427625e+29
3.813416195988299814e+28
1.504569935705251053e+29
2.981561336773323245e+29
-9.919404783362391399e+28
1.883515046857938971e+29
7.048134865411093646e+29
-2.841350320165597209e+28
-6.362647861878286853e+27
-2.055616012202657064e+28
1.982585647442992160e+28
7.653074749605141041e+28
-1.178180720024756309e+28
-1.267240670120640782e+29
-3.066722715987392361e+29
6.383800103774839601e+29
5.517349679401638641e+29
1.002258167348507730e+30
8.049059921626681691e+27
1.868640447354233449e+29
7.192026727721196315e+29
7.206320616137398633e+29
1.870124386212036010e+29
5.097768668177111948e+27
1.919455668788621967e+30
2.083189481363011597e+29
1.921614552368135073e+29
-9.920786224998043990e+29
-8.825545787545738346e+25
-1.374656985512860466e+26
-1.038434896712427459e+27
1.854842272536604950e+26
-6.994828698746271617e+26
1.657590549575375104e+27
6.085283826025942173e+27
-8.336187350249555110e+27
-1.326064559637602833e+28
5.832629462638824640e+26
-4.013457641688690561e+27
-4.052970787148478319e+27
-5.394410850527382596e+25
-1.347693355948395184e+27
-7.559017632626932502e+27
-2.332356662480724750e+27
1.070286817443135929e+28
8.105953836977613006e+26
-2.842196671459959320e+27
2.857424074666809131e+27
-2.355662774964084285e+28
1.032229724610897428e+28
-2.520475480918974731e+28
4.206085152524319341e+28
4.371196431508285494e+26
1.407267034818793926e+27
1.075535948733308007e+28
2.196846816931988107e+28
5.461456753680350530e+28
2.949547534902733448e+28
2.526069610907977293e+29
-1.363895158060321364e+28
3.773550158226915195e+28
3.774113383317481553e+29
1.816497999875893858e+29
-4.329970044293623612e+29
-1.672395942627194032e+29
4.268019336143504738e+27
-3.723167697018490438e+27
-6.603968568782878715e+27
1.535079939720653487e+28
-9.455362694776069040e+27
-7.056016323673116965e+27
-3.970649359266682509e+27
-2.645175765778924485e+26
2.970182493513855975e+28
-7.312241284420764568e+27
-7.334272410050065536e+27
-4.467975626498326868e+28
-2.003339095533116078e+28
-2.142939198052490667e+28
3.213170209824806897e+28
7.090345750269384750e+28
5.592687491869121634e+28
-3.899222573060675509e+29
3.023151973496466223e+29
-6.759850261236432260e+27
1.805185675620797505e+29
-4.564237913397130031e+29
-3.658835210793290535e+29
-4.347506241160459825e+29
-3.451538050414364994e+29
-3.685571760236456742e+29
-2.687426386611006168e+28
-4.093298466279066346e+28
6.519540638132015837e+27
3.610629872662595331e+27
1.526582624488536940e+28
5.324435278698449967e+28
-3.407045963207626393e+28
-4.498348800834731623e+28
-1.275533070062797509e+28
-8.394285977606753897e+28
-1.894712497002468020e+29
1.923387825284731194e+28
-6.676215486104938316e+27
5.007681379627128202e+28
-5.645316990615207868e+28
-3.586068150364499797e+29
-1.306809665401601398e+30
9.133217627185108837e+29
1.306890620070304704e+29
1.365351170622011492e+28
3.671203814164192810e+29
-1.203119891746310441e+29
-1.587376135252513143e+29
2.149292780937554597e+29
7.356739443952072751e+29
3.075188547197188447e+29
6.441207820887100813e+29
2.659488120738515939e+29
-1.035854385744686966e+30
1.146349576182646177e+30
7.253230870046134336e+29
4.455431258859528163e+28
-2.828564300401415334e+29
-1.749252729032577718e+29
-8.506095852712806868e+29
-1.300760466695909891e+29
3.348708861190242375e+30
-3.795115689380601644e+26
-1.773281809674364629e+27
1.033268189977870403e+28
-5.499705848853426194e+27
-1.884282147228722689e+28
3.309146980058161829e+27
4.315860006378242692e+27
-2.229737568277322894e+28
3.122441983223563630e+28
3.319537409139546157e+28
-7.481117911459735613e+28
-1.909708624436401228e+27
-1.299856211843887179e+28
4.006230279587729329e+28
8.119679081810528058e+27
2.489321708778665834e+28
-4.060249741355523876e+28
3.174465919004109130e+28
-2.092270627705128488e+28
-6.376478431076971126e+28
7.955879013192974780e+28
5.381778985733880655e+27
-2.806148113897515147e+28
5.030616246671915738e+28
2.418348097931449153e+28
-1.985389053415628353e+28
-3.462350100155752131e+28
2.225751411207823325e+29
5.508367636313020970e+29
-6.493734557695694624e+29
2.769607130367904630e+27
-1.163366813534671731e+29
2.068513888128583440e+29
-5.735759729089118002e+29
-1.293752129276894184e+30
-6.418606077325576100e+29
9.137814071861887133e+29
7.997088448971491607e+28
7.533695047549303272e+28
-6.962035969481209551e+27
5.304911450881692317e+28
-1.545569181297427984e+29
1.004367748185784896e+29
3.426353753433836918e+28
5.711670926423320256e+28
-3.708082346416211221e+28
-7.268665536643685794e+28
-6.362637277063930888e+28
7.926786959968465526e+28
-8.254846273565976736e+27
1.340318284896665044e+29
-5.398721306974266553e+29
8.541210369149978939e+28
-1.152929185052234138e+29
2.341536552983970248e+29
6.125760908957644883e+29
-4.013133110566001040e+29
-9.849110196666700855e+29
2.181238550955424760e+30
-8.812172281888492197e+29
-1.718377514250896439e+29
-3.022259341049534639e+30
6.332781651753619702e+29
-1.140943293908835322e+30
-1.715522296039845068e+29
2.938725375884351693e+29
5.108074346623759005e+29
2.745462341942853815e+29
-2.971879707301235980e+29
2.446592928005040767e+29
6.699355690772539873e+28
-1.177874160875964246e+28
-7.714212366888074292e+28
-7.534339637998326787e+29
-4.697551674931251107e+29
-1.434315022413386592e+29
1.082541882761483043e+30
1.433492348229551316e+30
-8.478252611819695636e+28
-1.104151502202297991e+30
-1.964328237676622985e+29
8.530790836620763562e+30
7.254702089057118843e+30
4.598836264397822181e+30
-3.319314586915619601e+30
2.048045319415340123e+30
-9.658467701379424145e+30
-9.509183509109852270e+29
3.131252739006137627e+29
-2.576137630077765215e+28
3.879611099655528646e+29
-1.378418884480646966e+30
-5.219353174052859301e+29
1.831138925416245601e+30
-3.109144423437079187e+30
-3.790174491499197673e+29
1.765122745087737859e+30
-5.739771776217923340e+30
-6.737652866609197832e+30
-1.012001750467382094e+31
6.228241069901141421e+30
-3.173064393318590572e+27
-8.960078619420605312e+27
-7.208803328882505216e+28
8.650047679445437791e+28
4.091253139474500050e+28
6.624876057662302996e+28
-9.451410900793378484e+28
-3.480414561830818303e+28
6.850745785239373189e+28
-3.035735587100316797e+29
7.630388820800278873e+28
5.847068198478898494e+29
2.947596855195828696e+29
3.075805271941215247e+29
-2.851433544338981712e+29
-1.302792144146819050e+30
2.506652464697711666e+28
4.966486268464822336e+28
5.776571413705079955e+29
-4.577147173050129185e+28
-1.715836834165774847e+29
4.905680899670617329e+28
-3.368127279096829171e+29
3.053530452982882071e+29
4.761177616323087884e+29
-6.981461757707859219e+29
1.487018134721409036e+30
1.099549982135476980e+30
1.437744193517669238e+30
2.872861856642728859e+28
1.527998298071680670e+29
2.396566023034148003e+30
9.975010260680022077e+29
-2.381219073797382418e+29
8.047382307635765514e+29
-2.365381204920391321e+29
2.875002751081778458e+30
2.124988393810170935e+29
-2.872293605725714860e+29
1.692000342601096083e+30
3.489819373324865035e+29
-2.540114565233544252e+28
-2.188907595630350551e+30
1.118242615694669484e+30
9.606293383270165466e+29
-1.246072329813741591e+30
1.507495167326657478e+30
5.907117491656716322e+29
1.395993162159814832e+30
-3.559253287778426606e+30
-6.234252821181407578e+30
2.551944501465779550e+29
4.270592070790616378e+29
1.908633529233375526e+30
-9.146547953173795804e+30
-3.320612204135333319e+30
-7.093504374251265839e+29
1.643464959665678066e+30
-1.380890702840952023e+30
-1.173816600552894519e+30
-4.101422304239193360e+30
-2.253838404411767590e+30
2.366707219713565859e+30
2.572771517390340627e+30
-9.432068994678354714e+29
2.267575803777275705e+30
-8.089215857884144749e+29
-4.329205108512312623e+30
-1.066932592423284686e+31
3.944357612586634104e+28
6.785480617963786402e+29
-3.403825709216071917e+29
1.389431003752218276e+30
-6.088991423875143114e+29
2.196394737588066328e+30
2.276793085995744861e+30
-3.529474741149995986e+30
4.772686155818007999e+30
1.563367506261149328e+30
-2.970630979908234288e+30
8.632396895927935306e+29
1.679111707516288488e+30
6.465874833968473883e+29
-1.196594452675610474e+29
6.450874162872251941e+29
8.550343762534569742e+30
1.144875984463624122e+31
-3.254441593242860952e+31
-1.065561344220894672e+31
-3.280541954612416452e+30
-2.161314842111719609e+31
2.135984977352826923e+31
2.758670060637257482e+31
1.791910883720256184e+31
4.298447945276837596e+30
3.745738366662324021e+31
-5.971814038058105878e+30
4.377170117943666850e+31
3.084927059477265599e+30
1.236911905396707956e+30
-2.181186469811953758e+30
-5.941730542459340620e+30
7.001140601722907669e+30
6.760397448625937809e+30
1.519908535013047287e+31
4.844709404986955332e+30
4.529467008987518597e+31
1.161993310216751803e+31
1.005893467478812262e+19
-1.099976425475833528e+20
-1.825177957348107878e+19
4.882447286202009649e+21
-3.985267083991324819e+21
1.820300134090703634e+21
-1.166838132085069814e+22
-1.155795734007457597e+23
-1.018828459455432294e+20
2.707727195764813201e+21
-2.825210599506117132e+22
1.183715652264319716e+23
-3.522099527574133418e+23
3.184621659836122514e+23
-3.767620691421543283e+24
-1.312064541484546753e+25
1.079555063203508309e+22
-4.219305958868086948e+20
2.055997989873025223e+23
1.401869482029132800e+24
9.182439457493195162e+22
-3.104025923552778859e+24
-1.049779040846517433e+25
-2.278392522806203506e+25
-3.166665764363189617e+22
4.989742938299187300e+23
1.738023465558991658e+23
-2.877470835640340681e+24
-7.952176326471295561e+23
9.577276042704055467e+23
1.583221300455460563e+25
-3.194662304894467195e+25
4.008378615193349796e+26
-8.867843219006302663e+22
7.272349790592867070e+23
-5.902521370412821953e+23
-9.378636183947941836e+23
-1.344092071581106341e+24
-1.290816279066764157e+25
-1.970302164879021657e+24
2.855521069827476265e+25
-1.266019154980383853e+25
3.110670314984645966e+25
5.761339208640268496e+26
5.625491427101676614e+22
-6.552254004870302254e+24
-6.131534211024892891e+24
-6.693308605892089495e+24
8.540821979644331660e+24
1.426647308182212528e+25
-5.874054364528612552e+24
4.873054297058455897e+24
9.078643544610312374e+23
7.248128911941814455e+25
-1.631456973486013498e+26
-4.640659163839906737e+26
-7.832514824595190927e+26
4.961389138810732513e+23
6.216845816302271833e+24
-1.811526862208449095e+25
7.735552186210252671e+24
-4.941372659670161598e+25
1.517899008754639046e+25
-4.942960412831457967e+24
-1.961914243849102033e+26
1.980299732896493562e+25
4.113882283498254643e+26
1.020064246844758185e+26
-8.114282149781664873e+25
2.522696225763720435e+26
-1.065326174472796700e+27
-3.448595257697631744e+24
8.518581625174882990e+25
7.734787767968337366e+25
-2.080799855408834355e+26
-6.066966726804534564e+25
-1.837852443915089409e+26
-3.011519868111545873e+25
-1.788023923173219519e+26
-1.026019147525307314e+26
1.878815779068095533e+26
-3.211692834017007969e+26
-4.485548604507324470e+27
2.161949041009994474e+25
7.666447356063661742e+25
1.599595847755775586e+26
-1.597481219754179297e+26
-8.563654102096823184e+26
1.817049341343899572e+26
-1.655493071041906937e+27
4.324765619229819631e+26
5.783376443587008910e+26
-1.382981372996673616e+27
1.490738040752934220e+27
-7.456239156655124599e+26
-9.736354303681681730e+26
1.491539477956526290e+22
1.290914043555789930e+21
-4.249579426521960143e+23
-2.578902325136343643e+22
-2.325220286252332771e+24
1.636469259027152959e+24
1.327150226071523097e+24
-7.734734079307332295e+23
-1.138105634654476907e+25
-1.951519443429945208e+24
-3.269725594443328660e+25
1.134371934514265307e+26
-9.691881018643404919e+25
1.372113328990770887e+26
1.189780656962605276e+24
2.024757313968948071e+24
-1.394459212648398571e+25
-1.204470470775570809e+26
4.873618319410896435e+25
-5.735163793347755255e+25
-2.591096118005739918e+27
5.662801426328643231e+24
2.689018796736559617e+25
5.564404963791228250e+25
-6.030080573395954815e+25
4.150802459319521513e+25
-4.318393337019743365e+26
-3.645974609768558475e+27
1.941101264218621347e+27
2.764092836271060089e+25
5.771806303326730727e+25
2.628294515739181463e+25
-6.383707498978678449e+25
-1.146867946794549724e+26
2.100762877159771092e+26
-7.093939255342868987e+26
-1.299728353465381272e+27
-6.135201975671669991e+26
1.034833939625511052e+28
-2.644122237157698242e+25
-3.778700529533264601e+26
9.608053951674696565e+25
2.976992236057811992e+26
8.415472303103675611e+26
-2.209623895025106827e+26
-7.170528797982577043e+26
4.720674105296434605e+26
1.665532277692772474e+27
-5.675760122350116617e+27
1.914178808153245905e+28
-6.514414813841891572e+27
-2.931520037508982359e+26
-9.801780608052965568e+25
-4.317085547864649735e+25
-1.383396344957177107e+27
-2.600508571964279913e+26
-4.357293627284874323e+26
6.324841241688343387e+27
-1.766233413582177382e+26
3.419242024191217676e+27
1.115498269966944082e+28
-7.604865333196965859e+27
-4.739840954352272893e+28
-6.560142672499494292e+28
-1.553184002209236663e+26
-5.330841048798455200e+26
-6.421749126750740973e+26
4.553429336023742140e+27
-1.051537344983597318e+28
-9.314452710946717741e+27
-2.552260052901480439e+27
-3.480052926640967118e+27
-7.916708820386398932e+28
-5.526385919967254728e+27
6.564632019041721653e+28
-5.189431494255191113e+28
-4.178219515529338447e+25
-3.442482758802509908e+28
2.006934793400863395e+28
-2.572243395237178897e+28
1.729635036797047418e+28
8.755656832984931918e+27
4.963300690647763920e+28
-9.077515070671851085e+28
-3.344188625390368029e+28
4.823873273377084284e+28
-5.600981048654739977e+28
7.583446805249397312e+24
1.031314297962473963e+25
2.376591215747372152e+25
-8.563120036031659199e+24
2.779004841567649390e+25
2.501919838973324501e+25
-1.066937437579239145e+25
2.103634112523577850e+26
1.630106631392204427e+26
-6.221664809997315257e+25
3.132762478325149670e+25
5.333666801050633134e+26
-2.626882150785914305e+26
-2.676412530173010518e+27
7.513753456921756194e+26
6.760012032026049772e+26
-2.090971470767977823e+26
-1.664839081162933419e+27
-7.079627628486744804e+25
1.704657280043197651e+26
1.230780496175271541e+25
1.884915760147171485e+26
-2.055967680226429130e+27
-2.748122531244061525e+28
5.594129114147473017e+28
-2.025796682595257339e+26
1.231519372869353819e+26
-8.866655749367285369e+25
3.536237578611094205e+27
-1.988490957655268063e+27
-5.657831278772815455e+27
3.296036925826596968e+26
-1.341317984953566929e+28
3.448388438055236125e+28
-2.015885180550890224e+27
-5.283180991663075919e+26
-4.219608193339566032e+26
-5.712515591734941169e+27
5.882456880690056344e+25
-2.022340610928626054e+27
-5.014275547279397191e+26
2.272197506548038684e+28
-4.086449541812728996e+28
-1.370269633790808581e+29
1.345996859674808616e+28
-5.121422574054593501e+25
-3.342047556867049928e+27
-6.007291864736060166e+27
-5.427720270943333110e+27
-5.132520618435586556e+27
-6.098892218974226639e+28
3.769578916363266431e+27
7.341888932371159274e+27
1.103091792377831396e+29
3.650934170759534183e+28
2.501415180975312106e+28
1.887487279587655545e+28
-5.706035844894673849e+27
-6.912237932206664407e+28
-1.598773035920375499e+28
-6.424317737489867367e+28
4.799047208688665573e+28
1.173036219067151203e+27
4.688319296188265343e+28
-3.297412187286393666e+29
-1.504381750103078286e+29
-8.766375423743108725e+29
5.296765909522424781e+29
1.740495854503683410e+29
2.902142496078703414e+29
-9.139769181015107764e+28
-1.221331788996707010e+29
5.316578755341186480e+28
-9.369632419977284204e+27
2.957771627880029955e+29
4.003970753155267412e+29
-1.766055688052357953e+29
-2.527561435832605597e+29
-6.359159227806957848e+26
9.222796783646067110e+25
-3.146099766221618919e+25
-1.575690790939756015e+26
-1.349287504823607260e+26
-3.117177417649328395e+26
8.992008702164225208e+26
-1.568023391378796162e+26
1.805122665508197014e+26
-4.959109456926109420e+26
-1.776667879533849988e+25
1.387234161207664894e+26
-7.718401611518001789e+26
1.312713176657273804e+27
1.270998116294889472e+26
-4.541827647228150986e+26
6.349380494174609295e+27
-9.962991035859996610e+26
2.265390630141685523e+27
-1.124888776995201413e+26
-2.626631133117037948e+27
5.963634157791781086e+27
-1.925687530431926431e+28
-1.290611816919184978e+28
1.558507116795377668e+27
2.002051030723487662e+28
8.817721498720806356e+28
-1.296113324431169184e+29
2.426146405732594294e+28
-1.359535225988858547e+27
7.391260685949884003e+26
2.355677597771266196e+27
-1.116735820485704897e+27
3.388509863594391126e+27
-1.002305061181043116e+28
6.577340586154692429e+27
-7.851837446981558189e+26
-1.048426376154510051e+28
-9.840004090584531044e+27
2.458897394521276237e+28
-8.158685340462835436e+28
-3.283500813159878435e+27
-1.521618604708849495e+27
1.437596141229477430e+27
-3.858125519929440293e+27
-1.396525673692397766e+28
-1.156083572694344660e+28
-1.094440990755936305e+28
1.141402960554253148e+29
1.849395962313364988e+29
-2.863563396205886449e+29
-3.497415242366754591e+27
-5.169166952188523962e+27
-1.802307057079606429e+28
-7.315897692313324526e+27
7.290303678215649575e+27
-1.938965899239260663e+28
-1.481017049691950323e+28
7.389618139000045337e+28
3.806972066317812432e+29
1.866570498396307813e+27
-5.099038387600545200e+29
-2.330541749880327793e+29
2.440099117130790286e+28
2.298618368025367610e+29
1.353142724381646923e+29
-1.018439252412571828e+29
-1.271742391461675096e+27
-4.101337089112751137e+29
3.814690233340504487e+29
-8.151089816335441267e+29
8.877831868115265927e+29
2.652394087360068865e+29
6.781206978385574958e+29
-6.574515211464512076e+29
-1.428986699292153334e+29
-5.542852711538571813e+27
7.835229923094001558e+28
8.123614714431529506e+29
2.144452014772678275e+30
2.834056596943208284e+30
-1.942334513113987134e+27
3.173289096077845923e+27
-7.467558650439496129e+26
-2.588648696925390346e+26
-2.447439709899782844e+27
-1.317217804017676090e+27
-3.768982315022330340e+25
7.762297574386654963e+26
1.785292469571567122e+27
-8.176358822498036064e+27
2.456131507861819694e+27
-2.890044152883883339e+26
4.496941447225093806e+27
-5.761603922463374124e+27
-1.312502941655556071e+28
-5.589390838984354883e+27
-3.535260329725457040e+27
2.980964200419477313e+28
-3.698768981568859639e+26
-1.638988232123598831e+28
-2.410666720599553685e+27
2.280886853658345991e+28
3.250529491396723122e+28
2.774481883382899893e+28
2.624535794003746453e+29
-4.438608218569238229e+28
-4.901981472631803380e+28
-1.302429053653143831e+29
-1.030648606350334337e+29
-1.425234431826206475e+29
-1.834067611307367422e+28
4.279488774961068500e+27
-4.079459907212980829e+27
-1.595011947558420163e+28
-1.672893328008319762e+28
5.004651024632915263e+27
-2.583295844940850617e+28
-4.771511365667036061e+27
7.757910951201517290e+27
8.518200839721328992e+27
2.448303597681785959e+28
-2.149944354229008860e+28
-7.405815777709643699e+27
1.156505102711854446e+28
1.472388247584335190e+29
-1.528415062966484066e+29
4.862245996410096698e+28
3.626979502922547675e+27
2.881493410234188023e+28
3.169013989816477228e+29
8.514295729986775860e+29
4.020609347853990214e+29
-6.420742272225594715e+29
4.453569729247104780e+29
1.935252323656149407e+28
-3.527126051806173938e+27
1.994589443159903684e+28
2.153284312134637441e+27
-1.703362597412886817e+29
1.923981604543146963e+28
1.864430711606054817e+28
4.106404105177162886e+28
6.046895456283490485e+28
-6.281292912955261712e+29
-6.523591053696313182e+29
1.668620707474285963e+29
-7.243199448413984210e+29
-9.950383537456816899e+28
8.654369877328008776e+29
2.917146284820286800e+29
1.517702935893724030e+29
7.188027336931415828e+28
-9.099498895061899688e+29
-6.997602485354492507e+28
4.368235755654633060e+29
-4.986195638067498176e+29
6.216031513724829360e+29
-4.146082773098310144e+29
-9.919600641998762690e+29
-1.046355252911781552e+30
-7.061706894528240130e+29
-5.681963949439672543e+29
9.007748403826243842e+29
-8.382870588884093660e+29
-2.471809914583658398e+30
-1.697557152096537717e+30
3.499987334071472811e+30
-8.755823059373385081e+27
2.907019136274407850e+28
1.955784268258222553e+28
-1.780460890945621794e+28
-1.434146520764049682e+27
-6.969314598849801267e+26
-1.557763445842089898e+28
-1.914987869527091836e+28
2.913566221056590845e+28
1.360909745959312443e+28
-9.402479499172838599e+26
1.854260509645504676e+28
9.246860210017188249e+28
6.831061210062469507e+28
-4.246229289723027179e+27
-6.098061834327236846e+27
-1.482638095278802894e+28
5.742905648171284130e+28
8.906418148274234216e+28
-8.149206031725429197e+28
-1.026797266796545611e+29
-3.066837430687112435e+29
-3.686358290569537493e+29
1.076913157775315516e+28
-9.146477538200224471e+28
2.177848583354848301e+29
6.993079606427958047e+29
1.826270930249916462e+29
1.027465930152444779e+29
2.994870381926030059e+29
1.061922985668565581e+28
-8.376972480586979276e+28
1.381016921267840641e+29
4.968977328610621019e+28
3.947683222123491804e+28
-5.860715198462476505e+27
6.270440841555919312e+26
-6.989237769726299006e+28
2.456727256696993961e+29
-2.089329194033110466e+29
-7.001042383288853672e+29
3.944108291728773435e+29
2.597713570350255122e+29
-3.273643596963429502e+29
-3.196924503514498098e+29
9.248547601340901050e+28
7.733979796297445106e+29
-2.688695529922740717e+29
1.043630737681741947e+30
-2.039484094225522355e+30
9.929934875837813830e+29
1.481038251881161165e+30
7.719925754357184089e+28
8.859628257338247100e+29
6.638173084717497540e+29
-1.311425448715236351e+29
1.666362892585188075e+29
2.222869702345273893e+29
-7.177932730111139617e+29
4.834225533142218777e+29
-2.241154483878489110e+29
-2.314040089297236567e+30
-6.283787104891034814e+29
-1.409823603349310745e+30
-1.620296297776705975e+30
-2.989957829084842973e+28
2.647027656485137430e+29
1.554935440040667622e+30
3.910829548135021229e+30
-2.298123964542352189e+30
8.713520344609741688e+30
2.915744001868683721e+30
6.315825807755623073e+29
-8.355403784303439582e+29
-1.049663395807412847e+29
-6.845645651406931165e+29
1.560175102666025027e+30
-1.707459672502434123e+29
8.382326448726507785e+29
-3.941517920365749002e+29
2.139753639734520487e+30
-5.768258567945949219e+29
2.968781065012911519e+30
2.443122114022585604e+30
-1.849479725017380858e+30
-5.498220568053046836e+29
3.364123541646497970e+29
-1.326163912088745006e+29
-1.440180179879620400e+27
-7.090670746517430577e+29
5.966936739342705088e+29
-3.070111153049579336e+29
1.895927527413611261e+28
1.419351574269878510e+29
2.298468959561579103e+29
2.065002721192976940e+29
4.751329351142440331e+28
5.923071779845607441e+28
-2.366060935069687812e+29
1.304255597736517147e+29
-5.140976248594950623e+27
2.644400968344104359e+30
1.121091063527733978e+29
6.808227248723054220e+29
2.435153522239862681e+29
-9.361290135715623604e+28
-3.771113419952531059e+29
5.039065175399871443e+28
3.017548630533343255e+29
-1.270733828904035421e+30
1.169393522280484321e+29
1.484195708822601734e+28
-1.201103525996810891e+29
-4.943943833962653735e+29
-2.048679918931110615e+30
1.590365990299066410e+30
-3.021363604696420353e+30
3.013586038278560532e+30
-1.491640368489579277e+30
2.705988187597812643e+29
1.989425926612845438e+29
2.495982976204018011e+28
-3.002627009509897884e+30
9.618732645025544493e+29
-3.775728871671711319e+29
5.571118909579308388e+30
5.231264216752335236e+29
-5.310863439939959293e+30
1.649349861300924939e+29
-2.021898764301893219e+30
-2.664166666345989621e+29
2.990222585858358620e+30
-8.841707194199982804e+30
-5.286107021889109977e+30
-1.129139056116837918e+30
8.807388185210656757e+29
-2.319042979131053673e+30
4.311621107748146907e+29
-6.656936511463322076e+30
-5.013290995661724671e+30
-7.944360195939286239e+29
-3.103036792342428717e+30
-4.128222055970217116e+29
2.806164610043922774e+30
-9.584707722184847726e+29
-1.349354863249582754e+30
8.217299453703946967e+30
6.390649847482344413e+30
9.475318877137299786e+30
-1.846725302313098669e+30
3.657494798112083046e+30
2.338676689023031801e+31
1.581483128528802001e+31
-2.844948641832899648e+31
-4.030415054367704383e+30
