-1.529110758699756800e+16
-5.982659323343728640e+17
-1.830720474064491315e+20
8.419704303715137618e+20
2.141899305962489512e+21
-5.535169789727531336e+20
-9.222708816461548225e+21
6.128262086067436388e+21
-1.561526930945007860e+23
-1.491792892364705792e+19
-8.475889194129039360e+18
3.888513358244665098e+21
-2.772146214693951767e+22
5.606195748350603769e+22
8.860799392593184870e+22
-3.191912917133546981e+23
-3.492297548904274051e+24
3.881752881892513322e+24
-3.651646310162232115e+20
-1.970161072880215078e+22
-4.711348205685738832e+21
1.398356925008299185e+23
-5.102299131537428652e+23
-4.020834531663269048e+23
3.496483716680924554e+24
-5.777596278263764729e+24
-9.715984450520784985e+25
1.044584773361487577e+21
-1.471791897091908326e+23
2.579627494949565078e+22
-3.553630013141455271e+23
1.807547221116216221e+23
-9.573257703216999773e+23
5.036067110482444819e+24
8.881746540291549750e+24
9.081987941323951569e+25
-1.571258503836812001e+26
8.823721273015330144e+21
-2.329263335756540989e+22
9.576327749855525365e+23
-2.289233767932211690e+24
2.788461552335668847e+24
1.096494659800060821e+24
7.792789661744042925e+24
1.646718579546988510e+24
1.683694294748651539e+24
-8.275338484728224738e+24
-2.863865278352466832e+26
-3.264263548627791595e+26
2.967073797620197491e+21
-2.231431588085726446e+21
-5.664112120704166653e+23
-1.901548067062166495e+24
-1.034973541194072271e+25
1.384331810179549145e+25
-1.464355635625666223e+25
-2.826542990707677473e+23
-2.324249164856297979e+25
-7.858199741792001154e+23
-1.611283389525617073e+26
5.303937326913267462e+25
1.396627470316771467e+25
-2.311933392998865748e+26
-1.960294736683112543e+22
1.898715381981606488e+24
1.678703249084666787e+25
1.611361551642840329e+25
-1.693403721300327454e+25
-1.259374521009574110e+25
-1.284231552306161829e+25
2.203070265596217131e+23
7.459810173880607674e+25
-1.970820586724216427e+25
-6.884635241388617861e+25
4.708125870149285309e+26
-3.890265327314742047e+26
-1.676165637423025236e+27
7.129506702492989714e+25
1.146230011624211947e+23
6.671324680926701115e+24
1.496694412262973392e+25
1.195761382354402675e+26
-8.109241892221383906e+24
-7.457996638121171644e+25
-9.280076018762037853e+25
-1.060820379266676836e+27
2.267447858497542826e+25
3.806057613574623511e+25
-1.559212411586753652e+27
-5.081005570161046084e+25
1.330909187287804448e+27
-9.906178267571521384e+26
-5.167417116549903936e+23
1.425619477529533006e+25
1.169832650328252021e+26
3.031231435977584041e+26
-9.672608111309634289e+26
-3.465217122017830988e+26
-2.869054482411095048e+26
4.419987225990493497e+26
1.121644315239346360e+27
1.350649152274998940e+27
-5.988508465493108276e+26
-8.751143720807747899e+26
3.473078715375351470e+27
-1.909700030543441428e+21
1.375110632429443875e+21
4.744095397947785609e+21
7.081064194367794708e+22
8.754228709465937412e+21
-8.990267304877608791e+23
1.560887326810744816e+23
-1.103936616656055875e+24
-1.811921817474101942e+24
-4.355635764051053449e+24
-1.457611587187509624e+24
-1.304615005854680478e+25
2.442347818867772220e+24
4.493154641524524080e+25
-4.525144663140232527e+25
1.802840944679077575e+26
-6.641569953136591556e+22
-1.239529288972066034e+24
-1.968237999810869555e+24
-1.189242733057431128e+25
-4.363795363981898829e+25
-1.081635336335756389e+26
-3.064408252054340602e+26
2.333535672487775038e+27
-1.492545561012743984e+24
8.318325714015078987e+24
1.465846944732203923e+25
6.599273819164512108e+25
4.893133510596660626e+25
8.671530008927297388e+24
-4.311710652769638383e+26
-4.430371712570904906e+27
1.388508949846111114e+28
-3.488995072218312290e+24
-3.834203674245910434e+25
-5.928008665094629207e+25
4.672449285893795858e+25
-1.487237989060485685e+25
-1.250587838239835786e+26
-2.589412464194257424e+26
-6.969997111130210534e+25
8.437592711163682287e+26
2.403711686555935593e+27
1.325566752378154896e+27
-1.565605929801820938e+25
-5.702906922396005954e+25
1.960656475221932184e+26
1.363956994238686298e+26
3.677407802082602697e+26
1.109190361510309886e+27
1.855795741836888742e+26
-6.856643762365457057e+26
-4.108028600286517714e+26
-1.488803300380681809e+27
2.231874264370481591e+27
1.586131668052785329e+28
1.858598471912145377e+28
-2.414179910318384844e+25
-1.240475669997084507e+26
5.650912532958872768e+26
-1.354851271433507994e+27
-6.516022809271942885e+26
7.268880885003934955e+26
-3.148144650275520932e+26
-7.899203818474653556e+27
-1.507596838249212819e+26
-5.396766515143357352e+27
1.756928604374092631e+28
2.453655278759049415e+27
2.413949574857811743e+28
-2.667075858584849255e+28
-4.930358227350105697e+25
1.023866113977229312e+27
3.741336222410392401e+26
-1.891158067401060677e+27
-3.304685789472089553e+27
1.010546834379209116e+27
6.693618576810244866e+27
4.308989794150415959e+27
-6.229187525009931930e+27
-2.904343721214603894e+28
-8.489230444021722862e+27
2.549637751436559261e+28
-5.037968149329957400e+28
-3.637744896465327781e+25
7.378928085950646036e+27
1.852362852268105567e+28
3.125355469382187092e+28
6.867287077890056777e+27
-6.664159314995770474e+27
6.248618542875938406e+27
7.386311038070716175e+27
-1.417341955976844311e+28
-2.024048281267617334e+28
5.706897720205554888e+28
1.002074438322806204e+28
4.245313256443130518e+23
-2.211100092721355691e+24
3.273392524532512006e+23
-1.139176783544601958e+24
1.697514521702078148e+24
3.153470286839416811e+25
-1.113877703401188904e+25
4.825732757160380787e+25
1.035920501138093306e+25
1.305481598371585615e+25
-3.461367981066004283e+24
1.177271490332416457e+26
2.372902112817081281e+25
6.646150262628559567e+25
4.254780214847565919e+26
-2.102896211289700878e+26
-5.660112163642472782e+26
-2.731656695447812624e+27
3.637054190720704774e+25
-1.003192613919540693e+27
-9.222046087098243762e+27
4.210909189197924309e+25
-8.954999617512591430e+24
-3.842201861271587756e+26
1.097912677341022269e+25
-8.323340548375388562e+26
1.523505991049756758e+27
-2.035622923707235058e+27
4.654841073963738345e+28
-3.439426316771110883e+26
3.887305657129895623e+26
9.793762668039411456e+26
7.622998272743520054e+25
-1.717736235876804914e+27
-1.054522454732655658e+27
6.183012055826172166e+26
3.141159690459930976e+27
-1.079764734216000393e+28
-9.394227020309441762e+28
-3.656057364302774562e+26
-1.613697343711125158e+27
1.272858937846459491e+26
7.575472590395695246e+26
5.716294592073287400e+27
1.614138115812483107e+25
4.219052500034569399e+27
7.379523008564723110e+27
-1.034362398023262473e+28
-4.645314679039847546e+28
-2.543661410081726808e+29
-1.804831116815582222e+29
-7.553567390815105438e+26
-3.353190872699134162e+27
3.536587206187645927e+27
-6.641505511235186238e+26
-8.783945744642877852e+25
-1.208445960358088984e+27
-2.581980555071581796e+27
-4.455086896316774181e+27
4.725364473542364667e+27
-6.585753733810426424e+28
2.414443952459100793e+28
-1.581922666976754272e+28
-1.334925978221729976e+28
-4.900343499854583687e+27
1.005883790556369184e+28
-2.641980817987699768e+28
4.131345626659619103e+28
-4.103411987814952869e+28
-4.189178435983309916e+28
3.479932724377704902e+28
7.327057097042713467e+28
3.001012035688123240e+29
-2.908872191295215631e+28
-2.913229047403635841e+29
1.291782858804306801e+29
-2.413571387313426602e+28
-3.453393432833606690e+26
-1.274697667004839359e+29
1.503719401147781391e+29
-3.756558967191244072e+29
4.834199959666376488e+28
-1.277273921328736272e+28
-2.580694321932857094e+29
3.101972241254097578e+29
9.491883113835319322e+28
-2.165035800001688689e+29
9.784738933369620444e+24
-2.380746125780079619e+25
-4.891070730555901082e+25
-6.911308654767802083e+25
1.021030406157448044e+26
-1.314459613691700796e+26
7.516626189707350603e+25
6.074186231993375986e+25
1.336095796932660350e+26
-7.037960557147516628e+25
5.648093786846292958e+26
-4.249812405302341323e+26
1.138961629160837486e+27
1.524517413139705433e+25
7.897039957587867047e+26
7.603782755943315378e+26
-7.172145927059423721e+26
6.466484489676572110e+26
-1.996328746152020340e+27
1.490815387716651264e+26
2.767322047055505216e+27
-6.784306065297880188e+26
6.992190925748613228e+27
-4.171104314504940356e+27
3.222100005782290198e+26
-6.206643509014869971e+27
1.242271799518705549e+28
1.069389488840294042e+28
-1.112165653566454106e+28
-2.583039518272502081e+26
-1.248660149642325745e+28
-4.779731161691037071e+28
1.874488545692242435e+29
6.326755887620614647e+28
7.796473658077074771e+25
-1.071390475403618704e+26
-1.680772728744942183e+27
1.398946151142669512e+27
6.334944092550737220e+26
3.313394006491517985e+27
2.404427765902646126e+27
-4.429071923141974681e+27
-5.439075754436272148e+27
2.391035074543906247e+27
1.823148423488184899e+28
-3.058367126667804177e+28
-1.373910931215708716e+29
-1.686007687037999190e+29
3.578009617033139076e+27
-1.101672774103318694e+27
-5.181846841222010871e+27
8.788729090098899994e+27
-7.158845603476369328e+27
1.086810946796533265e+28
-3.043575852325380156e+27
1.371823040858642797e+29
-8.962111796000463692e+27
-1.601546745905045065e+29
-2.888293437029279979e+29
-4.345104910177091530e+27
5.115227899982183528e+27
1.211705439787728295e+28
1.873640861602905007e+28
2.313418474301563122e+28
-6.729376586828040477e+28
3.110921865755595033e+28
1.798027541735747859e+29
6.682319600759700617e+28
-6.936363542817308563e+28
-6.200628829387733975e+29
-1.854622005223083407e+29
1.485364301336181164e+28
-1.182677897789372669e+28
2.820331699107652513e+28
-1.386526692227580166e+29
-3.612594125125024372e+29
-2.968741178890232712e+28
-1.397288036055366155e+29
3.616811422255572658e+29
-9.738389652597726180e+28
-1.502904163382148248e+30
8.102577616171707460e+29
2.419363205095723874e+29
-3.895710363822270068e+29
-9.432775593506273086e+28
6.396005058436770684e+28
-3.079307100830641770e+28
2.173001233549730276e+29
-1.289872059482864719e+29
7.487155250259655252e+29
4.832224786179599798e+29
9.889120939809442054e+29
-2.316950928316571098e+24
6.873356578135391590e+26
-1.018377291594201861e+27
-1.175773085843507054e+27
6.218049560926264165e+26
1.677281768151352383e+27
-2.659205399194003722e+27
-3.121903105870859751e+27
7.166295920607429159e+27
7.598785270137491719e+25
-2.180501166211740607e+27
-2.033998311727278848e+27
2.047280256274406022e+26
1.738816722102764296e+27
-2.940251101932115487e+27
-1.206021820484733621e+28
-7.002269387651459512e+27
-2.151759062644443499e+26
5.870134422020502069e+27
6.731719946253270764e+27
-6.453422982769300539e+27
-6.854311828634189960e+27
1.016672080507167067e+28
-7.460713453582341319e+27
1.363499625064872849e+27
4.958629501985806552e+28
2.362842699082357992e+28
-9.203602817105308997e+28
-5.466878225744785561e+28
-1.550077829552323554e+28
-9.520225703121568295e+28
-1.467944314692404005e+27
3.612030295641041880e+28
8.132156649368192075e+28
5.443250564441540746e+28
1.533880042541908819e+29
2.694512592964681747e+29
-3.201234468299086311e+27
5.628534862699091709e+27
8.327575341134841714e+27
-2.875068506266864732e+28
1.622458366919146364e+28
1.272518538259956380e+28
-4.315450720174448030e+27
2.829909873556945054e+28
-5.713776575228600606e+26
1.056936319052936927e+28
2.054825550613294346e+28
-1.200450083111839739e+29
2.347140057861939727e+28
4.237723655755744884e+28
-7.753586295008289672e+28
1.676672291851009608e+29
1.638121620550980937e+29
5.329473419029636217e+28
-2.764238983632198329e+29
5.295513404360929152e+28
-6.123537152099125709e+29
-1.911913863095923840e+28
4.466178121019680372e+29
4.771371682518188012e+29
-3.373451715266100390e+29
8.369259573908519721e+28
2.562125040142136251e+27
4.158741331411881850e+26
4.252264197753861269e+27
2.290455939148651650e+28
-3.823756665450476878e+27
-6.544780744303273243e+28
1.258832438514171818e+29
4.542094750235881043e+28
-1.690414274675201954e+28
-1.253371137844236406e+29
-4.913103751175656135e+28
7.971063187961294670e+29
-4.562815630744422946e+28
-5.392711033905585518e+28
4.741604175048651768e+29
1.374610307134258505e+30
-1.788972117155711628e+30
-3.529636440578109191e+29
1.296860329322858002e+29
-6.977588775535910025e+28
-5.920057900543141701e+29
-6.403483401840287729e+29
-7.704125155295405860e+28
7.722217432749900812e+29
6.487280876715023481e+29
-5.444473106937155553e+29
8.192124126760524726e+28
1.313583225151476845e+30
3.907089562994738799e+29
6.354235757938206517e+29
3.255326774298572645e+28
2.848952986679222475e+29
-3.498979383470016227e+29
-1.427881262915629961e+30
-1.233769807225657216e+30
3.725525796872419151e+29
3.062453270293154007e+30
-4.109113374477356757e+26
1.710933132524893038e+27
-7.043766081992574791e+27
-1.455604900504901643e+28
5.308718461905556054e+27
-1.417714957249326597e+28
-2.257289101210336257e+28
-5.243765816697364493e+27
1.511391151807832798e+28
-2.778231363368162084e+28
3.569968274200413524e+28
-3.418940586531698525e+26
9.876345620510901231e+27
-1.973360106661694393e+28
-9.356233450930996645e+27
3.542228639539070233e+28
-8.381340735192013256e+28
2.614819051696176642e+28
-3.465765640322264033e+28
1.028204800175324205e+29
4.585460312059651506e+29
1.091550605303946806e+28
6.508572317593878392e+28
-7.787249164471322439e+27
1.832154684829543199e+29
2.353462501382018163e+29
1.232031576656900615e+29
9.778316899035591797e+27
-1.035109673100473781e+29
-7.705029737469812374e+29
-4.155745590442922090e+27
4.117165763496981695e+29
1.218476071087349675e+28
2.041864076289096089e+29
2.009007879395052484e+29
1.936757885924831067e+29
-5.774632116238173282e+29
3.120854462735521380e+28
-3.479494191719004513e+27
2.167113435497777167e+28
-4.626793465074459494e+28
1.945093618338357198e+29
1.634356754121084114e+28
6.630464354013752336e+29
7.621255333444620195e+28
-6.010019179812767777e+27
-1.117539079698571315e+28
7.429684375621306613e+28
-2.139389855134305361e+28
-7.188499210623632179e+28
5.153606332178575957e+29
5.609834987268948550e+29
3.689526244937294891e+29
-3.758845086542725190e+29
-7.322359726642969632e+28
9.848071809522520538e+29
-3.235300218848789865e+29
1.750273055144949903e+30
-7.050108150058425388e+28
8.018333159992542144e+28
-1.436056316793858925e+29
4.782547891785734687e+29
1.202531999170603586e+30
-2.459334143275203089e+30
-5.804855439659443286e+28
-3.765641932955814216e+29
-2.258763975411321435e+29
-1.486765116836311835e+30
-2.857405327465529120e+29
-6.627703824735776400e+28
-7.242370917665226736e+27
2.884394960390538445e+29
3.976436364466424360e+28
3.130329898960067000e+29
8.128940883062106777e+29
-2.909555376446169234e+29
8.501094446838050537e+29
-3.731355580100207386e+29
1.195382200235078426e+30
-1.262203296060721302e+30
-1.794278501812783122e+30
3.602423981959443526e+30
2.026412845220431139e+30
-5.649678676546088657e+29
-3.722295709947792428e+30
2.179568211498614784e+30
7.131630085851799816e+30
-2.755801290003046090e+30
-4.350078135247463759e+29
5.406448868705435726e+29
-4.166561200522624522e+29
1.064900273103094221e+30
-4.656174703552131516e+29
-2.712246633169509825e+30
-2.855577246087991603e+30
-3.142851229318072890e+29
4.452309657601247027e+28
-2.345420773702631178e+30
3.787073661496019386e+30
-5.913393652434088128e+29
-9.962593162065388067e+29
-1.333606248883908915e+27
-4.080934701819290019e+27
3.874351216519218556e+28
6.574439157208799094e+28
-1.891492525760109530e+28
-9.410387858905576509e+28
-1.406797216954508970e+29
-8.844205904349211942e+28
-1.902247699035376346e+29
3.569887962353628697e+28
2.132027543107184775e+29
1.854131715514133205e+28
3.220556683659521571e+29
8.153909116019490602e+29
-7.488410537205586246e+28
-4.060410154305427508e+29
8.107131029871926102e+27
-1.455161766909675244e+28
-1.391723014407174191e+28
-1.056238019137796878e+29
7.781916897236574405e+29
3.756336809094482112e+29
-2.494786572667977898e+29
-1.319136269724723561e+29
2.653322675258025038e+29
-8.344509527875777601e+29
3.078562045279768313e+29
-1.804327643821106161e+30
4.511056307453374022e+29
-1.732112959045001608e+28
1.018654481001911081e+30
2.040915316539743930e+29
9.089634147649931844e+29
-2.529278884213837821e+29
1.949861497927800941e+30
2.063586604981861700e+30
2.966823200264227786e+28
-4.279962122126936665e+30
-3.306413446508585475e+29
-2.066024588548085466e+29
-3.090467214952546514e+29
6.949714828133613198e+29
1.767915393818069198e+30
5.685160585817232910e+29
-3.255355715287846713e+30
2.500842333082154837e+30
7.077427676334369822e+29
-1.061536030188242325e+30
-1.669199267814201951e+30
-1.355233365336760592e+30
6.678511910982295886e+30
5.357750069872536486e+28
7.078296695535978657e+30
3.038390521395531262e+29
-5.712583228043602510e+30
6.830766036125021342e+29
-1.871372849596385148e+29
3.334527313960062893e+30
-8.435840695002231385e+30
-3.667564739845378279e+30
-1.177424322677637473e+30
4.131737757453673582e+29
-8.091333343821629562e+28
9.703422707432357600e+30
-1.353970387075640900e+31
1.748773468294211694e+29
7.284980151651710622e+30
2.943649398975648586e+30
1.530178508611585524e+30
-3.806386165551649815e+28
1.736699853054847037e+28
3.646854157335107335e+29
-1.189628652014786191e+30
-3.656020296216222228e+30
-5.002085918930747442e+29
1.604491813675214728e+30
1.293035197776019631e+30
4.625962953338615867e+30
1.133390658528923344e+31
-4.292576855084861764e+30
1.647276079321340110e+30
-1.029953445814274400e+31
-6.103264990807057715e+29
-3.138539119418547333e+30
-2.186056100507680726e+29
-8.654609421813316506e+30
-1.928937352910788623e+30
-1.706425741428621991e+30
-1.657948030102060778e+31
1.684164955061507771e+31
4.371576257422675744e+29
-5.110868128866788266e+30
1.465176906767463214e+31
1.116662257190651891e+31
1.279659391485302652e+31
3.964160747826988167e+30
-3.924835848157274569e+31
-4.535611042172764463e+31
1.688114066002457945e+30
-7.770347468973158166e+29
1.240977969457730329e+31
2.348517421552193439e+31
-4.033607679462798438e+31
3.549183783929428349e+31
1.372329590637852941e+31
-1.437111401128799152e+31
-2.989175106018872864e+31
7.797250250843345876e+30
4.604829069030684160e+18
2.235650209044209664e+19
-1.143247483303584727e+21
-4.227408149015274455e+20
-1.110261240369570120e+21
1.392871910691648097e+22
3.726232844163483068e+22
2.410127098223951190e+23
2.326041629090302198e+20
-1.256847475010389148e+21
-2.309857390388920608e+22
-4.077333674767869490e+22
-3.731901919080517258e+23
-4.895535745997621229e+23
-8.937294435164979462e+23
-6.599981828302975271e+23
1.798842945361396787e+22
1.344212268253236848e+22
2.067494804028924520e+23
4.777428457592655404e+23
6.196993694704938527e+23
-5.625358869855015962e+24
-5.713871636904431747e+24
-1.294189198444048059e+26
8.607373524892041347e+22
-4.455160523340542011e+23
7.812453810550170504e+22
-1.949335757258329617e+24
-1.775168273324152847e+24
8.928277272413431168e+23
7.082580967347421538e+24
6.829071805120050942e+25
-1.081292651750200660e+26
4.186031616519021045e+23
2.810339729591464729e+22
-9.873828321918394250e+23
-2.898015566996720897e+23
1.893414807395610132e+20
3.985770569608555248e+24
-7.489877913135157250e+24
-7.912152134406946469e+24
-4.949230769880088821e+25
-9.471980592945341669e+25
-2.426422275970845327e+26
-2.802358014478677327e+23
-7.079448153648369269e+24
-3.439967106179104225e+24
-6.653600981400062729e+24
2.180405255599183683e+24
-2.035084209365318994e+25
1.987899041827718382e+24
4.478017416659057260e+25
1.364093584493512884e+25
-3.668574470025780810e+25
2.270617952300403183e+26
5.164409426299179034e+26
-1.141769782875822130e+27
-5.548291666926873965e+23
-8.321568252780264429e+23
-2.100798879928757556e+25
1.038704895283658670e+25
1.146798615381013078e+24
-3.721397999525664116e+25
8.818791838481742943e+24
-7.420132788270841683e+25
2.927076611791420866e+25
-1.326518486841852381e+26
3.151322293994541522e+26
-5.849600913936126617e+25
-6.436101608763870439e+26
1.104047103623788120e+27
4.387185959176723229e+24
-7.061918724963566862e+25
-8.348021541523268707e+25
-2.104298683862685722e+26
1.012853578521682417e+25
6.871317677732015111e+25
-7.875865522600192851e+26
6.660210834279042958e+25
-9.582461432370732658e+25
-5.214209162521411711e+26
-4.534737168665462176e+26
1.432902755728535023e+27
3.323290562416215091e+26
-1.632022281380504097e+24
-5.778084646190582984e+25
8.909945711227179939e+26
-5.298079956451238186e+26
-6.553867297138786077e+26
-1.391551592872159273e+27
1.054988182339005389e+26
1.391127862127566143e+27
3.627012450711994618e+26
-1.022859751584179174e+27
-1.048428873664064749e+27
-1.515926786704642114e+26
-1.431207594605545311e+22
-9.779716996508780855e+22
-2.320462453232007696e+23
-4.321376760053313516e+23
-4.362771534861150296e+22
-2.077912618315867404e+24
-5.927502379323325636e+23
3.572484609150483746e+24
4.487361213803432495e+24
1.804038985595460895e+25
-1.632994363059562490e+25
1.457873634563791105e+25
-6.918558754766135119e+24
2.493690640367277285e+25
-4.120873905228761153e+23
-2.724100609243665343e+24
1.923604362641413696e+25
-2.804540075218464357e+25
-8.406493695053523892e+25
-3.324267004696227924e+26
2.585784046385351885e+26
-8.938600457743645821e+24
-1.662144731119165622e+25
-1.177428047176793476e+25
-3.314320847724594212e+25
3.744389227317432635e+25
-1.692528989705490860e+26
-2.828140112880187793e+27
7.213592978782354984e+27
4.935152522508577411e+25
3.145980509018394937e+25
1.269526271520727484e+26
-3.513200905714435653e+25
4.726693553396848027e+26
3.854988033379150206e+25
-3.202708753756581498e+26
-5.958706134042127055e+26
-2.428974973343217867e+26
-4.411168772841220867e+27
-1.661037784904363469e+26
-9.994628570311820707e+25
-2.533698679001250643e+26
3.283106723906951306e+26
-1.684128118362411997e+26
2.767444633674228887e+26
2.473260196407548096e+26
9.729082825544785285e+26
-9.396240949678883329e+27
4.196428605697555166e+27
1.313358664757212809e+27
1.565238268747034232e+28
3.318709980380357480e+26
2.278947634155263644e+26
5.862342588454421041e+25
1.029810957036846957e+26
-8.710404624989877128e+25
3.322210311433958358e+26
-8.542607200377706125e+26
6.348979763721207771e+26
1.123418502900080686e+28
-6.169741405196669362e+27
-4.318549433317990487e+27
3.339916797182055484e+28
5.724606814602784301e+27
-3.716964339532827501e+26
1.556451126352642129e+27
1.511829940074957565e+27
-2.725641011140226089e+26
5.181948252245779570e+27
2.643722297227802522e+27
-8.360281530796061590e+27
-2.404794063138786927e+26
2.169329334287650897e+28
1.955078010585464641e+27
3.790525199295960755e+28
-1.175209970416080113e+28
-2.915303152114690959e+27
-2.698535065265760737e+27
-2.180931622381078132e+28
-6.636250985835617550e+27
-1.537765259389839598e+28
1.187732374171542434e+28
-9.857099310589268182e+27
7.773003780093332160e+27
-1.945670653777405802e+28
-5.052906344172518717e+27
-1.293687172183587745e+27
5.748328185991918736e+24
-2.262761292317472902e+24
-3.358331965040897234e+25
4.908360899066223342e+24
-7.943249167219188218e+24
4.676507669660514426e+24
-1.058740340059795723e+25
-2.961982370895926643e+25
-1.999783598361605868e+25
-6.393984931116369617e+25
-1.571260246493696819e+26
-5.373634401752482674e+25
1.887454301183250336e+26
1.480643888168827719e+26
-1.685972380350025084e+27
1.201027649291078652e+26
-5.254009726556870308e+27
-2.163931972333286715e+27
-9.800589998735241454e+25
1.678166199780149427e+26
-7.319090567458357991e+25
-5.910079588477320714e+26
-4.784273570460422462e+27
-7.702295661067983712e+27
4.343186393393579754e+28
9.482934571361235690e+25
6.890618523596480653e+26
5.380306651889426797e+26
-2.617305339862804608e+26
4.282509292370656719e+26
-3.488726982277105539e+27
-3.558898774364931282e+27
-7.337370314871900822e+27
-3.772538093701370536e+28
1.658557843282645809e+27
1.005594578813376785e+27
8.468531091835504477e+26
3.114519400757797277e+27
-1.687249712304892860e+27
-2.374305701310736475e+27
-6.463389368486363336e+27
1.223297455088545979e+28
-1.736408812208616042e+28
-2.045154120343279526e+29
1.181022104448356831e+28
1.922673045769826479e+26
-2.463185859671795211e+27
-4.387532416248818035e+27
-8.638779186884574961e+27
3.798138366283404113e+27
4.054503930497612565e+27
1.369930852932423528e+27
6.672121817611868242e+27
3.638000405302970267e+27
5.347568488640431244e+28
-1.994775441241299253e+29
-4.234385805786132712e+29
1.141229527527617472e+27
-4.592668679140518808e+28
-7.658107746037837195e+28
2.905503109717247491e+28
1.129655642926962952e+29
-2.072429754288733258e+28
2.471120034440161896e+28
-3.589114278233207898e+27
3.118946782314113075e+28
-3.631052552834708763e+28
3.342905879760538428e+29
-3.664579364803658300e+26
-3.337085695668312677e+28
2.785425047946557663e+28
-9.978899421597497855e+28
-8.375892877155555277e+28
2.564396322383720704e+29
-3.089728233524387165e+29
7.376740771777319408e+28
-7.162053393911881506e+28
-8.395046132296819381e+28
-1.769590591822407742e+26
-1.328007020473860489e+26
2.655100394178647656e+25
1.228219728460952547e+26
4.759768098512944448e+25
-1.437228913840089612e+26
3.265857881772501907e+26
8.794634102968652381e+26
-2.176091812802479500e+26
-1.004991918243559493e+26
-2.127623223127812024e+27
-1.008736256323244937e+27
-7.161446053200484641e+26
4.679597269341423715e+27
4.484280490661496561e+26
-2.261090797275062490e+27
-1.016323664022083171e+27
-6.230027231025682502e+25
-4.395753137073147470e+27
1.750550194903368736e+27
-1.177779207272979585e+28
7.036800129531804139e+27
-9.002509363842061902e+27
-1.970978367224009548e+28
4.982241572500197338e+27
4.473222259933563044e+25
1.025662642747435535e+29
-4.757981003820291336e+28
-1.062394164207526516e+29
1.780926946495413142e+27
5.313608911687496189e+26
-6.392153744600682253e+27
5.541382357136815769e+26
-1.704155544905325465e+27
1.709367114540489542e+28
2.638472421212969949e+27
2.908252642277543528e+27
3.828410990398433382e+28
1.703719101157571667e+28
2.320812735142602378e+29
2.193781795028298051e+29
-9.188831045480261695e+26
1.950412320481124213e+27
2.789505766738450984e+27
1.921688095224604015e+27
-1.548996899473938283e+28
-8.910862892538072573e+27
-2.589851405920613842e+28
2.858200015903183254e+28
-4.548337797232502272e+28
-4.242221163558252981e+29
-2.437469132749918672e+26
-2.889631428727731830e+27
9.661602179478163724e+27
-1.927372039015725201e+28
-9.030806643362002979e+28
6.546636321340608805e+27
1.641849039867453559e+29
-3.804990586764414596e+29
-2.492755232905978603e+29
-1.226595286956409553e+29
1.140548985838058711e+30
8.434305604745422514e+28
-1.033045274527229660e+29
-6.209345172611111428e+28
2.683033162992938411e+29
-6.114991042821571699e+28
-9.311532351681262745e+28
8.971413635538888211e+29
-2.817886574454056787e+29
-3.856300734210968317e+30
-2.283896204368361701e+30
1.097477316977114385e+29
-1.661681750143355407e+29
-1.259729343615612531e+29
-9.747295344995801338e+28
-2.748037210041193238e+29
5.920740594024023022e+29
1.187619062891406707e+30
7.613078403872205787e+29
-7.992598369842501442e+29
-5.562962111538897792e+27
-2.959920215377398426e+27
-5.198812868166242049e+27
-4.780638052157912440e+26
2.196325866838476328e+26
-3.326001833067523572e+27
-4.498332401320229752e+27
5.049796009408245105e+26
-8.314938072178990153e+26
-1.009335566118379358e+27
-6.066919227851321821e+27
-1.591529167789674376e+26
2.710618072420220456e+27
1.170260696404445640e+28
4.373101180289727285e+27
-1.948630949184785975e+26
3.108496976406547980e+26
2.456560118104602477e+28
-6.536080689932550437e+26
2.859656718964118705e+28
1.061085144795603299e+28
7.632560622311678062e+28
1.322161871501958838e+29
1.301452773758083062e+27
-2.934663826016878113e+29
1.045045340858648440e+28
-9.313530080199080573e+28
1.186243300016756729e+29
1.684253221065935343e+29
-1.731827484872681665e+28
7.242434946493844738e+28
8.410812272550900427e+27
1.089171384404378713e+28
3.297003863604904734e+27
1.230898911260603456e+28
-4.390864903658817499e+27
1.583163997579053560e+28
-4.465005107404857183e+27
-2.076020950402485066e+28
-1.268971382141164103e+28
-1.078381651190460724e+28
4.204756242537618333e+27
1.295260569433577745e+27
-8.406220645919112275e+28
1.655380955118531510e+29
7.000861165852096499e+28
-3.779960905836639809e+29
-2.230928214697568190e+27
-1.001458271224672020e+29
1.528924615674170696e+29
-1.942213812006646117e+29
7.215678468912069665e+29
4.352508941229676206e+28
1.066953788076761284e+29
-7.320199950556880431e+27
1.835884721988606129e+28
-2.403605064174655123e+28
1.309914649930735526e+28
-3.729967797145605319e+28
-1.953711233178843907e+27
-1.093068446575181015e+28
-1.873066457030077632e+29
-3.794055694818525630e+27
-1.618025310452638237e+29
-5.463212144057826527e+28
1.684570920738210531e+29
4.088910674739509139e+29
9.929271263682413229e+29
-1.199556822959039946e+30
2.281912827799942864e+30
1.417869001430369423e+28
-2.085840739423378688e+29
-4.977567605932166680e+29
-9.578017311464140522e+28
2.553270526747825165e+29
-7.048282306785676035e+29
5.802422076034191528e+29
6.849740599355966812e+29
-3.596049032360334614e+30
9.051253628527243593e+28
3.956534389435585426e+29
3.566700949370633485e+29
-4.294672602382599207e+29
4.752356102517530129e+29
2.980591559734401340e+30
1.944300428786615745e+30
4.700966875202213706e+30
2.766055347890365019e+28
-5.925833695860728608e+26
1.567455951728875475e+26
-2.781733333465724674e+28
9.348637875465650033e+25
-1.712677510237686354e+28
-1.804290332828639815e+28
-1.810293655294039932e+28
1.662739488352661603e+27
5.481364211870948348e+27
-4.659415136295614843e+27
-4.990327703662258942e+28
-5.935523536674125000e+28
3.978085721088735506e+29
-1.209458219999939493e+28
6.394418528604708995e+28
-6.691312910179620390e+28
7.419616797438271895e+26
2.133190986643005553e+29
-1.730020391322404315e+29
-7.462773655457989423e+28
-2.499591573531719708e+29
-9.927612808621476735e+29
2.159417106836343778e+26
-2.147360474540506919e+28
2.086270120460610569e+29
4.697651586799694962e+29
4.820537409703655078e+29
-2.061160054164421384e+29
4.371674360879691502e+29
5.282576452769902054e+28
1.700867390220379399e+29
2.818356429265185231e+29
-5.150086012596061396e+28
-5.772176027972734889e+28
3.193102828957500278e+28
-6.582048008431524914e+27
2.552616552887240391e+28
-6.364225665779889212e+28
-1.603651136945422041e+29
-3.001593484720381012e+29
-3.537034645069884233e+29
-1.195181306706838986e+29
-3.037786126923097842e+28
-2.104789343315109652e+29
-1.951298321962332474e+29
1.532915662173699546e+30
8.187325933850009790e+29
-7.148939261855912070e+29
1.975414231328190662e+30
-2.916380561787176098e+29
8.270345999025497698e+29
-2.443810604831320040e+29
6.230490930885939162e+29
5.902479691791522700e+29
1.387419921784883016e+29
2.583538340161130530e+29
1.926918165472535433e+28
-1.917807038141154541e+29
5.943980885935701705e+29
3.710451416180003148e+29
-3.977983865207619391e+29
-1.068805799212960095e+30
-1.221658726288287467e+30
4.412728548513776177e+29
7.347395289947350562e+29
-1.774171160475947194e+29
-4.295112430503705373e+30
1.620395266518585764e+30
-7.716834051563997770e+29
2.695706291786515482e+30
-3.824933803852078095e+30
-1.698971974782417959e+30
-6.824399359408788802e+29
5.557712112900125550e+29
-2.915966218053499535e+30
2.814009527353034487e+30
1.156950845485994516e+30
-5.971142550257165655e+29
-6.453554423440376297e+29
2.433383126356213653e+30
-1.255773912850156740e+30
-4.727934722464821118e+30
-2.286107153922143089e+30
-6.915972453006723168e+29
4.279103421157701646e+29
-2.500390241965986272e+29
-1.452722297709718876e+29
1.216534991236855412e+29
-2.850474436310454784e+29
-5.617475872843555349e+29
3.745354052419271008e+29
2.035975865535312406e+28
1.956545847810111854e+29
-2.889409667589395133e+29
-3.029690846254147437e+29
1.668213319874148028e+29
4.597477742080460950e+29
-2.508735823338894154e+29
-2.699567610516983500e+28
1.418926453512924862e+29
-4.312728021817825819e+29
-6.062177068541004903e+29
-1.246341874891194700e+30
8.495515913575956519e+29
5.177181217124781516e+28
-1.245654574193470892e+29
-4.829447993137396842e+29
-7.619889050710295302e+29
3.157565295175250834e+29
-2.025250146492778632e+30
-9.481682297952924004e+29
6.508824793036002352e+29
9.737201927895759858e+28
1.643006706755372422e+30
-5.290602440247352753e+30
3.541752309877038446e+29
-4.062529386360034570e+29
-6.264716615314105965e+28
2.455902870275252370e+29
7.485096684270691500e+29
1.061546872162690714e+30
-1.000617389186845513e+30
2.318185557623093461e+30
7.964708190681949375e+28
5.038490207683711883e+29
-2.805485461342389743e+30
1.677202447629472009e+30
-2.427039067459584333e+30
-4.818875062671369047e+30
-5.634713674860978331e+30
1.907509939323944732e+30
-1.111633958214590684e+31
-1.284906379621663181e+31
3.685736650466639261e+30
-1.060086649362832118e+31
4.119848142583254280e+30
1.925844129857707037e+30
-9.683333313219313894e+30
-5.084507550877321778e+29
3.024710241902429673e+30
3.251643065640003344e+29
1.921334665455949548e+29
2.231079400262753419e+30
3.493835532228212794e+30
-1.140423865178744088e+31
-1.117343131683931942e+31
-1.203600535091241781e+30
6.050884247256292838e+30
-8.034587296413158742e+30
1.280450971729792971e+30
2.024602334693827345e+31
2.572101930020942491e+31
1.824533032425672782e+31
-3.382423634567815667e+31
