4.458056751383814400e+16
1.576440279787035034e+19
8.037165442085052416e+19
3.299187174411096556e+21
-6.828141928157956538e+21
2.296787481016746272e+22
-5.156672478924737872e+22
-2.487791977809022120e+23
-1.890993198458393443e+24
6.059263478166419866e+19
1.455673605944885903e+20
-8.838307215281764696e+21
-4.485983938040025213e+22
1.648459934909102398e+23
-1.408726069248248387e+23
-3.068858389385089783e+23
7.199894884985431893e+24
-5.473440043745884384e+25
5.756383574629179064e+20
9.062838583551880856e+21
-3.226951777508457972e+22
-7.085283204245886410e+23
9.086125949414891921e+23
1.324753169587849428e+23
-5.059960669283269105e+24
1.263002387716446101e+25
1.122941347044830513e+26
8.091011308822911255e+21
-1.916877419432445896e+23
1.790774072090939642e+23
2.135578602823349342e+23
1.069647179399163546e+24
-1.280312403503735401e+24
2.275784005013695543e+23
-2.687217801876185572e+25
-9.921978447300743118e+25
-3.192819193771127448e+25
4.151078195737108414e+21
7.069212281499343756e+22
-3.600389363875802176e+24
3.151369615175310576e+24
-2.363751833199407964e+24
-1.823568639066562753e+24
-2.010491316735318163e+25
2.236467901348635898e+25
-7.275893583104093016e+24
-2.142527973652026245e+25
2.839923092190909173e+26
-8.391282079123006764e+26
5.528220814555246861e+22
2.902936440687740353e+23
-5.226243890733206009e+24
-1.582016874478621950e+24
3.508143494427086172e+24
6.438312823539847731e+24
4.565915481683081287e+25
-1.365578715171213105e+25
-4.951367716300083528e+25
-7.502075025461943757e+24
1.338016526554209406e+26
-1.128757628042507054e+26
-9.305592678722927928e+26
-1.357265887978180336e+27
-5.604640932542007371e+22
-5.522578249528918577e+24
-3.393560668822613889e+24
-6.446624307106870622e+25
2.473441146354557615e+25
-6.969357015977422329e+25
3.262448209105044649e+25
-3.723737884979489538e+25
-2.468942986743808140e+26
-6.002434429620897568e+25
-1.473679889638035477e+26
8.699475999196108120e+26
1.428164244722380358e+25
2.211948734176808428e+26
-7.721360107738004279e+26
-6.054345784218879294e+23
-1.520376550793907093e+25
-7.347714833879535471e+25
3.748630884557685797e+26
-9.600852715121552097e+25
4.485998117092689023e+25
-2.144917797189977077e+26
-9.345162174942309276e+26
3.165993762330958874e+25
8.441061126006229747e+25
-9.954891504273924572e+26
-2.706097838712261815e+25
-2.960294224353364321e+27
-3.056580561342553191e+27
-2.380039516164829708e+24
5.182083943073340631e+25
-1.692423106419784493e+26
-5.562006126745995363e+26
-1.189443648636041824e+27
-1.029699660012465736e+26
1.662434212684549388e+27
1.528399008201562660e+26
3.051057851786565803e+26
-2.447813798455406112e+27
4.060223956032305544e+26
-4.597895585671040558e+26
-7.599446806255668576e+25
4.860391043855284961e+20
1.081462041785718014e+21
-2.767734742528554959e+21
-8.362304615354501536e+22
1.125523560971357242e+23
2.824862948007987653e+23
-5.110780591410572689e+23
3.189581951690867997e+24
1.278650681948971435e+23
-4.197016497979996366e+24
-3.901768754941581238e+24
-1.337031631297198919e+24
-2.444811930360609064e+25
-2.979853051535983994e+25
-6.238173910980840008e+25
5.687049226615845547e+25
1.608647273957500440e+23
9.293587974916343291e+23
4.202351561260557826e+24
-1.829978810647594330e+25
-3.636160811064845016e+25
3.547106645772949628e+25
2.235886518280567528e+26
-7.664376075264620817e+26
-9.428673500950036061e+23
-6.683347198199824143e+23
5.911249455457055162e+24
4.915176909031560328e+25
5.057612503165167093e+25
1.513405767188414682e+26
6.512200298235911875e+26
2.614834246363095384e+27
1.101296551054489373e+27
7.712498944209580169e+24
5.578436208353160742e+25
-7.499946208428612878e+24
-4.543116838460095129e+25
-1.145996133250982662e+26
-2.956512084659484191e+25
1.119371752234569948e+26
1.609184957611066121e+26
8.591404386432201719e+25
4.922315101426952307e+27
1.266677228403095448e+28
-1.051876178778474246e+25
-4.512823362076687058e+23
6.649642601741277928e+24
-5.653479077383238312e+25
4.309956688862224631e+26
-3.630451798500460739e+26
1.263865727928924998e+26
-3.545020067029699370e+26
-1.151817047250295172e+27
1.912431136760094187e+27
9.921749388620797174e+26
9.639684199551726555e+27
-3.166658422062267503e+27
-4.611181271312933725e+25
-1.491228374175208614e+26
-5.120015036739836294e+26
-4.364033076042874443e+26
2.857416362492748961e+26
4.429547638495217356e+26
3.330741192156149879e+26
-3.858439130310629420e+27
-3.154719805498056076e+25
-1.210931603779437709e+28
5.263603078371965740e+27
-4.795564790041494763e+27
1.069764684879484380e+28
1.443139927533620670e+28
3.878149051911965551e+25
-3.144140212854241517e+27
7.601797140199905718e+27
8.857326160281134500e+27
-2.486837272174492031e+27
-3.374266069635202001e+26
-1.515582533170776619e+28
4.898313971950851765e+27
4.067435316843225223e+26
-3.307105153383496889e+28
7.458108633773626830e+27
-6.635521331968972285e+28
2.718883294407363376e+28
1.736739612640827153e+26
-6.524725880679519344e+27
-4.859790990810198039e+27
-2.010209849017592510e+28
8.155011733699089634e+27
4.639300215200153057e+27
-4.226349938617185290e+27
-6.576698857546728841e+26
7.065751797431166027e+26
6.300330435232511265e+28
-2.303807178842303532e+28
-6.825719145769927172e+28
2.792601300603422313e+23
-2.011918027961487948e+24
-9.084252040108240777e+23
-5.281718785431582980e+24
-5.037178922163959696e+24
-3.366046479399475513e+25
-1.454873495386785525e+25
1.140690009354941166e+26
-1.753858857639037271e+25
1.162980883295814166e+25
-8.110825263988947084e+25
-1.903611182940785257e+25
-2.947360147740227707e+24
-1.766940989616835233e+26
9.143805640687530975e+25
-5.014588232336739341e+26
2.848403005886755308e+26
-7.547969936416791061e+26
-5.307130709218853176e+26
-3.988916229231310285e+27
-6.931393590177091275e+27
8.282112231106825354e+25
3.098228695439747390e+25
3.127900717868182318e+26
4.966374074594560763e+26
4.339259505049974361e+26
9.412787465708711172e+26
-1.358293291623282321e+28
1.099605496670271486e+28
-1.380580718026392249e+26
1.131989830218084266e+26
-1.170115038414621885e+25
2.096807053173101232e+26
2.536829312742884444e+26
9.233175920467200562e+26
2.433244832049536987e+27
8.652197265873900252e+27
4.164879977412998317e+27
6.140967300985817360e+28
2.244269659936342616e+26
1.402587696634303000e+25
2.076987712504529119e+26
-3.688625232660994798e+27
-5.513265381385204468e+27
1.529253077915934293e+27
-8.012125167174946754e+27
6.707924681360996017e+26
-8.478176821174557595e+27
2.248240938167333746e+28
-1.485232434949992206e+28
1.141451926754016540e+28
9.647585975349083834e+25
6.872135514382395952e+27
2.133091789545438068e+26
3.200524549152829753e+27
2.725015036402157586e+27
-5.027328419027270290e+27
1.420727973935165600e+28
-6.798868799793110965e+27
-5.341858110246759342e+28
1.201963724426762434e+28
5.571301199554144935e+28
2.879663085783143013e+29
8.116962859540179553e+28
-5.446105741465221671e+27
6.363502227425111118e+27
-3.702542563481718736e+27
9.979817230064865934e+27
-2.060808110409888379e+28
6.577766860626580661e+28
3.333619620406593728e+28
-5.455900194773200197e+28
1.221090101323522873e+29
-7.056039533753802263e+27
1.668102812548244184e+29
-5.498579872157422617e+29
-3.038812978051798940e+28
-7.290366859147406500e+27
1.865421976862540729e+29
2.501382653359844824e+28
-2.044448869576648295e+28
1.112269061241838367e+29
-6.223700326980254361e+28
-3.391563142215662405e+29
-1.655408172236879870e+29
2.932673108516267674e+29
2.702096898328810083e+29
2.633447873634565001e+25
5.635422678852739604e+25
-7.321075686365941779e+25
-2.017089727048760883e+26
-1.973869780573136411e+26
2.157734530571659346e+26
8.570852607435398897e+26
-4.969256646593532796e+25
5.373599532629630661e+26
4.199515823388297506e+25
9.307379187342897235e+25
-1.225994281004578003e+27
2.563646461159649676e+26
1.563406442534231586e+26
-7.683318380857887772e+26
1.859061694692782185e+27
8.710811155733986192e+24
1.517350224897379764e+27
1.698424463279757770e+27
-5.550517477408594524e+26
1.344646103015554081e+27
-1.354273176777396111e+27
-2.747176750315380084e+26
3.240827132295777054e+27
-3.451784819550083934e+27
8.115254639206518622e+27
-1.996717035724022564e+28
-1.058159665472114735e+27
-3.320246129190133687e+26
-2.313386717849954005e+28
1.006293459913025012e+28
-1.667527083675566164e+28
1.949754282703786592e+27
6.948395074356617322e+28
-1.081514942007536294e+26
-1.096970598897978019e+27
5.137801665171767325e+26
-2.926687464139336822e+26
6.204624737117646862e+26
2.747669384764845919e+26
5.621286744813554985e+25
-4.422483781163260899e+27
-1.081260143051105366e+28
1.022804242123430161e+28
1.701245421620495372e+28
-7.949940550461662183e+28
2.179397983393545200e+28
-3.091927186873679133e+29
-7.669853923810022640e+26
-1.747725224983144593e+27
-2.709121397863141120e+27
-1.350371525705059843e+26
-4.502549762447793685e+25
2.377623832084170660e+28
2.855606392924192730e+28
-2.655677193755244217e+28
7.386047680689143434e+28
-2.995106931424338488e+29
4.304409352015177738e+29
1.697783404746446417e+28
8.114134829037358036e+27
-1.486234694287878689e+28
-8.628800499194660437e+27
2.298840857121170832e+27
7.734347639107540339e+28
8.375258854311726146e+27
-2.184998440301453197e+29
1.431567643385131217e+28
1.375279690840510847e+29
-1.204333259649293811e+30
4.000720947546483976e+29
-1.473273894293049438e+28
-8.121613334283547977e+28
8.190437541297080678e+28
-2.174768849714482047e+29
-1.382027228950758812e+29
6.237465374211071604e+28
5.993557254374890473e+28
-2.235441202473388144e+29
1.151024930744140409e+29
-6.401705574304551018e+29
-3.810963458147650285e+29
1.244236799502970609e+29
7.461609735038943933e+28
-1.089108949062312678e+29
-2.484290072578456036e+29
1.717122406753596868e+29
1.081840150656750998e+30
-1.588395027279206851e+30
7.871411373035988824e+29
1.010990414171449868e+29
1.489922129253009831e+30
2.649825417936097171e+25
-1.171036253695643590e+27
-4.669896517208369765e+26
-3.783871102084781884e+25
-1.820509914027723928e+27
1.084711562501142932e+27
-6.495829005010772826e+26
8.366283350806422512e+27
7.987671790548472825e+27
-4.317821498733429770e+26
3.138655981624880476e+27
-3.736609725334619436e+27
6.225131127446941955e+27
-2.472903537536545005e+27
-5.824041935942369530e+27
-4.156506655778971531e+27
7.592114248333706907e+27
3.736332340779390619e+26
-3.828457360387959202e+27
-6.649963064898910022e+27
5.158765149594349031e+27
-1.175055046596853700e+27
-4.453025179728065171e+28
-1.294711871166799723e+28
9.540470002900249258e+26
4.604738958953921635e+27
5.638312516178031302e+28
1.582794576118329223e+28
-2.491533924165192771e+28
-8.062098087879637169e+28
2.754752799109579785e+29
2.706237104705533983e+28
1.516979857015443735e+29
-2.382975306311710656e+28
1.312808573660316095e+29
-1.966593367000609423e+29
-1.626302985148072126e+29
-7.411449425237640230e+27
-1.223031047658639594e+28
3.574886068797999088e+27
-2.022041190337767197e+28
7.686504741745257771e+27
1.863351140447175938e+27
-1.916476632171723993e+27
1.851062192818671256e+27
7.430995786704661648e+26
-2.750186964388654350e+28
6.431036029773474242e+28
-7.446160443769827669e+28
3.928082163889002004e+27
5.242101075861849417e+27
-2.124228570786870537e+28
2.605842113486318649e+28
2.812728509994974351e+28
1.319947543092361471e+29
5.143091475161782794e+28
-3.539677700975612338e+28
9.538053791553337802e+28
-1.181009659659577813e+29
-2.412440711493110779e+29
-1.333743362212623175e+29
1.176251058725795503e+30
-1.522669742850963138e+30
-1.702235291937550580e+28
-8.101039482362223271e+28
-8.017821643058500069e+27
2.977313087005321917e+28
-5.142120438389911972e+28
5.734614364789989715e+27
2.781664730483108270e+29
4.104225129539041154e+28
-2.906285307829843550e+27
-1.696537618239077050e+29
-1.533159047521316959e+29
-2.654811149785938704e+29
-1.703359347703753868e+29
3.685723513058651476e+28
-6.054808724703282292e+29
-2.205228847143666374e+29
1.851959144615308057e+29
-4.112128049531263880e+29
-5.501650713328304272e+27
-1.870878533931226007e+28
1.642466413609536059e+28
-1.417014823569380059e+29
2.591965133659162415e+27
7.071443870328679386e+29
7.589048840576446033e+28
-1.299642833342333788e+30
-4.717089420349905421e+29
-2.799062211411416785e+30
-5.296733816246736576e+29
-2.560772018884889045e+29
-2.271245340165438740e+30
1.115304536628577927e+29
4.289528701243719615e+29
9.512929304321015495e+29
6.174208783739508301e+29
4.320730529094972904e+30
-3.341870184415236688e+30
9.398056528116605792e+26
-2.313099120361273686e+27
9.896499212424841057e+27
4.757064295660905314e+27
-3.477609839488110613e+27
-1.210393758633538740e+28
-1.211104400868695561e+28
-1.217500818624154510e+28
9.012544375834803194e+27
6.843559858583170940e+28
5.356651195957641352e+28
-2.005935228643871745e+27
7.271907269713766895e+26
4.297346548599567821e+28
6.713325728668656613e+27
3.658353998650051387e+28
-2.382222050805467318e+28
-7.757957159199544411e+28
-7.072683380583018589e+28
4.613404402042426704e+28
1.358286598761700771e+29
-3.148893629058667375e+28
-3.406590024424251786e+28
-2.683580468046833928e+28
-1.885664177125034652e+29
1.765031954918880260e+29
2.103897649389551503e+29
2.208372014494658821e+29
-6.352801019494924031e+28
-5.286149710378710188e+27
-1.124465978718046706e+29
-5.995077328514996861e+28
-1.924528124606769521e+29
1.450295998372123236e+29
2.773040890906187512e+29
-4.886320133045423592e+29
-1.656380373131789702e+30
2.810465840595456081e+28
-2.392659758427251913e+28
4.987418580525437657e+28
-1.026359776424808204e+29
7.135237940588178437e+28
4.803680472471052821e+28
2.289900217200195452e+29
3.013823394686733853e+28
-1.148669554019351308e+28
-4.998579254331713742e+28
3.246735360042683920e+28
1.087106828737306205e+29
6.925283978177424981e+28
5.479725457911785082e+28
2.924029378518023235e+29
-3.768774710357145010e+29
-2.636363016657138477e+28
5.130510852893955417e+29
-3.026713691052402866e+29
-5.192965319529427875e+28
-2.877388747183630733e+29
1.185924792278741116e+29
1.384396626142426841e+30
9.883802301789338587e+29
1.741847607662701540e+30
-1.007441828695289776e+30
-1.864237532065208584e+30
5.293907134061993053e+29
-4.961627779359767576e+27
6.801081308318696459e+29
4.352214174126375660e+29
4.614789301393491546e+29
9.076506786755363848e+28
-1.603049108920768959e+29
-2.016954484716300028e+29
-9.714657651066690470e+28
4.657214985389728211e+29
-2.253371387537215463e+29
-5.136636707234935678e+29
-1.916932506244579006e+29
1.345279792349309123e+30
-2.005152655917516215e+28
1.048446166818123717e+30
-6.234872069101672796e+29
9.644025649693152251e+29
-2.584981742540993959e+30
-1.602680305575097326e+30
4.428948323329892264e+30
-1.387227454090059980e+30
2.083489437968753971e+30
-5.474830137395415907e+29
-9.740126363636732055e+28
7.862128606136215839e+28
2.182509038577828080e+29
-1.937533286110442167e+29
2.462602785731467038e+30
-2.338284749997892987e+30
-2.755450974680060028e+30
-9.782542376936262280e+28
-4.083932711814890327e+29
-3.475361212621389896e+30
-5.149907434540824137e+28
-5.110975973983647039e+30
1.280816669338526432e+30
3.416174665185792144e+27
-2.577661902101037011e+28
-1.041267204205843234e+29
-2.314865373744112870e+29
1.717396880784005640e+28
1.759110847084882964e+28
9.144611791223477752e+27
-5.743815422925976197e+28
9.833964508386229224e+28
2.067841164076263895e+29
1.976528369627673301e+29
2.783179399691403250e+29
1.056156409637995267e+30
-5.281366362895047327e+29
3.842901445315435386e+29
1.416257217042775374e+30
3.536051477459554723e+27
1.135971237891744718e+29
-4.654705881137015207e+29
8.942729896572508539e+29
-2.603924753056538269e+29
-1.761543137200808526e+29
-1.121886824281933044e+29
-5.928537765942324837e+29
-4.267378878797732020e+29
-5.534832301769850534e+29
1.883106274566849763e+30
2.860061516199831682e+29
-1.162528819103175305e+30
1.805599767925701233e+29
-1.111946018607702568e+29
3.483513915077568734e+29
3.432670176382394172e+30
4.003538701296753233e+30
4.816962743439381902e+29
1.798288950138147334e+30
3.234104279540517343e+29
-1.979303427463350388e+30
-9.993565271169792736e+29
-1.245790080610309144e+30
-4.205764669805963877e+29
6.774726551269878355e+29
-1.085362069100592366e+30
1.155392665929887130e+29
5.925226755102990452e+29
1.108605515234914395e+29
1.140418921050715079e+30
3.709037987184316981e+29
2.286609839482459610e+30
-7.593965197079540110e+30
-8.480829823260050467e+30
-1.430828129511055338e+30
6.841311575201418110e+30
-5.483023767214888511e+30
5.718203185693230254e+30
-4.616662391615274285e+30
8.052352389399657224e+30
1.618823106923318631e+30
2.816785494709996327e+29
-2.996713131533542162e+30
3.373666183635580634e+30
-6.881377598979541474e+29
2.554962899189948125e+30
3.401255357652438414e+30
8.247794732498656665e+30
-1.773550097441305119e+30
-5.096862940548267982e+30
1.002630388191990923e+31
2.208719386164026551e+30
1.961031660942233080e+29
-1.439725750339054821e+29
-1.085382543901412948e+30
1.808281217519595792e+30
5.192110957195225557e+29
-4.059541516754340946e+29
-1.125584837839692718e+30
8.095149134488553511e+29
-4.887516529227137588e+28
1.311647369973638574e+31
1.115932636436414476e+31
-3.779228430592523569e+30
-4.373639731524461266e+30
1.940890371493093752e+30
1.471973897535613205e+30
-6.596071139068496283e+30
1.345357433319434115e+31
7.111261157084274562e+30
7.486966530423151183e+30
-1.078534668983067989e+31
-3.921892222005576896e+30
-7.790553783654954717e+30
-7.455499165624316880e+30
3.218853994018225633e+30
-1.987941999348103104e+31
-2.241979368027557619e+31
1.023473107814707500e+31
-4.263926297190596353e+31
-4.521396124819021625e+31
-3.526437020081331724e+30
3.803015478545744089e+30
-7.050529928770856676e+30
-1.475922937457587010e+31
3.564401462768377170e+30
1.025103296923910641e+31
3.868448575531481746e+31
4.820175935238362962e+31
-3.021462609975352923e+31
1.504041683704799932e+31
9.921361212019779584e+18
5.502803119826324029e+20
5.713836856568027546e+20
7.018089808706226094e+21
7.130037026133726200e+21
4.255843726371829842e+21
2.085773411633529272e+23
-9.101754865702595356e+23
-1.154440029547065344e+19
-6.682396116816060482e+21
7.942940220069909627e+22
-2.925702280314996266e+23
2.657611578591977448e+23
4.350705872330310612e+23
7.033797229462356962e+24
-1.298812996582991131e+25
2.013856183785834624e+22
-7.111961017538930383e+22
-4.877324071795809730e+23
-7.068928954873975920e+23
3.456231051232939451e+24
8.157975747146238717e+24
1.699457650104830518e+25
2.700845592425679358e+26
-6.111143622013419415e+22
-2.657907128833837346e+23
4.342010605746200626e+23
-2.365591680464151290e+24
-5.009942883852936964e+22
-6.046926511875629299e+24
2.194259552998094071e+24
-1.820292390993125118e+26
-2.674684049303258993e+26
6.323524464056178133e+23
-1.249315272474657412e+24
-5.541327374890534091e+23
3.494188228570541678e+23
2.789861490672735686e+24
-2.595806847929455057e+24
-8.273624825480172108e+24
3.643106109277548833e+25
5.654718246020975765e+24
-1.064105612946550071e+26
2.973952414663508867e+26
-6.664186143132189186e+23
-2.221202678858987340e+23
9.754371975425925428e+24
-3.419903353934082736e+22
5.080806525579299167e+24
7.491519803410091627e+24
1.283384927280461420e+25
1.748796058253440765e+25
3.306728542676163699e+24
-1.363245314203263925e+26
2.705451877782751752e+26
-4.785118611588244375e+26
1.174904697144492058e+27
-4.247953168077821219e+23
1.022857173690759680e+25
-3.869759369814522554e+25
-4.515993740939823151e+25
-3.311175251610855050e+25
-2.754911497861002519e+25
8.277161839342514979e+25
2.129495351017071001e+26
3.173500688199300221e+25
-8.869373327541103401e+26
9.904942569651982440e+26
-8.462846816948078318e+26
6.651611103782977896e+26
1.061219956840017508e+27
-1.098920013577222000e+24
6.369987196984686571e+25
2.856266673660951622e+26
-5.833056214243633291e+25
8.982346516609767798e+25
1.941875805920030154e+26
4.373719346859761212e+26
4.797159323675826009e+26
1.550999001901311410e+25
2.369266880059510347e+27
-1.286898704255952520e+26
1.396927929157090776e+27
-3.011639747731908552e+27
1.235415684792957449e+26
-1.960468684693906500e+26
-1.831096982158237418e+25
2.762195327480641619e+27
-5.591731193409820715e+26
3.488420190608006114e+27
1.000136732992318256e+27
-9.804362501183694492e+26
2.677863025782460331e+27
-3.980174610136868903e+26
-4.721943611620616462e+26
3.211732514674427852e+26
4.832758141893418471e+22
-1.865646484158751902e+23
-7.340339004794737158e+22
-1.149127359398063725e+24
4.081434421447941423e+22
2.367074218484995537e+24
3.019312094017374692e+23
-7.905244526806320957e+24
2.725239954499627049e+23
1.287470025667865815e+25
-5.936224886298777848e+24
8.948920427165965097e+25
-8.338250257588241073e+25
-2.437301006683731468e+26
2.003123154051047191e+23
-1.157524074401301263e+25
9.307308311725387960e+24
-6.146996948296233870e+24
-6.549014489110041784e+25
3.128808038840136729e+26
-2.370767767196499199e+27
-1.224240621075148770e+24
-5.108559740365738449e+22
3.007572139632770851e+25
9.633014988559304302e+25
8.407001381634491841e+24
-8.562730131159282272e+25
-2.201411788372921114e+27
-3.899204526396025936e+27
-6.598866318948758514e+25
1.790056758419101869e+25
-1.639813308679960268e+25
5.818694769461256912e+24
-2.195424014506671763e+26
-1.925335762251894909e+26
2.682073379346192652e+26
-7.852830777002355888e+26
8.870183501764241391e+27
2.699059143114828299e+28
1.137950052011166510e+26
7.809001176057370158e+25
5.321658930812743792e+25
2.609435250412612833e+26
2.377427085941837276e+26
4.251945124332264200e+25
-1.458353660471192261e+27
-2.579097483035448413e+26
7.528108972401580817e+27
-8.627896019575587975e+27
-3.807374919719592750e+28
-1.538316611686102888e+28
-7.499430869124875975e+25
-1.229718714995753098e+27
8.900232820956162150e+26
-7.362078113388075624e+26
1.325595067084265113e+27
3.729346290944926372e+26
-3.923588940716442188e+27
1.902145828712864349e+27
-7.801238249969506602e+27
1.095869779069895540e+28
-9.799410789591378483e+27
-2.427793058116375919e+26
4.201293225227591327e+28
1.499232916049906479e+27
6.213972577635843889e+27
8.210025074537567081e+26
-3.100857055899800696e+27
-1.279907926490540621e+28
1.153794864626775399e+28
5.714878870068613786e+27
-6.191459277016324574e+27
-1.867685187895231265e+28
2.417909860096024015e+27
-9.331116034443448314e+28
3.950864478829287517e+28
2.493750130055002287e+26
-1.841794977641334332e+28
-1.695894736333361078e+27
3.165610856206678195e+28
-4.390639882412918921e+28
8.119706898629156779e+27
-3.328608942023324395e+28
2.669888139784550614e+28
3.998769424908688275e+28
3.158007268522608145e+28
1.330034087674104542e+28
-1.409167912260891815e+24
4.690994386190997383e+24
-2.811613364389907809e+24
-7.305784364769063016e+24
8.428581421134978543e+24
-4.103006397658189388e+25
2.722795028361769053e+25
-4.983700943507515518e+25
-1.116546603762945097e+26
-1.835432297613579002e+25
3.210033074118917178e+26
-1.672797922767927429e+26
-2.836805632840189655e+26
1.085227360137586584e+27
3.501818204618515914e+26
-2.694423435861211292e+27
1.056746854278822143e+28
1.133487509063901074e+28
-3.298939019211180324e+25
-1.117061740515130108e+26
-3.799769451083823872e+26
2.580503564010243326e+26
5.237540656164653871e+26
-3.128475133069174889e+28
1.892291324662951501e+28
-2.527089896943705416e+26
-2.332266296046502360e+25
-6.209596182633718228e+25
-1.204851046688720459e+27
-9.745880461420209020e+26
1.782198820486664612e+27
2.985267787577344532e+26
-1.092964511833699035e+28
4.099386342345128779e+27
-1.002882289869053298e+27
9.269529581371559123e+25
9.859855639976674426e+26
5.951229333829924972e+27
-1.532108818782314041e+26
2.037255721089473423e+27
1.285208699510641959e+27
-2.248461359793097050e+27
3.208916577298861870e+28
1.272791742269515478e+29
-1.838518493256429188e+29
-7.088781329660394292e+27
4.256760617360048277e+27
4.980873314837930392e+27
-5.343359165383968318e+26
9.639698722873322878e+26
-2.662189199413613288e+28
1.089972273990147911e+28
-3.334838672144705790e+28
4.019364143557804363e+28
-2.359289289119215536e+28
-2.426879118151824790e+29
5.311084009111260117e+28
-6.561368892608864912e+27
-1.086874199372528549e+28
1.025271902749413374e+28
5.524256068182520276e+28
1.236185054426923048e+29
3.323374481258928213e+27
-9.212126463931313575e+26
-2.531415639837747763e+29
5.781815477067040494e+28
9.769031535906117686e+28
1.244069031279177245e+29
-3.043646344365883001e+28
-1.809868667447701380e+28
2.464152908894602822e+29
2.524895059800715640e+29
1.034849147479734983e+28
4.401807618881167944e+29
-1.000379520735696447e+29
-8.091794538407838295e+28
2.140697303968875400e+29
5.848733053012967326e+28
-4.300969472626783438e+25
-1.029669559246690168e+26
8.965497773469440180e+25
-3.169785121851289732e+26
-3.139228295798693298e+25
7.474958211172146479e+26
-2.584291748805437578e+26
2.224236607666982128e+27
-3.004537269863658498e+25
-1.725766848129367849e+27
-3.110342965726451046e+26
-9.354011661245840507e+26
-5.069518773121747042e+26
4.026423491725895812e+27
-4.146132561155310819e+25
-2.665428714891784598e+27
4.485815654728693038e+27
-2.842928463513887270e+27
2.649465632534114893e+25
-9.685983510042617701e+26
-8.626189515153544076e+27
1.133937747776226895e+28
-1.180397328211760931e+28
1.358261243022281370e+28
-4.752015309098577344e+27
-1.558551225831707784e+28
-2.795911502599029490e+28
-4.525167128674102902e+28
4.284422701139979826e+28
1.216407148361706828e+27
-1.207645471696913948e+27
3.486306495038171491e+27
4.290396301232033838e+27
5.466181665031563320e+26
-1.258927383723078696e+27
1.353179296924196989e+27
6.655019935209400597e+27
2.075867330373377868e+27
-1.186149086045961775e+28
2.601195336508153083e+29
1.862022024316072577e+29
-2.698941899550980004e+27
-1.280307418105268041e+27
-1.516542472442963688e+27
-6.580419461167332553e+26
-1.590613099556111014e+28
-8.022936898373961522e+27
9.328293768319082416e+28
9.262846254352440660e+28
1.826266447637995037e+29
-2.725648309588617444e+28
9.844488127513818399e+27
-7.863488121091232155e+27
4.114750224310239670e+27
1.070886671246387891e+28
-1.307570822724157365e+29
2.596978607283036277e+28
2.351878275626105125e+28
-2.592554343622765912e+28
4.755091602899955572e+28
3.706102735620138487e+29
7.117877756090787129e+29
2.042715911461978787e+29
9.165144602342780810e+28
2.247850459026949411e+28
5.171849154600064972e+29
-9.764407626800064906e+27
-4.710407874189587765e+28
-5.796728298809741180e+29
-7.475693774662131191e+28
1.252790458013948225e+30
1.648447630469605251e+30
-4.615275469566851257e+29
-3.258164995959616955e+29
-1.049181821329314137e+30
2.388874394327618632e+29
9.057142040855041113e+29
1.550495238291546118e+29
1.250535071175587574e+30
-5.274517601205898180e+28
9.006428464863865014e+29
-1.540551601326765361e+27
-9.641890973401879611e+26
-1.000966258298309661e+27
2.832205218181686785e+25
-8.297436087948283269e+26
4.886902793122106200e+26
7.848165794541234267e+26
3.786761734028633912e+27
-1.552667309252708986e+27
-5.416223093874093091e+27
1.493893950958501495e+28
-3.520572603433945154e+26
4.507654074976156325e+27
2.788302420674877932e+27
1.409621154088208927e+27
-1.520877362278716223e+27
1.106023384142482095e+28
-2.599135997336540385e+28
-6.857209348089146549e+27
-4.493667154172343292e+27
-1.254077112568156664e+28
1.233996300101085134e+29
-4.216340854977668630e+28
-4.278408059028758649e+28
1.453249358253339988e+29
-2.604950467501603646e+27
9.628406786266485030e+28
1.922965972837047172e+29
8.716600716903331543e+28
1.766886215216019286e+29
4.913584794735785715e+29
3.726114985961931965e+27
-2.318150329764530811e+28
-3.048285564669847384e+25
-4.297693553219488516e+26
4.642084375304583307e+26
1.740361786570557304e+28
2.936190584939923564e+27
5.584245595015823948e+27
-4.216336357658172841e+28
-9.304830928730608873e+27
7.919613631747246420e+27
-3.531906211026890805e+26
-3.446178383965341008e+28
-8.868687225139924823e+28
2.165415635423659174e+29
-1.921204960350404543e+28
-9.100781246346647585e+28
-7.597425601861323672e+28
-1.407008225091457429e+29
8.268172009867542898e+29
-1.062917041476636777e+29
3.832330151485216634e+29
1.875177221905391018e+29
7.772680303421928248e+27
1.659703542789988465e+27
-4.095564447418763838e+26
-3.320482144408144262e+28
7.715198168819842606e+28
1.384397270859678221e+28
-3.207249218169714782e+28
1.745787676923634596e+29
-3.105824281653521355e+29
1.458216562831260346e+29
-2.980712851858031076e+28
2.751198483326132413e+29
2.845227251040365275e+29
-5.777964468030517734e+29
2.600946040773001755e+29
6.940159312694092378e+29
1.963878561199790876e+29
-2.610462058085925056e+29
-1.189693600424629700e+29
1.534278839782432817e+29
1.384644448753678232e+29
-3.751907397444091790e+29
1.978740090171018411e+29
-4.658003349804291206e+29
-5.858513193361626634e+29
3.832480205064214869e+29
-1.735055143351144760e+30
-6.700199175735143571e+27
-3.436119402558485808e+29
-1.064602567122559195e+30
-3.829385525546345710e+29
-4.394003519328838551e+30
-2.133031780357722956e+30
1.424658199977348794e+28
1.528371086933806587e+28
-9.628520411950212873e+27
-7.423384629037061316e+28
1.117354922302741189e+27
-6.729695334581329730e+27
-3.993292490129905960e+28
-4.283306019305331858e+28
9.320842747651487899e+27
8.228856132362279403e+27
3.705969508575415568e+27
-2.211598754918682865e+29
1.386993610864013371e+29
1.213815981816358655e+28
-3.398387299361132279e+26
1.652730598991764604e+27
5.069785779034914258e+27
-3.506118778185533366e+28
4.440707165381328061e+29
3.669364331904676257e+28
3.241615756981450346e+28
1.050056990831121630e+30
1.528964005837830148e+29
-3.883680030496077005e+28
-1.625669380145444949e+29
1.944981141406498193e+29
8.202866497729161428e+27
-7.553215418855204474e+29
-2.783619515488186701e+29
1.746372518988860570e+28
-4.827771053224882139e+29
-9.499225152465695390e+28
-5.280372569858277881e+29
-1.286967146703159023e+28
-3.463312156049962338e+28
-5.324424449662166852e+28
3.268550595447569680e+28
-3.020253185639188179e+29
-1.291593848290711045e+29
1.574496353965989152e+29
8.199058287403600393e+29
-3.003882837751641140e+29
2.989587715493730045e+29
-4.206909611317807961e+29
2.285846336565501264e+29
-1.740985147936428645e+29
8.892811458995524537e+29
1.213547480106249394e+30
-3.103050744580982947e+29
-2.825853357654375057e+29
7.319790488659342761e+29
-1.227660449759644033e+30
5.128832556843415506e+29
-1.360758129254650803e+30
-5.561283572683157928e+29
-7.233249264500948194e+28
-2.193243054590779535e+29
1.721449932625932536e+29
3.034887527065998256e+29
5.864253046348656875e+28
-1.981255037275230782e+29
6.338100975527123144e+28
-3.138426510601876291e+29
-4.952381716681702807e+29
-4.224237634485585429e+29
2.020879535353394176e+30
-5.563436876581968143e+29
4.407480595341549978e+30
-1.299032359714754190e+30
2.879094557405867068e+30
5.625126090398852946e+30
-3.407893632367759297e+30
-2.553683261969369482e+30
2.144623583891232405e+29
-3.398858046965112333e+29
-1.162361720226277369e+30
5.016261928420221446e+29
-2.491171156764133182e+30
-5.238366401737771936e+29
-8.303585360058124054e+29
-2.694809181605076914e+30
-6.956257083266893578e+30
-2.854799700705574897e+30
2.668991094290863973e+30
-1.411658548724917826e+30
-4.639187294751919988e+29
1.568453246154394248e+29
7.786835224357668436e+28
-9.763304947055777856e+28
-1.191195213574759049e+29
-5.636870757544861098e+29
3.171974933061238412e+29
7.683166104844595418e+27
-1.438590962851037724e+29
-4.866014245841109989e+29
-6.629152853432031339e+29
5.098159695841000144e+29
4.609834805998356604e+29
1.147254202131484734e+29
-9.913732027612368654e+28
-1.072894754104802012e+29
-7.537333183622969062e+29
-1.695188495283256270e+30
-1.203134031374491640e+30
6.460198918664421502e+29
1.068957644183273116e+29
-5.890235244124514335e+29
2.639168075791636734e+29
-2.401580545414822067e+30
-3.026556927928790541e+30
7.620150733719316701e+29
-1.617557223444766069e+29
-8.066750162084011319e+28
-7.973306303474553711e+29
-3.142574434425581507e+29
-5.663864923161264493e+29
1.438927582659571175e+30
-3.038122707280561197e+30
-1.446901424487969338e+29
1.221100827955915183e+30
-5.568584986859075079e+27
-8.199336053945488784e+30
-5.036461484248607636e+30
-3.086045610246797834e+30
4.949119850205765712e+30
3.095042423590231597e+30
-2.836132875611325016e+30
-1.862600913177934188e+30
4.718978147605487280e+30
4.238991425538323222e+30
-9.603239051180838845e+29
-2.708306242860921126e+30
1.719478532037751632e+31
1.421422892131017560e+30
6.185613447958679739e+30
1.025828240991947097e+31
-6.941429607346154155e+30
-9.165908462396872546e+30
2.988758416979851003e+30
1.224634740800912004e+30
3.993044067565920665e+30
-5.314644223086595260e+30
-3.757707258336657280e+29
3.457837489309299154e+30
9.120329010330503800e+30
1.883849003451107473e+31
-1.233135091750752849e+31
-7.549230640289707539e+30
-6.491260246264115670e+30
6.071210761237147505e+30
1.344348704250240346e+30
2.389470423078957365e+31
2.597925069913915468e+31
-2.206530365179049476e+31
1.842471643719752790e+31
