-2.175458509466566400e+16
-1.704255256427665408e+19
-1.726792326459984445e+20
-2.576717941036707480e+21
4.077781334271174640e+21
9.838577367035928379e+21
-4.786825287009584336e+22
-1.127214544227957977e+23
-7.110556314942099056e+23
-1.425562107419908096e+19
-3.892399768066953052e+20
2.155156792881577984e+21
2.568869194735163539e+21
-3.731752031070777980e+23
6.772023200992515326e+21
1.362131288894574466e+24
7.561617873537074444e+24
-1.057518290380231310e+23
-3.751006362500252303e+20
2.214106024112923083e+22
1.859797595906990984e+22
2.378961418237059835e+23
-3.932608174300887190e+23
2.102496974157070935e+24
6.402646990716489746e+24
-6.346554884663680256e+25
-3.423851950189121438e+26
-7.932826449010519704e+21
-2.962040675538409882e+22
4.701810575402075706e+23
5.565876233671560030e+22
3.595538275898230229e+24
-2.325501600655552216e+24
1.705632812825391042e+24
8.310843967941006433e+22
2.297416489489170601e+25
-3.578237002714034591e+26
1.677425196604468494e+22
6.426397447035660964e+23
2.754760220596848508e+24
5.568999285025247425e+23
5.330257826793761175e+24
2.698557816506815544e+24
-1.458474193269522605e+25
2.811239359482498029e+25
-3.097873171829772504e+25
1.628099812343393433e+25
1.479413753617736811e+26
-5.966481274980223213e+26
5.628291076173920521e+22
1.070183211976726350e+23
4.845340145928144591e+24
1.039907980883142675e+24
-8.968362019831696742e+24
-1.123187158669854635e+25
-1.862042663910726752e+25
4.770068407480917430e+24
6.846032355778086367e+24
-8.675747238829791285e+23
4.026190813250892354e+26
2.653380044035346736e+26
7.348954137317584633e+26
-2.707418946232629432e+26
6.081732220393248260e+21
3.012092581921299729e+24
-3.668986685942027344e+24
-1.003211142831987980e+25
-3.656621178150742242e+25
7.779717744135436871e+25
-1.359184265195588705e+24
4.066709980478520837e+25
-1.556851099186386860e+26
-3.366874046933062056e+25
4.398068575928046260e+25
-8.871839918846375065e+26
3.600177993759989364e+26
-6.538072325860779565e+26
-5.939389969065149921e+26
9.254852850732477553e+22
3.207552437622926970e+25
1.733615091641362273e+26
3.439178132445078678e+26
2.068180650910662671e+26
-3.727293085955990136e+26
-8.636123784096924674e+25
1.749795698887833041e+27
2.084173972347533044e+25
8.393733879663561050e+25
-1.051693580409485898e+27
-1.096027245677998800e+26
2.933464199291404322e+27
6.346133085607162363e+27
-1.469952902692486244e+24
7.458492484270383977e+25
-3.215248551983874315e+26
9.947107483358432168e+26
3.570286699314746852e+27
7.231051938117063881e+26
-2.943908898613976842e+27
2.232039172088032136e+26
1.757473621533282865e+26
-9.397830640528043409e+26
-1.417610638667323260e+27
3.399290287081928857e+27
-5.155826133633818051e+27
5.596930921918798234e+19
7.896718733562641121e+20
5.025063681883872690e+21
-1.537372882415881552e+23
6.072497897493057084e+22
5.964189657997069045e+23
-9.438531630040293174e+23
1.308575593357596781e+24
-4.584111989341910666e+23
3.163099039948088919e+24
4.533409587324688638e+24
-3.755012294096873901e+23
-4.145506834580321369e+24
2.613893559050190350e+25
6.146163146325406078e+25
8.780368115132139024e+25
-7.750835238186529902e+22
4.568487645612108163e+23
5.578899441601180659e+24
1.463796375902892030e+25
-2.006978375077024525e+24
9.012428703076549028e+25
3.702470162677331818e+26
-6.294599634353938854e+25
1.818285317916199196e+24
5.542938110952848738e+24
-1.115338307064213859e+25
-3.075722740701950099e+25
6.875806606644581082e+25
1.575307567168641439e+25
-2.277721829764049023e+26
1.693670088854411932e+27
-5.639128839513095836e+27
-6.480840493594669287e+24
-6.450924720616866771e+25
-5.169779994887114894e+25
-2.936918076682368940e+25
-9.600341690257621681e+24
-1.115142732017360600e+26
1.733567295631086651e+25
-1.099244992624245102e+26
-1.876185931252952651e+26
-4.012281382948293198e+26
-5.342859585730966183e+27
1.462948944979686872e+24
-7.771398153184788368e+25
-8.454741703961705674e+25
2.744663508415028559e+26
2.443137199630305646e+26
3.507985761201053987e+25
-1.839734159766640114e+26
4.159578247084286217e+26
-9.284226822789440360e+25
6.822310769972417198e+25
-6.668954558964398743e+27
-2.571476498329395326e+28
1.403865075319228541e+28
3.761644901320532127e+25
-2.225019106871920730e+26
3.527850997446747323e+26
5.294922279467203353e+26
1.277566077204479065e+27
-5.691333106948821223e+26
-2.790805489539784719e+26
-3.451129636127450567e+27
-1.216070949236246071e+27
9.527919593735622982e+27
1.977593635024554845e+28
-4.831350180168229500e+27
-8.557830546566528171e+27
-7.418266713289567787e+27
2.209648433966673358e+26
1.097338897968042316e+27
-6.434696253459485041e+27
5.290596200549244103e+27
-2.699175698332534192e+27
-3.421116814735574208e+26
8.427264630387472921e+27
-3.394706995573321217e+27
-4.050074085386111418e+27
4.468633092030692434e+28
-5.765584301555814216e+27
1.465102748119842685e+29
3.478011421920251914e+28
2.687653388983895028e+26
-3.334252065518486651e+27
1.894652924302088984e+28
2.602781386350871955e+27
3.266173715870976696e+28
6.043860613321628430e+28
2.915375923020993088e+27
-5.011605564877999813e+28
3.291426929662335639e+28
-6.653931503247966750e+28
3.113672401541252165e+28
3.443979745839199126e+28
2.152742974028991431e+22
-6.625023523509978677e+23
-2.695517556757737148e+23
2.824284053221558756e+23
3.406179584662942085e+24
-1.561860911203140411e+25
-1.290593235011879129e+25
3.491058700969050035e+25
2.672578789643849837e+25
-4.240079180471766767e+24
8.256576008404418268e+25
-1.082138912580572613e+26
3.250821956738366064e+25
-1.764966115382554439e+26
-2.956176847728350523e+25
-4.451507128541422985e+26
2.286629331365877986e+27
6.446580354902966340e+26
7.822627116966877036e+26
-2.350052825680422860e+27
-7.298661933671387155e+27
-1.798853908238744427e+25
7.910116753464319960e+25
-1.690059858266918877e+26
-3.761884375242214400e+26
-2.523057974003077159e+26
5.084322024141720576e+27
-4.149960798183223404e+27
5.781604599618377045e+27
2.036268192948462339e+26
-1.563396112880980034e+25
5.283923968180298483e+26
4.399651500101766529e+26
1.226621405355828515e+27
-1.162357920136583302e+26
-1.610452651594314423e+26
3.137816500872599390e+27
9.778283145857663263e+27
-3.502135885362028383e+28
-6.568055904514295926e+25
1.665383566481926803e+26
-1.422396748279272149e+27
1.172312523616128300e+27
6.537259128815075769e+27
2.435765237669994701e+25
1.028553456693100391e+28
1.206428413398672635e+27
-1.215748848428984288e+27
4.348543401313884523e+28
-2.736240983621040886e+28
2.399438294253714830e+28
-1.231385413307252949e+27
5.711343153330811545e+27
6.784560449724240501e+27
2.871233883854583616e+27
-6.786636517741216609e+27
4.243168140978469566e+27
1.016058016555258927e+28
-6.160150349434251234e+27
-5.168943464267802959e+28
-3.842820776290217560e+28
9.121261486784909846e+28
3.119701096373621872e+29
-4.572605578910041420e+28
1.275025538438562884e+28
-2.667929167217491914e+28
2.793797064119144283e+28
-1.207921596841490656e+28
-2.862783191552234049e+28
1.275864485435666009e+28
-2.390059731193918021e+27
4.484204117851983409e+28
5.851294598335381810e+28
-9.335551826230234163e+28
4.138244092845899544e+29
3.403293480056974326e+29
-4.535157389105802377e+28
3.482726169278743493e+28
-4.298588344400192482e+28
-4.432374855698552457e+28
-3.707434642094265786e+28
-5.033393812933689417e+27
-1.550194463573496955e+29
-6.518842291021799713e+27
-4.409872036771290674e+29
4.344608691474956290e+29
5.209749801228026359e+29
3.367635108724874462e+24
4.418288269662793865e+25
2.554678958488209894e+25
8.860336672089302903e+25
-1.789015084820400425e+25
3.777205369277315129e+26
-6.858821718142132986e+26
-3.073653343060665899e+25
-4.175902056714486984e+26
7.753267039266999225e+26
4.467668329107751713e+26
5.461285859855856866e+26
-1.219274671473707192e+27
-9.514167003434450645e+25
-6.747418604335594697e+25
1.342585590307713003e+27
1.609460094484705079e+27
1.225587998943990744e+27
2.587984958848871123e+27
7.530698224432851249e+26
9.615845485699168733e+26
-1.221379873002638041e+27
1.102620400080555068e+27
1.519076310292612166e+27
1.251390280697600365e+27
-7.214817351726834236e+26
-2.912531712185838778e+27
-9.435738716931349224e+27
-3.440819682993309606e+28
-1.823170135670515242e+26
-9.471879640420375313e+26
-6.120796939525975322e+28
-5.170539635295061615e+28
6.900997411175929249e+28
4.505809595475941678e+26
9.728076983836450740e+26
1.767750416467330287e+27
1.805825572517346555e+27
-2.406408192949020443e+27
1.282155718028452417e+27
-6.726857250421016558e+26
4.392427441926967090e+27
1.798943311284277968e+28
1.677944733952123525e+27
2.189819118064111698e+27
-5.322907272399865320e+28
2.851326924951219154e+28
-1.327795765315005567e+27
-3.239074520390007020e+25
-4.736344514712625390e+26
-9.117573400410800258e+27
-8.205569844935533449e+27
8.310041812567260933e+27
-6.371671111330927342e+27
7.827218871693899248e+26
1.118336357177549746e+29
-8.525306137007527381e+28
2.500469771741014581e+29
4.260701483651984719e+29
4.981014148826924843e+27
-4.185486929733623553e+27
8.749417342881937550e+27
-1.650768217895647619e+27
-9.628499415921258526e+26
-7.268945783865050297e+28
8.509340217067124683e+27
5.425280613142053936e+28
-9.532954577179718408e+28
1.955557604469598231e+29
7.975369639507298677e+29
1.830006403138306372e+29
-7.506583518888535919e+28
1.655543535889660177e+28
-1.290265698892119886e+28
-2.365857513028522506e+29
-1.504505589587132675e+29
-1.449291334740067719e+27
-9.569380908703157443e+28
1.538181769925134940e+29
-8.970546652977629589e+28
1.426184117482717190e+30
-1.726951810388676492e+29
3.620430403016294548e+28
-1.079829100589533999e+30
5.358797765410636170e+28
-4.720947989231684363e+27
8.284623430540544744e+28
6.348290234576951114e+29
7.404151762959840647e+29
-2.684683747149423581e+29
6.676393530318009707e+29
4.479220691919393166e+29
-3.641426986785011745e+25
1.157311918726559395e+27
1.744271684861787513e+27
-7.062900212919222917e+26
-7.531512262078942556e+26
1.249302951165885321e+27
4.580593639529859481e+27
4.293395011233418675e+27
-5.900622858479746075e+27
3.755911213654969928e+25
1.986819000343329918e+27
-5.849559381072360283e+27
-6.958417534261652170e+27
-1.949043102491408907e+27
4.203736882335411275e+27
2.740964434135021491e+26
1.482779387110682398e+28
-6.222754241532920189e+26
2.997227147303063839e+27
-1.008651498447860418e+28
5.007529879544457900e+27
-1.469497724323359761e+28
-2.923725558047600275e+28
7.318741295131239019e+28
-4.116023545982392891e+27
-2.331532563547706579e+27
4.166950736089318359e+28
-4.935630110955923552e+28
-9.604395132321694521e+28
9.547718001559716563e+28
-8.257825863321795875e+28
-1.715991896604330856e+28
-1.377420868139161105e+29
-1.666442736523956319e+29
-1.316191381849058925e+29
-2.410281066776609029e+29
-6.105506631789184572e+28
-2.731974485768316505e+27
1.026610889495325882e+28
-6.096462767849533381e+27
1.211753827834748483e+28
-5.601051802705637644e+27
-1.257307596743842331e+28
-1.081496815255003858e+28
-1.543954090451984157e+28
3.001504956359930747e+28
-2.262749019869662976e+28
-9.726500498449939961e+27
1.358758699514219592e+29
-2.452041758658428164e+28
-3.946372269124677216e+28
4.150159566342575622e+27
3.531217234852692215e+28
1.270219004013255866e+29
-9.102975184220273353e+28
-1.300495416954295602e+29
-3.190981052603565370e+29
-2.033038242866233449e+29
1.116638057985972096e+29
5.924671950753656286e+29
-7.043303060939060948e+29
7.502869216061223558e+29
-1.330414260866362771e+30
-2.398200972267948099e+28
-2.948623165594622516e+28
1.012360273603592945e+28
-1.129576380782037694e+28
1.982135786909960764e+28
1.234791295352617277e+28
1.228262164631574307e+29
-3.748467998592499370e+28
-9.322206144521395767e+27
8.413744850972026299e+28
-7.649332824091075885e+28
-5.703875571980123923e+29
1.981470713671915866e+29
2.314196476755708195e+29
-3.430473268301161550e+29
-1.066284953713257808e+29
-5.007425463632970611e+29
6.131236592287978184e+29
3.678801576167297296e+28
1.390912575631559786e+29
2.619146511456159987e+29
-3.561496672298785403e+29
5.309071095363478136e+27
3.659719903431568013e+29
-1.546640900057015099e+30
1.334654718142773356e+30
-1.436751176425819291e+30
3.496308062834715482e+27
7.308996724228341074e+29
4.504608484811316456e+29
-1.918111980307123860e+30
4.513608513924604520e+28
-1.042417436769439790e+30
-8.308932369092092627e+29
9.210982908002129076e+29
-9.308783376886046164e+29
4.561291615962807072e+30
5.795009993329188058e+26
-5.379833443766451165e+27
1.922845301583852295e+28
1.895302063593559646e+26
-3.480245439416905437e+27
1.707797255825018024e+27
-4.195731989025999028e+27
-4.795433997488528688e+27
-1.719917563995043384e+28
4.000814808685943141e+28
4.871717332307117320e+28
1.550043264442882434e+27
-3.661317668286688771e+26
1.691025198703127434e+28
-8.970055380708039882e+27
3.490869737741128637e+27
-5.796182015622356933e+28
2.373020592084761773e+28
1.151120034669443137e+28
4.630374735435876954e+28
1.492851192967686920e+29
4.187666993103499049e+27
1.539315575886255905e+29
-7.185558448147000001e+28
-1.479763273762048648e+29
-9.465225995138174148e+28
2.860887496978647782e+28
8.757628185383983538e+28
-2.946379434406747814e+29
3.241619238631577331e+29
2.892276970047544959e+28
2.326568300159444319e+29
-5.482455180188517864e+29
-1.331714076188233433e+29
-1.234196265025010198e+30
1.560913484770130498e+27
-7.366390909501423444e+29
8.453274858100567602e+27
6.947177245359702797e+27
-8.687083666624986448e+27
3.673222973230431433e+27
1.658930769485442580e+29
-8.974219711227430859e+28
1.845344099863153350e+29
5.833145647050451384e+28
2.491735366440093832e+28
6.561699540858998733e+28
-9.923044912866288355e+28
2.465514120086053317e+29
-9.748962253108209571e+28
-6.197784968478869879e+28
5.120937051011802683e+29
5.668207015998202830e+29
8.239935794017861954e+28
1.312900102613153012e+29
4.714571729249483006e+29
3.708862123626178108e+29
6.966952917925835653e+29
5.099823060539151869e+29
-7.482872819652466053e+29
-5.056559983671361184e+29
1.635361787060914783e+30
9.139239919488303597e+29
-1.781192351277619301e+30
4.753953189966505388e+29
3.187157411178204587e+28
-4.247228782209093466e+29
-7.023887615684990035e+28
6.696620365244071654e+29
1.584638090128041761e+29
1.106508013679024954e+29
2.284925289447296035e+29
1.095379307612436829e+30
1.362486415185375194e+30
6.855429769689487512e+29
3.306433274337945984e+29
1.853267175733073782e+30
-2.015531687390973873e+30
-1.194727137341582531e+30
3.939689482993413185e+29
1.374972439459828962e+30
2.460795786214942393e+30
2.549304403201003314e+30
3.052096280651443505e+30
1.849538732231221907e+30
-7.156823859254027633e+29
-2.259546068737063948e+30
7.239700958564568190e+29
-3.751112737830923724e+29
2.037294441339967562e+29
-1.389569992555856391e+29
1.306627667498589043e+29
1.429327391328093987e+30
-4.601069309343139175e+30
-1.758239797142602554e+30
1.230730807504448250e+30
-1.766997578089043177e+29
3.826410501750353786e+30
-3.415781180079239133e+30
1.186594778522219706e+31
-6.257168006735077849e+30
3.320218045902684942e+27
1.187856010992224953e+28
8.476512519373519819e+28
7.040377464018047811e+28
1.602005555377334594e+29
-7.865487281936169054e+27
-7.412949296750484489e+27
8.050299222724282818e+28
8.123738471689172753e+28
2.584172257438788938e+29
2.469985181664201808e+28
-5.679173359477000738e+29
-5.996137454686489485e+29
-7.793088894946862953e+29
-4.879447880210914069e+29
1.016188010318430889e+30
2.529896873879316936e+28
7.603102454103925799e+28
-1.314230876751369313e+29
-1.393220783773045858e+29
4.885221007775335433e+29
3.653203787553719935e+29
-1.468610883005434705e+29
1.869270685747582803e+29
3.576304007424761945e+29
-1.005251445996063402e+30
-1.166414612312354775e+30
-1.551792493716246690e+29
4.784728690901865787e+29
8.589433130817943034e+28
3.885403819094267194e+29
3.444511246085898495e+29
1.132624465008221404e+30
3.859484274260538722e+29
6.832527115000176407e+28
-1.776351202824109264e+30
-1.191124883106882593e+30
1.277484595691072855e+30
-1.799950825421360537e+29
7.423932964750765024e+29
2.073437520065317050e+29
9.053750067185049596e+29
1.139466088345900003e+30
7.614115433178615842e+29
2.150916964847624563e+30
-1.813322006728680726e+30
-3.319961687510295217e+30
1.228347173992980851e+30
-1.025982358173615861e+30
-1.347331391891750971e+30
-8.867433222961577897e+29
4.102532993271268771e+30
-2.314100337769067054e+30
-3.022373499557296777e+30
1.090871503472210109e+30
-6.348842565971987013e+29
-2.703148995056322892e+30
-2.886003781567329359e+30
2.026348038500465534e+30
2.265343734681393662e+30
-3.086437001552922867e+30
-3.259779539194344118e+30
2.560931992148333086e+30
-6.466063733236539748e+30
7.081698394455612489e+29
-8.741688687461131812e+30
-1.631312954689174494e+31
6.209775301129423889e+30
4.495663977480620043e+30
-3.035443859846015888e+28
-1.545993256276938415e+29
-1.523906597054981235e+30
1.593529178560515118e+30
3.310086180372654544e+30
1.075360883909115463e+30
4.268104088206485271e+29
1.422530540830952654e+30
-4.566737233420403602e+30
-1.934327115909406349e+30
-2.538403091844432606e+30
3.216918030100835536e+29
-7.720067411251596747e+30
5.544048512106299553e+29
9.139551264604121784e+29
-7.878159075534851570e+30
-7.712302873793428839e+30
-2.481536922928839352e+31
-4.934748861652863248e+30
-6.072264377738478345e+30
1.009094532303683970e+31
-1.846871846820655996e+31
6.278954408742896494e+30
1.820155500665176157e+31
5.618770529595240005e+30
4.542648447638439186e+30
-1.741183325089409339e+30
1.658337802776127417e+31
2.242179215899118300e+31
-1.884428366001009255e+31
-3.682422428506559887e+29
9.009150099524265398e+30
-4.684736722225636079e+29
-5.249175571813454446e+31
-3.833571688718375548e+31
2.726105247485666875e+31
-2.878937931974623796e+30
3.597820607110204297e+31
5.580405027459273173e+31
1.962802779856840704e+19
-1.265229971199055462e+19
5.955987679264803389e+20
5.882131299967851037e+21
-8.560444554796495536e+21
-2.097957407652329816e+22
-3.983501819995105526e+21
-3.065189934159054808e+23
-5.772749831663866348e+20
-6.979469678727619674e+21
5.408170121792614669e+22
2.426555260320513283e+23
3.705564196364956090e+23
3.564660603555205979e+22
7.626806146409684980e+24
2.752445791805784308e+25
-3.968762424266906403e+21
-1.102751416326897743e+22
1.160420739376000595e+23
-7.327485897337451263e+22
-3.409642711568744993e+24
1.290441500576827509e+24
5.443451696516997804e+25
1.659512210702538182e+26
-8.802756918876423638e+22
2.664302972955469923e+23
1.833492371809821461e+23
-1.662723628515897897e+24
-1.311736830517668911e+24
1.867391170864362893e+25
2.221183109888944576e+25
-4.692373919033190175e+25
6.911875842633666685e+26
4.080803293402672849e+23
-2.621684215901191815e+24
-7.599995010995933780e+23
-3.238961735020784151e+24
-7.987145982044739417e+23
-7.311829281788544049e+24
-1.099285248135748879e+25
1.618687060194775533e+25
2.505384255090981847e+25
-1.089511197760577492e+25
-1.908542305065285033e+26
1.272095701313509852e+24
2.215223734362834616e+24
-1.017603803895221079e+25
4.887567096103035573e+24
-4.763876120861221170e+24
1.320426162239311796e+25
-6.150648613376392744e+22
7.625103843032437014e+25
-1.661168259994296697e+25
8.576108345046290230e+25
-7.775577599042744733e+26
1.065848122993613188e+26
-7.251734787867810962e+26
-1.986601145925852084e+24
-1.331021613093275449e+25
-5.460943710246471134e+25
-5.532874886885981760e+24
-2.877353168466078374e+25
-3.456123868116237900e+25
-2.701596410241645717e+24
1.049988012855579872e+26
2.671481885939774820e+25
4.391482510163040527e+25
-9.576861192838168667e+26
-7.460412925505260787e+26
-1.407776862516855676e+27
-1.818730816992313729e+27
-1.017335487500537987e+25
-1.147882733877051324e+26
-2.603054466328214977e+26
8.298823675830015393e+25
-2.221345671713700417e+24
2.200551285869454251e+24
1.138802580288132243e+27
-9.069945420974318030e+25
-2.934941574164643535e+25
-6.252399699476907637e+26
-5.814234292133178282e+26
-3.750029572447035896e+27
-4.896444166369713724e+27
3.357970167580371251e+25
-3.136754958810189255e+26
-3.100806094956819362e+26
1.458664265502928092e+27
-1.253625917261001451e+26
-2.667073056693587511e+27
-5.259177143636892644e+26
4.415432265763914516e+26
-7.895684318418612900e+26
1.535239939696376745e+27
1.424213499242364656e+27
-1.308962186381196039e+27
5.380993368521493709e+20
2.441525717346868108e+22
-1.646907239106588180e+23
7.892084524494884123e+22
2.483611419412440233e+23
1.039965476010578900e+24
1.056976355899851609e+24
5.376251221823601613e+23
-1.528352516481192221e+24
1.174306396625576309e+25
-1.862188737989675358e+25
2.390319536330313067e+24
1.471123583803369981e+25
7.560037910164237347e+25
4.205376467874892973e+23
4.624823619104311460e+24
9.228644453580597533e+24
7.196997397750718673e+25
-4.289154311918986805e+25
1.353154203541115965e+27
8.048369943437787662e+26
-3.144860857670409273e+24
-9.699254926445213573e+24
-7.656322537103566835e+25
-9.997465505978166884e+24
1.270899761477563435e+26
1.196707232487574267e+26
-1.941943589833187454e+27
-2.273144755103049776e+27
-8.589550394567202097e+24
2.718925423320760521e+24
5.053428044096797345e+25
-2.906736147357095578e+25
-9.312059930365299163e+24
3.534348329005942442e+26
-5.048406125681420379e+26
8.713470507245635502e+26
1.566330000243253273e+27
-4.970108795669654557e+26
-2.236078804930001768e+25
-1.516924119979341760e+25
1.338388793507201268e+26
3.005011035897057197e+26
-1.708161654356975052e+26
2.900929088786320335e+26
-6.222161803050251297e+26
4.653296576363992666e+26
2.819740254913007331e+26
1.614389615363882070e+27
-5.935711605996455264e+27
-2.252746653115570048e+28
-1.283185545553926351e+26
-5.309236261321292731e+26
9.646384687022566975e+25
9.628817181380652214e+26
1.167502511141607277e+26
7.574594133495707199e+26
-4.912423308841629862e+27
1.574992807478968571e+27
-9.186160740125516098e+27
6.320233527358572303e+27
-1.072942445728958333e+28
1.078399366190176492e+28
8.524161007465908537e+27
2.338465902595105439e+25
8.335529278034491037e+26
6.666016117868822974e+27
-3.578754709510671386e+27
-2.405815917791422560e+27
4.286261943403095329e+27
4.719854267991724514e+27
-5.094525248670652317e+27
1.453847457530052225e+28
-5.232151693417361880e+27
-4.276898389614599485e+28
-3.883793918332425348e+28
-3.410287597079879432e+27
1.392229859697945209e+28
3.335609088644658244e+28
-2.389067120199286307e+28
-2.004316338423667302e+28
-2.778558220161318335e+27
-2.742839392241026352e+28
9.606622214336846828e+27
2.439841880419217654e+28
2.362870656211264443e+28
4.101898891128498964e+28
2.244282766144299080e+24
-5.680881476299166245e+24
3.760769935392831359e+24
1.623769928474804794e+25
2.610210210575014038e+25
1.191849107756803241e+26
-3.161139539441297091e+25
4.323361329420489261e+25
-6.478752751713103084e+25
-4.936499555146794264e+25
5.905034043075448542e+25
-3.569320149043851924e+26
-3.867459504035539554e+26
1.616940833275513522e+27
-6.385568968738446975e+26
2.450119554410865224e+26
4.490749678414645061e+27
1.787183274682931419e+28
9.944418827869205134e+25
1.508857964513774257e+26
-1.153837717075493367e+26
-2.999792839027835393e+26
2.364106738603214956e+27
-1.815553173374155684e+28
-1.543081232759109546e+28
-1.307297684038778472e+26
-1.399043643852690008e+26
3.366364215329029348e+26
-1.432607834718273087e+27
7.586372292052501889e+26
-3.025513971336014213e+27
2.735762880088467311e+26
-2.466998890365914177e+28
-6.562172697426060782e+28
4.720823770080842122e+26
1.290991369615332773e+27
-1.394528157249130954e+26
-4.328283845786324371e+27
1.310801965079593022e+27
-5.544564762514137868e+26
3.884714502507620399e+27
1.192438092503586699e+28
-2.310503884242650364e+28
3.294859287597859481e+28
2.504080847083806905e+29
-3.011598780167398976e+27
1.932648813299844787e+27
-3.374620070296040521e+27
2.737391144435790491e+27
-6.948342701365777083e+27
-6.225643275882303918e+27
-2.475759338917824488e+27
4.684326189920830789e+28
-4.767554925122089933e+28
-1.451342317503270313e+29
-1.440118583085764676e+29
-1.682517230450104230e+29
-2.403136342372700928e+28
-6.742004910693785366e+27
-1.609393502653785902e+28
1.007783577611421416e+28
1.776611002046793001e+29
-2.082218268740479339e+28
-1.101218078384329598e+29
2.203352227281664575e+29
-4.153299088316520773e+28
2.726046284450875376e+28
3.550306959453514812e+29
3.106378901937032868e+28
9.501116244353671460e+28
1.458096322514339508e+28
5.526899022778222517e+29
6.355135237006053232e+27
9.688001806086977339e+28
-1.703500007698412155e+29
-6.972542078546912763e+28
3.433329493262404004e+29
-1.897606900892630887e+29
-1.535466315861521071e+26
2.279009559513185148e+26
-9.024501276313571403e+25
1.211043962773242582e+26
4.324697532011164139e+25
-5.306674115703948836e+26
3.659410202446032024e+25
-4.419031554674259424e+26
1.923681438975548297e+26
-6.162134373980213093e+25
2.985102410460099939e+26
-4.736445115460947939e+26
-1.574795412112715989e+27
-3.563705526143788789e+27
4.145883293768408092e+26
3.080707019231421066e+27
-3.139944000790710617e+27
-1.099847305994902338e+27
2.721188981258195583e+27
2.545470969243449841e+27
2.651597362275347136e+27
2.563009902563243271e+28
1.709787589659985596e+28
9.707329983415333325e+27
4.669475430603624081e+26
-2.661597803557324849e+27
4.618313205815817185e+28
-7.104823847471166105e+28
4.516990278355025472e+28
-3.359586848759851056e+27
5.176326720180803213e+26
5.619198193587676595e+27
5.740325571145906293e+27
-7.721663478554101278e+27
7.965682834249791636e+27
7.335519337392064656e+27
1.512985746855051597e+27
-2.627273803337633617e+28
-7.616825946621312027e+28
1.666508141153858046e+29
-2.876047519017895519e+29
1.306917652099445758e+27
1.248976323708148720e+27
-9.473992512206626547e+27
-7.289548861948954712e+27
9.987782691314517866e+27
1.492706752857527204e+28
2.250929942311596476e+28
3.344627884715585014e+28
4.814197701600755136e+29
7.451040478172830446e+29
1.100038891756356124e+28
-4.670226785758176275e+26
-1.782390786062074077e+28
-2.765898306134766470e+28
9.165601948900488026e+28
2.887555969094753476e+28
4.024414794340352473e+28
2.326102222909481149e+28
1.510304926187955035e+29
6.969091633935887267e+29
-2.283502062209097329e+28
-1.753581197531348096e+28
1.280291025091200783e+29
7.265273025737233099e+28
-3.955173950368337867e+29
5.848123003416087624e+28
4.908253938405285917e+27
1.141278017529424520e+29
-4.735849809941184859e+29
-2.554735645982127958e+29
-1.550908719567048693e+30
1.034888278312115847e+29
-3.174495208530696752e+29
-8.240073163990560478e+27
8.223784972805276819e+28
-3.118890812776615067e+29
-6.422878323837218591e+29
4.281582376994538463e+29
-5.773266493139601330e+29
8.066961976475320239e+29
1.077362355432585212e+28
6.518469758829631879e+26
-1.797371321444009657e+27
-3.474052999656519672e+26
-4.695090044871616382e+26
-2.289837477433106786e+27
-1.314784831608877375e+28
4.392099531519283693e+26
3.487688172874946554e+27
1.592121430789105156e+28
6.183966562727522281e+27
-7.537926607100255299e+26
1.949022919347740267e+26
-1.252760893205975183e+28
3.136305422176099272e+28
6.617554022577112992e+27
2.685689050633096646e+27
-7.322817761643995077e+28
2.813012265509430259e+27
7.520574790275414017e+27
-9.239441598525615034e+28
-3.021916725616262420e+28
2.057076486633240864e+28
-6.382409012061467138e+28
-8.760798215400259350e+28
-2.411153850342576876e+28
2.977655525525253568e+28
-4.412001184437533627e+28
-1.586896257394102478e+28
5.613629902806153162e+28
9.552045050311669546e+28
-1.852905180399112368e+27
-1.157447053228678997e+28
6.438423202296375885e+27
7.026422764479422111e+27
-2.165830312738788670e+27
-2.211929759305269475e+27
-4.158765475439012733e+27
4.724606313064609452e+27
-2.338548682173092164e+28
-1.004235755116125770e+28
1.778832051408933087e+27
6.719505191370838666e+27
-2.083462315825403741e+29
5.764167859930794575e+28
-2.350046371177710819e+29
3.532580908828170757e+29
8.224983746809337161e+27
5.984644591088031861e+28
-3.663202771511088482e+29
2.762934554891007620e+29
-6.869977738612791557e+28
7.576005879410635868e+28
1.930984563111148444e+29
2.368144035450397862e+28
-1.238736988917092989e+28
-4.871263916036832594e+28
-7.663743779922468426e+28
8.594905221407629787e+27
-2.343471705620166933e+28
-5.229747878375032982e+28
3.994749085788044793e+29
-5.508591485836616094e+28
2.932395135912560435e+29
-3.971694023151250199e+29
7.055538424501409732e+28
1.044124301751730702e+30
-1.575978839065226586e+29
-1.033083574260784164e+30
-3.536471592206513849e+28
-9.879671514355969519e+28
-6.236203901569187820e+28
-2.859194673688926110e+29
-2.614091552777911592e+28
3.640273335181328765e+29
-7.177775057897865699e+29
3.774269273210323126e+29
-1.851193080641550709e+30
1.865032125427059830e+30
-2.902698873894967832e+28
-1.056486902740698642e+30
5.212578112181379081e+29
-1.628946510690809969e+30
3.164596800692409280e+29
-1.362435320800502533e+30
6.224776309738360170e+30
-7.146019566245126691e+30
-1.724611231906177625e+28
-4.610222145535853892e+28
-1.958762191240684525e+28
-1.284826566614598083e+29
2.925999908444147215e+27
-8.389514496861461475e+27
3.007790101843280224e+28
8.707618111463685237e+27
-3.416512638342321586e+28
3.082752992793112229e+28
-4.884328307206992433e+27
-6.600168330595505385e+28
1.678115865352076703e+29
-2.770521892667050553e+29
-7.724967834463328252e+27
-1.297421685081564145e+29
-4.614650790487379976e+28
1.495369225066782857e+29
-1.978308474248829468e+29
3.524699164023134738e+28
7.042331636989725592e+28
1.391856791856574107e+29
4.775011218620531790e+29
-2.376195971673704820e+28
-2.396432358379791286e+29
2.867741323982193220e+28
-6.827429992774615018e+29
-4.098132645177733912e+29
5.523147324931018669e+29
4.462044483475626781e+29
5.638622374257546712e+28
8.588429354579050409e+28
-7.179104591507690091e+28
9.396616280558535036e+27
4.263801492813122201e+28
-7.960606920755376803e+28
1.211097930074206349e+28
3.288107151217176463e+29
1.902531841815079840e+29
-1.307038125565448506e+29
-4.822351779617297777e+27
-1.050285440518704257e+30
-7.199590074835390085e+28
-2.778770961161769075e+29
-4.028018292288535675e+29
-1.655436549503639983e+28
-1.146824494478571072e+30
-2.355564014418423622e+30
1.416720845384032703e+28
1.152847323256689881e+29
-8.268210266322094391e+28
-1.387639702968187837e+30
9.002164137794026373e+29
-7.236166720231150250e+29
-2.757706193288978966e+29
2.735782629497854362e+29
-1.278658098104403238e+29
-2.396651310690764987e+29
5.801125157819571808e+29
1.527724958431882320e+28
1.239660942352263460e+29
-1.075482633810322401e+30
-2.257967620463852033e+29
1.034780083975913519e+30
-4.497208186446877430e+29
1.209751873759553077e+30
-2.038718320336684360e+29
2.002810829274603190e+29
-1.170692167672810933e+30
5.249258214458234318e+28
-9.525058011014944000e+30
4.594606100690423707e+30
3.895450249280101416e+29
-4.273285744604613347e+28
3.524820567893767475e+29
-5.276399521412802487e+29
-2.130410214514274078e+30
1.374931326032731365e+30
1.709001537995387728e+30
-6.116869800384661772e+29
3.923373747631291150e+29
1.305504951289811504e+30
4.750611646605822807e+30
7.015836529569966752e+30
-5.970515813208197563e+30
-2.913442718437273725e+29
-2.149481628456386039e+29
-2.381646584005683682e+29
3.112496572879024337e+29
8.745199888395122271e+29
-1.985521122651602758e+29
7.548587623943756731e+28
6.619227861067207991e+27
-1.485854100300644510e+29
-2.716315847822238756e+29
2.449183071843890912e+29
-5.011214307558303405e+29
-2.536193244621425963e+29
8.919451349158224272e+28
1.539457705767301472e+29
-8.006543542563945524e+28
-1.915464447177122876e+30
1.163082872529558398e+30
3.910375197820846884e+29
-8.549881482464260923e+29
5.746767760184907467e+28
1.607408293275548947e+29
-1.317186085950560329e+30
-5.757728065046485666e+29
2.107561225474110464e+30
5.610641364614076950e+29
1.372059253585873771e+30
6.197113774163511317e+29
7.014747683872065741e+29
-1.611171433722553357e+30
3.847724831826290139e+30
1.389064834752009337e+30
-1.107853070415505797e+30
5.562930668684309839e+29
-7.778366359729029225e+29
2.763742979013359693e+29
3.447240615590100668e+30
-1.534951698476068338e+30
-4.039700206583618256e+30
5.810960816700020166e+30
1.022270879740184008e+31
5.993802630860109359e+30
9.502307020177036456e+29
1.609350150829089613e+30
-1.014435722594604417e+30
-7.014658043625131312e+29
-1.146241049692049930e+30
-8.312141375031436210e+30
7.771933768943824185e+30
6.742800322714286033e+30
-7.993348148101952780e+30
3.397679583493730208e+30
1.571166824783153014e+31
5.862424088006009042e+29
3.890453299091292692e+30
-1.806454734103376373e+30
2.800219365618334469e+30
-1.154009129167527054e+29
-3.654756013298009549e+30
8.580998917079872934e+29
2.282032472080807207e+30
-7.191009616312117038e+28
-6.530293630702004993e+30
6.628062964647949723e+30
-1.694200830827931037e+30
-6.945619686243749414e+30
1.130277066032408863e+31
-2.420982032711343093e+31
-1.665202539028688205e+31
2.061704229656968109e+31
