2.751002180487840800e+16
1.058885225467747123e+19
1.233384049115878523e+20
-6.267298806527728026e+19
7.045983146189011026e+20
-3.766920019794244665e+21
2.378348688853934539e+21
5.644802233135306847e+22
-2.488299213509492946e+23
1.196379680629831680e+19
2.061307225179285094e+20
-1.825394492673855586e+21
-3.814955979471845327e+22
1.379409023203028196e+23
1.715908740951233077e+23
7.162650138042351076e+23
-3.511522899148417773e+23
3.154625677823575090e+24
1.783188811532712018e+20
1.355550946968279974e+21
4.951724601621023293e+21
-1.190211124854153177e+22
1.337379817198854466e+23
-1.067237754466230694e+23
2.777665070909114810e+24
-2.680187119510616748e+25
-1.631995169634417382e+25
-5.360603112887854039e+20
2.301998068707057100e+22
-1.153765423291347522e+23
-5.076107465376536933e+22
3.715270110343639450e+23
8.570079569692097249e+23
5.091839941706579863e+22
1.290923038450981222e+25
-7.874538425496189872e+24
1.395053985916501927e+26
2.852345891973550309e+21
8.574311920944710628e+22
2.826410231415462261e+23
-3.350165690693237447e+23
-1.418193819522552637e+24
7.144498585609825577e+22
4.003405820374192635e+23
8.177376654490083105e+22
1.777900008813637692e+24
9.028330303149901601e+23
-2.347249791251817528e+25
-3.140727915682678432e+26
-1.001300637488131762e+22
-9.030641458153444480e+23
2.970152339520239146e+24
5.752872500425074200e+22
-6.660803418853091280e+23
-8.529099761678026382e+23
-1.098459539563534464e+24
1.054846616700141798e+24
1.467864774132354240e+25
-1.996094528669765394e+25
1.321821230007414973e+26
1.251210600504027423e+26
1.653267562059408790e+25
1.245723584070136775e+26
2.920971806843221311e+22
-2.888691901747030129e+24
-3.570171232487118163e+24
8.634901760765748906e+24
-1.771263493694953188e+25
-1.450272120999506308e+25
-1.167171838664609250e+25
-5.926455620233998421e+24
4.735825637029006737e+25
3.041447382455658247e+25
7.377254550541210783e+25
-2.446772710591934395e+26
1.331471939514801482e+25
-6.030412815696376057e+26
-2.104634055864149595e+26
7.946759734729673120e+22
-1.987916413144901561e+24
3.079110354136103792e+24
-8.199988961567438787e+25
6.268346460340608285e+25
-8.291379348319156007e+25
2.252292145061962875e+26
-6.771197759679814283e+26
-3.206179826901338697e+25
-6.552472315625581804e+25
-4.866540974057995705e+26
1.978780759750361893e+26
4.992937580672248528e+26
1.851179297970331162e+26
-5.291536951383599843e+23
-1.205911151843324474e+25
2.408783534109775252e+25
-1.862275165399893298e+26
-7.690470140565626248e+26
-2.522175456690573114e+26
2.338127688319929762e+26
-1.005899150967784491e+26
-5.236096599973576241e+26
2.275403827781392089e+26
-8.103212985196403432e+26
2.293749056606293681e+26
9.992047241338194210e+26
2.106930603019051467e+21
-6.833076132765203694e+21
5.064253955253017877e+22
6.662315702086868664e+22
5.325802928366828913e+23
7.566897516095405346e+22
4.259532374157195037e+23
7.830040157243737396e+23
-5.504821420016271863e+23
2.761287567967531437e+24
-4.786912999850249944e+24
-3.343488981474185618e+24
-3.755229814649523064e+24
6.040553257072208848e+25
-6.205938099749352828e+25
1.182160851088814985e+26
-3.165597219786483302e+22
-8.948231429022316442e+22
1.689518553219054829e+24
2.099409375172127884e+25
8.994771396238428827e+24
1.517555054334113915e+26
6.421086914263658509e+25
3.038675269963624646e+27
-2.072464156182659906e+23
-1.301407291402153613e+25
3.391364238628834817e+24
-5.364375214980000372e+23
-2.994250998191928117e+24
-1.395736760840452956e+26
-4.940403437073092471e+26
1.925314675667882941e+27
6.850742491874085891e+27
6.935138983120934158e+23
-2.861780838443224267e+25
-1.146294891689985732e+25
2.234084464301851026e+25
5.348362322723671354e+25
5.088210614190830603e+26
5.234247413329167099e+26
2.735012114888671949e+26
7.272184445305001608e+26
-3.370129464209941309e+27
-1.640214568824450406e+28
-3.711766512743722516e+24
-1.506264418853982907e+26
7.855485986742569332e+25
-5.954908235884193996e+25
1.479804291708192538e+26
8.524403227659979554e+25
-1.052748304170766118e+26
2.019274075783254395e+27
9.477998135014410439e+26
-1.140151408647429168e+27
6.732251412467216539e+27
7.181493233263674716e+27
1.016448961325584068e+27
5.501606123941263373e+25
2.144117149140333368e+25
-7.805048323940685887e+26
-5.349032632178934359e+26
1.355565228582651584e+27
-6.611895421486421417e+26
4.313968146680929317e+26
2.785771511341466336e+27
8.656858135366052241e+25
3.689358186213552088e+27
6.275489015984652046e+27
1.510883855707548101e+28
3.295571707308454970e+28
4.296678915897859131e+28
2.432837961369541659e+25
5.943222093790460627e+26
-5.944045786326510070e+27
-2.706453986116797936e+27
3.269678968167913819e+27
7.463769360183449711e+27
3.104593978128613250e+28
-2.554690453883057983e+27
4.765555219212906994e+27
4.556620724557820566e+28
5.202544989076982614e+26
7.733414573216116298e+28
3.385680194193653222e+28
4.277743327950424625e+26
5.366591423190603007e+27
-7.879715825518013801e+27
4.344473724378239208e+27
-3.669581470115163277e+27
-3.110313782426512729e+28
-9.761294815122145059e+27
-1.042129842788827438e+28
3.154770544090028692e+28
-9.434897426834452065e+27
-3.941561529314602343e+28
1.403097474934382516e+29
2.768267986083905746e+23
1.084779547886007479e+24
3.583883714049358554e+24
1.720327287419936967e+24
6.832940668589519038e+24
3.315402021112545357e+25
6.818734075089897556e+24
6.508828964503509190e+25
2.609386967808183271e+25
1.482933478401495618e+24
-1.652283002972607545e+26
-1.380149309397527555e+26
-6.643198502637346839e+25
-7.163593470893597951e+25
-1.900594915174604007e+26
3.953453540552227056e+26
-7.771545952983754856e+26
1.146471352266154015e+27
-6.970740545433554751e+26
2.300564129391201116e+27
-3.897216803230348984e+27
-2.850252368753057309e+25
-2.476791074660996144e+26
-9.750016509753406999e+25
-1.436897268915242552e+26
5.628168207711452752e+26
-5.477855286474785867e+26
-2.013548238389938908e+27
-5.467410069317896080e+28
8.398616934307676425e+25
7.164943955347282852e+25
-4.473256221906389591e+26
-1.806445152690890341e+26
6.754496286776179455e+26
-6.469313389211746217e+26
-4.407398704129838807e+26
4.295869576116183274e+26
1.160481648219115863e+28
2.446737429857451308e+28
-8.450021644006301539e+25
1.092976279596678370e+26
-4.114589981498524383e+26
-6.646959987219748991e+26
-1.557041430638118375e+27
1.335192059008375559e+26
-3.265242130548518340e+27
-1.135375907552507115e+28
-1.872637987368649023e+27
1.583174619851273472e+28
1.680822079983657949e+29
-1.789154071180624918e+29
-8.120589346127754059e+26
8.983100178915587995e+27
5.769624816995214199e+27
3.232941876180666645e+27
8.391304273115918874e+27
-9.638201335658977110e+27
2.273726342035166519e+28
1.013710103530848868e+28
3.446330852684267334e+28
-2.875857349808620211e+28
-5.786426343846689088e+27
2.136549172174150900e+29
-7.230388914668598423e+28
-1.250096277619853980e+28
-2.537519002421214446e+28
4.647486978370159057e+28
-2.180365066407980613e+28
-6.028337587993543736e+28
-5.709892860639743928e+28
-7.769568206144883671e+27
-6.501398818823822996e+28
5.066415710274133233e+28
7.687839565274865864e+28
2.953237045714783746e+29
2.886058843688681616e+28
-3.178263676001692128e+28
-2.313633390946498126e+28
2.896582605985032023e+29
7.202428186788938172e+28
-8.627946064785755416e+28
-5.990035553206823109e+28
-7.992388477481557155e+28
1.462376808762284531e+29
-1.913675985220305261e+29
-4.992172931876848937e+29
3.698199822724458125e+29
1.728066126988709312e+25
8.952402192115966887e+25
-1.187053710460235042e+26
1.378957099658231125e+26
-2.605198608834487789e+26
9.128250171618904165e+26
-8.635591633414053421e+26
-1.345800978574679509e+26
1.374655374008928029e+26
3.203486758322109097e+26
-4.669479451914033170e+26
7.910629941528150724e+25
7.397699136953105999e+26
-8.533765904871054514e+25
-5.125112103514719112e+26
8.828300699678585424e+26
2.895957566198902044e+27
5.412039483455224368e+25
-1.556976480748146121e+27
-1.136770286178267844e+26
6.106940137999795664e+26
-2.350721018642356934e+27
-5.404840534785596436e+26
-1.905162931049877852e+27
1.028615369736309365e+25
-6.384584734279121624e+27
-3.102918056649931613e+28
-1.992638599477412193e+28
-6.411950421401208867e+27
3.533572895862168666e+27
4.352706843667440311e+28
3.813343709768218392e+28
-1.575889330594023809e+29
-4.435762577325220334e+28
1.385245849713969215e+27
1.907945926721218705e+27
1.758897861484320155e+27
1.535353609354767522e+27
-3.335609777236300811e+27
-3.612285476657740776e+26
-7.364372701134249253e+27
-2.969542678254930933e+27
-6.190184828619189886e+26
-7.047485820326415737e+27
-3.679144252625550939e+28
-1.087306852965941393e+29
1.412843212312816043e+29
3.383402691253059516e+29
-4.787088463236955296e+27
2.617254385118451262e+27
7.544308249374561082e+26
3.536755597387425271e+27
-9.986154887176552004e+27
-9.260454136380925986e+27
1.934457056932370314e+28
5.754443496833836889e+28
-9.160555919939355924e+28
-2.158492017661363206e+29
2.810915998712265318e+29
3.718862502651078292e+27
2.013948732205341519e+27
-1.194107952335504640e+28
2.673181674249191694e+28
3.688333403898106011e+28
3.205727167106162776e+28
-4.877708831755090795e+27
4.990001031578602782e+28
-9.978538649510436790e+28
5.254029129242821749e+27
-2.380186697736325316e+29
2.980555901611810731e+29
-8.208738453941319061e+27
7.192438630023795909e+28
1.938225532178148177e+27
2.555383311673188165e+27
-5.340329644515349164e+29
-1.357670732566261970e+29
-3.228415085774741745e+29
4.206717415716929131e+29
1.482391253461068577e+29
5.609068978680310660e+29
6.659681410404533827e+29
-2.617442945427141874e+29
-7.096285693641162801e+29
2.371756784410502737e+29
1.207075294432300042e+30
1.511927207677490853e+29
-5.317486346236919360e+28
4.702590441782433580e+29
-4.311407042022596580e+29
1.463398569565669369e+30
1.842725846855990360e+30
-2.420304199308965493e+26
3.804405328766715039e+26
4.852516514005015859e+26
3.891486726405589054e+26
1.754617884955314643e+26
8.462862954395172720e+26
-2.101067921386482079e+27
9.443417254749092971e+27
-3.641651926165420719e+27
5.136971047393524776e+25
5.343909448037371921e+26
4.032089868597612514e+27
3.514949729499447737e+27
-3.386363678819612374e+27
-8.834506987044336921e+27
-3.722407689350065255e+27
1.270487729820871334e+27
7.695005376833640621e+26
3.406670940647397277e+27
2.426649284523022905e+28
2.931656968574255327e+28
-5.992812557142808411e+27
1.349160334131170799e+28
2.276994867546096422e+28
1.321689822783416980e+28
-2.482135518105073784e+28
5.681960790796851996e+28
-1.320395289594075288e+29
-4.253329939316866877e+28
-6.858675410843127606e+28
-8.377977788377922161e+28
-7.691929416662677785e+27
4.916159588584089433e+27
-1.916658847341243228e+28
-4.910108083855093083e+28
-2.449200481906668511e+29
6.652803924993828133e+29
8.705166607982085333e+27
-5.204550028014072308e+27
-1.448470355616256373e+28
-1.632803418673170181e+28
1.328422771615154169e+28
5.856586686307272693e+27
-1.447276092697706702e+28
-6.444250365861125473e+27
-1.670232337952860335e+28
-3.183326896056881976e+28
-6.384513288000048935e+27
-5.976595669014204010e+28
-1.012362917681884013e+28
1.602792902291374764e+28
6.581344730140541649e+28
3.005076106392124455e+28
5.128652170018581686e+28
2.426736682213202837e+29
6.909275885330717463e+28
8.478860593263204974e+27
-2.242797628152172094e+29
-6.974368271156182296e+29
-2.305271505120470974e+29
8.676310593029800953e+29
-3.571023147564344095e+29
2.622205052208264366e+29
1.809493195531517025e+28
2.030830153108096479e+28
-1.224577777489266819e+28
4.632009587465764676e+27
-2.096846951092027727e+28
4.559846616895085999e+28
1.217167079653302206e+29
2.439996128993874909e+28
-1.023262880241158464e+26
-2.130410293782447145e+29
4.171718937440027848e+28
4.942688640104452614e+29
3.496589546597818125e+29
5.147811542617280950e+28
7.311722065015946858e+29
9.322684210802621180e+28
6.712858597609466702e+29
-2.887528821734200556e+29
-3.060184186071951649e+29
5.381964280964895728e+28
-9.008366218459185517e+29
-9.263081664494542900e+27
1.249163171591210525e+28
5.050690997107765565e+29
7.679794993093215425e+29
-9.156338877397843097e+29
-1.201745740275041218e+30
-1.929849312291245901e+30
4.730652296425039530e+29
-6.932456473782985827e+28
1.788793413825289191e+29
-4.421562448708148513e+29
7.846995962843782943e+29
-2.161152585365428187e+30
-7.656668231427586202e+29
-3.546269777001464216e+30
-1.363357907652798675e+30
-4.138613580869980734e+26
-4.318171017217634877e+27
-6.261633814775124687e+26
-6.740337188789161570e+27
3.356732220577446640e+27
3.137652508738858254e+27
1.823872889396742446e+28
5.969685229783812577e+28
1.183301996268058381e+28
-1.026522876613163557e+28
1.130240740150252790e+29
8.361224520940002667e+26
-2.757396626855556340e+27
-7.200542850919974851e+27
3.297286696663730868e+28
-1.282805206088112472e+28
-8.055735856581926671e+27
2.014510226176808215e+28
-2.823713727788288372e+28
8.969499358338196042e+28
-3.947632250601941617e+29
-6.594709547441381706e+27
-5.376915260265128650e+27
-8.882952053020271882e+28
3.408506083872797626e+28
1.169598755296311303e+29
-2.583641307559700490e+29
-2.157189617958569051e+29
-5.896534085241861414e+29
-8.514017358261108424e+29
2.076231524317532914e+28
1.870528996638564339e+29
-3.831699314864834381e+28
-1.330945047729829539e+30
-3.801820152961059119e+29
-1.223921221499114690e+29
2.358434039003342070e+29
-6.771135941636231510e+27
6.288034936031065713e+28
-3.786857173733497055e+28
7.466744012340547664e+27
-1.978811107768271403e+29
1.538433374753773263e+29
-3.743439619160258320e+28
4.162352738981515003e+28
-3.902925561311875112e+28
-4.117063074549405310e+28
5.115917695457599758e+27
-2.043876069834138364e+29
-1.156173436666541923e+29
-4.041907829973527359e+28
9.468687163382254731e+28
6.219869189914060936e+29
-1.216112539346752849e+29
-5.666907007644325475e+29
4.775976332861166333e+29
-3.136370188804030818e+29
-3.148024893467390379e+29
-2.241795104135272912e+29
1.702606407529746333e+30
1.215340195377007537e+30
4.345809193477683118e+29
-2.089126265271559687e+30
-1.658820632656070333e+30
-6.964178925346645483e+29
-1.340406120893878478e+29
-4.102276461907922961e+28
1.368253512166144730e+30
-7.563973666206792207e+29
-4.512922958313174394e+28
-7.443130042531860130e+28
-2.399488107075716063e+29
-5.071609604193638821e+29
-7.267696134280193319e+29
4.450389874107670427e+29
-1.066168862541523768e+30
-1.243929391908246079e+30
1.885369131131897891e+30
-4.105811287557747075e+29
1.293207005767390634e+30
7.372135984487760005e+28
-6.176593602011503298e+29
-4.556379273770898899e+29
2.911141965820992386e+30
6.117010934870107217e+29
1.044475529754146534e+30
2.962642886697493559e+30
-1.580113404859077909e+30
8.987076399782419221e+29
2.257951856501486676e+29
2.273295585123097632e+29
4.384630386507157980e+29
-1.941962513967208365e+29
-3.282172715917330868e+30
-3.674022102329741387e+30
1.268293325213315119e+29
-3.524962821071800987e+30
4.630277818558559985e+30
5.045471213523736602e+30
5.191485533572179696e+30
8.409079369773441154e+29
1.398983414460429566e+27
-3.938908327353507612e+28
-2.369339023734228181e+28
-1.291987077724568716e+29
3.901660665961262700e+28
4.539014526471816244e+28
8.494027765115307128e+28
-1.770854165995875560e+28
1.013538845682351442e+29
2.541545048817834139e+28
1.636520342707388435e+29
2.507977370879747204e+29
5.368080719877546629e+29
-5.501120640760730146e+29
-5.867899037396587203e+29
8.748482135440477205e+29
-1.939330264706589286e+28
-2.791953772916968419e+28
2.806111706089802742e+27
-6.023720797430998576e+29
-5.603281251659497130e+28
2.875879425982950222e+29
-2.890546889728595665e+28
1.632508663368397344e+29
-9.949278920627887699e+29
1.869272462376712154e+30
3.104065803646006606e+29
3.854912280805407797e+29
2.152445287540336243e+30
-6.478082910614938031e+28
8.925347333954431091e+29
-3.089483818819117227e+29
-1.196318368797573570e+30
-1.985861459925071129e+30
-1.811803792526007040e+30
-2.148259480196812047e+30
5.490254503125260343e+30
-3.724008513387144317e+30
-5.608137542337291805e+29
-1.333504298048763999e+30
-1.097562058844342522e+30
-3.765736999979767025e+29
-4.473785891794458376e+29
2.601995472398530340e+30
2.555259838921694304e+30
-7.696525074215647086e+29
-2.422176556008811137e+30
5.170755196873308421e+29
5.955434539978819288e+29
3.573124141422530590e+29
-4.638269940834049561e+30
-1.622857795350509196e+30
1.950130426267957409e+30
1.955186775093033171e+29
-2.572357222340793333e+30
-1.074103986228624969e+31
2.028956897843043438e+30
-3.174409087066084298e+30
2.557947554013077607e+30
-3.491141768848342799e+30
2.571899876915597519e+30
-8.087552278420575942e+28
2.871667971185255509e+29
-7.836187990217927219e+30
-8.512496956158248077e+30
-3.047983935066723952e+30
2.843128431728677868e+30
5.107753076669037137e+30
-1.688841564594752225e+31
1.501198214783927399e+29
1.381211517569332221e+29
-3.953851834128731871e+29
2.441845375286129801e+30
3.564509490004391747e+29
1.756883150936395107e+30
-1.798089513421289469e+30
1.356192436994900070e+30
-4.498073765247873085e+30
-3.612877948355062416e+30
-5.172134184170026938e+30
3.703971388076683466e+30
-1.108569860944399133e+30
-1.065803616037384259e+30
4.160117849308302687e+30
8.774220176933427674e+30
-4.717774638966652189e+30
-2.826567354571719080e+30
2.072641587217320721e+31
1.000068716078613545e+31
6.824551504691952318e+30
-2.844171910505514636e+30
2.074974223782676923e+31
1.791526862569140220e+31
-5.840197892084934901e+27
1.520472973586923537e+30
3.840970826716253063e+31
-6.919340806398403281e+30
-7.217435951834126897e+30
-7.951187289537803048e+30
1.378615064459749959e+30
7.369069382811395000e+30
1.998756652242089249e+31
-2.129450897083705539e+31
-5.857192911597046417e+31
6.425876017286794784e+30
6.561540176408889034e+30
3.546428491331578648e+31
-6.815133281837861484e+31
-2.346749783303872512e+18
-5.463790945015033856e+19
2.099762831858871173e+20
2.770412128839765852e+21
3.337542199966210458e+21
5.298647475507739754e+21
9.588296705443761226e+21
1.666592001183874810e+21
2.235785638979625943e+20
8.350940830066360189e+21
-2.597133728068494636e+22
1.911512552703520670e+22
-4.365965017089526727e+21
1.742406191201182485e+23
2.382330440659089830e+24
1.314957847323359839e+25
4.784261254149627183e+21
-8.979181537832979661e+20
-1.320958960291531750e+23
-3.487762838310466429e+23
4.039823386693204296e+23
4.566006042035665699e+24
4.311004571881258947e+25
5.909895045955449771e+25
2.180541551311961090e+22
1.338369145637261111e+23
-2.177968422096559187e+23
-6.828889040667749625e+23
-3.139692391166641890e+23
-3.834314847650205340e+24
-5.413147718395070146e+22
3.309137220976712989e+25
-2.020726629700089041e+26
-1.004174723576116543e+22
-2.085414452956753906e+23
1.088598856389241623e+23
-7.468744888264462634e+23
1.003455391250174953e+24
-6.160815212594950585e+24
-5.037497263925017790e+23
9.554038549061602082e+24
3.942275102366183891e+24
-3.661041154195328057e+24
-8.253074509051121907e+25
7.030491396408599338e+23
2.495165801531182531e+23
2.676158739661498628e+24
3.849287476836854550e+24
8.659330452269318286e+23
9.705909084739657007e+24
-2.105972632775345559e+24
-3.250832248528007218e+25
1.353949745748416188e+24
-6.556880048878496958e+25
-1.327070636107970786e+26
-1.378422593232561448e+26
-1.327054111969730635e+26
-1.014358709186010515e+23
-4.522121931545629652e+24
-2.425709815726903795e+25
2.195312222534854709e+25
1.247357931202821024e+25
2.106754861734197849e+25
1.157170770094782704e+24
-6.824464133753862327e+25
2.512027997976190725e+25
2.334999646491693139e+26
-2.605147082822458914e+26
3.960209675774667551e+25
-2.362430633743441915e+26
-9.752586783614384722e+26
-6.381667854483160570e+24
-6.728062103848881820e+25
-4.474537864379804969e+25
9.934874241546985147e+25
-1.691556440965156539e+26
2.113180674814646182e+26
4.768945506655120526e+26
-1.499352861887449328e+26
2.267884635124270628e+25
-4.616366642998687317e+26
-1.237958105550697951e+26
-7.647391778174755356e+26
6.821269491556707202e+26
2.510481176373956090e+24
-9.160577810826003630e+25
4.873139275547388452e+25
-3.483857974195138048e+26
1.096901503425831715e+26
3.768232090108227041e+26
1.324468980673952780e+26
-1.115244813321540875e+26
-4.065571652908466056e+26
3.334304550613282638e+26
2.900922506135025523e+26
-1.904870241913353930e+27
-3.562575765837598582e+22
-3.492256212812057438e+22
9.329413862445366745e+22
7.045012827807165836e+23
8.363790584663111673e+23
4.542202636139393754e+23
6.995615913341537023e+23
5.695617587785346371e+24
-3.921299545424311144e+24
-1.349576153003827514e+25
-2.350864692100569753e+25
-9.651834064249469698e+24
-1.346417372108617475e+25
2.483531689136642276e+26
-3.610800495540214065e+22
1.085527032593314798e+25
3.107158085125689388e+25
4.805208334261764718e+25
-6.894776787593441730e+25
1.199451465025570177e+26
3.475545359014214146e+27
-5.241842844135826076e+24
-4.145324125286006501e+24
5.329968459072415574e+25
-8.584586855912297499e+25
1.234842233118778645e+26
-2.197175980658670933e+26
4.146689843324801242e+26
7.459983388811880702e+27
-3.202199591685872685e+24
-9.084283165742215631e+24
-9.895208349730406356e+25
-3.641028705771211186e+25
-1.866436105996273850e+26
8.483496727157264876e+25
-4.916582174295903818e+26
3.040922987075179511e+26
1.507238195726084871e+27
4.501150840548941156e+27
1.314247156162074164e+26
4.261447328503729540e+26
2.189848307953126168e+26
-1.516642360157775894e+26
-3.115484452004365325e+26
-1.406328995401185323e+26
-2.023775275168207184e+26
-3.379617696609052232e+26
4.298328304149091109e+27
-8.347666505333449807e+27
5.494930582266973524e+27
1.066084382568535137e+28
-7.674047164221788575e+26
3.249770358218352993e+26
-4.981768765597569844e+26
-1.845776974192945019e+25
-5.037330787736483926e+26
4.704759480717465631e+26
3.884640761241869469e+27
-7.795383180678426475e+26
-4.602543414168860813e+27
5.848215393145196765e+27
3.537303448949861752e+27
-1.883488906440623274e+28
3.029193008700782288e+28
-3.479488443051108281e+26
1.321707372349731590e+27
4.318269916990252197e+27
3.696458393705520806e+27
-8.822476631923690211e+27
1.686175444568706272e+28
3.206713417626926502e+27
8.605931538941569380e+27
-1.306299349912392667e+28
3.350554643259348362e+27
1.078320892390526080e+29
-4.842386824054481748e+28
7.061936824463825671e+27
1.367247386525507955e+28
7.302743206193400748e+28
-2.053798471923026593e+28
-2.073921792149915213e+28
4.987930398436346411e+27
3.190375910386330848e+28
4.718723839447953307e+28
-8.671609638110001086e+28
-3.805365752444123536e+28
-3.927367336036978280e+28
-2.926925557785394078e+23
6.754390999766527138e+24
2.713864803073434060e+25
7.838961523822987026e+24
1.832857137526922879e+24
-5.577732398819013639e+25
1.808381314852561657e+25
-1.634822061676611034e+25
2.921805037525986235e+26
-2.812770392073595603e+25
5.590924809898734289e+25
4.531409982067879599e+26
-2.282596494595701293e+26
4.663363956379241114e+26
9.363792754685653925e+26
-6.609375033553871857e+26
1.320148819509439010e+27
3.890328964615655181e+27
-1.692095685990146158e+25
-1.602336649446157006e+26
6.875723857553503354e+26
-1.098153225111442939e+27
1.616528866221576471e+27
1.504033491220018492e+28
4.698116485156748927e+28
1.945679365959013200e+26
-7.435466562048497364e+25
-9.478568448053566413e+25
-2.163693055528332638e+27
2.882641582758437763e+26
-3.076175127682058237e+27
9.608361016337625919e+26
2.522913073201871952e+28
1.271277547189955630e+28
-1.540674762891870846e+27
2.921244810612462981e+26
5.199609872083165885e+26
1.171962950268144132e+26
7.963410429968420683e+26
-5.987982721798761823e+27
7.541318869214992485e+27
1.539993245467783088e+27
-6.559832480280370803e+27
-8.556505593314673759e+28
6.153527525719853548e+28
1.726579259159978751e+27
-3.639160344532064605e+26
-1.063072963301752417e+28
1.650234232452340712e+26
5.905422567963341152e+27
4.678964783259459579e+28
1.051170658060952672e+27
3.023793756085644770e+28
8.583700058940931244e+28
1.045757737637139234e+29
-3.796130204018983691e+28
-1.150951611794954129e+29
-2.280869281241446316e+28
-1.155438041315019504e+28
1.819000635169709740e+28
-1.087329633027076232e+28
5.278937895793806757e+28
-1.227068256251152908e+28
6.440912323974260282e+28
-9.441793022016654451e+28
-9.960290534076544761e+28
7.105863234414070161e+28
-1.746996997965516820e+29
8.899462758529046044e+27
1.845037618476865875e+29
1.805404824408934330e+29
2.650521733342990535e+28
4.863458718311792146e+28
-7.210345362746670543e+28
-1.464669044587849156e+29
3.984970545406823803e+28
-2.656590380198772152e+29
-5.468518377909096016e+29
-6.597248120375318036e+26
4.106719481182313175e+26
8.655297888851485847e+25
2.450728951436251155e+26
3.932469136160363330e+26
1.893239926158278367e+26
2.871499775704990461e+26
-3.025641533650488493e+26
-1.560798468941864857e+26
-5.170890298637562408e+25
4.908562791080338121e+26
1.107883162273796958e+27
4.006114212452623543e+26
2.539285458052766121e+27
-3.875178038399254062e+26
8.962064147525069033e+26
1.811080532347239553e+27
-1.522909158377657230e+27
-2.948356754512782817e+27
-2.708688158087541661e+27
-8.322810617498083317e+27
-1.774619612452467043e+28
4.307555605778142006e+27
-2.618539163310558242e+28
-9.793102216674356149e+27
2.615894599320594389e+28
-7.058055980100280791e+28
-3.527619828503392041e+28
-2.569261268499852881e+27
8.859299638839978949e+26
-7.018322176473855131e+26
7.161197439123440843e+25
1.090150657464037988e+27
-1.260307562896097837e+27
-6.011616799509704477e+27
8.648299086539620670e+26
8.100575858613307276e+27
-4.973364822279313853e+28
-4.099783342712012882e+27
5.263424096027745068e+28
3.520350179198866447e+29
-3.232609773681008641e+27
-1.335017161924226030e+27
-2.120893237318730104e+27
6.381621908116282938e+27
5.135433843907232581e+27
2.188448249264132382e+27
2.475788044702357325e+28
-2.364571076462338448e+28
4.539680742897726199e+28
2.951177833263607544e+29
1.543029369767572212e+26
7.521455813493375605e+26
1.082805580813509314e+28
2.366423816837147036e+28
-4.179073989880222628e+28
1.172251389612285601e+28
2.203159723945756597e+28
-1.690811455684244521e+29
-1.891463512291531955e+29
1.047756964818550057e+30
-5.192163757062395921e+29
-1.188910801933423017e+29
7.804993783113641152e+28
6.576662160600528122e+28
-6.429725277699480836e+29
-7.354678169202472750e+28
1.134943916157385549e+29
9.988455650006828940e+29
1.157317839922338021e+29
-7.473352627763397340e+29
8.690975289167691043e+29
-3.000107329681430577e+28
-8.860967789861171033e+28
6.965639368120728476e+29
1.249839145424942714e+29
-1.310186089867761310e+30
-8.547467251571555444e+28
8.346207335335635024e+29
-3.978545110030871151e+29
1.071052214270858055e+30
-6.805355387929887072e+27
4.275732651081705419e+27
-3.949555271303054798e+27
-1.785880348454338973e+26
1.478519720261691341e+27
-4.172904667393082094e+27
-2.069949333861758485e+27
-3.155654468654684940e+27
2.140409405875480884e+27
-4.192886497071066089e+27
-4.760588104332309931e+27
9.919833698876597873e+26
-4.002455458552883482e+27
-8.400919990400504505e+27
-5.651604333217710986e+27
-1.479662914141936877e+28
-1.745996718431422541e+27
8.576490937630980625e+28
2.040528791131550449e+27
-1.107255532092123682e+28
6.522495845412179460e+28
1.079938324436306324e+29
5.969692891181495507e+28
-7.184028736718556129e+28
2.994012587644030623e+28
-2.951820534725088580e+28
1.161824850830664274e+29
4.357660169997536031e+28
1.949496160694109913e+29
2.975011653180143119e+29
-6.618132632650045540e+28
-1.378256863725255064e+27
-3.423145405413444244e+27
4.338918027064006209e+27
-1.675797752812146836e+28
5.095109029293779641e+27
1.335141513460352995e+28
-1.295021719583796612e+28
2.113444329698848018e+28
9.398286301108478839e+28
2.300601772727006934e+28
-9.363481572133590350e+27
-7.019507758303393609e+27
-8.488670829667086772e+28
-2.093821262010146469e+28
2.661359591100518156e+27
3.952368514472358172e+28
5.911265541625208371e+27
-1.592658031520338934e+28
-2.639010734059487922e+29
1.839547109318300750e+29
-1.085346453704597316e+28
6.698688547352705802e+29
4.757869727510723490e+28
1.989461071644880930e+28
-1.657668541242105352e+28
2.887569730655350147e+28
-1.218495451349736735e+28
-8.653394897707638134e+28
2.266639970864105520e+28
2.704163755743249650e+28
-4.024488650422992403e+29
1.734430332517392753e+29
3.348977151119830034e+29
1.288804722684436439e+28
-2.222222802172820098e+29
2.700441710973939525e+29
-1.000217633445554673e+30
8.237120748961718661e+29
1.172230311593077962e+30
5.513143102665903731e+28
8.355268004137654700e+28
3.297764098631535365e+29
2.562632170725267405e+28
-4.150314115857994057e+29
2.005735483548389368e+29
-4.982851438746782338e+28
-5.773614934612283686e+29
5.590655462145114388e+30
6.291380339323800327e+29
-2.998449240285468790e+29
-2.375795164104327454e+29
-2.409185504487752451e+29
-1.409949549442909842e+30
1.674785079057945825e+29
-4.019745636313257069e+30
-5.384547326478446615e+30
1.538548590800847721e+28
4.178302298242573012e+28
-2.009008030357932303e+28
1.465137836318122137e+29
1.290013853938388273e+27
9.055775908885569289e+27
-2.397720297142789704e+28
-5.732946766374453630e+27
-2.335363195055397514e+28
-1.014792452534320437e+28
-1.417604233098033089e+27
-8.498815631385285234e+28
-4.601057156792166730e+28
1.359735516439840570e+29
2.289830106209957622e+28
2.826288687528293873e+28
-2.526935112100294575e+28
-9.131152086543840905e+27
3.430857359917260987e+28
6.587290014510497227e+28
3.819761075182292901e+28
-3.677815219070545375e+29
4.386993650522838448e+29
-3.302031458024341193e+28
-2.155337124807359195e+29
7.566535274655145311e+29
-5.292548207782352632e+29
1.287956774813343656e+29
-4.480410498513123419e+29
-8.367993296461500644e+28
-9.785852599878187299e+28
6.942690024551767491e+28
6.143625441988035962e+28
3.867105098277759917e+28
-9.227206433015462716e+28
3.494086427161235252e+27
1.625627925695174580e+27
1.257106446480425145e+29
-1.996280609354707902e+29
1.619690055435215801e+28
-1.136429960494933497e+29
3.617900239245668286e+28
-5.873696510947851983e+29
-3.454366278506812894e+29
4.967361106897309842e+29
-5.965501146870700141e+28
1.243298289950701190e+30
-4.437271548980049132e+29
-1.333641367768918147e+30
1.784385364030592408e+30
4.235867531284337602e+28
1.908188644614912932e+30
-1.040572499615137363e+29
9.003131322386409606e+29
2.269472317540436776e+29
-3.399146316904193317e+29
-1.105608187011195057e+29
-1.983546793348462920e+28
3.058849999380905706e+29
7.634655666305319143e+29
-4.475761712854251743e+29
-1.390175609500487625e+30
1.053147235467903546e+30
5.713117043129791023e+29
5.707956846414800005e+29
1.005636029755399958e+30
-3.687632918450951487e+29
-2.014733594234420848e+30
-2.272836100912743633e+30
-3.054842740703972809e+30
7.218099952299810841e+28
-1.567905953345430790e+30
-1.161071489356122887e+30
-3.718649674515714655e+29
-8.414721043541035531e+28
-7.756042938124005407e+28
7.116269702765246169e+29
1.639244200751031222e+30
4.761922937301843063e+30
-4.510471518049047058e+29
2.077889677719880803e+30
8.418233999556526002e+29
1.470218522916947462e+30
7.864971404395269447e+29
-1.697538642662440511e+30
7.839270187100115834e+28
2.270292379072122370e+29
-8.532045520425436640e+28
9.154694589021137180e+27
-4.527477183866015815e+29
-8.938851177591239545e+28
2.323428492592159599e+28
2.734343425619107982e+28
1.148502482646917148e+29
1.339320956388867331e+29
3.201537075760981602e+29
7.945864598660473028e+29
4.006508946428030371e+28
-4.909472712596983176e+29
-1.470351281276669401e+29
1.766498652407057256e+29
-9.667772028021844013e+29
-1.006272216434397927e+29
1.253770856020548770e+30
1.106391266651059619e+30
-2.812888104643553447e+27
-2.721973748380168151e+29
8.545834961772137825e+29
1.203159708502362046e+30
2.284189750200414823e+30
1.936553650943442564e+30
-1.956524297439529120e+30
-2.704686357171195195e+29
7.553538839611693059e+29
-2.550503154117490876e+30
-5.730165678795504119e+29
-1.082874295658864272e+29
4.036268354940412800e+28
7.723704762436820319e+29
-7.441149067300480119e+29
-1.378247068352905821e+29
-6.387537496615854867e+30
6.508469123466630349e+30
4.626481645573292705e+30
-1.717030673593832559e+30
-5.164210314658047387e+30
4.284840441736092318e+30
-3.029968227388182341e+30
4.917814900040511118e+30
-1.820453836793575407e+29
-2.199328143573891118e+30
4.373538009134616437e+30
7.319385585080417797e+30
6.936835637428220757e+30
-3.426657252525000605e+30
9.022923358793327861e+30
1.684787729844668968e+31
-3.825449027103888246e+30
-4.490790467845026845e+30
1.498569865141425177e+31
2.152080176337793754e+30
3.394378449440088230e+30
6.484714355075521831e+28
-2.304085736651746926e+30
-3.148455951650693671e+30
-1.281080440937579073e+31
1.612063035215031264e+31
-3.142034831705948187e+30
-1.548516268164983626e+30
-3.390456295317973717e+30
5.359040516140400067e+30
1.977925890144322204e+31
1.166720298681725884e+31
2.647142078299051575e+31
3.475481673305171341e+31
