-1.888323014856064800e+16
4.123019141510186496e+18
2.207087620487449805e+20
-2.424746728765668065e+20
3.028163531647446155e+21
6.041032982097053090e+21
-1.648832714068998907e+22
1.303886447263574844e+23
-7.570230364631892545e+22
-3.564909702230049997e+19
-1.087591320371063521e+20
5.549897351904569065e+21
-4.324384580123983924e+22
-1.466905228897975009e+21
-2.797899785853302242e+23
3.248475143516358695e+23
-1.256464902717735581e+24
-4.076950408182702457e+24
7.669274098280009564e+20
2.159013641536238990e+22
-2.731600808673909146e+22
4.087178440304089471e+22
6.677295857406280487e+23
1.472370867817383702e+23
4.677529923114750278e+24
5.135310352640322887e+25
-1.782188093062481612e+25
-2.474148336660685783e+20
-4.262278024002592467e+22
2.263098225651130009e+23
2.081004751930148006e+23
-5.632623018702985578e+23
-7.444011401859860225e+23
4.210626809120001704e+24
1.941261696235778703e+25
-1.130280499301781292e+26
8.652484339370113220e+25
7.171559274327301947e+21
-2.365214637446259792e+23
1.117821518345228440e+24
1.086127583576755767e+24
-2.570417135741476161e+24
1.308645465572022451e+24
-1.509618409083490016e+25
1.379547291699980506e+25
-1.936505508063777765e+25
2.614450451982160498e+25
7.653527031955416280e+23
3.287329871746507339e+25
3.647280692865410269e+21
-1.163290908709868701e+24
2.085288626598124745e+24
7.174619969730825563e+24
6.207308888984956290e+24
9.194061212668626727e+24
-8.959858485662373303e+24
4.570558800367059238e+23
-6.731685831074575668e+24
2.307997468614018094e+25
-2.192566839728091693e+26
-4.403598920524393381e+25
8.020332403876049199e+26
1.020315022728626810e+26
-3.796624732860404728e+22
-6.659763797666114516e+22
-2.834341583384468301e+24
7.620026018709540801e+24
-5.571440529683915997e+24
1.225756719759047281e+24
-1.624128132206411683e+25
-2.024167354289170362e+25
9.867758104038861716e+25
-2.917260462552096220e+25
2.105445979347770039e+25
-2.965445595850584619e+26
8.943087876899777529e+25
8.581617233296935078e+26
6.493658547135466424e+26
2.994911074048532703e+22
-6.870280857809229625e+24
5.749880897483564100e+25
-1.397451075680627243e+26
9.115029019843276202e+25
2.498036524518649140e+26
-3.394844529880750564e+25
-5.908940248684557180e+26
2.515859191631144033e+25
-1.558939048245643779e+26
-4.576160368137004193e+26
-1.879397585454627629e+25
1.444344224417838102e+27
3.526382062096102555e+27
3.325902978353205011e+23
4.325282301496532252e+25
-9.397829704958187047e+25
6.684954114301715922e+26
9.924643510658013476e+25
-6.944805394482494960e+26
-1.554429711422413095e+27
4.564757472769316388e+26
-1.150762822900379844e+27
-4.920264151443033833e+26
-3.546485911043138138e+26
-4.883026550100307723e+26
3.431045648959681715e+26
4.385339075518664540e+20
4.352586306289640931e+21
8.224227555012566739e+22
-1.001252462140993621e+22
-1.155401325324095287e+23
1.346159000719911473e+24
4.733065958895135553e+23
1.994378068049292121e+24
-5.052919877452009581e+23
4.480529754135847026e+24
-1.142939769034420106e+24
6.379311642519196297e+24
6.547965128455490592e+23
-6.966620078923656601e+25
-4.358942465072332888e+25
-7.510407713743528575e+25
1.524748772295606639e+23
5.227233637820831587e+23
5.962880316311585801e+24
-2.358067217637545516e+25
-9.855206475237544223e+25
-1.542229898767003742e+26
1.436097952526434335e+27
1.849485595233265254e+27
2.977995019219096096e+22
-2.060504010338101877e+25
-5.697446850569388077e+24
8.118815070639951815e+24
-6.304731666273545639e+25
6.471529548589323681e+25
2.528982475102672321e+26
-3.164283348042194418e+27
-4.243186101651918963e+27
7.528977727206573610e+23
-2.212083318512855292e+25
1.864185051745720652e+25
-1.655568097172399694e+26
2.785532205273399905e+25
-4.279985689493656492e+26
-1.612951689951013351e+26
1.858291631897290514e+26
6.043612290200385155e+26
-7.015998817730095160e+27
-1.434720167049360158e+28
7.321185777949627413e+24
-6.432860576769652446e+25
-1.181707449718033156e+26
2.363151484556595481e+26
2.313611724683327873e+26
-9.233777739626643457e+26
2.456382588996359333e+26
8.623181787885312864e+26
9.747500497016212541e+26
1.737771300232687382e+27
-2.735132993646399458e+27
9.937250177922534955e+27
-2.231027971217684182e+28
5.929587910199607848e+25
4.101398084077731456e+26
-5.683369426360282234e+26
3.952632368784972946e+26
8.793047863958005632e+26
-1.873656614551649564e+26
1.109629661836113079e+27
1.004736686563459036e+27
-7.745909106984621808e+26
-1.144179452306274643e+27
8.628625083253769302e+27
1.352908709463229138e+28
3.429284596373502455e+28
4.994288034448806041e+28
-8.306391947406579897e+25
-4.729449355402970120e+27
3.196828395469565316e+27
1.084929299847308437e+27
-1.401095524404948353e+27
-2.087758196079862852e+27
6.190524392381140536e+28
-2.076199910538860810e+27
1.774456582456096850e+27
-1.743788986415313102e+28
1.396123710235433313e+27
-1.415694298603011190e+29
8.006834839121839872e+28
-6.501154504092835396e+26
6.510430318471145843e+26
-2.101890760581508960e+28
2.009751626188250894e+28
1.638860576853436315e+28
-3.524199897732743341e+28
1.512531814354139541e+28
-2.282587984843648353e+28
9.599297801802666759e+27
1.026899635014430760e+29
5.923282111755028240e+28
-5.953572002122347806e+26
-5.118555005462154681e+22
1.932396904360435616e+24
1.843048161787603629e+24
5.123919905712434049e+24
3.037144538133400048e+24
-3.155088581510472400e+25
4.732584572873672632e+24
-1.116929665416722721e+25
-9.010229296664701963e+25
1.685485689473306775e+25
1.026148550602707514e+26
2.765464119235194925e+25
-1.997120796425137932e+25
-1.880836545010288986e+26
4.480228191982095306e+26
9.546353476867410939e+26
3.101713800802813520e+26
-1.172673963684379597e+27
-7.953030299626420863e+25
-3.059882897371401072e+27
1.428506073459030651e+28
5.153017527915600617e+25
1.451063716957199469e+25
3.909159073307704637e+25
2.846186837989170817e+25
-5.143963335796661621e+26
-3.007538697537055704e+27
-6.677672999676736957e+27
-6.927586549114562390e+27
7.894935206968876713e+24
8.926693497682113240e+25
2.004316138893927936e+25
1.607630824041830223e+26
2.211185403679206524e+26
-4.544433635332622370e+26
5.136459967957827660e+27
-5.813933095224461277e+27
-1.214711844978318916e+28
1.339942785068284795e+29
-6.633124707702310855e+26
-8.202269397730389435e+26
1.171545452343592805e+26
-3.324706811052557164e+26
-4.663116013544866114e+27
-1.268471653676318879e+27
2.328372706897643031e+26
-2.582598157305118765e+27
2.972739368386981067e+28
2.328563926253905670e+28
-1.607489998464837222e+27
-1.478091665483930218e+29
3.847505077053719613e+25
8.057818745662787381e+26
-3.086222815928298547e+26
8.360620820286222406e+26
2.357934801716337442e+27
4.864065775623850733e+27
-1.726724670844220502e+27
-9.316936442608719204e+27
-6.419123228710709766e+28
-9.143419532160959839e+28
1.112402141325937701e+29
4.421497897502401634e+28
-1.926756697072984465e+29
-6.074532389201135526e+27
2.057925180813273937e+28
3.644121743603685935e+28
-4.659362613181777697e+27
2.440667128738323300e+28
1.924961824037909781e+29
3.014492918467816010e+28
8.520104656731173765e+28
-2.613819767227698288e+29
-5.070699480009013473e+26
-3.119147603920469789e+29
-7.678634043356018321e+29
-3.048232634227138088e+28
3.527595524321630773e+28
1.754067866800720562e+29
-9.009534311675854965e+27
-4.245239892124119556e+29
6.572131246010101797e+28
-2.978410212215265059e+29
1.111773098484471960e+29
9.528946366136225214e+28
7.163595301055582364e+29
2.555280723854400393e+29
-1.948617193528728138e+24
-5.053827882245918284e+25
-9.983269268018709326e+25
-1.985235827917765042e+24
-1.915844987349078914e+26
-2.954193876095729317e+26
-7.208747140908606871e+26
-2.396924008947752370e+24
-2.939504284223592959e+26
1.071029117729725345e+27
9.607128985536669825e+25
2.500214685364801709e+26
2.792132786089998864e+26
5.295426239014714271e+24
-2.189036559742836414e+26
7.434703963659434631e+26
-5.553607515672693970e+25
2.044775045512941507e+27
-1.627623718961785262e+27
-7.721482667143200708e+25
4.958080941682445530e+26
1.375854502092932154e+27
1.548808176825631032e+27
4.482198366875540833e+27
-3.372340188059162525e+26
5.314662641596913130e+26
3.175761046072429080e+27
1.891487639914004063e+27
1.371928584782648070e+28
-2.371887470239134958e+27
7.663965102177257169e+27
5.638375761545977999e+28
-5.225706050509592832e+28
-6.457796646207547522e+28
-1.034293134662986486e+26
-1.817276578420126074e+26
5.436665895444855549e+25
-1.682096899548661920e+26
1.370758961255343467e+27
-9.916783192657844843e+26
-6.533871226042860888e+26
-1.052413326131076406e+28
2.234439062775467124e+27
7.663295468981931470e+27
-7.855781490514430007e+28
2.135958918504621652e+28
-2.524478096595787767e+29
-5.614762017200657322e+28
4.927333384136777824e+27
-3.150077533555914717e+27
-2.178235393154662103e+27
-7.718023872762056266e+27
-5.573490075853155671e+27
1.894316388314363771e+28
-1.632292008945741415e+28
1.304121243474679711e+29
-6.960968426246743069e+28
-2.317301800698780589e+29
-1.277106722286981188e+29
1.414754360985578084e+27
-8.374409044272114757e+27
-6.906806131877020696e+27
1.552452115753689720e+27
-1.354088690679784636e+28
5.034744184312381221e+27
3.588009470346054454e+27
3.407276953882435240e+28
6.435994732403783331e+28
-2.408319398191169639e+29
4.363722326004351939e+29
-3.632971045356434519e+29
4.345813810991208171e+28
6.165597842401179338e+28
-2.573892823823606153e+28
-9.920698106440255878e+28
-1.772349372553058913e+29
-1.047883568950336523e+27
-1.166309471093685631e+29
5.042852706493813100e+29
3.060054522376409195e+29
3.953981524493093872e+29
2.908419314992545717e+29
-4.181350605986094034e+29
-1.475800167951030444e+29
3.797749868805649837e+29
-8.647641544264339083e+29
1.817541929214826596e+29
-9.843913653007020616e+29
-1.188264696250180481e+30
-1.075264644077446861e+30
1.176734993017684451e+30
1.865931320006998955e+30
4.779841998483016199e+25
3.220744040202775584e+26
-4.085503525096391913e+26
2.716473552819150382e+26
-2.120836934826184595e+27
7.085910275860463597e+26
3.572835548951427607e+26
1.867625582881274477e+27
1.308586472202404799e+28
-1.253942843009667497e+26
-2.918691430267553561e+26
1.922742567662072517e+26
-1.593729962338949744e+27
-1.892630239323456920e+27
3.637630967326881992e+27
-9.765891027841601527e+27
1.319864382129675705e+28
-1.932268881868954471e+27
-5.970026098245810723e+27
-4.342893897426540556e+27
-8.036226518238381246e+27
-1.255348920328404278e+27
-6.195853903765000122e+27
3.969545496863136747e+28
4.336102939067726460e+27
-8.561510073304711981e+27
-2.014377380911910162e+28
-2.210757970866355094e+28
-5.649053805892266321e+28
-2.770661307105972064e+28
-8.480229739202450362e+28
-6.858250423524469314e+27
3.289303349846595486e+28
2.701448039091682984e+27
4.899484664170920059e+28
-3.874484195556776529e+29
3.107556066509046505e+28
1.148927861863019708e+28
-2.352434745612452730e+27
-7.017693898865561637e+27
-1.875806517581288661e+28
3.097979246010657472e+28
8.078432181544916608e+27
2.615998303863794629e+27
-1.254898505553752654e+28
1.432458234481565584e+28
8.403509729379098419e+27
1.741833440732240119e+28
-1.489010842679180242e+29
-4.617551667240952431e+28
-6.988410210591921206e+27
4.355232587431592909e+28
-3.185620300869016843e+28
-3.730246050247835246e+28
1.570613044472826266e+28
-3.392539002283742615e+26
-1.123367078190377212e+29
9.016305442839175950e+27
1.652973096179017427e+29
6.544518250127105250e+29
-6.364285837890305291e+29
3.455108185631798242e+29
-5.161395740388506876e+29
-2.994888889834317141e+28
-9.819439879724534686e+27
1.088295918929304848e+28
6.144580441548007729e+27
6.392034255672190251e+26
6.716172297329196622e+26
-9.104305850034625899e+28
-1.062340983969151300e+28
-5.806801759380096650e+28
1.068368547631831206e+28
1.681248685025087987e+29
7.830317264753656783e+29
1.451082047568043731e+27
1.070168445758721346e+28
3.913601341822442098e+29
9.341298573929215838e+28
-7.593509231666106925e+29
3.443925481769680751e+27
3.570110160102500525e+28
6.952776946796633140e+28
6.726668481651442171e+28
2.938444518475606221e+28
-8.174556925242463089e+28
-7.864058565116287654e+27
-7.188179378852200238e+29
5.473765139574605038e+29
1.785538178725106096e+30
2.470167091228355371e+30
-1.011643159679563322e+30
3.834538943177148573e+29
-7.732058507616717651e+29
6.795831372738558520e+28
3.419857704816338771e+29
5.767355204731021895e+29
-5.395508479329826660e+29
2.865162064130625138e+30
-3.568089995561119531e+30
-7.316076423948513958e+26
1.090196047718586092e+27
-9.602511149369755347e+27
-7.629430508825345779e+27
-3.670572190918076723e+27
-5.446070740708355308e+27
1.262618775670365884e+28
5.436485765725587264e+28
-1.476106797139161094e+28
8.798605923155104812e+27
-9.634410178073178150e+28
1.612065956348802247e+27
8.190484229920632002e+27
3.357325366387478073e+28
-4.022545813230442508e+28
-3.484800172942334870e+28
-1.635883201839523504e+28
-1.474115708084657376e+28
-1.186128847753435696e+27
1.507119689925098831e+29
-1.203693217561606357e+29
9.675171188801203341e+27
-3.044451755929163648e+28
-1.559189594483534406e+29
-7.214314296137426713e+28
8.978451651144166904e+28
-1.079340454103132157e+29
-1.624193970796158180e+29
4.378757007380202100e+29
3.181146907956695446e+29
-4.995588454250983282e+28
-1.150435710135544103e+29
-1.222147711280645277e+29
1.388716808069591826e+29
-3.053022772593734736e+29
3.479810456940290051e+29
7.075431073691423396e+29
5.118446571796322440e+28
-2.949720155086684775e+27
-5.163160981908034536e+28
-1.676482160060289123e+28
-1.544374657714264415e+29
1.425389365026227140e+28
-4.506595757199122903e+29
1.142514039948653463e+28
1.539314129346754097e+28
-8.660314292097583683e+27
-7.547634855035427734e+28
4.583644715778495082e+28
1.256359345731364283e+29
-2.525123367680834509e+28
4.726329481930762521e+29
-1.159962551204706004e+30
1.227867163393226540e+29
2.039825916044870182e+29
-1.498508822689828312e+29
2.196917452171243981e+29
7.267867331010367295e+29
1.436928991717937988e+30
7.506681795065553337e+29
1.541769153824939860e+29
1.253279555363717113e+30
1.277789024578505507e+30
5.607132279061957494e+30
-1.589078896908196289e+29
-1.529458369939573598e+29
-4.225953158772914930e+29
-1.427055930500191128e+30
9.557384324303219283e+29
6.592261718526221920e+28
1.613925935398738679e+29
-3.440065534773270249e+29
1.115349934292951581e+30
9.874374867803510548e+29
4.091917435757440820e+29
-3.684638216538525029e+29
-5.683522716031158495e+28
2.284481680025337041e+30
7.539511739610325796e+29
-7.675067339376949493e+29
-1.798669695318240120e+30
-7.667318020153198734e+30
4.534816717606362368e+30
1.637238251711645606e+30
-3.215713348486966496e+30
2.612684233666772243e+30
1.363342807026575367e+30
3.281953512979150121e+30
5.938663972128004955e+29
3.340104373076279212e+28
-2.070779170842880573e+29
-1.128698060107898218e+30
-1.348823645645956673e+28
5.456713467319388016e+29
5.971565664168370434e+30
-8.962393616645540604e+29
-9.670571996154543651e+27
-8.107146022413062603e+30
5.452145386825150324e+30
9.407561928572150456e+29
5.405418891301929779e+30
-4.229822430392755859e+27
3.713050964547078170e+28
9.727559708680200892e+27
-3.564085996947696005e+28
-4.612620336894115770e+28
-2.976558894267432108e+28
-8.605039678974112290e+28
-9.436287293531748339e+28
-2.376332123287978606e+29
1.868142139339556139e+29
-6.413220712622718948e+29
1.221523453905071305e+29
-5.718391620582842869e+29
-2.539560318912828276e+29
8.359924653660732619e+28
-4.695241373617967059e+29
3.195928706730721300e+28
-4.707010162594659173e+28
-1.566319845723366652e+29
6.220352923139232557e+29
-4.115221394287169023e+29
-7.004722429709871257e+29
-2.861991086381584485e+29
4.396902270608383980e+29
2.508898639733550548e+29
5.305673065318938792e+29
-1.938913514214867354e+29
-3.186087284368693831e+27
-1.601651172473646706e+30
1.356517315995847260e+29
-1.165169653533233057e+29
-4.869814182465349301e+29
-2.807942240630435242e+28
-4.320994809567763214e+30
1.314379839160082103e+30
-4.563435926763813163e+29
8.005508672648766678e+29
3.254701705961187863e+30
1.399870420423686737e+30
-5.494346097668997361e+29
2.062295965141362614e+29
1.929277258517762197e+30
-1.472505791318305259e+30
8.191183400197087336e+29
-1.948000100249406620e+30
5.116298315275743689e+29
1.139392337528427016e+29
-1.899558243805970975e+30
2.101304109292914459e+30
3.544795772488162692e+30
3.003904783026657807e+30
-5.275182596069566918e+30
-4.404996475383714901e+30
-7.223109664568357034e+28
-1.586973253089302694e+30
6.073153811582842317e+30
-3.430403285169617596e+30
1.520132388604363239e+30
4.929576039250581510e+30
3.987139567989062436e+30
9.118821457617393154e+29
-4.830338400661372301e+30
6.572944034795770612e+29
-1.260070217628806680e+31
4.565240457667510568e+30
1.296723390733975754e+31
-1.080767610606736804e+31
-1.150949196695526134e+31
2.141192136802657618e+31
1.325689497060115486e+29
-7.739762072779179721e+29
6.796849548779474038e+29
-2.018293280328402066e+30
-9.057252436124986543e+29
-5.083964845453724013e+29
1.983850433798698563e+30
-2.532291216120520289e+30
2.795521185500150146e+30
7.359298966002707055e+30
-8.278905366180251062e+30
1.430098875032591726e+31
-5.907318986306170227e+29
-5.126701453818238353e+29
1.926647912724623612e+30
-1.174879164602001720e+31
-1.098202372147933048e+31
-2.449482444030592388e+30
-4.524722093748235840e+30
-7.815654240274643803e+30
1.154795110121255947e+31
-1.504533364285139458e+31
-4.399122744196754871e+30
-8.949469626411549298e+29
-6.815446942850573389e+30
2.834807274344627257e+31
-1.131472545409406892e+31
-8.939011921656448400e+30
-1.295824868737926307e+31
-1.560734205872198524e+31
-1.282559910820093845e+30
-4.870531565465764775e+29
3.059674080498604159e+30
1.854438488598839534e+31
2.046178530338619701e+29
-2.376440499182874701e+31
-7.716163988499259961e+30
3.022726200739042632e+31
-8.917010998079564466e+30
3.936354738223757824e+18
-2.118022327200319078e+20
-2.461905698664725217e+20
1.887363415995032535e+20
6.851133346184069906e+21
5.543600923925673411e+20
-7.165227403639672694e+22
-1.483189234903383236e+23
-2.117322073340617687e+20
-1.398525193259945558e+21
3.531263504011724482e+22
1.009019143268447939e+23
5.915925160177044805e+23
-1.438225749440790910e+24
2.054138674010513438e+24
5.478906254928769622e+24
2.566821133124563894e+21
1.701057907399727461e+22
3.069606549347735962e+22
-9.593422634973236434e+23
-2.348322174662330963e+24
4.715304573602478619e+24
3.987459417589330758e+25
1.267535997050038761e+26
-1.944047481200006555e+22
-7.019184808321714068e+22
-2.593917992353870392e+23
-1.609278223340879288e+24
2.084931735423367726e+24
-2.920356045768758630e+24
1.889699057522197920e+25
4.948722375825763349e+25
1.765337443701517677e+25
6.668419187770024736e+23
9.152028815463854406e+23
-1.526892878176119446e+24
3.823701771160568593e+24
1.291704224841974894e+24
5.059032670521462182e+24
7.115554829813018014e+24
1.914970294729495009e+25
-1.680863001161400320e+25
1.128610177737358402e+26
-2.516904213322210754e+26
6.162803056191017037e+23
-5.588167149385674805e+24
-7.930762551661248616e+24
-2.961326221946166777e+24
-1.012150585507636702e+24
8.486334643582345241e+24
1.609154349492555164e+24
-2.547790349609687199e+25
-2.500765624798419721e+25
1.251340505342601009e+26
4.742573659036360268e+25
6.439706619134575266e+26
-3.783797541657597473e+26
-1.493875302361624971e+24
-1.418987547840746369e+25
3.885841113063021578e+24
5.308955164861736891e+23
-9.620767376248627660e+24
-1.343871156505581895e+25
-1.315791482391913558e+25
-2.505401793481199547e+26
8.414679965138019156e+24
-1.853580690388164164e+25
1.899883366375151780e+26
-4.032783784372752531e+26
-6.932463128641393249e+26
-5.261960932809385393e+26
-1.046971302082756191e+25
1.586966155010614772e+26
2.459151239463214864e+26
-8.102624474620423316e+25
1.600385433969402087e+26
-7.387509981279607556e+25
2.855612542571861069e+25
5.901016332523913704e+23
-1.358109936302499323e+25
-1.171645081912176316e+27
1.485684459011173001e+25
-2.180711194563504377e+27
-7.150584469021413074e+26
-2.875863446704633012e+25
2.484053270781512250e+26
2.504396897916297254e+26
-9.381540328266626773e+26
-7.343645228707527383e+26
9.095371332563389957e+26
2.402619114843458174e+26
1.044429016528028068e+27
-4.953776567054965675e+26
1.172569651547223726e+27
1.158128282635724309e+27
2.069026194536645496e+27
-5.189308721228733743e+22
-1.638325227218586158e+23
1.164257534062002166e+23
8.916799388896404596e+23
3.085072889874597754e+23
-3.371385968712617873e+23
2.251589675534830042e+23
1.335302477959707721e+24
4.579344569845515257e+23
9.326553044727188129e+24
-1.616534383479725272e+24
1.802672027766245829e+26
-4.910903717939071312e+25
1.982794351795551383e+26
-1.597737535228867301e+23
-1.572809811579856489e+25
1.392227384141214595e+25
3.211327262935710890e+25
-9.010143044896352027e+25
-7.598432329581835121e+26
-5.454170664300323921e+27
-1.377188086108247733e+25
-1.576884874098963737e+25
7.360807164513316879e+25
-3.385626958049626686e+24
2.838423290023174556e+23
-2.360193276972756966e+25
-3.584508018966672938e+27
-1.203737775545608464e+28
-3.423115234403660140e+25
2.307888363679239988e+25
8.931761721228286424e+25
-4.865837970064958040e+25
-5.293954487578008981e+25
-2.757648753583593345e+26
-1.324439404495381384e+26
-5.157361056289976401e+26
-9.977223153033962799e+26
-2.127299816071492979e+28
1.614273835002745092e+26
-7.077799003882854165e+26
-1.275716106677901769e+26
-2.408466172121800642e+26
-3.917375534117468864e+25
1.743882965671409722e+26
-8.242515258556216789e+25
-6.424464647420227092e+26
-2.077218721831861166e+27
-7.563986636272041499e+27
-1.395117989139164771e+28
2.421088140434734660e+28
-1.792965629178940288e+25
-1.821926921535649480e+27
-3.917600054847295276e+26
-1.244021964054142461e+27
-4.747211323946012954e+26
-1.446791818045167409e+26
9.621892110834790763e+27
7.975016444492942782e+26
1.155226464769484395e+28
1.444977145095355054e+28
-1.034013819116709203e+28
-1.185385545597247014e+27
2.157823417423031856e+28
-1.082732492357015786e+27
4.345253927734421224e+27
5.411315116995722597e+27
6.560643994669653383e+27
1.317505423533402593e+27
-1.680866056657820550e+28
-6.549198946209323982e+27
-7.571486465222938455e+27
-5.346761585798846990e+28
-5.636610421274763028e+27
4.700428563616473047e+28
2.729284794421190490e+28
-1.629954243762492618e+28
-5.699937248667373540e+27
7.518162289097410662e+24
-8.746240560162313354e+27
6.706532348887899424e+28
2.016097055069839770e+28
2.363681973439936136e+28
1.969523854868394222e+28
-1.717505409566711670e+28
4.659110221660100190e+28
1.816913553508543651e+28
3.738331717428790837e+24
2.318297184043857494e+25
2.361471584027445012e+25
5.694985649434088222e+24
8.507395902571404221e+25
4.773927137146256279e+25
-4.523303020314393637e+25
1.332868806813572936e+25
2.404796243806478568e+25
1.483579864669372169e+26
-1.978321434094424839e+26
8.695450366417354677e+25
-1.314429982446979349e+26
4.342431500179661173e+25
3.285614059483580888e+27
-1.533872382101468090e+27
5.106385207582886928e+27
1.450855986396874938e+28
4.490859915293267878e+25
-1.490356869853381054e+26
1.761672436341018814e+26
5.524845546302843019e+26
1.134439086830421781e+27
-1.107864718821865984e+28
4.781350658904891696e+28
-2.258991419566718625e+26
5.547342077938569169e+26
-2.259060817898716628e+26
-1.512405594214648986e+27
2.357259809986002757e+26
-9.371957326930338583e+27
3.686881912117480122e+27
-2.249875197531255026e+28
-8.603756210549789528e+28
-6.197086198374682267e+26
-1.467713328871707382e+27
-5.250747370423993226e+26
5.399367284469890011e+27
1.665021130334116869e+27
-8.845769614517421887e+27
-3.928475143890844538e+27
2.466548970749868229e+27
7.963040094825763532e+27
-1.239621841098690112e+28
-1.222444311792943533e+29
4.726733429314553268e+27
1.991929172635194875e+27
6.357410881460557965e+27
2.586435235612976013e+27
-3.704484530076203599e+27
-1.744402482941555107e+28
6.530381401769502789e+27
5.579302463451691488e+28
-4.019263847139334874e+28
-4.581884896326934598e+28
9.298493191399597657e+28
-7.301858066531361694e+28
-3.531577071323740629e+28
-1.868301506818574206e+28
-3.200726161193408391e+28
-6.455402598526425768e+28
-9.295269834166035307e+28
-1.797966562510096112e+28
-1.330126138503467485e+28
2.508210350592707624e+28
4.619224046361872863e+28
-4.182103000776997926e+29
2.998200006983087889e+29
1.554806231962796360e+29
-2.389647475636630793e+29
7.631454507793449271e+28
9.623884914311884475e+28
3.051664150634769015e+28
-7.375972950754426247e+28
-1.999915343955029989e+29
3.534955196260386908e+28
-4.420709771254805218e+29
-5.969703948920599996e+29
9.608543893728256421e+26
-3.153438726312134568e+26
-4.800947302606715598e+25
-1.821275011219444102e+25
1.800539279180936204e+26
-4.715536409812369747e+25
2.360484802719604386e+26
1.031906939961610191e+27
3.835683966117446356e+25
2.884754292022846072e+26
-5.923862555898815213e+26
-1.504740413227013286e+27
4.672605353227735027e+26
-2.681345547976499217e+27
1.613673558622695334e+26
6.994585291735827019e+26
-7.284786791315594847e+26
-1.872543436304578647e+27
1.427967860959573713e+26
-1.167993267311652838e+27
-8.174164313976993232e+27
2.471007951720653926e+28
-2.388949255608113391e+28
1.072853331247544855e+28
-4.623271652300609076e+26
-2.703780317488830585e+28
-5.215715198146375613e+28
7.287685109322481242e+27
-4.899959772108323397e+26
-1.445161001978651547e+25
-5.169596363901314244e+26
2.234998306268007269e+27
5.065877464018001198e+24
-3.392998620664110999e+27
2.685651064771621418e+27
2.002455937387279908e+28
6.723242293613479977e+27
-1.932869330202597975e+28
9.077148582016988289e+28
-4.920082483969601616e+28
-2.454888840943160035e+28
-1.656192899959864901e+27
3.749878230940811965e+27
-1.667461710434979828e+28
6.170345323811842485e+27
1.478752499621634009e+28
1.517576215943027786e+28
1.228455501369502420e+29
1.296083968888547336e+29
4.511125187630686149e+29
1.414103619907816066e+29
4.738707686171276569e+27
-1.638980908139326668e+28
-3.096720449292932516e+27
-8.019909927935363695e+26
-4.558815277645707735e+28
4.362237470699387262e+28
-1.870297680560862937e+29
1.131300908674428420e+29
2.432472150693927602e+29
4.315873551775032519e+29
1.942522262337017938e+28
1.588557141602825510e+29
3.996284949897967702e+28
1.332353543892828731e+29
7.828344953982413944e+28
4.751371775027912544e+27
6.892652033408181681e+28
-4.941808183607229030e+29
-6.178460048248124540e+29
7.618799655264712320e+28
-3.818161615652013030e+29
-2.173239833912931357e+29
-2.427560933117512606e+29
1.321795820905918489e+28
4.322104860221166595e+28
4.388522290750777138e+29
9.680649779705084597e+29
8.778507163141078451e+29
1.533776018638979347e+30
-1.475315698692450164e+30
-2.968588133683183938e+27
3.362981474859865241e+27
6.181175485919103693e+27
2.545765443862686468e+26
-2.022429952193270426e+27
-4.354549841818230081e+27
-1.578720335304887305e+27
-6.089782519561594596e+27
6.952951676017252367e+26
-5.861512680258148456e+27
1.693653913658973880e+28
-5.923833578891944803e+25
-4.324224325148638125e+27
-1.206339153473683107e+27
-6.019668185196360453e+27
8.590973916189959934e+27
2.854104768751991696e+27
-1.316197350526281187e+28
-5.464588804395465086e+27
2.352554154337216378e+28
2.030376366893436109e+28
2.050306801353967006e+29
-1.061026885859046208e+28
4.818485534107407589e+27
5.268723795732918955e+28
-1.339615636118813458e+28
8.296584954557943280e+27
-1.793548928106602380e+29
1.479119915295476637e+29
4.483851611154229248e+29
-2.447515917164096413e+28
-1.858878618529018153e+28
-3.025585328171569043e+28
-6.873372042620920843e+27
4.738013230966913332e+27
-1.983081182790444653e+26
7.455144188886619515e+27
1.793518551856109457e+28
3.086196761347139367e+27
-3.918628252986803020e+28
-1.155352343006734626e+28
-2.510624204615490836e+27
-3.116258767621031584e+27
-1.139414095546862335e+29
1.789482217736718691e+28
-1.747734689360327198e+29
-5.340070103524400220e+28
2.109215796108021471e+29
-7.274607319940402141e+28
6.686574665260314503e+29
-3.496360681037429222e+29
-6.359377035897663964e+29
5.549162561340546260e+29
9.474596922861518129e+28
-1.511795675187830515e+28
2.133013153527975862e+28
2.503943634370860682e+28
-2.246787763987781049e+28
-1.150308923042542225e+29
2.682538527898820845e+28
6.548595645720658142e+28
3.560477684154894551e+28
-2.154675939053473565e+29
1.527688372046687008e+29
4.370731102044217618e+29
-1.939783995226403342e+29
6.694568811741665337e+29
5.796984719418100640e+29
1.671926296401746914e+30
-3.816796212652910299e+29
-8.785239469611997153e+28
-3.806973763226633332e+28
1.419520634753935633e+29
-8.767448472666764774e+28
1.087268723791377891e+29
-1.433256699468547119e+30
-2.956252495135255910e+29
-4.483303055075623304e+29
3.160174716624686354e+30
7.432557692215249399e+29
-7.200110955929859481e+28
7.098225539559992050e+28
6.132485426249319385e+29
8.643941732231952639e+29
-9.316576255954353901e+29
-2.879658830398978870e+30
-4.734005399419004989e+30
5.343931948836719275e+28
6.457128066333448799e+28
2.135274503736010267e+28
8.817644144117759570e+28
-2.969149139740930483e+27
-7.031973765044828896e+27
2.965774303482582790e+28
5.803818908094680673e+28
4.203070538764232882e+28
-3.066983923503146964e+26
7.530057218113032352e+27
-5.400281981946458381e+28
8.321758279680081431e+27
2.310437449413048063e+29
-2.403882216515934439e+27
-1.280445117660094439e+28
2.560591279431775617e+29
-2.468677112651920673e+29
-2.474583060310101659e+28
4.779391074743392571e+28
-4.422873907952677851e+28
-8.018477553167384396e+28
3.346585719023993079e+29
3.943163926828389794e+27
-2.676357654228240472e+29
6.097940631207080307e+29
-4.959573292430681764e+29
-4.927624331792592080e+29
-9.130421464602795774e+28
-3.566080252016457163e+29
3.979463599478560362e+28
1.295974476808159624e+29
-3.196190804015581256e+28
4.125916550223018167e+28
-2.318104550442223120e+28
-5.154007654161634907e+28
7.469452542088521974e+27
-4.473296072889608566e+28
1.061474562616756419e+29
2.296377595782747624e+29
-3.629684466771340871e+29
-3.739655510348066751e+29
6.510943946699774921e+29
-3.780664912900254194e+29
-2.999261088886691085e+29
-9.385510757094598299e+28
1.346247415132244353e+30
5.849851285780832662e+29
-5.888914794636080925e+29
-9.083821919941599671e+29
3.268636723886741335e+30
1.959812895645795117e+30
3.834613686047721569e+29
-8.887278379849851046e+29
-4.894940360800480103e+28
5.228700975204811632e+28
1.872074509058058106e+28
-2.230907275881287812e+28
9.940211930593264125e+28
-5.966894754512057164e+29
4.265954157947227413e+29
-3.124117950619248278e+29
1.475220684159214377e+29
4.794637616785457748e+29
5.126386343752052137e+29
-1.104891567101581884e+30
2.758247531625090134e+29
-9.476261498997086183e+28
-2.606944781707236211e+30
-2.318992880871336866e+30
3.997538495920055035e+30
2.772668536758016574e+28
-1.366996903320481631e+30
-3.535489392470721491e+29
3.018045148313027677e+29
-1.422649246029319290e+29
8.650868486378727460e+29
3.261875456699050563e+30
1.557749826569737944e+30
1.226767793466150030e+30
4.464533423612538681e+29
-6.626056727624896833e+30
-1.610712487345712625e+30
1.035867955187686346e+31
-2.307181180613129759e+31
-1.060659266283961013e+29
-3.630874090345470113e+29
4.500767862942059545e+28
8.531140053451169421e+28
-9.549231464436677956e+29
-2.509259360168585066e+29
2.837708265892724130e+29
1.642621757078739769e+28
2.965114720402360457e+29
-2.757348572859978770e+29
-1.700175414635935446e+29
3.843105368996474075e+29
1.023040492659956064e+29
1.689451470473834868e+29
-1.043526014488611909e+29
-6.797828217391219978e+28
4.041672425188017774e+29
-7.270687335333613966e+29
-1.839520278383614315e+30
-4.118272856225268472e+29
-8.551029779776132220e+28
-1.065661921592098433e+30
4.500300115999065201e+29
-4.936002718547990525e+29
2.284616306171529178e+30
2.188327582061918342e+30
3.847900454798785113e+29
1.523590974097278389e+29
-2.709123368676020959e+28
1.354046932678936299e+30
-1.673412906148335383e+30
2.108148606933590070e+30
-2.506815801619958641e+30
-1.303386618758576412e+30
1.703105973659751560e+29
2.598632923892691523e+28
-3.012844091972433221e+30
-5.605669431305884259e+29
-3.271968587673009236e+30
-8.601603208527695104e+29
-5.209045510180355780e+30
-4.254333925043751792e+30
-2.267038009836904162e+30
-1.087754228963096510e+30
-1.478645309882000870e+29
2.878696694195419094e+30
-2.533308024066834770e+29
-4.962703702407885141e+30
9.228227988213775475e+30
2.126417967713115901e+31
-8.157036380874554900e+30
1.642333274205853041e+31
-2.597187564803973753e+29
5.571840009531677462e+30
2.374532681467699008e+30
-5.549469162104401023e+30
-5.750649507394768368e+30
-7.748150824035065419e+29
3.517842185220150764e+29
8.016055641059081151e+30
-4.185677915439870958e+30
-2.182044078973058658e+30
-1.123176833170063952e+31
1.062619363869887916e+31
2.871155472363498857e+30
3.367497078158695754e+30
2.278203947659372629e+31
7.611087637006495988e+29
2.451784909259145173e+30
9.883168602676659143e+30
