2.331797945763950400e+16
-3.936903028409474048e+18
4.913274180340101939e+19
-1.559271758271735398e+19
-3.302057694652235776e+20
1.350970622238952784e+21
-1.138412928385168074e+22
7.818822899447753605e+21
-6.525716572468459812e+22
-6.501559663123584000e+18
2.088958247448679875e+20
-1.085213618711581426e+21
-1.366821168614985014e+22
-8.022085760075589222e+22
1.232586859847205939e+23
2.633946222728367477e+23
-4.073147086408757528e+24
1.832642942012292663e+24
7.734194517476933632e+19
-6.653811312462702576e+21
-1.686625222535784327e+22
9.380472909251253109e+22
-2.473189954709596710e+23
7.622811152378869276e+23
-3.360964161519002080e+24
1.723915290910414865e+25
-2.455615325906517890e+25
-1.500859242371728015e+21
-7.638935299500629243e+22
5.670164907677670022e+22
1.353638201684714513e+23
6.326238397920622003e+23
1.170873845931928204e+24
6.117848374771528692e+24
-3.310923576380964725e+24
9.470687476128151201e+24
-1.848441614652296465e+26
6.776935271240208220e+20
1.572044897645715060e+23
3.785560300495904189e+23
-9.167644773811865885e+22
-1.240930181466147286e+24
-5.472749505261924568e+22
-5.991637449549594378e+23
5.749535182668114539e+24
2.875357389386673239e+24
9.573246760321703846e+24
-1.935050908405663685e+25
-1.540276517834905970e+26
1.650448024416687227e+21
2.520390848915142659e+23
1.928053427625620710e+23
-8.047892744861437150e+24
-2.228966226972508051e+24
-6.741786508598913492e+24
-4.632979748511222602e+24
-5.925832203450345650e+24
-1.633795268468540003e+25
4.172667180445460777e+25
-3.248079482444566689e+25
1.068603903539489010e+26
-3.916075798636528486e+26
1.040322168330827768e+27
4.690821354697326068e+21
1.166291443479854031e+24
-2.127960048874879745e+24
-2.462401982579415156e+25
3.811258905924578744e+24
4.162007964674429781e+24
2.098276097414646090e+25
8.186962680000468197e+24
-3.329869765923774440e+25
1.929531041571649587e+25
-1.534481277128397643e+26
1.183934140626845165e+26
2.797781362632682927e+26
-9.057077663304986833e+26
-2.041326852147816508e+26
-1.218936023307045757e+23
2.016721662138575678e+24
1.069611551307898471e+26
-2.506959616991565176e+25
9.719132568270464272e+25
1.266110817246335869e+26
2.100034626613393401e+26
-2.338488068570006201e+26
4.862577800348163185e+25
-1.773325860260017741e+24
-5.468374065854454900e+26
1.067525111452426782e+26
1.207715149347600880e+27
-3.136252963702461443e+26
1.173911717096314341e+23
4.439145335450115502e+25
-8.997226433854525285e+25
-2.324861933377494260e+26
5.488545177935133398e+26
6.680686099199377375e+26
9.570190600375989099e+26
6.811718663312631256e+25
1.121974036901999454e+27
-3.928230650451417782e+26
-9.917632384417210724e+26
-3.846101430649000805e+26
2.365983111589698633e+27
3.572877612787746079e+20
-1.404439698654212653e+21
1.146687595031372916e+22
-6.077202729670524954e+22
6.340446539501946106e+23
7.000865583659561486e+23
-5.730419713454452926e+23
7.106494564043836893e+23
-2.772453260123449539e+24
2.919937397438569190e+24
8.296156396318732392e+24
3.519200593720638884e+25
-1.823337243947387771e+25
8.684250857062243799e+25
9.621216943158871265e+25
3.525014019809477015e+26
-7.986132140182015155e+22
-6.365322224450615997e+23
-4.019714057444035882e+24
-7.771934351369652704e+24
-4.922311555948446054e+25
6.794399042321054018e+25
-1.569544574808229136e+26
7.116147208910592517e+26
5.388865594065514408e+23
-9.917841912624904743e+24
-1.681120708501311192e+24
2.119818402753854559e+25
-5.366374730877171293e+25
1.829047392098939917e+26
1.275897167720937112e+26
-4.778778558046590653e+27
1.756446579483385512e+28
-3.894426032887958803e+24
-6.241794466586446778e+24
1.912374196195512564e+24
7.591897816478160875e+25
3.692185444576909378e+25
2.933765076946675433e+25
3.793421769788698110e+26
3.598979311979523300e+26
-2.275153936400102885e+26
-3.888726091717468725e+27
1.870213880367718031e+28
1.893034231044607001e+24
8.444722760124808239e+25
-1.163163853292429051e+26
-1.312067045845234245e+26
-2.718120473329415041e+26
5.700442755828293661e+26
1.957185152226770730e+26
-9.357681913032521239e+26
4.554812689711161416e+26
-4.241146592839538751e+27
5.367290495765069460e+27
3.440925921609881585e+26
-2.244841834720864367e+28
2.372653257526802840e+25
1.974940641641597217e+26
3.202056659161284370e+26
2.609200938102821590e+26
-1.294448822006409857e+27
8.161059144179420773e+26
-7.408549453520161769e+26
-1.430121041456777067e+27
1.833645474691339979e+26
-9.871695255401199947e+27
-3.314120419906141645e+27
4.484579414021904165e+26
5.891336385154742918e+27
-6.707183048278023805e+27
-2.634181261082690376e+26
1.745156584036962076e+27
-6.316376175766970733e+27
-8.871319298879659780e+27
-4.771424740303785545e+27
-1.559512054526667985e+27
1.098178104003281415e+28
5.010668097564239835e+27
-4.379863243795144465e+25
8.676665081176607699e+27
2.116046778253014464e+27
4.094144658790484127e+28
-1.159594666455969750e+29
-6.837555604064850066e+25
1.529220294564576800e+27
8.680501780268995822e+27
3.029885943790384763e+28
1.475951093284295806e+28
1.047022854258924451e+28
-1.321337668959856209e+28
3.028500523575479773e+27
-1.467441139273284129e+28
-2.332242561480924853e+28
-4.712372388728470352e+28
4.564739768752762567e+28
-1.278283075817523831e+23
-1.007821734898407632e+24
-1.219338417638547867e+24
-2.210254429159969427e+23
-1.237625824767682367e+25
-2.035078214545108923e+25
-3.927654888176872753e+24
-2.125534186983020744e+25
-8.328127445441497139e+25
-5.073480717859528248e+24
8.467830651862313132e+25
1.023368344774301036e+26
-8.924227952019602208e+24
2.388961691943384381e+25
-8.519701443506217430e+25
1.991844512201653835e+26
1.064730370980307482e+27
2.015996317652081646e+27
-2.079718408294272916e+26
3.684947066681653329e+27
9.409452567941450994e+26
-1.960109490063477320e+25
1.348787785076036497e+25
2.270921805761958926e+26
-1.776589565121937838e+26
-1.103592797428809828e+27
3.018725030996069466e+26
1.080245035455759635e+28
7.318834187404972454e+27
9.369758549668723177e+25
-6.054606599310257584e+25
-5.213459609326973254e+26
-8.211543615224335499e+25
2.152651426774158221e+27
-2.475844911778839550e+26
2.102649329021778940e+27
7.628170025245650094e+27
-6.550825579115637891e+27
-4.068659098026803009e+28
-2.205990820148997660e+26
-5.909145391435276394e+26
1.217888788630875283e+27
-1.238800872348577680e+27
-3.024361838493456306e+27
1.215901638386584359e+27
2.107139729301360110e+27
6.085360920140135821e+26
-1.640532879167158790e+28
8.233709917595655241e+27
5.590525472925102834e+27
-4.122820979382029017e+28
1.267546251981953778e+26
-3.989831176617991856e+26
-4.117081123540404489e+26
1.342449842679424373e+25
-1.956495435080809702e+27
7.093763000874095542e+27
3.189299963405995038e+28
8.557895645879185610e+27
-8.865449637366261064e+28
6.427234464955995593e+28
2.866664032324048935e+28
2.717715664986263642e+28
-1.828433221874454628e+29
1.008091995700510662e+28
-5.602400766941074291e+28
1.954122610670419347e+28
-9.719020689730669980e+27
5.238741519955120605e+28
-3.734445100566181670e+28
3.287881716418984808e+28
3.614445279509211323e+28
1.230056859365297434e+29
5.676888669554755816e+27
-8.522880495149744866e+29
3.100981655807484285e+29
4.683281569816017904e+28
1.501055254309833661e+29
-1.320553860305031851e+29
1.475369796878549843e+29
1.421553015733647306e+29
3.866169596015796409e+28
-9.521269237395733816e+28
-2.093132036683633744e+29
8.076139769673300030e+29
3.077345974972744957e+29
-3.475127932167312375e+29
6.731940433110516760e+24
8.402472153050540050e+24
1.907153893524659773e+26
6.045218221032472110e+25
2.452987384516544625e+26
2.528272141735341395e+26
2.932081666078501742e+25
-2.002318434859521425e+25
-2.851556661490190636e+26
-4.676122073034650320e+26
3.822264666357012900e+26
-4.844127403898446014e+26
-8.502496770510663375e+26
-3.528725396669661022e+26
-5.752100372583514722e+26
-1.011360855546169654e+27
1.583249939899130225e+27
-1.370409232487278677e+27
7.629493140152231387e+25
1.643388269099151877e+26
4.946202535279059053e+26
3.599710670982389785e+27
2.626535768807881528e+27
-2.352524153967066545e+26
-3.446447919863539515e+26
-3.710560851930616954e+27
-1.713344654071104407e+27
2.322125996557326666e+28
-1.107250065635805786e+28
1.151318501025131558e+28
-1.676391631725906196e+28
9.498577035679957842e+28
-5.008134191306712918e+28
3.585451760122480460e+27
-1.853497383865581789e+26
-8.517090573850523391e+25
-5.250241771736127882e+26
2.146564934679632452e+26
-7.989774668703549482e+26
1.519025042472891110e+27
-4.784729971912252069e+25
-1.381688800114031352e+28
2.164308881688671378e+27
-2.747518380621071875e+27
-5.397929235729775920e+27
5.488238918716378935e+28
-1.419576296444093779e+29
1.183592585354358814e+29
-1.478275819083668170e+27
9.697999024982711474e+25
8.868190914831044544e+26
1.629991100326346872e+27
-1.513029943088459437e+27
8.626829194037484680e+27
-8.804889437904628673e+27
1.106880524788029289e+28
-7.700361819070028983e+28
1.291052894905845395e+29
3.950600096114193445e+28
-4.801898951197848381e+27
2.293492415977049819e+28
-1.265049763704423513e+27
-1.253002169683248370e+28
-1.459086580604932607e+28
-2.091490253186562902e+28
1.656921235930137199e+28
2.380526653500042469e+27
1.943083862927176850e+29
1.237455765634490503e+29
-3.331042745811429417e+28
-2.758197180058591846e+29
2.095178986159184448e+28
2.195246119158089438e+29
1.191744707998560953e+29
-5.930205403869403288e+28
-6.829379617555311833e+29
5.996512846670277293e+28
-2.256007802495239150e+29
-1.460981542615235040e+29
-3.443767875643882134e+29
-6.881764358609584027e+28
-2.323385244032241346e+29
-9.878629109724430829e+28
-1.143022417634909529e+30
-4.765410014999712807e+29
3.458044223858650729e+29
2.050915813177232062e+29
-3.699748285142432905e+29
-4.581675415518652323e+29
-1.080651830154598010e+30
7.796932056517095336e+29
1.336448465507047191e+30
2.995706257643842271e+25
-4.834453619624259534e+26
-8.791623774132405009e+26
-8.926600769574091446e+26
5.898581079326530480e+26
2.314401169201523454e+27
4.958437263528621508e+27
-2.502568525035765018e+26
3.831531201407593292e+27
1.932582128145455326e+26
9.502119302707263570e+26
4.939034125307321122e+27
1.386071619754243192e+26
-4.954342163244169404e+27
-9.985857124856268457e+26
7.746474638632895133e+27
-6.634367007544253300e+27
-4.881440726243021559e+26
-6.567751678181960368e+27
-2.611523139427463824e+27
1.927456040188706937e+28
2.915238194610163077e+27
1.027770908594416805e+28
4.978985294405350988e+26
9.792907088764550790e+27
-4.847820945813530692e+28
-5.607726081631986728e+28
-3.210670730719307324e+28
-1.100398212139901394e+29
-3.689087648850275582e+28
1.087856259920677754e+29
-8.613535608515244224e+27
8.397531636026173911e+28
-1.378390484338087014e+29
4.317702913226433296e+28
-1.108514475456872508e+29
-6.671478213705407064e+28
-5.064215248119138884e+27
6.405608358542056441e+27
-3.540381292986769503e+27
-1.680290029763891267e+28
2.071460326161721991e+27
-1.784457099050964035e+28
-1.030793728348051167e+28
-8.258729244268877777e+27
-4.679893889330907012e+27
8.977918532134997287e+27
-2.657145773974235172e+28
-7.473339304485063317e+28
1.701701342653809018e+28
-6.357222231700447722e+27
-1.461586554709273100e+28
1.558682513327474430e+28
-7.838418457661431755e+28
7.398609932947358493e+28
-2.391381598330140766e+29
7.519973647875843995e+27
-2.092845305323330615e+29
2.208339613474178157e+29
6.235979636724542288e+29
-6.967721302812192911e+29
-3.084512352879224199e+28
1.109551652848231686e+29
-1.130153106391792766e+28
2.203694823949696924e+28
2.021745216283013872e+27
7.292919764397673360e+27
3.819241070965738292e+28
-6.611116384654823692e+28
5.646908405762534109e+28
5.661094305857197901e+28
-2.572947395990729695e+27
3.651988472794557365e+29
1.376110862970356565e+29
-1.950704475121397400e+29
2.249720761071299718e+29
4.497829442686844873e+28
8.539187292222242132e+29
-1.653451715640950918e+29
1.555370874233963013e+30
6.996877572099533263e+29
-1.979714922878791125e+29
6.203695145946225411e+28
-9.289460313122362006e+28
2.717748194198763558e+29
-8.122352109613799164e+28
4.033039303474044493e+29
-1.872844684344547422e+30
-6.975432547093436153e+29
-6.405706395383528027e+29
-8.564009496479255101e+29
-7.341363945188321292e+29
1.013722301070464946e+30
-1.457309220054139307e+29
9.824818788690673774e+28
1.241806257092872582e+28
3.793328915635538215e+30
-2.094841271040616242e+30
1.316881808588587557e+30
-2.605606121214444199e+30
2.822456742135591050e+26
-6.299504113175993519e+27
-6.088764384442764415e+27
-1.202172740055747881e+28
-5.449385826550138213e+26
-7.926317659559920029e+27
-7.843754791865207833e+27
3.132109834753033778e+28
-1.165984640122499786e+27
1.601701803648307179e+28
-1.475056951354099148e+29
-5.413503638286625017e+27
1.047923826862801351e+28
-9.664634967154289912e+27
1.406060250391805557e+28
2.714836163455761429e+28
3.774061141590133984e+27
2.667508639459807966e+28
6.957184502837196895e+28
-2.805287816444071653e+28
-2.173677697824384451e+29
9.711787059876133947e+27
3.367165201359842705e+28
-1.378058910844299943e+29
-1.235045337540823895e+29
-1.188092247616097098e+29
1.249559299855619689e+29
1.227596648237767056e+29
4.350738240160362846e+29
-3.222070886837879385e+29
-2.674490489319801302e+28
3.553114352217121917e+29
7.432226560060717826e+29
6.731228105375418786e+29
8.496287654434364422e+29
-6.668592333940139051e+29
2.496765564885487190e+29
1.933232729026079541e+28
-1.570112474727811011e+28
4.829723330116697906e+28
-1.149547903064612187e+29
6.117709174009544260e+28
-6.968881340654773562e+28
-3.687538117206775173e+29
-4.162725878272100039e+28
2.527555444928642222e+28
-2.888119297076316930e+28
-1.046170470489997876e+29
3.175185942454103869e+29
3.143725372249819373e+29
-8.525984760022421310e+28
-2.446638980358358398e+28
-2.538239631699997023e+29
1.708888556976024799e+29
5.044437328406203110e+29
-6.105622161782794753e+29
2.348045267610552102e+29
1.353609692499269338e+30
-5.566866084298161960e+28
-1.836700222469161717e+30
-1.014392035688092744e+30
1.516133723949603784e+30
-7.752247707275243729e+29
-1.059840437080123107e+29
3.806511069676199319e+29
3.872429716488387504e+29
3.453662959566059236e+29
3.911730532431222304e+29
-1.463715925972783681e+30
-3.637132680917692830e+27
-1.122622840592693091e+29
-4.611063506662189392e+29
8.149053738727213555e+29
3.567395162570430438e+29
-2.875505280685649262e+29
4.155240597851133260e+29
8.109385433357252783e+29
1.030598975949400886e+29
2.619854990397158497e+29
-1.659189558024174730e+30
-1.725203736934514036e+30
1.088790561884127338e+29
5.314171810870795856e+29
-4.667225533657938540e+30
2.157524233605981812e+30
1.893558675810233284e+30
-5.835063597598685567e+30
7.553458471997700197e+29
5.781633422936087526e+28
2.236528443836177305e+29
-2.642105327899178716e+29
-1.320712696943911802e+30
-1.668818407560912178e+30
2.316228374592802475e+30
-1.628825233897475339e+30
1.420940859938550196e+30
9.808478650260919992e+29
-5.555844548159105907e+30
-1.244496580883358715e+30
-4.978130917320958836e+30
9.669486474289339590e+29
2.965521951602572167e+27
4.613065898680236075e+27
-2.634519047094226704e+28
9.078983135659821687e+28
-1.485193704695353741e+29
5.326493577548001024e+28
8.314921763789571956e+28
-5.512521077976726768e+28
1.096257894666006501e+29
1.729645259302815814e+28
1.735657722326139529e+29
-2.290548553219404346e+29
1.625758328871372940e+29
9.833897897964043472e+28
7.481138735601214481e+28
-5.722895415464948257e+29
4.803985733242786834e+28
-1.051984411567030100e+29
2.493655642987092651e+29
5.887116732883325768e+28
4.505499846546251337e+29
3.372188103651543486e+29
4.292975698762557714e+29
-7.375536422045155939e+29
2.709291198254449124e+29
-7.678119869004448635e+29
-1.138463545081810945e+30
-2.364686433872537170e+30
2.303098353407522369e+30
4.686775865430649000e+29
2.367181868539608137e+29
-1.189089929593132809e+30
-4.516974352967463603e+28
1.096365435331000505e+30
1.104707690972255706e+30
1.302464948292818659e+30
1.483957706076514415e+30
3.112714747449226881e+29
9.192805860283264394e+29
5.925846699476544254e+29
-9.390890680981971124e+28
1.293756624926920615e+29
9.241268254234051499e+29
4.227689284680379694e+29
2.273234597083276012e+30
-4.661736606459249969e+29
3.589609696568982585e+29
3.341437383706713747e+29
9.242776346412723481e+28
4.145823577841384485e+29
9.241110181343440847e+30
-1.077138973456924792e+31
-7.462333341566892018e+30
7.326208185843301594e+30
-1.840448276895818409e+30
5.158359942666890048e+30
-7.155953762305711021e+30
2.391930809235801626e+30
1.761969378198531504e+30
4.985627878694276316e+29
9.772819803389123176e+29
4.747164696881104036e+30
-1.875044096056699861e+30
-6.042778358286072472e+30
-8.695386345227537683e+30
-8.524796274177939723e+30
-4.286200487860798707e+30
-9.442372715967230238e+30
1.934242690467625387e+30
-2.115512702120166850e+29
-1.047335556146670825e+29
-2.676291420683016334e+30
-2.313538526028172164e+30
1.068482253226966342e+30
5.130848822073821720e+30
8.869409856153397895e+29
-5.397403253587882766e+27
2.419094004063176014e+30
-1.492563396067884200e+30
9.819667568829684615e+29
-1.011364513889795587e+30
1.238775954693178485e+31
-5.339556552782792961e+29
-3.301384983993042811e+30
7.647537708197897438e+30
-1.073253636112368374e+31
-9.572841848337105201e+30
-3.320419316217324860e+30
-1.530580871433656971e+30
1.636996987008036168e+30
5.412042154195301079e+30
1.043524518773267507e+31
9.140220093410431405e+30
-6.838066893907127040e+30
-7.417924366730910154e+30
9.289508163373103686e+30
-3.823212095830337827e+31
-3.655058032889089648e+30
3.610906856644390724e+31
2.012549449399029869e+30
-4.257884947404095068e+29
-3.550912132668534044e+30
8.394185145220659966e+30
3.224247576020783856e+31
-3.643785054402921427e+31
-9.839392952220993700e+30
-3.914399517493868457e+31
1.703317842770293431e+31
7.586620045781724160e+17
7.530386208710803456e+18
-2.284542782040503419e+20
-8.094513766332062761e+20
4.166001079125397340e+20
-6.836740124328115306e+21
1.523597158676680619e+22
-1.193924908295639584e+22
-1.998369020446757683e+20
-2.303606841426470240e+21
7.327040157875542426e+21
-4.342070833769105850e+22
-8.460007482536681380e+22
3.827794980166551753e+23
6.047293057831704126e+23
1.497838104070220923e+25
-9.800634091239910932e+20
-1.977033621907815845e+22
-2.806211638325046097e+22
-9.897829129453770837e+23
-1.262739697082137242e+24
-5.991947444242701328e+24
-2.143060055187895165e+25
3.566683995603283024e+25
3.533022823712716489e+22
3.981163671709422715e+22
3.101118711326877554e+23
4.904341593568048600e+23
-1.233277456174239552e+24
4.899421347025196688e+24
3.942997458447861887e+24
3.577455595387167476e+25
2.500555317556680640e+26
-2.817256602941450365e+23
5.154491828563077728e+23
-1.421871020636124102e+23
4.861507253483808615e+23
-1.152921377561635440e+24
-5.520169981946828633e+24
7.014699070614991266e+24
1.072059679524796341e+23
-1.531720360940001467e+25
-7.291439361068457174e+25
-9.735702962275929964e+25
1.976145414960570046e+23
6.741470970992343254e+24
4.027590468862329538e+24
3.073930952185060040e+24
1.799036868208820480e+24
1.399546703849425937e+25
-7.281294365459796910e+23
2.113942447304830217e+23
2.447694328535042605e+25
6.059414045151459668e+25
1.843866427884315481e+26
-2.398134775806202554e+26
-6.631459835131459644e+26
-2.708681820888940298e+23
-2.285555598199662433e+24
-1.662695680258393619e+25
9.374001724996165864e+24
-2.306631376561779704e+25
-1.007545197929324085e+22
-2.121388817872200808e+24
1.202900404669865808e+25
3.122649959982863722e+25
1.652724809924494010e+26
-2.671124331862339634e+25
-3.333462667373053309e+26
4.900565279116222513e+26
-6.573237044511536108e+26
5.022856853682173841e+24
1.443735241597567221e+25
-2.372896991994428003e+25
-2.516462958254631884e+25
-8.826283547086983960e+25
3.160237105887687714e+26
1.677834003506810668e+26
-1.205848572615880811e+26
-1.360767734236302850e+26
-5.127195639114920497e+25
1.506130197648870671e+26
-1.500687743970783527e+27
2.509636209512590450e+27
1.116142847340632009e+25
-4.636636587482308139e+25
1.845579805203931588e+26
1.069061571470076793e+27
-3.976999543293870405e+25
-1.001913192659751958e+27
-1.919501216970227633e+26
1.885573025180553170e+26
-5.412995113385097914e+26
1.065533300694550554e+27
-3.558928633602682681e+26
2.616994831674383859e+24
-4.237247775463620739e+21
-2.096742655269445483e+23
-1.015912618635067088e+23
1.461300209889908527e+24
1.081629911354527258e+24
-4.121551518790099239e+24
9.689124058468588464e+23
4.047852276522306104e+23
8.276629355351179805e+24
-3.208848537168557524e+24
-1.333125921713135278e+25
-4.756971998115238143e+25
1.271786507691131138e+26
9.044865404529992276e+25
2.779384091895042136e+23
5.481363903742380759e+24
-4.182004289848043786e+24
2.211896450770095105e+25
2.283407920543889965e+25
1.519369940429932279e+27
-1.085154139841127670e+27
-1.286443178261653907e+22
-2.001066790621333723e+25
-5.657675593232635446e+25
3.153168703469795211e+25
-2.464247334213684708e+25
4.045895801445087680e+26
-1.414578822926340593e+27
7.585947292731326343e+27
-3.769360257897367087e+25
-8.700912191966107631e+24
-3.134217755135715532e+24
-7.430114725409753053e+25
4.011291623865833822e+25
3.105341865469346605e+25
-9.216538912845873819e+26
-6.605154009066377398e+26
-1.493397276801776632e+27
4.263725896460416932e+27
-1.200288261163320500e+26
-1.906397024616320477e+26
-1.760809094088812060e+26
1.360289422084985697e+26
-1.000474848203077300e+25
-7.772503865139034049e+25
-1.217917832908869639e+26
7.391494787861050944e+26
-9.575198773205431776e+26
-4.238696346865169258e+27
7.229689232712918292e+27
-1.365257223848214306e+28
1.756569815685446982e+26
-7.476191006203941983e+26
-2.867151025937049973e+25
-6.907800804022035414e+26
-2.356673075164223340e+25
-9.761750469517116967e+25
-4.162068071414145666e+27
6.878697338784477796e+26
-3.423549661450835427e+27
7.845580630679977087e+27
6.120771240842774377e+27
-1.425060674153611989e+28
-1.233885857317972410e+28
-1.906322073334559031e+27
8.395701197120542066e+27
-1.141791537608470441e+27
-5.721671098359204008e+27
-5.930622680521384656e+27
1.117995727364446000e+28
2.775849678787468025e+26
6.743023345698387799e+27
-1.113590262477931073e+28
-1.601457470560310278e+28
7.770941429533269962e+27
7.597387704096527451e+28
8.162548383443408167e+27
2.789055346871228407e+28
1.332308818884907931e+28
-6.002367461907269204e+27
-5.950989690140506300e+28
-9.539427083431940120e+27
3.082861261657681145e+28
3.168062922665000450e+28
-2.467248419048909255e+28
-3.894633247248355751e+28
-2.717836912436819469e+28
3.129915425102804713e+24
-9.414049208299032347e+24
-2.043613617131747656e+25
-6.861818879973503038e+24
1.182153702470787521e+25
1.552438091913864753e+25
-3.030989814302862467e+24
4.369910272667465818e+25
4.943805430380653881e+25
6.294132990610875894e+25
1.202237279641826510e+26
-6.325111322248701632e+25
5.551932498169725012e+26
-5.054100703138785082e+25
-8.648863412612331144e+26
4.995980637947070886e+26
-8.700198853807316059e+27
6.033718351377261852e+27
4.815540719606039900e+25
-2.911458613204206961e+26
1.752143481540054382e+25
2.930280257564030072e+26
9.543771541989753142e+26
-9.692981659466234500e+27
-2.536923308195053615e+28
4.342966283324812396e+25
-1.002416724641421483e+26
-1.702674584762490653e+25
9.050672452683943333e+26
-2.057894748629748793e+27
-2.586184314694701684e+27
-1.161973645748371444e+27
-8.661714898597321202e+27
-1.356902545112391795e+29
-2.099604962301505796e+27
1.157186584009772793e+27
1.194186502087500102e+27
-1.959935801538845936e+27
1.286679588172405980e+27
1.574832260498716942e+27
1.822667471234671430e+27
5.867859216153504467e+27
6.880618719481604212e+27
1.222605594364097271e+29
1.310620730061655531e+29
1.536318661883243808e+27
5.441178277682983759e+26
-2.514956830684713190e+27
-1.930462236316202133e+26
-1.463963211912226957e+27
2.393026551095127936e+28
7.117499732936878841e+27
-5.351419342398497028e+28
1.272818214100076632e+29
-4.156915562557834605e+27
2.684204322123806946e+29
-1.034059333855815243e+29
5.936898486345793799e+28
9.395893555030286593e+27
2.414659114773081658e+28
-2.153933291998025765e+28
2.685467422988891495e+28
2.588545406247160708e+28
3.512021450878299343e+28
-1.612402038892488163e+29
-2.727010269285115008e+28
7.649524156763181375e+28
1.348053188718987494e+29
1.062529183029268986e+29
-3.338017894447254433e+29
-4.566179061807172051e+28
-9.033956513847419008e+28
2.175664063353104252e+28
-1.127231262923202019e+29
-1.312416140691485903e+28
-7.409614312008882244e+28
-6.237770072072536649e+28
-9.859235764360676438e+28
3.279331200569478841e+26
-7.538596311039899622e+25
1.184295162958235877e+26
-1.105398639793815119e+26
-1.893800608592917981e+26
-1.952052106265160697e+26
-6.225208856219986968e+26
4.956066263682777835e+26
9.917454790964812635e+25
-8.291967771241040427e+26
-8.068579075478824469e+26
-6.784030493059842209e+26
2.491083727698139490e+26
-1.640860492435869718e+27
5.454266763398739639e+26
1.346857845700693273e+26
2.260396423885011481e+27
2.170567766320304412e+27
5.620869214652945474e+27
-2.804915379624829940e+27
-1.028747265223322273e+27
1.420638799605310241e+28
-1.683842768575410728e+27
6.685868519667813245e+27
-2.405052284121273485e+26
-3.077749498605402544e+26
3.053173822803563247e+28
2.952869648379373753e+28
1.330499530787842141e+29
1.983359831715270412e+26
2.329787332864463297e+25
-2.671229955316431868e+26
-3.859264502315559383e+27
-3.250161870915263983e+27
-5.336352299532239518e+27
1.329887025513002483e+28
2.365693091786135659e+27
3.748562881354965802e+28
3.437114309078985270e+28
2.969968279667354995e+29
-2.690010793365856870e+29
2.098218197148265360e+27
-4.421354846086921830e+27
5.848158901755518689e+27
-2.853328642890438589e+27
1.000329702314933362e+28
2.798351810901273262e+28
1.034297314173905274e+29
-1.242463649176069472e+29
-3.475745264194859974e+29
4.309634697367932930e+29
2.548191778682761802e+28
1.371456624506227824e+27
-8.157126807682698472e+27
2.321328959255055679e+27
-7.694053466964044259e+27
5.489362957486391514e+26
-3.919184258138459036e+28
1.808173765662959786e+29
-1.750368605697227694e+29
1.839728209492677096e+29
3.416507667338392936e+29
5.923514552581131679e+28
1.882026221500272808e+28
1.251135994096587728e+29
3.010022444214557613e+28
4.142761285372652677e+28
-1.617474334384160522e+29
5.374529994929694485e+29
1.143582050210932170e+29
9.964436480255624567e+29
-1.746904937687903645e+30
3.670602161954684702e+29
3.515708367395119685e+28
-3.654048082432582149e+29
2.749722902676327657e+28
-6.464556244833788353e+29
1.723575367654864338e+30
1.392764149930826062e+29
5.054033439699229692e+28
-1.267244249600549938e+29
1.148979646978073362e+28
1.654200168034756619e+27
-1.667185292788083995e+27
-1.250925070781347489e+26
2.766754590605375267e+26
2.564489413607178033e+27
-6.687522235748855916e+27
2.285974040246217018e+27
4.204978036943144032e+27
-2.876692067784518042e+27
-4.093861399589197191e+27
1.785501573762008829e+27
-2.915751087615318222e+27
-1.539682255373102726e+28
1.972818131136990438e+27
-8.293483864449507255e+27
5.301064112811069425e+27
6.725574335858493891e+28
1.779762853955088116e+27
-3.292886071367193783e+28
-9.400676274257306588e+28
4.212536298921703494e+28
1.395407781352078952e+27
-3.484893901782091084e+28
-1.642483766396322783e+29
6.596643782536011439e+27
-7.236728950888294888e+28
-4.542781718010018985e+28
-8.632434545853538489e+28
3.407197135293318176e+29
-1.112911113041339176e+29
-3.286242282703267056e+28
2.974263692191707014e+27
1.086761760624682900e+28
-1.876542975009199306e+27
-2.097521980372658633e+27
-5.829497547543440534e+27
7.490777195291972110e+27
-1.617947612224557868e+28
2.886025919906582360e+28
7.368769559327832003e+28
-1.363098418150924160e+28
7.370075564619972954e+27
5.735434622968838851e+28
1.478714566490264967e+28
-3.637610581470112450e+29
-8.950124402889380788e+28
1.767783906276116347e+29
-3.111177150852457937e+28
-3.425098742960687381e+29
-2.203730334733923376e+29
-4.988219752360525140e+29
-7.865449923342427534e+28
-5.748021063793852767e+29
-9.978381558096991183e+27
-4.048035964423379521e+27
3.818387679460743048e+27
7.527277510401249779e+28
2.430883369035950877e+28
-4.151428869288594788e+28
2.838912710437609687e+28
5.841247456815666369e+27
-1.885411156855729978e+29
8.571943470543302965e+28
-1.610979171747653214e+28
5.354219575268487835e+29
6.287100441977958983e+29
-2.949251487500228816e+29
-1.498456962212123926e+30
-2.104190541256114284e+30
8.792208964115469891e+28
9.730173989350303388e+28
-1.574212847490244759e+29
-1.115024761884000329e+29
5.266101887776798501e+29
1.187912410095852020e+29
3.547132786558216952e+29
8.708280861208146895e+29
2.082104906835909417e+30
5.521347395787365722e+29
6.195199390562018471e+29
-5.132098370793777554e+28
2.470217949541474627e+29
-2.029116970304172646e+30
-2.492986715783411020e+30
-2.607838195179188628e+30
1.429853247982173064e+30
-7.047913295836925162e+26
-1.360601009850458776e+28
-1.387303933027285901e+28
-6.204121792115708737e+28
2.789924759507450112e+26
1.152885011967774202e+28
1.986585333857188574e+28
7.029585321657931247e+27
3.677659143893877836e+27
3.046598669461080740e+28
-3.849622279914540409e+27
-1.732898901113568452e+28
-2.211592301079213104e+29
1.232792456587664955e+29
1.382899173897529039e+28
-1.350817951030983765e+29
2.109883580630266874e+29
-8.514385610749357552e+28
-2.170090906509937785e+29
1.882994514062106722e+29
9.102602464922481738e+27
1.329198443967410547e+29
4.967209795772513121e+29
-2.481793074274071721e+28
7.369202541125636382e+28
-3.547303805331998389e+29
7.523716196481448678e+29
-2.330037154888568139e+29
2.650369845974233186e+29
5.026728441316587773e+28
3.312484043798079418e+28
2.281159985423823412e+29
2.162713086962857175e+29
1.136381578783310480e+29
7.783704836375001965e+28
-6.991985615599546499e+28
2.061450677820230819e+28
-1.736013945846610446e+29
-4.135496276120302267e+28
-2.002963353150523639e+29
3.472034241867637986e+28
-4.891023411375445378e+28
3.884479743615158101e+29
-5.475550299350598806e+29
1.251558059657491544e+28
-1.858587640443889436e+28
1.185901836450778986e+30
-2.864007351210780418e+29
4.583385698503225219e+28
2.650099622637496651e+30
-4.212742795316520150e+29
2.055497458787285186e+30
-4.646294244985557949e+29
-3.275331181149649163e+29
-3.236611811626690209e+28
3.080971047301270816e+29
2.245108066521957953e+29
-4.852380671025053018e+28
-1.427791234083788243e+29
1.075697808010197158e+30
-4.927108685494941796e+29
7.118927463830529717e+28
6.357705852776863202e+28
-1.403238111579122191e+30
-6.331562495020233612e+29
1.074795700493070538e+30
-4.884296853462523340e+29
-2.817046914781197103e+30
-2.448416573872174074e+30
-3.477447972759121448e+29
5.954365193795097925e+30
1.286083268866062811e+29
6.091603678930769606e+30
-3.595120928063062476e+28
-3.989924381585538604e+29
-1.175734971588474168e+30
1.264258032143807698e+30
-2.015153048108266695e+30
-3.134454038499746821e+29
2.217344721911850052e+29
8.520649973143610246e+28
7.246654641713561198e+30
-3.709939028684535709e+30
7.332323642394949034e+30
4.656145881646903405e+30
-5.157046576517619399e+28
1.720450573083120679e+29
-9.019863098104486822e+28
1.877873001497742569e+28
-3.640870817849003008e+29
-4.702754878076575708e+29
4.793966026930533646e+29
2.635223596755898492e+28
-4.007263723006754266e+29
-1.820076684300725283e+28
1.122469592272696173e+29
4.477588122564978355e+29
-1.406207545459997045e+29
1.098503129480273719e+29
1.031626910313059416e+29
1.251111221046800589e+29
-8.739150156187031230e+29
1.852311364260011099e+29
-8.370299861877048844e+29
6.596140037945338687e+29
1.446250444355429788e+29
1.717760527891335985e+29
-5.147917071263721073e+29
5.079454209561576773e+29
8.618049505197391779e+28
1.704089569212916661e+30
-9.200585360388485792e+29
-8.557835732372604892e+28
-3.417347649702134265e+29
2.136952696165090561e+30
-1.289429188540612457e+30
3.883306919986033899e+29
-2.969626313388118573e+30
1.438312831441548902e+30
7.831472182989095706e+29
-2.444454004238031590e+29
-2.045804349219045543e+30
-1.330430925843106687e+30
-3.488500912566054465e+30
2.262425030998135409e+30
2.930129374063294473e+30
-4.803724645142469586e+30
7.022271838304565693e+29
-2.606889212762893177e+30
-2.319855441496819537e+30
-3.912318112572395066e+30
8.921698856595052007e+29
7.192391172479374844e+30
3.164710955126286971e+30
2.084728390265332828e+30
-6.793505873802882979e+30
-6.950110699069938933e+30
-7.690387030122761848e+30
6.060661370113302708e+30
7.846598205822418613e+29
-2.655100457534388342e+30
1.394068371932664784e+29
7.192514857661687646e+28
5.291211578667832126e+28
8.148097650386565224e+30
1.188528196962455153e+31
8.535565941539699708e+30
-1.122713098584652428e+30
1.901902893734162319e+30
-6.908105747716604740e+30
-2.287774246970461769e+29
1.646012003051546183e+30
1.133218450445465247e+31
-1.675412495816379025e+31
-2.881358008971296064e+30
