-1.120081623690964800e+16
2.551041735152268288e+18
2.867740568571371930e+19
-3.866167658216431288e+20
-8.047264671130727219e+20
3.215938281419991155e+21
-1.825695663426895033e+22
2.137344130300395704e+22
-2.065066258336345793e+23
-2.526219929076146995e+19
-1.064382787874034647e+20
4.267907128698227130e+21
3.217649566452852090e+22
-1.450556453850147057e+23
-4.101744020323472454e+23
6.922102061617989970e+22
1.596403940339919670e+24
-9.581697680301837003e+24
2.807729905237852160e+19
-6.727563212442795246e+21
-4.132396508781509345e+22
1.861101440691727153e+23
-1.432369535987200096e+24
9.012044263556214277e+23
-1.306709244658150833e+24
-6.308666946291735684e+24
-2.177827844336248367e+25
-2.463612569002112451e+21
9.758362595219347813e+22
3.562428925136052976e+23
9.639272634130823224e+22
1.779915156641172762e+24
-2.439131032217428301e+23
-1.020136306426179487e+25
5.867110530562341464e+24
-1.540963959089370672e+26
-1.044712140634350008e+26
2.079119096885242495e+21
-4.669673870464353567e+22
1.502834224122322007e+24
-1.612208710555941250e+24
7.488922561232139809e+23
1.267724150988266791e+24
1.475278927810570299e+25
-2.086893599575461058e+23
1.356540830060342405e+25
9.501487690704966698e+24
9.987745988787648698e+25
3.065574059000410816e+26
1.088732773063744029e+22
6.252440803351473380e+23
5.284426798034703106e+24
5.501598844152849998e+24
-6.877696850976418350e+24
4.721704170253349326e+24
3.275557906597931644e+25
2.401233553551039381e+24
1.150808161681536886e+25
-2.673055422039766661e+25
9.989133985327861968e+25
-3.053610485539121605e+26
2.056326592185998534e+26
-1.553811561631711041e+26
-5.592275289433154204e+22
2.748781715431383965e+23
1.375105787371150236e+25
1.464630326917002981e+25
6.650418616973408852e+24
1.057133332145652411e+25
-3.066021243849158322e+25
-1.812453136013400051e+25
-7.297910474466711782e+25
-1.930314934832008302e+25
1.635537324141863822e+26
3.116998933380681958e+26
5.449244868347210294e+26
6.555404569066710206e+26
5.084202591136427598e+25
-1.230245309369453505e+23
-1.316349984673295662e+25
1.753918326583924671e+25
1.129697917278865059e+26
-3.985294141423025657e+25
-4.711011731507422360e+24
-7.008025846811929563e+26
1.159328575559004295e+26
-1.222312996737927552e+26
2.695456482682450995e+26
1.610995774201345443e+26
-4.027273954479654441e+25
2.034167286478530746e+27
7.078832216934042849e+26
-8.377455660062086099e+23
-1.281511227642267556e+25
-4.509299812961408841e+23
1.328619535612772230e+26
-8.377602179041973835e+26
1.794773641176288403e+26
7.980578256764853829e+26
-7.871832744226260822e+25
-1.334198250796502163e+27
-1.209765229081393975e+25
-1.559849588931970815e+27
5.742643912076242801e+26
-1.340617969522846362e+27
-4.057279911170350776e+20
-8.943200321058405089e+21
1.440556669609538539e+22
1.094486216610702489e+23
-6.032237795069397880e+22
9.463492285695250221e+23
8.844275508201895913e+22
-1.151553956336532202e+24
-1.516901313846714061e+24
2.867523055538897167e+24
2.017464385638403966e+24
2.600408762974596463e+25
5.489205968346843978e+25
5.362388770118935096e+25
-9.070463747377197406e+25
-6.402080828755018231e+25
9.420264206366313493e+22
-3.963005172458287352e+23
-4.839826504541500319e+24
2.539930097346873817e+24
4.394358066635264679e+25
-4.994519372817011338e+25
-1.448271062861115174e+27
1.657777654940010022e+27
-9.601719215938942880e+23
-2.741164959990869242e+24
3.969552494284282454e+24
3.689707214087447300e+25
7.702215293660791222e+24
7.391123274215554898e+24
-4.942608998802607302e+26
7.796656183787314088e+26
-4.159177541165507276e+27
5.480804269712833916e+24
-5.180414086701156272e+25
-2.787476334832681295e+25
-1.305694629592933079e+25
8.021833956587569995e+25
2.721955536404258023e+26
7.748999746793296496e+25
6.577919383155864986e+26
-7.263532697322464082e+26
-4.149034155617001600e+27
3.623157432227662105e+27
-1.861711867918740197e+25
-5.217042912676879420e+25
7.637492225481379583e+25
-1.608566735489167144e+26
-1.544997143133145801e+26
-4.754050589512943385e+26
-2.807378060694022776e+26
4.721292379336102697e+26
-6.561867858461741647e+26
-2.208174385928831720e+27
-2.618824620659847034e+27
-4.721582800384418981e+27
2.315763242161670602e+27
-6.175784893706803977e+25
6.185628553914910903e+26
1.786508054860718729e+27
2.209359391524342415e+25
-2.215817927484235286e+26
-3.390918329449575975e+26
-6.130759397313652344e+26
-3.705806431616820316e+26
2.802767965185848285e+26
-6.782805927452728245e+27
1.134910945894579415e+28
3.595222749911270033e+27
1.477526132709931786e+28
-5.754390605810524902e+28
-3.298679626116536460e+26
1.791898686228356493e+27
-9.434989358757230462e+26
-8.803102519519198091e+26
-2.468067724033062852e+27
-5.379120289564555729e+27
-2.749606275954997198e+27
5.662245913673853547e+27
7.930017295742537487e+27
2.061902321815704863e+28
5.649490116725179863e+27
2.934633860256004528e+27
-7.364858317282718328e+27
1.126583663677130840e+27
-4.561083903119295311e+27
9.274428105054442343e+27
6.335860443922524131e+28
-8.608663321501096935e+27
2.660418857699353149e+28
4.106015158592645763e+27
-4.892406007865103818e+27
-2.495306655075575887e+28
-1.784771883967098136e+28
-7.520930209470671414e+26
2.313070222741104138e+28
7.760824085326896038e+22
-1.274896321883890795e+24
-9.593575024908695796e+23
-3.814000763746398755e+24
-2.108089567512355566e+25
3.979145489563564944e+25
3.797546031021183006e+24
4.698071745000762514e+25
8.728798928703020778e+25
3.079824058039269282e+25
-6.069354601858448498e+25
-1.206260055448118421e+26
3.196317472788056855e+25
7.162403486111675990e+25
5.675836130757131377e+26
3.183985769177055645e+26
1.439634398989127998e+27
-1.122870801123158372e+26
2.726527871725808155e+25
-1.112198454083972072e+27
5.421661690685196837e+27
-1.722921813329355034e+25
-7.217859341383148570e+25
1.925923791386166147e+26
-3.665836218522451755e+26
3.315586836792838756e+26
-1.963104283298506283e+27
-1.387413661739696055e+28
-9.896056878836225561e+28
1.678548824911352853e+26
-2.897952601186895181e+26
-5.050290873041160570e+25
-7.473851362264860228e+26
-1.750507907327775907e+27
-1.857755624551285009e+27
2.451663417872618935e+27
1.342303588143074187e+27
-1.351742233625795097e+28
-6.175796838558527272e+28
-7.144976267126383273e+26
8.241283581069150950e+26
-5.295421762989729049e+26
-3.248004098876791493e+27
-6.102826733296022674e+26
-3.542249394544743249e+26
6.941884863831229913e+27
5.825711587014073772e+26
6.191056141984598419e+27
-5.911016500944429836e+28
2.027550726710414544e+28
-1.292099916654607676e+29
7.684105147683469734e+26
-5.713987037999773973e+27
-3.386909494102937069e+27
-1.903912215024264871e+27
-1.315053188869495960e+27
-9.245844660489671812e+27
-2.632940759621080781e+28
5.969026656325852243e+27
3.658943857629290543e+28
3.927671601425121123e+28
-5.637245680191015021e+28
4.724114822240437721e+28
2.619577745031086211e+28
5.969224447528098205e+27
5.261571004636099793e+27
7.795995324503579566e+27
-4.983045322061894630e+28
8.676327172947944121e+27
6.548980165163883787e+28
-2.149212866997429033e+28
3.704827190225094503e+28
-3.152533019985926414e+29
-1.398184937969031509e+29
2.072285760841147307e+29
8.212123790949654394e+28
6.054370176405391864e+28
1.287256443578790840e+28
2.369665322003190823e+28
1.363364132635928357e+29
-1.346532770261943064e+29
-9.614058783523030647e+27
-3.979345210388105074e+27
1.158899308500550351e+28
-1.419942141482395446e+29
3.064677763772247790e+29
-2.755377703606743154e+29
-1.227054707426337107e+25
5.902669706062550150e+25
2.557815270191372011e+25
-5.241266247530206682e+23
2.675005731511516012e+26
3.871687754541242601e+26
-1.649393728519167878e+26
-3.491928202410383766e+25
1.420057143481831309e+26
-5.489099705320470264e+26
1.111293007678918850e+26
5.251173322426587158e+26
-8.481709915122315430e+26
3.064881085932508642e+25
5.343989901595785853e+26
-1.725493447713488468e+26
-5.282557721803971751e+26
1.230896841238332925e+27
7.338835931913314660e+26
-9.380856800399237591e+24
-5.842489716077094790e+26
1.740368438952624628e+27
3.825042520402110209e+27
-3.662697856258917775e+27
7.243614145310354131e+26
8.174146563234762926e+27
-5.611231169012860450e+27
-8.451117484143697781e+27
-7.615831253594401062e+27
4.964579847570781005e+27
-2.351484509593283185e+27
-1.072748642042414321e+29
-1.035019546546220686e+28
-1.564612759138413515e+28
-5.725312352385486204e+26
-3.064545726344332018e+26
-6.642234813982327863e+26
-2.226082869890509609e+27
-3.596368386094359246e+27
4.877019859430783681e+27
-1.900761926726776425e+27
-7.553082104433170918e+27
-7.299135437246399205e+27
-6.999749525847804729e+27
-2.029335772404586970e+28
2.323981343910573037e+28
1.216520792829561398e+29
-3.041095988549040437e+29
4.615280670568312903e+27
-3.984565389388789187e+27
-6.153665767811707087e+27
7.013970887478796692e+27
-5.528410480241137138e+27
-9.655014705133561297e+27
1.148820929418204893e+27
-5.888856412116222533e+28
-1.300175767616199443e+29
6.815007367523958300e+28
-1.575681421184411602e+29
1.576219713282045031e+27
-3.654443736844710041e+27
1.049195172021690563e+28
-1.369609037988732053e+27
3.187348210228972147e+28
-1.317977357634033849e+28
1.606382946204820175e+27
1.648965568547174316e+29
-1.749218201021790294e+29
-9.401049015555071991e+28
-4.020833613901499004e+29
3.618482433363075382e+29
5.888104843103195495e+28
-7.630498665854978865e+28
3.860337646655937608e+28
2.720727920211661533e+28
3.889682150149680124e+29
-5.290962948114512359e+28
1.162731457685039490e+29
9.533814079280430819e+29
3.604614723579349775e+29
2.995705459859499827e+29
-4.558548218777936209e+29
-1.157694139531518072e+29
2.065299836906838489e+29
5.014678027904302334e+29
-1.081011607017564716e+29
-1.072030173958404192e+28
2.648645040305812025e+28
7.376175550764352819e+29
-1.498508413779559615e+29
2.462583771966566398e+30
2.688825061496124045e+30
1.671894657480996437e+25
3.677852046932242020e+26
-3.686874423095977058e+26
4.570879425737960643e+26
3.150088056586805764e+27
5.043564198767665839e+27
-3.762410173263289232e+27
6.947611632772571572e+27
-1.615362750195133370e+27
-7.947120622965517419e+25
1.992883922913371368e+27
2.846922641247952801e+27
6.139931431411708267e+27
6.498721121877160266e+26
4.890208156125080081e+27
-3.610435921674411300e+27
-4.608494023096789692e+27
1.553992514058716109e+26
-3.817079172069783419e+27
-9.414427865736438588e+26
1.215679247902658403e+28
1.020928226247575185e+28
8.980518470390229006e+27
1.489942120236697962e+25
9.488646303249605555e+27
-3.112484780655917008e+28
-3.553308125929699739e+28
-3.050098107925325718e+28
2.257300668081341325e+28
-7.828280174400282953e+28
-1.154059734774861017e+29
1.165204794056110847e+28
-3.988269808877922912e+26
2.112285511787150832e+29
-9.431334263368308978e+28
3.070755712391047123e+29
-1.005858416446227482e+29
-1.911428398534111983e+27
-6.334312406063866747e+27
9.518551440266498933e+27
1.907940827150313939e+28
-6.495877940581030949e+27
7.527759139059348289e+27
-2.303284823426322876e+28
-2.970813248452845852e+28
3.553738246364134517e+27
-2.852999727052060250e+28
2.599391777930819955e+28
-9.086950671547475052e+28
9.152004182172449550e+27
3.418309190660859827e+28
1.425324584227308412e+28
1.053248335567500376e+29
1.767984545961808501e+29
-1.186454567342153830e+29
-1.742247346402365536e+29
-4.218133189758330375e+28
-6.544444993007203528e+28
-5.710777520022902909e+28
-3.264928392571484560e+29
1.426993522947471390e+29
-3.500882252518546614e+29
2.223699566123615417e+29
-8.689078284350736456e+27
1.676103130789443226e+27
-1.756214150706341214e+27
9.172835976466633698e+27
6.427250225312937594e+27
1.663602393320352048e+27
2.182265324018670702e+29
-1.721715565565413252e+28
-1.537217537104004257e+28
6.007808974035132499e+28
-1.547999898539358775e+29
4.089938119739363425e+29
-9.617548375810122373e+28
1.302495678763904211e+29
3.248498039878896286e+29
-2.073935447332496519e+29
3.339904763244213268e+29
1.544859786239250183e+30
-7.318464954458613144e+28
-1.585135524577056851e+29
-1.439036172943690484e+29
-7.464422490752316365e+29
3.441854043831569084e+27
4.651695298790992900e+28
1.740148088472959638e+30
8.205856977023047863e+29
-9.831488840774346253e+29
-5.809254556430618535e+29
1.551809253541085179e+30
-9.001399020842155161e+29
-1.919735515991473585e+30
-1.571819008183420459e+29
9.486486416423924047e+29
4.493903794295654702e+29
-6.220785680487240008e+28
-1.700122830961610381e+30
3.628515955779367370e+30
9.166988679225428047e+26
-4.404889075910500932e+27
8.892727331925955809e+27
-4.287249061681356775e+27
2.842488373303998470e+27
-9.318449138190393401e+27
-1.539495567822038364e+28
3.758593541353087462e+27
-4.156017028276707993e+28
2.861227480120918358e+28
6.532213954818160703e+28
-4.186289743399138227e+27
3.011600342372878272e+27
6.883497124066932521e+27
1.285308709798885188e+27
1.605982007948818996e+28
6.288797566683960678e+28
-2.206118175716596908e+28
-9.578102930932623190e+28
-1.558510918245884868e+28
-2.225467428093894373e+29
-1.220531441040630300e+28
-3.621399431789165881e+28
3.027679156959514472e+28
1.095420331080382593e+29
-1.682120750274039752e+29
-2.460241860980169904e+28
2.569889273258353258e+29
1.716880758401666884e+29
3.958216719395118065e+29
3.090299709331396853e+28
2.894322362297968657e+29
1.249816324745770751e+27
-1.503930150233272617e+30
-2.694962398942165779e+29
-2.631774795555102662e+29
5.176042757520898357e+29
-4.392520581631123552e+28
1.207268954860420384e+28
1.013493767674738380e+28
8.245577489945815880e+28
1.956394683699654655e+29
-7.403734322517656402e+28
-2.422259821369975178e+29
2.047603869950312233e+29
-5.082808914245043262e+28
-1.521702127086687200e+29
-2.072109834234120598e+29
3.467063907442944413e+29
-5.696138301969703790e+28
3.929153014664634581e+29
-8.917245871691133758e+28
7.509762250472322847e+29
-2.106046686970606380e+29
2.218105692509391361e+29
2.918485278705398061e+29
7.768300250504809589e+29
-1.953761275002211502e+30
5.928445418769222284e+29
-8.105250887833477452e+28
1.354845078653110434e+30
1.048551459484738438e+30
2.432805321338488139e+29
-2.131416244571668327e+30
-1.245278096570942897e+29
4.139573537758723808e+29
-4.208560133506104542e+29
5.972289198447638579e+29
-1.570271389925896329e+30
-3.943505078881052885e+29
-2.976740027665013494e+28
1.525240293039995082e+29
1.341421179097504265e+29
9.980134446339485763e+29
4.971492712504628543e+29
-2.918356414221370509e+29
5.375589267725992017e+29
-1.454315458635857489e+30
-8.335304126374561812e+29
2.033942243848509861e+30
6.052256069079420025e+29
-7.840803680151556916e+30
-2.142561253470146300e+30
7.212587533580767489e+29
-6.086192640353204713e+30
4.271936500264383777e+30
3.800688031108452782e+30
6.167105022444926309e+29
-1.505928684911473096e+30
-3.606900410200315155e+29
2.251488928630226016e+29
-3.414622678497683419e+29
1.469058743961854421e+30
1.855371900792816175e+30
-2.604948140241512756e+30
5.077277299389895361e+29
8.359654654502761109e+29
-1.376942847410766653e+31
-1.836050321931156483e+30
5.315258600226636826e+30
-3.899301428171109595e+30
-3.203814979643333494e+26
-5.047747179590111396e+27
-5.244029498423720360e+28
-1.383004789004576273e+29
2.557891252207407882e+28
-5.815689815079867210e+28
-1.474592077844767898e+29
6.085652421269966913e+28
-2.149652022875883880e+29
1.111630399537517299e+29
-4.439303012072138005e+28
-3.427140449756936727e+29
-6.387005937748855598e+29
-9.559783319573184324e+28
-1.611816843025043340e+29
1.989389483295792102e+29
-1.080363341245496345e+28
1.114978914281866445e+29
-9.149366319522862984e+29
-2.769711023823433556e+29
3.830222380904173563e+29
1.135205064235787197e+29
-3.879873516810966224e+29
-1.691675936092908341e+29
-1.314200832380104770e+29
-1.009505506889040216e+30
-8.552198994427196493e+29
1.224335817749436728e+30
3.416336977199771705e+30
1.059489275933307522e+29
9.516112601552144563e+28
2.246524010667758755e+30
-2.334297286143429781e+28
1.556525530235249052e+30
-8.723608345261952014e+29
3.107249340699462923e+30
2.764003610482448099e+29
3.932167052139756088e+30
-3.857083391174536740e+29
2.373062254316493630e+29
-1.957231069521058857e+29
-8.582825584671346584e+29
2.089139154134516541e+30
3.909436405011295291e+30
1.207310595965679378e+30
-1.990961810128333179e+30
-8.619307826132231891e+29
-2.244719703103346397e+30
-1.882965423748699973e+30
-9.597440613867338473e+29
-1.020253662187617613e+30
-5.220529445305729286e+30
2.484447080369533174e+30
9.611504079424649332e+30
3.585752769417467696e+30
9.117247134115184161e+29
3.255793527646376871e+30
2.919486571100964553e+30
4.540693883273668733e+30
3.048696816695036623e+27
2.138674504045612277e+30
-8.366570043478353986e+29
-1.551558049729542640e+30
-9.258607018326815043e+30
-1.857263977048918396e+31
-9.372995193497717222e+30
1.019231181704195103e+31
2.651247755886827114e+30
1.906260443869551467e+29
-1.146523920664648805e+29
1.131691646723879977e+29
-1.098762776041078247e+30
-2.070264217144527111e+30
-8.525712961687997546e+29
-5.029157245402964599e+29
-1.675145163793083114e+30
-6.562164399102229397e+29
1.355240394230306112e+30
-4.648251838476807892e+30
5.609698970267795040e+30
-7.606457113078341353e+30
2.693486486634782946e+30
1.058629443860680052e+30
6.047466027997160154e+30
-1.011869145470844726e+31
4.155195979373590758e+30
9.575998981543340661e+30
1.543411972041850225e+31
2.938364117432595646e+30
1.227748111247386623e+31
4.013737249557928378e+30
1.523241748344443862e+31
7.744932191760891625e+30
-2.195815036397292251e+31
3.700624473524636980e+30
-5.882258226895797377e+29
-4.848404701550837312e+29
3.588347296581045520e+31
5.443209699837485856e+31
7.322967488052041024e+29
2.116514340835379952e+30
3.796667448736970179e+31
1.685280651482075802e+31
-5.820183586043820115e+31
-3.454178717668537185e+31
-2.286868501929894402e+31
-4.411297559563499450e+31
-4.501847925407110207e+31
-3.759888073430842368e+18
2.651688521861792154e+19
-4.820603811723784356e+20
-4.518029681859648029e+21
-3.827608101601496007e+21
1.453173046913594556e+21
7.795789651079959308e+22
6.456153150851792241e+20
4.362067837994619699e+19
5.641646906558176559e+21
1.301749849801683789e+22
1.972040286090472918e+23
-5.658244393231078497e+22
-1.581554847407521307e+24
6.178689807930347846e+24
-1.082191887597010554e+25
-5.785272910808000496e+21
-2.815600584984190203e+22
-1.565059906639123301e+23
1.745570673842922713e+24
1.053178581798763620e+24
9.277635785412638885e+24
-5.241878326235159536e+25
2.138276865564509477e+25
1.608689819755910886e+23
-5.156103181903326379e+23
3.815368297653661199e+23
3.326444085856574686e+24
4.235787068165282857e+22
-1.192379372892139693e+24
2.278642916865576846e+25
5.389951661494406075e+25
-9.754189372739054002e+25
1.116343046695399729e+23
2.697990121323764698e+22
-5.869928847068204326e+23
5.850225805514934646e+23
-5.620301391250188350e+22
1.169437181040762295e+25
1.198012262311402500e+24
-2.682841895756575586e+25
-7.270952496617135526e+24
-1.630112056666214483e+26
-5.051972438776082649e+26
5.077006724546568263e+23
1.812225371613886939e+23
-5.737893122133646530e+24
-4.207809909779394441e+24
-2.960065124359532609e+24
-1.208621734394565517e+25
4.128761192389898186e+24
-1.005827952069642312e+25
1.601849361781618463e+25
1.133897038138793503e+25
-3.696853488416100373e+26
2.090864675509587673e+26
-2.413903867229203736e+26
-1.951390453447955241e+24
-6.423278776364564866e+24
-1.827299254518897947e+25
1.301704633469877607e+25
-1.605156016036301250e+25
1.609548650554077717e+25
2.715230844384182349e+25
-2.403015113504932851e+25
-2.522831969630858238e+25
7.976582014614315514e+25
-3.761992628360603188e+26
-1.307473923154244912e+26
2.219699731975946482e+26
-6.934510520893971929e+26
-9.551049190182635283e+24
-7.397360948878556941e+25
7.699647516153099899e+25
-8.887467165318654137e+25
-2.846602506654079357e+24
-2.376608735326144369e+26
-3.687565105970845825e+25
-1.307673900441185106e+26
-1.012510354302777020e+26
-2.468156123029005902e+26
-1.409843804378812779e+26
-1.834976302284270057e+26
-2.106564404649635102e+27
-2.102225079608575265e+25
-3.657641999031220403e+26
2.856729585056020338e+26
-8.163867670500668917e+26
2.279037792721860259e+26
-2.252846912453888234e+26
-3.016675078223109087e+24
-1.003785057369100944e+27
-3.925666846551318573e+26
3.335297891034244001e+26
-7.834694296148407184e+26
-2.767891043475371335e+27
-5.222174983765430895e+21
3.579375048324002139e+22
3.160979944671449847e+23
4.111328593295706832e+23
5.626159675879340754e+23
4.386263669814135148e+23
-5.090179267908638731e+23
-3.743383026534787045e+24
2.814203633448984374e+24
5.359033686001301523e+24
1.185792219878232614e+25
2.252740544994268112e+24
8.054244456477295242e+25
-3.852069162829807097e+26
5.768142550741003042e+23
-2.228502639159591555e+24
-1.650052795592500859e+25
2.918037256833598732e+24
-1.129055894455630745e+26
-1.226891330913583831e+26
-4.662994815149344816e+27
1.402245568683661456e+25
1.680554232166505797e+25
6.622153944775266792e+25
-4.984476808585221314e+25
1.736680157548111353e+26
4.118596359193780034e+26
4.907513100956183082e+27
1.283570856877837477e+27
1.471915648894928366e+25
2.415806580367046651e+25
-5.547787999296326814e+25
9.228097745060079364e+25
1.107804783828370122e+26
-2.284358894986103685e+25
9.487109692733628304e+25
9.893375570341736277e+26
-3.688339922291595543e+27
-1.154348146528065281e+28
2.982069502074352478e+24
-4.773266676627003472e+25
-2.385362208218164385e+25
-3.804787265966207903e+26
-6.747831249062950212e+26
-2.469174490476153142e+26
-6.212431783938418513e+26
-1.993612030402421049e+26
7.037864088455164470e+26
1.618098049620982702e+26
-7.146733124517565671e+27
-1.740186368089540542e+28
3.846093371158612806e+26
-1.502712514149073093e+26
-9.466149396931762142e+26
-7.735857483816622101e+26
-6.528854093364348596e+26
-8.412988184160969474e+26
5.349328891744873009e+27
6.165556852749109097e+26
1.262537125599969828e+28
1.122245456886452818e+28
1.267180159467663872e+28
2.522628548086340925e+28
-2.206175383598894820e+28
-1.938590685272017344e+25
2.608697389925276896e+27
-1.181552339811392515e+28
9.326946397856015112e+26
-9.604465219093911601e+27
1.155037744920097023e+28
-7.359322071664605728e+27
1.145834159339817443e+28
1.789822697403350233e+28
5.527135328622619462e+27
-5.345588440693625708e+28
-3.501790102516537418e+28
-1.034330576422445467e+27
6.773333020792030589e+26
1.277941767753069868e+28
2.424573277749248205e+28
7.917929188920823568e+27
-2.608974621763894524e+27
2.104432620217131978e+28
-9.805690381496743005e+28
7.229495990853814114e+27
-2.373362416847787186e+28
-1.821526407376879487e+28
3.840493428011602998e+24
-8.022514059017984735e+23
-5.368309260879667011e+24
-2.405820542668296145e+24
7.137725173454575262e+25
-1.071090181905600202e+26
-4.163475036558368835e+25
-6.231512666234017682e+25
-9.795242960133716251e+25
2.659955845446230454e+25
2.603111080719690851e+25
-2.222609748342022955e+26
4.206350778778813308e+26
1.095107480560776109e+27
1.527090118837109558e+27
-6.939147553364755018e+26
3.846758325439705740e+27
1.000471735510665877e+28
2.830588334367927920e+25
-4.368710873210184978e+25
1.020211835456903779e+26
9.399599660386208091e+25
2.475536534703644918e+27
-1.294719696948943726e+28
6.540642033357577394e+28
-2.073538351381709184e+26
-1.001142745361627870e+26
-1.427253289217614115e+26
-1.081058750061468379e+27
-1.337416942855642794e+27
-1.799605622198766112e+27
-5.136113416819978709e+27
-3.045080216231379576e+28
8.936207674870570080e+28
1.847647709127425320e+27
-1.472429847653211497e+27
9.277420494839839891e+26
3.814722765226074203e+27
8.641678142787798596e+26
1.265701521174855920e+28
1.009170525540277781e+28
1.295389299379203125e+28
2.670670379590950304e+28
-5.793968911690057465e+28
-4.402483573836607684e+28
-5.859827689577533569e+27
1.099802529334904359e+28
-6.661228947177640618e+27
-6.844939103613540768e+27
6.043561894301761693e+27
1.747628616931740092e+27
8.872180143985156033e+27
4.495301528844947619e+28
-2.993962218614244414e+28
-6.210951910914060712e+28
1.873470468328450011e+29
-1.612044920290066869e+29
9.921707513716995361e+27
3.169031766292843812e+28
-1.962820875055756174e+28
5.015845442429655476e+28
2.919758333056281035e+28
-2.996552753234563112e+28
-2.018241669967426036e+28
-1.605887295637223028e+29
1.281399315178955798e+29
4.439001504948387279e+29
-1.104422738192117708e+30
1.774870373287657285e+29
2.156951902626863404e+29
-6.534256609851358499e+28
1.198484285987229004e+29
-3.452244723397160473e+28
3.205084732611012656e+28
-2.992221509858674263e+29
-3.218944293595027531e+29
2.158787366820858525e+29
2.820046365466948633e+29
-1.419370366786625698e+26
-1.844294138334218817e+26
6.030083209436163991e+25
2.128677773108572201e+26
8.723057953550166217e+25
-1.525558812035299433e+26
1.353337888933672261e+26
-3.891488272952835710e+26
-2.819606789709085478e+25
-1.818638016520110693e+26
-6.581945982608163062e+24
8.404637998759069143e+26
-2.963171049728564660e+26
-2.258425820365626199e+27
-1.928565131387647773e+26
-5.953421296823172137e+26
3.413368817439948839e+27
-5.250143602368017267e+27
4.345757243130172192e+25
-5.297965780479770788e+26
-7.909445326205464457e+27
-4.821331313267246165e+27
-4.176513126628774793e+28
-1.850022312154562090e+28
1.797858333272051166e+27
3.618235880748364818e+28
-9.732445884457568656e+28
3.610617622713557825e+28
-1.438743317832536050e+29
-1.514304584429412443e+27
-6.959310906819246640e+26
-9.564950604933727462e+26
-1.589004684161432414e+27
-6.457939470485016850e+26
-1.590036082775938804e+27
-3.071222414827004551e+27
3.704062208039488318e+27
3.174267563973566202e+28
4.333295900834959604e+28
-1.478864796640345592e+29
-2.136191040858186444e+29
2.618162609157851144e+27
-5.823476261850103681e+27
-1.206595883330557712e+27
-2.062978849796666262e+27
-2.882652351608731470e+27
-3.618581091094765701e+28
-2.372656202103851535e+27
2.838877621066521555e+28
-5.695406957743826081e+28
-4.951835960372041614e+29
2.569339031669881395e+27
5.798017566409611769e+27
-6.323930803975854398e+27
4.805570509265128587e+27
-1.095090084800083063e+29
-3.996948733262735039e+27
-5.239780341113038562e+28
-3.905291375777196286e+29
1.007274896465303968e+28
-5.225539064081126361e+29
-6.052802977051826210e+29
1.198548647303992930e+28
6.821081509460534491e+28
-1.159096601265456198e+29
5.453464191062526809e+29
4.594938311122247680e+28
-1.035839595247796751e+29
-1.145705735487701412e+28
-6.164165439526532952e+28
1.311458932601149488e+30
1.964176409612563129e+29
-2.694338857955262231e+29
5.106184353206789630e+29
1.741681463205609084e+29
-5.526599529445223193e+28
-1.081730057969699081e+29
7.864824426234534284e+28
-6.414719234405990679e+29
4.721597562939739036e+29
1.116020406782951037e+30
-3.193009427990116293e+27
2.327450587072113100e+27
6.517948307669926380e+27
-3.689586652689381546e+26
1.408915928124499974e+27
2.129085813436423183e+25
3.730222699512727608e+27
3.962019945153061871e+27
1.170705138242473598e+27
1.704778778711865571e+28
-7.766897294958073384e+27
1.539355991114166245e+27
-1.765845876035863356e+27
-6.687775734541709316e+27
4.005559492223280100e+27
1.094071024400009133e+28
-3.773343031756409452e+27
-6.985187317341585122e+28
-4.312894427185086052e+27
2.786983141749959499e+28
-3.844130846850774030e+28
-4.401377095613906779e+28
-2.082434551913470391e+28
-1.141171213583073646e+29
3.528025768470607131e+29
9.974696461830096402e+27
2.976173568201143162e+28
-2.618447352165047372e+29
-2.173835391495297345e+29
2.439139959803584880e+29
-1.214955242211824064e+29
4.788223460503303007e+27
-7.792332759007108246e+27
2.951290650045866642e+27
5.605502755645701126e+26
-3.216611380807125487e+27
1.075757449405673987e+28
-2.998351564392620478e+28
-1.353013904104566022e+28
-6.051358022529165353e+27
-3.282368671858355518e+28
-1.219187667521963302e+28
-1.255018816050419207e+27
-1.158131165685213727e+29
-1.436361601153030092e+28
1.381640154150251866e+29
1.165042528729334214e+29
-8.523368519261003357e+28
-5.913756136068560657e+28
-6.919779733934152128e+28
1.023475943956046669e+29
-1.640178606731419801e+29
-4.288978580755907783e+29
-6.024004191662389306e+28
-7.193342255777099514e+27
1.400180774868251092e+28
1.938144099894097454e+28
-3.637950560224011447e+27
-1.423585435921946969e+28
-1.926359364478579464e+28
1.230425013563704361e+29
-3.660913528144738644e+28
1.936532788439320356e+29
-2.356493212340637325e+28
5.724958854113827806e+28
3.734110097374416503e+29
-1.129041044110251711e+30
-9.109815183550863814e+29
1.677437694262379443e+30
1.797857313348755472e+30
3.599433984052193651e+28
-1.064430878891978103e+29
-4.747161919588079868e+29
8.884942090765526479e+27
1.926721271865033288e+29
6.707863135042665638e+29
-3.605523132363899544e+29
6.209067390589587440e+29
-6.050172455831755555e+29
-1.382210607394360116e+30
-2.141355006314818153e+28
-1.469398232391608902e+29
5.317259870006876201e+29
-2.725917811935700341e+30
-4.086671866926878725e+29
-1.712845188832400424e+30
-8.564287769543553597e+29
3.882796979061039051e+28
-2.772951229929898505e+28
-2.875407326235894674e+27
1.817182486185767390e+28
2.021250042884858178e+27
3.533999957998219431e+27
-1.075787049904561853e+27
-5.759752546409414444e+28
5.410550593263208318e+28
1.646813530277877584e+28
1.998451252806765495e+27
-1.288100652999044919e+29
2.195869832640101418e+29
3.585404525937877232e+28
1.287905123961045664e+28
-3.036987226975184778e+27
2.799236756968156174e+27
-1.802137091534370571e+29
9.537552656937400046e+26
-1.595898906188559168e+28
-1.311928929065026718e+29
5.306784033169697344e+29
-8.435903985574922264e+29
3.900728286917264248e+27
-2.298069866376503966e+29
-8.673114956161228937e+29
-2.485467572976666049e+29
6.147135180528012023e+29
1.076288682455914172e+29
4.975136394868711030e+29
3.515198840585969675e+28
-6.826358952176561613e+28
-2.751091328082605011e+29
9.415946993122673600e+28
4.858836304530523941e+28
6.692520449283067304e+27
5.164696562934290462e+27
9.215910364077335995e+28
-3.612610259742958698e+29
2.112433980968290793e+29
-7.040333926982269579e+27
4.239867770359839398e+29
1.976182767564403936e+29
-1.813937878311011063e+29
-3.604810389704679695e+29
4.370794315260580954e+29
5.393925310142171631e+29
-9.403339622952630435e+29
5.380837381577744238e+29
5.884063928313320119e+29
5.320645674084143910e+29
5.422774306141526086e+29
-7.978179546604128242e+29
-6.319910903943716766e+28
-1.001271406797453101e+29
2.637110179257833890e+29
-1.768858145709797588e+29
6.943990370168881016e+28
1.439500163221715170e+29
-6.840690795351683745e+29
8.402037208262381933e+28
5.708280840080576114e+29
-6.011142309988010943e+29
-1.163352932501066413e+30
9.646806752971303188e+28
6.316706282800274329e+28
-4.604447320068610280e+29
-2.756527205820526979e+30
2.316000696913474092e+29
-2.013647144307642568e+30
2.946812323803795707e+30
3.129715928348340570e+30
2.455073428431612957e+30
2.138301287420779194e+29
-6.847965129121600874e+29
1.413095623996556032e+30
1.778741066586425635e+30
2.360122226691944795e+30
-1.948266680215588629e+30
-3.413442688308651243e+30
1.716796026715715587e+30
-2.544531628958256305e+30
-4.655601150937158903e+30
1.058586577410558797e+31
-1.107896965627069779e+31
7.716194995401939124e+27
-2.536309348086062400e+29
9.000894883395036931e+28
3.136610833828730702e+28
-4.232862009419481715e+29
1.971239339917812067e+29
-1.061565204323227076e+29
-6.730086046505321696e+28
1.621758987801010930e+29
-6.964420799249636204e+28
4.242875436857456001e+29
1.132348617357499131e+30
8.458886445057958183e+28
-3.130989941232009291e+28
3.186934828347059582e+28
4.892735661277178620e+28
-3.810468056419833104e+29
1.912533191658952316e+30
1.143404178146865117e+30
-7.784494230869345935e+29
6.818454498119410571e+28
-2.451639942243713215e+29
1.378632487588372556e+30
3.351441265633287590e+30
1.335062824069996436e+30
2.481627958424392134e+29
-5.230117413053132240e+29
4.935477732885542005e+28
7.139236774426189581e+29
3.678684328922866065e+29
-2.377907232176476016e+30
1.349671518954378765e+30
2.788592931757641846e+30
-4.535708302929834721e+29
3.986194862178556430e+29
-2.383616950199583088e+29
5.139761933052201286e+29
3.715255421873709064e+30
3.708301845329039467e+30
6.296229685559557295e+30
7.706371155747856675e+30
-2.402564433592826092e+30
-5.683111950247477163e+30
2.031716673084281383e+30
1.763298202617760856e+29
-2.295842331252435390e+30
-1.607066202442568188e+30
3.073676075736172918e+30
1.810338043702308935e+30
-4.125441444814296203e+30
-5.439387200853599858e+30
-8.323134614608229345e+30
4.896887418402402725e+30
-9.127969419953427498e+30
-2.699355751458113764e+30
7.146985587774728463e+30
2.545384105758749990e+30
-2.370336658149643055e+29
1.127788358313860544e+30
-2.910436434065733605e+30
-2.098450182560550684e+31
-2.268059997867408741e+30
3.067129678969487685e+30
-5.274438932408928208e+29
-3.433966051496803167e+30
1.336543023162834252e+30
-1.260945288050156268e+31
1.316303054539743797e+31
-3.256039463653054842e+31
7.082137812657363856e+30
