1.119962206502660000e+16
-1.107029030858061210e+19
-3.719200647161657754e+19
-2.073021989105254400e+20
2.017499722057533096e+21
3.105628119663637430e+21
1.649955097090824182e+22
-4.695312954979685027e+22
2.328257832033490620e+23
-3.021756918098436096e+19
3.273560100832319242e+20
1.001977972408004169e+22
5.948149336272997974e+21
-6.122218114160875536e+21
2.376897077098626909e+23
2.587408969740150815e+23
-3.014428737375449760e+24
-2.439079532531337686e+25
8.350407328580160717e+19
1.926487149641082077e+22
3.991163308178137416e+21
2.285213756550726602e+22
3.521090536323183951e+23
-2.489228706114974494e+23
6.920344475455597251e+23
-3.703551027996028271e+25
-3.531252659028699389e+25
-1.988094936500201587e+21
-2.658664698753860397e+22
-2.230532463903577358e+23
-3.431559442121872575e+23
9.776752274521970862e+22
-1.535734930301435918e+24
8.808358132266028174e+23
7.455932207429340065e+24
-1.292853743383524275e+25
-1.159705544584466255e+26
1.060766541861294912e+22
-3.814737985759019197e+23
-4.331043535203953174e+22
1.459648343672610586e+24
-2.279665731972856398e+23
1.166434933627695583e+24
-4.218314089387000412e+24
2.410093300396177343e+24
1.596762679724518818e+25
-1.945104866877885582e+25
-1.460893309912508697e+26
-1.147871641471512990e+26
-3.837370912410225869e+21
-2.038104124439238814e+23
2.968973888016439681e+24
-2.749696347186115746e+23
3.366944451191624425e+24
3.404067880848742161e+24
1.773969194661836440e+24
-1.378397635197262618e+24
2.265466197099901744e+25
-4.814167311912352560e+25
-7.399883503096141516e+25
-7.477086979604789870e+25
6.686771704855287913e+26
-3.526670424471401036e+26
5.031426085863440987e+22
1.329752921841968737e+24
-3.235602827287640163e+24
1.944342246128843346e+25
-6.913929050645368777e+24
-2.437483423325506250e+25
-1.675541979728634721e+25
-3.030043681100588477e+25
9.521546637048537609e+25
2.846248908743503673e+25
-8.974397215797407830e+25
-9.586841617528793361e+25
1.132962101260514456e+26
4.036921570022487766e+26
-3.361260057532603960e+26
8.723649239662127061e+22
2.201367666486329039e+24
6.523842719527718617e+24
2.962177613364176137e+25
-2.520196340593683770e+26
1.531017864282770190e+25
1.300490667199831811e+25
6.672410929052661603e+26
9.749457788767048389e+25
5.004077149233937955e+25
-6.096814728756276363e+25
7.955199718211371827e+24
1.684200255484964958e+27
-1.355511228615830159e+27
1.859010659929594454e+23
8.565877780016106706e+23
2.928207056934923546e+26
-1.041001445426696155e+27
5.373152171862508421e+26
7.310924800025363131e+25
8.779085666251794672e+26
4.526047682654537192e+26
-1.958409434010424951e+26
-1.515986303202074267e+27
-7.885101242494528938e+26
2.150452428153702384e+26
2.554425405213566464e+27
2.279386018251830198e+21
8.874947245451698504e+20
5.156912434007778735e+22
-9.434636885192851902e+22
3.255332900609511360e+23
-1.216657824652229597e+23
-1.850029498451623047e+24
3.811572663604811231e+23
1.642524253929032982e+23
1.951861900317468773e+24
-4.246898027257488130e+24
1.104614407689238309e+24
2.671359958750276076e+25
-8.189606226845826370e+25
5.669334205044062637e+25
5.652541897033366555e+24
-4.630650336729180720e+22
-1.304443118625984025e+24
4.414129735697655260e+24
-1.212404162207848820e+25
-7.020387176624589926e+25
-9.595424795692260961e+25
-1.303101400078771741e+27
-1.926679310637670395e+27
-1.882163027792994947e+24
2.086027424935857012e+25
-9.380221664118638494e+23
3.054996113646241680e+25
4.473985257107500752e+25
-5.976381956168800977e+25
-7.709580300149635330e+25
3.941632711551020652e+27
-3.489312101802789003e+27
-7.904578600649658145e+24
1.842334325912157697e+25
3.316614749252201501e+25
2.572663011775814196e+25
2.510038055459441170e+25
-4.711829937554732893e+25
4.202498662521006391e+26
-6.766238690268911118e+25
-6.557413845569546626e+24
-4.836828941631917577e+27
-1.474616936534352529e+28
-8.949321981049681494e+24
2.009324542811244166e+25
-1.682796586312400901e+26
-1.354290985264971398e+26
4.919836049349017295e+25
5.939778621453664057e+26
6.019389344987162548e+26
-1.185632256515190075e+27
-1.235535191972093220e+26
2.305281211016289149e+27
-6.834049289826029811e+27
2.048014841434327936e+27
-4.358938172589013357e+26
1.596622003181289858e+25
-2.721335754112818218e+26
-1.020836770060652403e+27
-3.504643310648866520e+26
-2.391456659983757143e+27
5.988772825769653932e+26
-5.503678714901791175e+26
-2.110384789899083758e+27
-1.327273922563018875e+27
8.139861013989113467e+27
1.072209184157338641e+28
-2.029010376896699901e+28
3.246306471799735817e+28
1.454267394357298257e+28
2.939328260835461082e+26
7.538834039278621690e+26
-6.353925718092952793e+27
6.132117431378859984e+27
-3.437082674160987492e+27
-4.258557306281049795e+27
1.852845021999752324e+28
-1.698657831305187171e+27
-7.561089838404771700e+27
-2.321383108002011157e+28
-9.569416777718333899e+27
5.106011177029805892e+28
-4.744761868930059846e+28
-9.447781973030876985e+26
2.355934356666788660e+27
7.358776996500090068e+27
-1.740627907168314485e+28
3.825136866059804786e+27
-2.407153919231308158e+28
1.643331945253723842e+28
-2.348716818755534946e+28
2.569984852754037691e+28
-1.823293694932968298e+28
-7.359631501242455498e+28
5.846337579415802442e+28
1.123987644275425754e+24
2.063114326698842003e+23
2.552624038235781823e+24
4.227382010051715117e+23
-1.677138596724021452e+25
-3.104203351374776329e+25
-1.149405887229460596e+25
-2.495184640875463909e+25
7.929816747930816245e+25
-1.517109484426862079e+25
-2.053855276448197639e+25
3.700543215371007591e+26
-2.510777241993264677e+25
-9.613246113271736020e+25
9.954940203991141076e+25
-3.591355293251686665e+26
9.433025620724741450e+26
5.243937610959934051e+27
6.568116004768949358e+26
-1.213780683845119934e+27
4.805703968034438499e+27
-3.506308700114158219e+25
-4.110859113322835590e+25
-6.622225025264442448e+25
1.630733475289767025e+26
5.844536758015987607e+26
-2.028370359616154759e+26
7.300495005149012968e+26
3.168860893868867008e+28
2.323662656427979032e+26
8.769817726942439176e+25
3.485949307161422477e+26
7.555336661093286682e+25
2.249060782314887052e+26
1.001315458561838704e+27
-3.512383404858998248e+26
1.095896281803442655e+27
-9.934656890246663631e+27
3.590483990544480958e+27
2.981752366062850099e+26
1.258141874746279162e+27
1.046134984978064599e+27
-2.638715104199463702e+26
-4.276178550480840952e+26
-4.771496241046406265e+26
6.352902723869696402e+27
5.016074102268483346e+27
-6.473961554225754971e+27
4.440468128922061739e+28
-1.221404988974206057e+29
-4.005315597729030499e+28
6.530954452308679128e+26
-6.131724968435770606e+27
-2.644314415956701344e+27
-1.327460450450939827e+27
-6.241971297562674446e+26
8.019442993879050712e+27
-1.317592033442999369e+28
3.740381971885940821e+27
1.506097687242144326e+28
-3.606293781522206034e+28
-1.143729029088422778e+29
1.172355720806122342e+29
8.282047318662246675e+24
7.356633048132139234e+27
-2.520185729890425040e+28
-5.406178025498521673e+28
8.208237834012192001e+27
1.135262211168687369e+28
2.099856539451224780e+28
-2.220455436330331838e+28
-3.853633235246319983e+28
6.731240877073631075e+27
-7.300963629086197663e+28
-2.526639872329804432e+29
-3.758516092296113223e+29
4.719345980708217702e+28
-1.612061262281232279e+28
2.980958065497211044e+29
1.185327402799307414e+29
4.659896293613713060e+28
2.822336611307051844e+27
-1.402134909028350167e+29
-1.670734119665110903e+29
3.733655953959791441e+28
3.266657826018464997e+29
4.352712963298907796e+29
-7.693924196782873166e+24
2.193750318264803287e+25
1.778361903453586056e+25
-7.219820225628941927e+25
-2.577238168193494339e+26
-5.738271652727432634e+26
-3.685255812163215774e+26
-4.912591121834575126e+25
3.114945002475772861e+26
2.384957034768047386e+26
5.732014092071650864e+25
2.449894015740879215e+26
-1.665097837582071424e+26
-1.806720816847733526e+25
-3.060529638520974496e+26
1.354754089257689429e+27
-5.188857682778232728e+25
8.323473744167186583e+26
3.800016316862027637e+27
7.783677721199565372e+24
-8.385995648933241734e+26
3.739069588778519482e+27
7.013253286595250592e+26
4.023669599264623035e+27
-1.826351829181853693e+27
3.257788830332363882e+27
3.184216655650870616e+27
2.806417299582322714e+28
5.857785751297183183e+27
-7.115627680236063778e+27
-1.094712528229734430e+28
-5.562687975832167696e+28
4.425963992905280984e+28
-1.170129838033661821e+29
1.814464902260545265e+25
-2.036133198979149582e+26
2.620705354172150178e+27
-1.279472236974868343e+27
-4.090122994096574117e+27
4.157152884517151405e+27
-1.335464516681816285e+26
2.577280705228480178e+26
-3.585504030087365169e+27
1.488074701125670707e+28
-1.488465409247509243e+28
-5.759630502553871773e+28
-3.045102357669041725e+29
2.512295892525570858e+29
2.891568876951080513e+27
-5.525381325943758025e+25
-1.511685655321346089e+27
-1.632561222611821551e+27
6.417505279377863525e+26
1.120484883210954512e+28
1.773594342665053141e+28
3.651232275983590883e+27
-1.171233399995714930e+29
-3.253719154570225063e+29
-3.118161691632194675e+29
8.729589341520869282e+27
-6.687936709657225220e+27
-1.692266213415007964e+28
-9.893796422422607787e+27
-3.854946190657062920e+28
-1.599534579376498815e+28
3.616356703783772991e+28
5.595939604070150885e+28
-1.818290454034599816e+29
-5.022247308492507685e+28
2.161915391271613958e+29
7.435883485242749623e+28
7.145235966644208689e+28
-9.233090881850654492e+28
1.192306135024023323e+28
-1.372559702795235447e+29
2.545080093674423605e+29
-7.067849317773233822e+28
1.083875611087466043e+29
-5.399718663836545088e+29
-7.148855848083772669e+29
9.921786430959702641e+28
-2.283975585924208954e+30
-2.456897492953377053e+29
1.457953800152370210e+29
6.202213247360520206e+29
1.675078389259693163e+30
-1.328310452773202625e+28
1.121445759211533730e+29
1.248000177474339152e+30
8.866178372391016244e+28
2.760022241697892501e+28
-7.860594717142584667e+29
-1.701855242195951391e+25
-2.449152930585184538e+25
6.457904710203727280e+26
-1.855538371549236763e+27
-2.718513491557400682e+26
-2.778569994340535240e+27
3.512334744314351201e+27
2.500323043521977283e+27
-1.349414418103677870e+28
2.408536688962627866e+26
2.688244540150179923e+27
-1.071891401097358475e+27
-5.413055436093863069e+27
3.314396108615334479e+26
-4.189762942518654555e+27
2.033201524965814098e+28
-2.535885896445866492e+26
1.024964905446491086e+27
-5.240692055891999225e+27
3.986671853300731600e+27
7.080121998267694997e+27
-2.659804168334367295e+28
-5.482459051206430928e+27
7.831345891484608682e+27
3.226144319014844877e+27
2.389250814278084484e+28
8.013362914172252580e+28
-9.290125681425874000e+27
8.589910147426300053e+28
3.074814623516458895e+28
1.419819960396103880e+29
1.632118860033112436e+28
-1.083837318611952123e+28
-2.346874280557499364e+29
-7.557343788795630577e+28
5.825030449252594600e+29
6.493228342729396747e+29
2.019392539211711672e+27
-8.063344810414112686e+27
4.475127879524170305e+27
4.269333762377472475e+27
-1.354730839212603043e+28
-9.612362061536050587e+27
-1.488403710155078675e+28
-1.652937126679021981e+28
-2.529297190374177650e+28
-2.031104960709567479e+28
-3.150868615779929731e+28
-3.603779019079962988e+28
6.093211269083103927e+28
7.942509112549715039e+27
-1.075084918289718005e+27
1.139045424063729677e+28
4.221322441432579038e+28
5.845633512943432959e+28
-1.314625711165881708e+29
-1.247047167921654587e+26
-4.427657180778371063e+28
1.005198865413518239e+29
-2.299897184670391039e+29
1.705373489532869256e+29
4.549891721158498591e+29
2.122093669691366568e+29
6.318754674764584564e+27
2.575523577994719839e+28
5.434170405645853503e+27
-2.030745011369461334e+27
6.519568421536519835e+28
-2.701865150554446309e+28
8.856277366032319897e+28
1.311406686590955675e+28
-3.164094876149095588e+28
-2.465364707651307581e+28
1.279839251510846771e+29
5.125622536198246201e+27
-3.773343840987079609e+29
5.011198099688455604e+29
5.360334930238549865e+27
-8.253376305762837947e+29
-1.083643890551380667e+30
1.261962910151937388e+30
1.338064997420914516e+29
-1.396452797543839807e+29
3.228761918930056283e+29
2.817612248603563100e+29
9.190107799504421931e+28
-1.224847697705408123e+29
-1.329996110135242899e+29
2.181019098020270348e+29
8.270416140967003419e+29
9.141638321102015086e+29
3.993077283851844906e+27
2.153382190423881819e+29
8.636155398243421174e+29
1.142608338671279131e+27
-7.526402385289134155e+29
-2.164182207350977281e+30
-2.641353949492782967e+29
9.798188124265939311e+28
-4.122852652432896851e+30
-7.297323415783845282e+25
1.174040659500215518e+27
-5.594811730698124241e+27
-1.308117640618016242e+28
3.868530365800910412e+27
-8.556832295606329972e+27
1.895646585574924889e+27
-2.726187764243156041e+28
-1.300975878069854315e+28
5.281673254326442522e+28
-1.752575133151864983e+29
-1.526307900466102357e+27
2.184198485807891819e+28
-1.171547282746372838e+28
-6.962222464563276283e+28
1.570846540522108387e+28
-4.773353565693859100e+26
2.724517375702209381e+28
-1.408983190640361329e+29
-1.183155938699552253e+29
-1.590944432525400940e+29
-1.233080776054985557e+26
9.903681275345681737e+28
1.329861006873187264e+29
2.638128638754276590e+29
-1.110701158569391633e+29
-1.499307142817096514e+29
-1.831017693850817939e+29
3.739864236504240310e+27
-2.961475938230712596e+28
-4.509018189129413428e+28
-2.899443309656771174e+29
6.954517729316826779e+29
-4.837236918726260454e+29
3.148514030221964271e+29
3.613729862399129674e+29
-6.708992024079314407e+29
8.389070906196466346e+27
-2.169863504713824633e+28
-5.448175792466445481e+28
1.560598399196688524e+29
1.539117130740442069e+29
1.504000243070227346e+27
-1.928044488389958383e+28
2.296586369099200221e+28
-1.182103225372806385e+29
-2.064708792868666742e+29
-5.138491944601515513e+29
1.822804836943214548e+29
-3.892445258110475418e+29
-7.186678336316982343e+29
-3.250046188054174234e+29
-6.382733874113273139e+29
3.342406116498270142e+29
3.009423985836105648e+29
-2.517515408738416444e+29
4.608447094428070547e+29
7.223008177091031889e+29
-9.184918005318866735e+28
-2.229452331495448854e+29
-4.204509574840386610e+29
-2.683444358533664332e+29
1.103861167604799198e+29
-6.200240688407013127e+29
-6.037090347812966527e+28
-3.386349273006656367e+29
-8.359445795881222678e+29
2.904225309529876204e+29
-5.834963886282254178e+29
2.116715745689022094e+29
-4.845648893007512245e+28
-2.524380615485936711e+29
-4.791450952261900532e+29
1.730207995178904449e+29
6.868704583530543549e+29
2.958062188844024815e+29
-6.477450761390210361e+29
-1.168363182406659225e+30
-4.654034589176933804e+29
2.105283115124334376e+29
1.510620677966166443e+30
-1.214960449636303911e+30
1.944885378371322117e+30
3.478600712630073336e+30
2.665665293427480213e+30
-7.352226098471182843e+29
2.543859562300672420e+30
-2.084610408379525886e+29
-1.860863376474607402e+30
2.776846689401129498e+29
-1.018869394053423028e+29
-5.732703343597322296e+29
-9.237967030073683806e+29
1.979165862317572862e+30
-2.112419358584687595e+30
-1.168752550357089738e+30
-1.839110039550976926e+30
-3.668803900331097571e+30
1.915078030802899326e+28
-5.915154122103183917e+29
6.798034369194042090e+30
-1.875753591505047242e+27
9.586122979745731203e+27
-2.721133334869244066e+28
9.267076744864987950e+28
-6.720948720524270265e+28
-4.488960228816104208e+28
1.075972248745434423e+29
9.045093078735683744e+28
-7.316580418830777101e+28
-1.015092607988002713e+29
-1.064786890617146394e+29
-3.121614642410465473e+29
-5.210905206600650113e+29
-7.034762880760233833e+29
-1.909987590556706561e+28
1.211080587178461716e+30
-2.827034314297032225e+28
6.456772283681285105e+28
-2.151813829360933031e+29
4.224046204333181585e+29
-2.665440426331676217e+29
-4.383749331485737193e+29
-7.148064429505237146e+29
2.848705856806954966e+29
-6.098331136694951036e+29
9.005106473517352754e+29
-2.636483212488601224e+29
-9.921747644961588089e+29
-9.991761142139320443e+29
6.740858355650523168e+28
-1.574693310192748044e+29
-1.076553993228829663e+30
7.111580205792982408e+29
-3.152338952410873607e+30
-5.407976350885459649e+29
-4.088333503836273752e+30
-2.175767394491158366e+30
-2.639243180126464551e+28
2.256184241495501236e+29
1.046863102571003504e+30
-6.833846447846659138e+29
-3.019322051223512612e+29
9.774670457737778669e+29
2.169996901980281948e+29
-2.770049168633691135e+30
1.934907570484863231e+30
2.489991459139079691e+30
-1.039607211440045426e+30
-2.177228460418963882e+30
-2.999013184890988887e+30
3.099732770863080241e+30
-9.570292567733946137e+29
9.428574688709921194e+30
6.428834257135174686e+30
-1.471243179451622239e+31
4.817431583518706947e+30
-4.228566528797666470e+30
2.157188835460702255e+29
2.681083667946615210e+29
-2.160644989529364398e+30
-1.991093769144645826e+30
-1.894000068087953635e+30
5.550475531845615615e+30
7.817171429220061962e+30
1.460635831758507070e+31
2.150223079968718049e+30
1.987010054086164555e+31
-8.341998093852751726e+30
-2.366010464302396402e+30
5.177634858456963580e+28
3.440648772488579773e+29
3.432888711435814839e+29
2.176124007941264415e+30
-1.548664579838917310e+30
4.605059696327210029e+29
-2.094679539495316200e+30
1.883694124432206243e+30
-1.790447177714637484e+30
-1.087892213568848278e+31
-1.257129329005931224e+31
6.831802907763081330e+30
-3.616304049524376348e+30
-1.584726691948561612e+29
5.602776775074943145e+30
-5.955857864662332703e+30
-3.443832812607145493e+30
-3.148164773587044797e+30
9.633392661467041032e+29
-8.411105783575757664e+29
9.267854567906254393e+30
2.791199474011203170e+31
3.511210428449021100e+31
-4.346489931364964551e+30
2.468686539943877495e+31
6.558392303263617200e+30
2.771670561396911744e+30
4.325623792454401481e+31
3.688376597493648489e+31
-3.645910346282677435e+31
1.211219993493437179e+30
-7.410534560554597048e+30
-5.205158757431685599e+30
2.771004838912790104e+31
-6.486383620233617904e+30
-1.281139183835898777e+31
3.120733725898501003e+31
3.748378770350448520e+29
5.433171822161822776e+31
3.679202065998396416e+18
5.422212130057329664e+18
5.488934160314188431e+20
2.185317363369772057e+21
-1.062261790411187159e+21
-5.703425127256519868e+21
-2.754280936447286444e+21
2.785210186882386756e+21
6.907683963484158362e+19
-3.419099350668320178e+21
-5.116712807199217707e+22
-6.991809735501729183e+22
-5.610728407930388664e+23
1.948068229856828903e+23
-1.470525109935123175e+24
-1.438851046810854059e+25
1.018194647240903177e+22
-1.215526379162269490e+22
-1.181842186854247222e+22
3.072382863924007849e+22
-9.402651349298814596e+23
-8.096933616878519436e+23
1.026855575331782793e+25
1.064064746675562370e+26
-2.605886945230960827e+22
-1.773294969220165890e+23
1.107638882449171153e+23
2.908566349593284314e+24
2.180130705555801485e+24
4.738794900193476411e+24
6.135710433024904914e+24
-1.248282575601735273e+26
3.687068117370148475e+25
1.111309623094105499e+23
2.011085958747753976e+23
5.399177394613412765e+23
2.918832976472983583e+24
-7.897547973154822989e+23
-4.565711535027435770e+24
7.789595294253477905e+24
8.250078485101620591e+24
6.106131790750228362e+23
1.044388398320316049e+26
2.466630819504328137e+26
-5.695194532106348496e+23
2.877490544768121760e+24
-8.724038149371282124e+24
8.989140663517429191e+24
4.924837060175967126e+24
-1.337320440583036271e+25
4.018401803616961960e+24
-3.834581091582594584e+24
1.022512273670100757e+25
-1.322205920019711605e+26
-2.766667984854914615e+25
-7.272835962352035974e+26
3.289841433887055418e+25
4.452698267598334575e+23
5.255310509840599320e+24
-5.399487882265152968e+25
2.699289883211078560e+25
-1.385733920836076871e+25
2.392737291216473674e+24
8.314456305425113399e+24
3.594454280915665011e+25
-2.514913382318662497e+24
-8.756015288802779849e+25
1.240090848898811042e+26
3.101252979110620870e+26
-3.772469859008285491e+26
4.876481641171715181e+26
1.595109561581425744e+25
1.475036505473356776e+24
-1.320744928940222716e+26
-1.392140855979851480e+26
-4.703293556756759837e+25
-2.059594155046667694e+25
-4.125956224461980868e+26
1.009456520991919432e+26
1.368725445246127852e+26
5.188861425427476165e+26
7.641735294481590977e+25
-2.689057691064720400e+26
-2.724423161523978364e+27
6.224697084533818975e+25
-3.484359737375419401e+26
-3.154470863732884623e+26
-9.393209517584698241e+26
1.780114414049074325e+26
4.965806741150838762e+26
-1.331826541540096651e+26
2.302187807207115400e+25
4.244758063617876020e+26
2.109144908161233921e+26
-2.885969560716731579e+26
1.684957692090945585e+27
9.028364489706931487e+21
1.029888567521150868e+23
-2.027270479144372645e+23
-3.012344402392918430e+23
-7.746098133157987609e+23
-1.681308853597869810e+24
1.125424558467028915e+24
-5.565512822337570043e+24
9.442115845657178879e+24
-2.399263658746090659e+24
1.826105445984167169e+25
1.668697345494859480e+25
1.586189631905977831e+26
-2.134113299998763172e+25
-1.767879420849946372e+23
8.093731545154458076e+23
-2.538167707442334912e+25
-4.772860711677444183e+25
3.592920626565050216e+25
-9.024557346447128769e+26
3.643531948741380596e+27
-7.901292504649547148e+24
6.674429775200217438e+24
-3.265423302645697615e+24
-2.198736748883219027e+25
-1.687230617663980003e+26
7.952657007366116812e+25
-3.172462603865792693e+27
-9.151413115096263091e+27
-7.307112768480606248e+25
-1.240902540925427140e+25
2.691036239917394518e+25
-6.240431628951567542e+25
1.014406519417278531e+26
2.885423662750289705e+26
7.279663010310624830e+26
6.885468269258219838e+26
-2.276768991615333177e+27
-8.040751102359167477e+27
-5.276545393285500748e+25
-2.429004890001878464e+26
-1.323597216725869108e+26
5.477144340788081157e+25
-7.967788719014760214e+25
1.552103596884322984e+26
1.407201854332347782e+27
-2.173245984984797617e+26
-4.653107921983753254e+27
1.362322927305047971e+28
2.325443378542243477e+28
-1.031579261378737004e+28
1.229610624646564916e+26
5.766767560093741422e+26
3.778216747683367851e+26
9.634829258639929831e+26
-8.429684246236871708e+26
6.559444226001100887e+25
2.499384706423772207e+27
8.679647296275113767e+26
8.166708652542058375e+27
-6.583753770538113118e+27
9.200955066068207926e+27
-2.749129195934431744e+28
-4.783324735175299983e+28
3.508448976801197124e+27
2.491084468007767394e+27
1.068027210215024095e+27
1.793598967239820082e+27
-1.004707331873994841e+27
-2.648502560498495508e+28
-6.578792715670111792e+27
1.495520947103107838e+27
-4.012687083612215178e+28
-4.033213872510161121e+27
-9.192039907467666259e+28
6.458524891834056476e+28
-3.295053593899494343e+27
1.751552761917968349e+28
-5.098536124031763279e+27
2.574896552046531105e+27
-3.172250186116513782e+28
-5.527041831494788771e+27
1.932020915057607882e+28
-2.338758723194119788e+28
3.075916489972120560e+28
4.472749734681186481e+28
1.244197184616934918e+29
-3.805661560549142849e+24
6.835300174689673736e+24
-5.651962409657471232e+22
2.321086942290986339e+24
2.831344492472121152e+25
-3.655417215825109849e+25
1.925741295965913960e+25
-2.070903784001126996e+25
2.116502897959769306e+26
6.151019261791026871e+25
-2.535556640741820398e+26
7.416226210316102249e+25
-5.101001508459554942e+26
-3.022196679068923840e+27
2.808340667592491225e+27
-1.590547857918730493e+25
5.417485973628611732e+27
1.540506871626817690e+28
5.400699450809411948e+25
-1.860087200175844005e+26
-3.830539342398399087e+26
-9.824354821973667265e+26
3.241670285995771841e+25
6.707324626152676612e+27
-3.450225071217630564e+27
1.616121449335328888e+26
-1.077024074816624837e+25
2.405187983575204857e+26
1.193969412235582889e+27
2.033304253732168502e+27
-3.215811149268876559e+27
3.898379614239618658e+25
-7.954626660155599337e+27
-1.657479518132072632e+28
-1.857036033278980216e+27
-5.645399879660644135e+26
1.395107850040126290e+27
9.111843410324039567e+26
2.217214938804672007e+27
-1.840227094079418957e+27
3.288876392956471513e+27
-8.649966009817574533e+27
-5.148044741540264179e+27
9.742799574787271567e+28
-2.188392207282289891e+29
-2.284226578008462499e+27
1.123832317639471758e+27
8.396730545114764616e+26
-9.227508822243638741e+26
-9.126092088092394200e+27
-1.144320572245943978e+28
2.831238650841425516e+27
4.711834431652473053e+28
2.698991475289549021e+27
8.619949615993473207e+28
-4.890316518444761638e+28
-1.227654765747987536e+29
2.867306825087824220e+28
7.820615777159123468e+28
-1.647687408296261063e+28
-8.262190677688847709e+28
-5.129142673440057339e+28
-3.202601508406819029e+26
-2.492071957746527666e+28
3.597310487144430701e+28
-4.047046356525220031e+28
-5.323436857659149319e+29
1.233930441637995556e+29
-9.602634888974393195e+28
-3.229679323578757928e+29
-8.941404690317049168e+28
-6.186279791527010625e+28
1.097051145271581864e+29
-2.617819341307874106e+28
-1.856618128436753302e+29
1.817967491080941560e+29
-4.221311753658122550e+29
8.043158688040654706e+28
-4.733628778232460009e+26
-2.226977752465132364e+26
1.415835148018589620e+24
1.691720795712415015e+26
-2.975828697854711133e+26
-2.979175724107701557e+26
-2.753297555360709927e+26
-1.729451819779993806e+27
1.432119269765117234e+26
8.050454730431886291e+25
2.288779686987501810e+27
-1.269450121830066500e+27
1.359210086839011053e+27
1.275355732319890164e+27
1.699391926611606839e+26
3.930895075959119245e+26
-1.354486501770704802e+27
2.247160708078184596e+27
4.136425294364996070e+27
2.931648671407241061e+26
-7.025778194755925950e+27
4.648789112236211504e+27
1.211014788180527809e+28
-1.274517682806723129e+28
-3.652848125690053949e+27
-1.474180120996812005e+28
-5.461418773595023739e+28
3.994782997882558764e+27
1.223986055369484352e+29
1.185040411814606661e+27
1.670455036934118439e+26
1.700447283410235094e+27
7.478168357695095276e+25
-1.698570281476001767e+27
-1.135738796099156837e+28
7.280638125354804242e+27
1.607277639630597613e+28
6.252661860226922956e+27
-1.519725480638010075e+28
3.892815656206346665e+28
-3.118858718777812017e+29
-1.425486524884824164e+27
-1.921831213872632982e+26
6.458361699470724978e+27
3.439580326214708467e+26
-1.547675532348732868e+27
-1.580223438422081507e+27
-2.403983780275262376e+28
4.033303501215908933e+28
3.700779148390574399e+29
-1.454330361048071897e+29
-1.742736767366372530e+28
-2.376641674877102707e+28
1.906708666451470650e+28
1.312703050708918582e+28
4.287863659435092297e+28
1.450741980181388828e+28
-1.261686493169333597e+29
-5.682009218829467184e+28
-3.037081726083968567e+29
3.715084878115276618e+29
-9.155399924647109108e+29
1.152787343253410720e+29
1.964165551065050330e+28
-1.392092067377179904e+29
-3.211159152567013202e+29
9.359735041396625011e+28
9.971063368760089961e+28
5.399739872783079992e+29
-8.607058141641545328e+28
-2.532160350022296966e+29
2.846609882578466585e+30
-1.258146725558357641e+30
-5.854759546002939824e+29
-9.073497874481857279e+29
1.624165202238238497e+28
-6.907651398127908363e+29
-3.379268247682742934e+29
-2.016540646394016089e+29
-2.064243692822014056e+29
-2.215885854959943753e+29
-2.422050737810513193e+27
1.971907476236297532e+27
-1.825782065177940202e+27
-2.201393288586018067e+26
1.188065940333342139e+26
7.680952930760156332e+26
2.687153828628105912e+27
4.068861238058870508e+26
9.311091738788945148e+26
2.974382095626448392e+27
1.615845131823226609e+28
6.340506471868113108e+25
-9.373991152298395344e+27
1.600706092103817393e+28
-2.574191674920715195e+27
-8.650950627803697314e+26
-7.339255467384708769e+26
6.852772563906041029e+28
-2.284372664890688969e+27
-1.654063915744577045e+27
-3.173926189465247718e+27
-5.371374292060430964e+28
8.986056232815389861e+27
-3.964486215348376676e+28
-1.672185999144331708e+26
5.907349884242963240e+27
-3.633873305944483462e+28
1.526540410779484080e+29
-3.909199065739848939e+29
8.144180909875264683e+28
1.846927110824759696e+29
-2.076771578932838008e+28
-1.525520749096505330e+28
-1.280539322872961079e+28
-6.243687803762636092e+27
3.729916570603909057e+27
1.937985242757650197e+28
1.644885393548976138e+27
-2.826142452576932819e+27
5.257386088385904554e+28
-2.766168787304598967e+28
-1.696300610487824006e+28
-2.213308060595620447e+28
-1.134248978410381454e+28
1.015433759748082549e+28
-2.745215463329954695e+29
-1.922685559279870327e+28
8.707710019482354563e+28
5.782939456767646627e+28
1.961462785162170116e+29
-1.556686514233555975e+29
1.512257008840596712e+30
6.998354546876466773e+29
2.286590792841389636e+29
3.213400228679267284e+28
-1.338832169330534902e+28
-4.972495145557596920e+28
3.834321105252146537e+28
3.613033186134284279e+28
-4.708625454897095023e+28
8.482735828854931111e+28
3.894729099292085155e+28
-2.522708280067458177e+29
1.323140305037638845e+29
1.443935841108848082e+29
1.103259913514971671e+29
1.130225184450263118e+30
-5.696624468991565556e+29
-2.101972312767402026e+30
1.187262995499210018e+30
1.370841192423040332e+29
3.665551358678368207e+29
-9.387819459974000274e+28
1.171508628478567617e+29
-5.649111530686726781e+29
-4.300588797760450897e+29
9.473628960826291280e+29
2.433671110123144580e+30
3.676887562033837529e+29
5.173408058494661230e+29
1.105314444777079151e+30
1.555772528084506785e+29
-7.235488532535093504e+29
-1.746712925574200657e+30
-5.404398676250505976e+29
-6.777297085104360719e+29
-6.792436426358987978e+30
1.734219703819458559e+28
3.832368083551702727e+28
-2.058670577596587754e+27
8.107085639245215770e+28
-1.913544571813034528e+27
5.606941419053255868e+27
5.334759256840423227e+27
2.668101755824958029e+28
2.172847340148598550e+27
-3.818752202435106864e+28
-1.793479355627139340e+28
-4.477477015050485688e+28
-3.050158565201538557e+28
-9.852075977976766546e+28
3.662444925461262690e+27
-2.685318729839344194e+28
2.155766381163603162e+27
-2.570464224990867249e+29
5.900560105725786383e+28
1.047074148700911522e+29
2.315994099901481407e+28
3.043138062215044241e+29
8.503701807208099420e+29
-4.649947339988595927e+27
-2.317647511586255534e+29
-1.987705784228161820e+29
-8.946614685874820062e+29
-1.409053733903647041e+30
4.879731096125669502e+27
3.052016561817473433e+29
-8.092492317825836098e+28
3.422941750594242620e+28
-4.093616517269568345e+29
-3.286733077201273319e+28
1.044021848063227751e+29
1.177906310193677260e+28
-2.152580815916057001e+28
2.264328258169963795e+29
1.709803436040781686e+29
-3.233170947755040605e+28
3.160472827833058157e+29
-1.095143026861992589e+30
-3.053855342806855574e+29
-8.459839097971420367e+28
-7.562931004456987007e+27
-4.152932396165262760e+29
1.736223272370606066e+30
1.551094711892598580e+30
-4.284643585201703757e+29
-5.587965710502212404e+29
2.116536602425421653e+30
-4.784822180677873332e+29
2.285035400057312482e+30
1.374397431516687743e+29
-1.176960960265479395e+30
1.104620373745981969e+29
-2.029102788255596750e+29
-1.088173980571532239e+29
9.309243290501718302e+29
5.444950408295434451e+29
-1.599951023883330788e+29
-7.926907307695866149e+29
6.959993572624901431e+29
6.352832514170116489e+29
-6.715435980446042930e+29
1.709678950010671719e+29
1.711802030646170365e+29
-4.240457009107737115e+30
3.260369908606791717e+30
-1.522349902845941217e+30
-5.420426434656440277e+29
-3.153211677450023633e+30
4.200731657193543871e+30
8.766573654103474840e+28
7.421367726639466677e+29
-7.403836050354301127e+29
-1.052916617211697314e+30
3.745578307300106914e+30
1.728401869089032088e+30
-1.867298670556964506e+30
3.873957125945829660e+30
2.804560417403293703e+30
-2.607487520411431201e+30
-2.568776482000112940e+30
-1.121457711345848586e+29
-4.262272648821473444e+29
-1.894113019860501904e+29
-2.753653066656713184e+29
9.039658995426717391e+28
-6.550974922602473367e+29
-4.120933712716954342e+29
5.509749276250493295e+29
-3.344231409377343376e+28
-9.465612015810261641e+25
1.363491299312421384e+29
-7.006979489763548265e+28
-1.540386139218258046e+29
3.191791461500797298e+29
1.714764234759471415e+29
1.371562255268954055e+29
-8.088404371528332260e+28
-6.228533104614375980e+29
1.635603318123833908e+30
4.061665042095972801e+29
4.483885039008546261e+29
-1.350187181670512010e+29
2.487353475269153461e+29
7.123277768629096242e+29
3.277459094593602921e+30
1.163231486945561030e+30
-2.077416937592595327e+30
1.437493962118855768e+30
1.762494993940931262e+29
8.340248439920168363e+29
-2.747554118265241293e+30
-2.266889556594663974e+30
1.286921420880101446e+30
-5.917873815655729719e+28
-8.845780033988120295e+29
1.206998844857751665e+30
-1.017136917949153037e+29
2.334918423133501003e+30
1.488644430879052041e+30
-7.696598602887699600e+29
-2.602655845157472771e+30
5.374422294094395625e+30
-8.738642241742910520e+30
-6.345745569035714669e+30
2.263758199337640433e+29
5.401850715739089595e+30
-1.166122001649151827e+30
-8.170771408481649079e+29
-3.454147622502761231e+31
-3.017618027823020632e+30
1.050288011265713564e+31
-3.747581958477987755e+30
-2.947491791554633151e+30
1.406189567520820389e+31
6.148854826509715708e+30
8.023823997138147487e+30
5.603402787691755795e+30
-3.907390938278442072e+29
-1.360352392923312478e+30
5.593638022338526478e+29
-1.809092227122739439e+30
1.445961483419580453e+31
-2.599845886886240358e+30
9.961880493390190226e+30
8.828498557106663832e+29
1.666708341629384585e+30
3.391428352622122129e+30
6.370007108765669404e+30
-3.067229313817493875e+31
1.138046801733910086e+31
-3.199490414492934026e+31
