3.748308786385588800e+16
-1.511363475440604160e+17
-2.883003658647263642e+19
2.236283589819093156e+20
-5.195035797752554455e+20
4.856934048906582426e+21
4.070413657800027668e+20
-2.343337817745015964e+21
1.766059819873347662e+23
-3.101457509637071872e+18
-4.886061865597273375e+20
-3.555622531978097590e+21
2.699337873726909081e+22
-5.675665422270431494e+22
-8.074554028467177914e+22
-3.590479078636283830e+23
-2.492891343171970012e+24
1.368737896084246779e+25
-1.571162210304227738e+20
1.715644282536858327e+22
-1.716167353328972595e+21
-3.975364831187304448e+21
7.392769139504880802e+23
8.566638152196679994e+23
-1.407591259863008078e+24
-9.942651996082902107e+23
-5.094905924008936204e+25
6.887173016418583839e+20
-2.775755998016674202e+21
-3.727329462701604901e+23
1.023259947238002629e+23
-3.223047843739313635e+22
-2.776007375326504865e+24
-7.437782338338296326e+23
-6.151136921138435090e+24
2.335238753029942039e+25
-4.523993917968341374e+25
3.725170894654365237e+21
9.371968469436769239e+20
6.529075911277247264e+23
-3.272766615693553146e+23
-2.797797267872213511e+24
4.686994057339329944e+22
1.742568159008422130e+24
4.396429202015147096e+24
-2.299430378897972684e+25
-1.811125303124608775e+25
-6.285878326767838163e+25
1.363356608705008817e+26
6.879653647339399152e+21
5.266483611503913368e+23
1.387573415619621149e+24
1.032460063256944111e+25
9.286001234931309357e+23
-3.218890156820144107e+24
-1.960766536346935710e+25
-1.157209574500557520e+24
-7.471058737214079231e+24
-3.360734940566639210e+25
-1.451935871425448885e+26
-1.458103526311360607e+26
-5.752042385003922101e+26
-1.063705698768540658e+26
1.422882544358660453e+22
-3.109081521733388688e+23
3.368552584966606055e+24
2.576607389495106889e+24
-1.074830905670554346e+25
-1.531989980665937859e+25
-1.344305849321695526e+24
-1.074615407467599840e+25
-2.554842548793750704e+25
-4.624301437465421960e+23
1.562825948901279187e+25
-1.080841207569359505e+26
1.470457517777529346e+25
2.897492081644343729e+26
6.648272563452322580e+26
7.203163990290222547e+22
1.364016174693302720e+24
-1.177776026417595199e+25
3.070163261131744535e+25
-1.743310210585571761e+26
1.286878317607541513e+26
-1.208799965000543229e+26
1.448334525186470586e+26
2.428019275660737823e+25
-9.907046418555086990e+25
-4.028799188256510076e+26
-1.897611303532181549e+25
1.963710020408006560e+27
-6.477291362655737288e+25
1.968722701366983991e+23
-2.911161011207252174e+25
-1.101303481311516463e+26
1.150326685114646689e+26
1.408001125503793530e+27
5.714382976993801127e+26
-7.989985791828594294e+25
2.207745529745404215e+26
-4.575153886434504354e+25
3.792038384147788266e+26
-5.866753758708631393e+26
-2.850415077092986215e+26
7.060127358930593100e+26
-5.255986347580190884e+20
7.753617816163213902e+21
-6.525047195032546076e+22
-1.134693794958265486e+23
-1.119996669056701400e+23
5.828165448065929739e+23
-3.706951326747197314e+23
-1.780716525144325275e+24
-4.055919248948903220e+24
-3.867527488549220887e+24
1.315375172266261680e+25
-2.134646057566298412e+25
-4.984182470127400103e+25
-1.647532777499076675e+26
5.467674042987802952e+25
-2.644309982369127302e+26
-1.072705134401532461e+22
-9.400304480928512103e+23
-5.910557178006406609e+23
-2.724626683434575927e+25
-4.701015148673082388e+25
2.214531383708584381e+26
2.254788259545588582e+26
8.133733385222615263e+26
-7.666161984380561145e+23
3.212647812059906424e+24
-1.777076174883499166e+25
6.634229771109440442e+25
8.210587900584437833e+25
-8.194614792827577538e+25
-1.725193668252011039e+26
2.104495871768433991e+27
1.336291956326485472e+27
1.668670377169295623e+24
4.948181588278933461e+25
-1.567608318160664233e+25
-7.996440977151051830e+25
-9.161621923867548965e+25
-2.835426619287644920e+26
1.350042529379749178e+26
5.784809831707991040e+26
2.926723135309310938e+26
4.172534732166550668e+27
6.401289681411950795e+27
7.002452309227867000e+24
9.859357318066845648e+24
2.193509809978222474e+26
1.559740733259687753e+26
5.777210792173290194e+25
-6.055951736394583618e+26
-2.290719910442069355e+26
1.942765967988464205e+26
2.570952808557708794e+26
1.018103704736170472e+27
1.775720374509356905e+27
1.112634205396626279e+28
-3.298946625099794395e+28
5.071832864856738495e+24
-2.450342879231193683e+26
3.523494472672295015e+26
6.197539544989639176e+26
4.556426887055920565e+26
-3.194808502221783884e+26
1.375465852896417304e+26
-1.704401307021666035e+27
-4.405455882534766684e+25
-8.801996360640886750e+27
4.744922720557972490e+27
3.508845748681828811e+27
2.956261167227694123e+28
4.043660027176896526e+28
-9.142639409568776400e+25
5.960206357190132576e+26
-7.758459292448838281e+27
1.163242680563733251e+28
2.722778905411232075e+27
-1.283810385698138554e+27
-3.589082045970043687e+28
5.335860805710931250e+27
-7.816519391151866030e+27
3.834615755501627272e+28
-6.648982647957880249e+27
-8.649944497341089667e+28
3.486365322548920045e+28
-1.650782054802937148e+27
-1.067024183839938038e+28
4.862050826028453268e+27
1.253812924527925299e+28
-1.240629234384546493e+28
-9.364559683413120386e+28
2.680652923225766721e+27
-6.448760015158819804e+27
2.365592873492045193e+28
7.217821539470666048e+28
4.809447184873087965e+28
5.192781319792941910e+28
-2.952262388589649849e+23
-1.600983961019780637e+24
5.750934235980737146e+23
3.997652372748668177e+23
-3.979916301877465307e+24
1.081592778763945093e+24
-6.458818957980268709e+24
2.650843413165722783e+25
4.438289770616015155e+25
2.562071997898927477e+25
-2.091564246391568581e+26
4.060961135343285761e+25
-8.779405518998061485e+24
1.506705734088184264e+26
4.465491058651886378e+26
-2.461227478901467887e+26
-6.499128827540161564e+26
-1.242477470147322858e+27
1.391953081305708352e+27
-1.909702501023510648e+27
-3.696574712704307467e+27
8.139989800507559006e+25
4.141365306770720913e+25
2.597981600076664545e+26
3.673992827427217960e+26
-1.185281766867038489e+27
-1.376736918423126315e+27
1.727748101192633672e+28
-6.526742380164075868e+27
3.111244444846901657e+25
-1.494208573759099374e+26
-5.280478348336923598e+26
4.831408153898964508e+26
1.414277068176826374e+27
3.164175898512839822e+26
1.648379614319544122e+27
7.417285188248333543e+27
-1.094507469120639847e+28
6.758189268997846175e+26
-3.852093342561105565e+26
-1.958909654777901408e+27
1.265269223917182594e+26
-1.891588676144928081e+27
2.096555929540742420e+26
-3.158631585789164432e+26
-1.041816300639505499e+28
6.759315472208708561e+27
2.053120570818315449e+28
2.676429808891385970e+28
-2.376026992335314380e+28
-6.381140242925638900e+28
-3.884980551397416914e+26
8.062409757983757436e+27
5.797183338617887447e+27
4.726451864530240830e+27
1.531548437262904092e+27
1.753914328159500831e+27
-1.779688553517625676e+28
-4.482595261040942056e+27
2.489046263925593402e+28
-2.419021224129651513e+28
-1.409134539047691850e+28
3.531657296471664906e+29
4.499867762224628442e+28
1.844744282842782887e+28
3.621774244472027127e+28
-5.529058604323464305e+28
-1.364872855185779284e+28
1.993900064478544264e+28
6.689511472904478731e+28
-1.523041688393533885e+28
-5.061199469286491217e+27
7.827232431633558499e+28
-4.061484987184676698e+28
5.046304400474971906e+28
-3.476491568267448210e+28
-9.608503642075236468e+27
-1.246841506158451067e+29
3.221794936931613367e+29
1.728549630173879837e+29
-1.281948560898358788e+29
2.740473263019315634e+28
-1.326937128461721366e+29
1.549649391800822451e+29
-5.930606774865983695e+28
1.710203610794649695e+29
-3.409081168980674709e+29
8.053692257926838831e+24
-6.456753226313347268e+24
2.050981693097703817e+26
6.718470084494208346e+25
1.430874202072736347e+26
-7.792583994458124635e+25
2.022830725077710087e+26
1.752173634460485624e+25
2.637798715200724902e+26
8.465950137100877763e+26
-2.346828900094281911e+26
-2.975137772769511308e+26
7.211139011482765396e+26
-8.239888090320797818e+25
3.863198612120717792e+26
-1.019545703467978299e+27
9.991698410177017243e+26
3.629211418879629089e+27
4.005106998431961953e+27
1.072102522106493352e+26
7.356576304867755837e+26
-2.805520762514146818e+26
-9.962512893472122015e+26
-1.933603259152392181e+27
-4.794423318093024912e+26
1.026470333747165278e+28
1.661343876617323584e+28
3.092561087493971235e+28
-2.655780512428767024e+27
-7.367533502816445010e+27
-4.192707993490259597e+28
-1.874066310381854142e+28
-4.908639345207944912e+28
-1.025387280278608172e+29
-1.464629954974983576e+26
-8.012573236777754340e+26
4.257706215937462221e+26
8.905237969347190411e+26
1.454831546308735576e+27
-2.948922291636226575e+27
1.482537685127761134e+27
-2.500361658663352530e+27
2.790097509696926039e+27
2.776283067884974319e+25
-3.600073312818149864e+27
1.336067845047118790e+28
-1.358352260566232437e+29
-3.865601331438119918e+29
5.050142266179701950e+27
-2.127327861455533070e+27
-6.712186711236674212e+27
6.288586732594936513e+25
1.738740876614236126e+27
1.864708930268147447e+28
-3.042023811538381789e+27
-7.903066858266281707e+28
2.234577448841828920e+26
-2.387556386050379253e+28
-2.696543974116898365e+28
3.209528315075464013e+27
-8.137753326169251272e+27
1.504582669833292155e+28
-9.389929383218498189e+27
-8.802541883371973393e+27
2.662467339808544756e+28
-1.391627978959081630e+28
-1.608647897860049099e+29
7.380172465662434135e+27
9.697128576486466738e+28
-8.826450313192792656e+28
5.894889264686743401e+29
3.170469045634258563e+28
-9.153026836417684083e+28
-3.018968756686700694e+28
-5.476704757962117958e+28
4.333648730972274024e+29
-1.274036450867423197e+28
-1.244214705173055033e+29
4.713284233660047594e+28
4.897405839280183353e+29
1.175225089616781165e+30
-1.403450240895176011e+30
-1.981426616739280658e+29
1.478662337462965873e+29
1.515910354077380030e+29
2.721240579799357922e+29
-1.850807541369189207e+29
2.941255492646587827e+29
-3.396895762431678229e+29
-3.732630466050617475e+29
3.407173460887481763e+27
-1.954194213201205717e+30
2.435741602667581613e+24
-7.206583822793477017e+26
-1.090074480451454992e+27
5.354675746165782126e+26
-1.679182120648305704e+27
-6.768055692484526789e+27
1.508745336382852522e+27
8.162692850797240872e+26
8.367019532002565605e+27
-8.900369990627434625e+26
1.140835310793161013e+27
-3.405010965352409320e+27
-2.132462907853620581e+26
2.873975631404043859e+27
-9.736838364816625446e+27
1.443250445817681983e+28
-6.089871128435665992e+27
-5.946321511940138222e+25
-3.258449629867570025e+27
-1.605598602056134741e+27
2.516001790456840462e+28
2.163019118875725966e+28
-1.567421588510080163e+28
2.988582031055693811e+28
-3.707180125553313474e+25
2.218041939700340873e+28
-5.035400153114720602e+27
-7.312150111690427868e+28
-3.332707672952654323e+28
8.263567947463792191e+28
-1.114858049233774890e+29
-2.338204238504950584e+28
-1.743636096431192318e+28
5.245610375478766880e+28
-1.791302457327361062e+29
-5.145689770645146697e+28
1.436616045145549552e+28
-1.243687961691421064e+26
-3.447437874724596024e+27
-1.205380921303346712e+28
-2.629179491349786466e+28
-7.361494737260830775e+26
6.368005468071567967e+27
1.260299107892176967e+28
2.574509204458759279e+28
-7.333098045122025015e+28
-1.907095906467905547e+28
-3.421425393323218603e+28
-7.797196863513227624e+28
-1.190824776229641941e+28
3.041211909993713572e+27
1.594096961731150806e+28
-5.241929236585556832e+28
2.538135133637741649e+28
-4.546818965270450354e+28
-2.074342483232665299e+29
-1.060867212182308795e+29
1.368276766618472744e+29
3.185126738228307372e+29
5.936098028397939408e+28
-1.795539421526806761e+29
8.937490568930829695e+29
-4.555756744523414840e+28
3.328063632527286644e+28
-2.689115289497461358e+28
4.356890548232608412e+27
1.868502839728984185e+28
2.606888964137392051e+28
2.782192697113351847e+28
4.881771092462729227e+27
-3.666582265609110163e+28
6.410053249530290157e+28
5.101346308616091856e+28
-1.875574095141003421e+29
-2.007936449851319121e+29
3.016579004679548568e+29
5.107366592016039618e+28
4.001628247623750773e+29
-2.757157324765292203e+29
7.421145317764515690e+29
3.041675794248493250e+29
2.835057518801686507e+29
5.083437309050274234e+28
-2.734316410058397597e+29
1.145077669788005433e+29
2.037554692609930491e+29
-4.227250248302754514e+29
1.350176196268832194e+30
-1.392065250101620833e+29
-9.525342592126509217e+29
1.749210874147316825e+30
5.716800532921622022e+29
-7.118290467610700562e+28
-1.648144793441713025e+29
1.623052162451991715e+29
1.680075563674392437e+30
-8.627199052910972901e+29
1.214750028804659831e+30
9.973690889543662284e+29
5.032827424700092302e+30
2.905675052426388445e+25
-3.501062294480168818e+27
-9.910867584526259468e+27
1.154173170825617559e+27
-5.368049784892135110e+27
8.659231012127323909e+27
2.434812898278846329e+28
7.945316273100733210e+27
-7.805423799340530228e+27
7.113499820879001161e+28
-6.893872241372202867e+28
-2.946129135089064251e+27
1.317382582662890415e+27
7.142058144302076130e+27
-3.399844464037052822e+28
5.076300121459967794e+28
4.611551558070794719e+28
-2.485854663801580890e+28
7.236992861543895746e+27
-1.305948854745739055e+29
-2.381975857479313624e+29
-4.707629280277466285e+27
1.660845701336966732e+28
3.992218015886238752e+27
-1.937844955594780572e+29
-5.464539430059555198e+28
1.284838353645998511e+29
-3.383685957881791128e+29
-3.112489637115088227e+28
5.865431608723890962e+29
3.137432371398841086e+28
6.087520610620112036e+28
-6.753329479191551382e+28
5.370566103234355365e+29
5.870456477271683652e+28
3.504744837210715127e+29
-4.611437646820418743e+29
1.670695738648751167e+28
-4.025123480253616124e+28
-1.339229686167843608e+28
9.472487462867832318e+28
1.468930232422624597e+29
-5.266553558255917797e+26
-3.890120011502995743e+29
5.883890550748308367e+28
-7.335955751917268452e+28
-1.000086537369652597e+29
-1.241939836604344142e+29
-1.607052996499218261e+29
5.264451087335168869e+28
9.378144714020799129e+29
3.332982579980813288e+29
5.519542682290640240e+29
-3.370119368502649093e+29
-3.604602151205715283e+28
4.479662915804428899e+28
-6.229709305432804543e+29
1.211637520343081962e+29
-3.118951671719781224e+29
1.057142130185179038e+30
-1.116518200214721087e+30
-6.158575509666788881e+29
3.762930008981635286e+29
-3.536947538591402977e+30
-2.382111316507797023e+29
-7.203685354649287102e+29
-3.461737531830246155e+29
-3.724700356387226402e+27
1.682514577007720665e+30
-2.085673984418960482e+29
2.098783588014681066e+29
4.391485244568741878e+29
-1.010620567050106169e+30
-1.451391337799201584e+30
1.070634081244322955e+30
4.017240507552530452e+30
5.478838233367059957e+28
3.700876186158818896e+29
-2.226162011587770074e+29
-3.045339935342559725e+29
1.087790577892988209e+30
-1.305721782685454986e+30
3.440804061918657423e+30
6.071000404599780566e+30
2.329543669056127108e+30
9.415357361225234566e+29
-3.724512415345375420e+30
-9.839097840700990212e+29
-1.181235193836732297e+30
2.817168424855103200e+29
-1.697715093193095475e+29
4.073842447747634909e+29
1.443188633972769634e+30
-3.058149345055541683e+30
-1.780244734140432309e+30
-3.234222073920392136e+30
9.273071421196913215e+28
3.577197826706004484e+30
-1.478663584163334433e+30
2.787387381147919743e+29
-1.405607350496045803e+30
-1.479899779309856497e+27
1.310781448254043654e+28
-1.948529800904088054e+28
-5.024809408324231807e+28
-9.029043176833019907e+28
4.053433744441710825e+28
3.845477869877272838e+28
-7.429274798763577316e+28
-2.192272168792625143e+28
-2.109693586273958966e+29
-1.121427585733229942e+29
-5.164523702493622110e+29
-9.888173441920662983e+29
1.363546388197699167e+29
1.357027391184216707e+29
7.192259059361604129e+29
-2.811076552362349557e+28
9.237504292293386858e+28
4.992670670302014059e+28
6.270932412950855246e+29
3.228133610116962272e+29
-6.883898154051057511e+29
-1.019652948178614626e+29
3.268444387035565586e+29
-8.298280149591640981e+29
-5.466472964035466331e+29
-2.188501668438790631e+29
6.786066370313952602e+29
1.146390074497912066e+30
-1.732267050880731322e+29
5.273990300741636592e+29
1.644014875008275734e+30
4.974564095120726140e+29
1.344883072682600191e+30
3.430048004058883066e+30
-4.294744763074146845e+30
7.599743249018227938e+29
-9.469078321170454031e+29
-1.391531129326701131e+30
-2.284870885473996459e+29
-6.241963371997494958e+29
-2.824487509518856060e+29
-3.667369348831391368e+29
1.978638773163551241e+30
1.537389192270512187e+30
4.080958202074044022e+29
2.954530715929030579e+30
2.803625949769002697e+30
2.759390856972321724e+30
-5.190306998019552316e+30
-5.208657767272141151e+30
2.099520510311606620e+30
-6.029358742179043882e+30
1.101255237583809409e+31
-2.256677760439319128e+30
-7.737449573410343491e+30
7.273821286452412870e+30
7.014441648571932270e+29
-2.588109434349027209e+30
-1.291735943890488823e+30
6.690495126611506922e+29
-8.150454594659866514e+29
-2.022648678549789639e+30
-4.111012047535908137e+30
8.719317796445346419e+30
-5.114267067450718571e+30
-1.116747890786961379e+31
-3.868034216637390534e+29
1.852685077717323122e+30
2.454260879513483678e+28
3.371797123893381838e+29
-3.411303200768877333e+30
3.191147591628592645e+30
2.994432103878185457e+30
-3.941750780414898619e+30
2.007639881677387009e+30
-5.318983419931671969e+29
6.852006001415102731e+29
2.829932623626564118e+30
9.692992373452189748e+30
3.903636265001234795e+30
-1.159060211367244108e+30
8.896247338522177339e+29
3.021481362043276757e+30
3.426283986177123752e+30
1.026650144920182224e+31
-1.065541780845477077e+31
9.167028280260068102e+30
-9.755121917535311113e+30
1.344106769345068872e+30
-1.682915956528417152e+31
2.126552285412963954e+31
-2.347304068103411544e+31
5.760086761001061790e+30
2.069015930006435499e+31
2.109014157454292720e+31
-6.595076452043071502e+30
-1.569150560653985558e+31
4.179375694763970189e+30
1.748559598010157017e+29
-8.719138761383630229e+30
-9.025632339392690267e+30
-6.199545325235133740e+31
1.700942439388506781e+30
1.891678715180020153e+31
-5.386258879787260684e+30
2.552283895049273478e+31
-3.671951330187199946e+29
1.353421709472512819e+19
3.109617392103857357e+19
1.383905551554933555e+20
3.633857381473647985e+20
3.103394839907804905e+21
-4.366582490057829515e+21
1.014484989261893337e+22
-3.990673126732144732e+22
1.407867939481790710e+20
-4.579907229762988278e+21
1.798329343238769476e+22
4.721819111793740900e+22
7.219173382993114405e+22
-1.862088283017894754e+23
7.349888367722155758e+24
1.727116151614271850e+25
-2.848597276614971097e+21
-3.028067607179436229e+22
-3.351251482990955840e+23
3.308087317171129612e+23
7.235120374497604094e+23
-2.388656616414308209e+24
1.480927049446164523e+25
2.436242117944813520e+25
-4.391662050030716033e+22
1.333468678479170314e+23
3.383030290853729927e+21
1.679738765992617428e+23
6.384972224458149205e+23
-4.315231412677712326e+24
-1.142808137527179003e+25
-3.114711760888555278e+25
-2.067321957469326745e+26
-2.191485695781210549e+23
-1.823131280840253868e+24
-2.399150502395756151e+23
-6.263921802075260427e+22
5.232782268713997624e+23
-1.383670870271338775e+24
-6.694112769341704917e+23
3.153976949197675036e+24
-5.196277254828427458e+24
-1.466521089934957054e+26
-3.113079134110285053e+26
-1.100692680885075234e+23
-7.968554597733093920e+23
-5.872117193682197835e+24
-2.342109096446070811e+24
-2.899366547554727457e+23
-2.089727603237884317e+25
-2.566165079806095762e+24
2.305417101290535351e+25
2.431995157971525804e+25
5.505139799031750655e+25
6.761835191763160369e+25
-1.524288947788084884e+26
6.146668532513385223e+26
-2.515748346309223110e+23
-3.598631092936414614e+23
-1.840154345460649207e+24
-1.608299943424865527e+25
-1.896796741604139789e+25
-1.901875588938402169e+25
2.291903244928226547e+25
-2.420458982800016504e+25
-1.023561329796508500e+25
2.566138301863156822e+25
2.795676521531427589e+25
5.258454596400280716e+25
3.037917190646612843e+26
-1.275691361442806834e+26
1.440451247982515674e+25
-2.953320255160219957e+25
5.617176781023354828e+25
-7.126759138692999472e+25
1.092038533184999406e+26
9.960043774035627577e+25
-5.833861308904852661e+26
-4.071382987297431107e+25
1.736100534722804281e+26
-4.104251637541583669e+26
-1.581063093199871943e+24
1.990754557806454265e+26
-2.084309424680932956e+27
-6.729573525218601730e+24
-1.139974748976919219e+26
1.970163818155704339e+24
7.128912184945535177e+26
2.612889412234125255e+26
-2.891566076026265851e+25
1.736107178519371453e+26
-1.375795806929280637e+26
-7.308570316384751123e+25
-7.379102340047345620e+26
7.547782865702673074e+24
-6.078393650216897780e+26
7.426646656566100073e+22
2.217776972307347517e+23
-1.012585922352699712e+23
-3.379193279258552592e+23
-2.211839553548777477e+24
-1.122784361894332057e+24
2.074443901321589889e+24
-4.171441553532139923e+24
-2.988291957036960539e+24
2.084081568783700683e+25
3.933575944298839380e+25
6.652418376732850687e+25
-1.128015938483558141e+25
-9.406251624634873086e+25
-4.477607180477636773e+23
-5.911489199031497332e+24
-1.413158153974873927e+25
-4.663419816480099723e+25
-1.054321694368915113e+26
-9.771511051477924643e+25
6.567667918577206761e+26
-3.841263588788638434e+24
1.952955202984561642e+25
-6.176423601355505176e+24
5.673006051133347764e+25
-1.386976759977052766e+26
1.110852979029722023e+26
2.723487369486686219e+27
2.841445343001600026e+27
7.001295163872058410e+25
3.346004057838607044e+25
2.883741819486984824e+25
-7.030224320636029134e+23
-3.675794534142383621e+26
1.965525365023823170e+25
4.951431061579856433e+26
5.442174120081545914e+26
2.343588092985826626e+27
-2.673190580161171841e+28
2.340595283656824460e+24
-7.704108841190426172e+25
4.610596205597229614e+24
-2.484245478973870508e+26
-9.129941982063723735e+26
2.510108665803212072e+25
7.283400254770067951e+26
-1.305958305191440250e+27
1.640328790793326797e+27
-3.023523579847389619e+27
-9.284769217878200358e+27
4.256425436913426379e+27
-1.898458577028644785e+25
1.742563649054948809e+27
2.375138534887653287e+26
3.332721320461337501e+26
-5.831565465248668206e+26
1.416566462784510253e+26
2.810851986746593894e+26
1.301786781307365802e+26
8.850692973433344364e+27
-1.318584350363221546e+27
1.810387514773706327e+27
2.290520211694613324e+28
6.678031252207802222e+28
2.617853177465469416e+26
6.297779553287321294e+26
8.529229682672819147e+27
1.395912970748082948e+27
-6.515055229335176568e+27
2.645023899807124152e+28
-7.352551076661370952e+27
5.161509723710163083e+27
7.291210705293504901e+27
-7.024784694956873140e+27
-5.251967400579126289e+28
9.677645553433198590e+28
-3.389877060178463642e+26
-1.271765857717629359e+28
-1.174537125522632033e+28
2.472979962498726812e+28
-1.124506594394749420e+28
1.455714606372851945e+28
-3.834092490506480969e+28
4.194586951005700141e+28
1.559883188841417159e+28
-2.217848131875261307e+28
1.290041195963244575e+28
-6.373108165840500551e+24
-7.034376488302626927e+24
-4.692749330874026476e+25
-9.456501174693625212e+24
4.999013629456405415e+25
3.616984793998772726e+25
-1.238791391826796752e+25
-1.557239954789309621e+25
1.946213099515465595e+26
-6.170337774814163654e+25
-1.682343509206767573e+26
-3.302740322100380624e+26
-4.326812998900170499e+25
-4.685461871145526429e+26
7.424012726571481888e+26
1.193359875031214948e+26
-3.413899177012766812e+27
2.901744618363941018e+27
-1.552937028418993120e+25
-1.771841579841160185e+26
-2.755835560602301410e+26
-1.760906739508224421e+27
-3.015024903828891702e+27
-1.975481469814138465e+28
-1.755354865116578461e+28
-4.371977466951052126e+26
-4.775704240464672687e+26
4.697460060261910171e+26
2.483528198356137455e+27
-1.251702808674892218e+27
4.853006644470631859e+27
-7.586135790332416055e+27
-3.334760252327694028e+27
-1.476614873688332954e+29
-7.918906031429644816e+26
-2.755582175782209669e+26
-1.409797123363335290e+26
5.492369452429101681e+27
5.368910328068389676e+26
-1.438362187275568799e+28
-5.080838006233726075e+27
-1.523628247022752367e+28
-1.736844599550218121e+28
-2.431277565826839353e+29
1.016108803416563867e+29
5.266046674735527484e+27
7.932911633974387047e+27
-6.680037132201358115e+27
2.447587661433407716e+27
4.091343426694082668e+26
2.353021677544192202e+28
7.937223916274384654e+27
-2.600594188887234557e+28
3.270479125987315821e+28
3.822801555126621601e+27
-1.374669565070060541e+29
1.690237756666265776e+29
-1.029863136761337657e+28
3.342860293444944089e+28
-1.251385007818097712e+27
-4.331564860087389564e+28
-1.133898022998797922e+29
1.485221500198375277e+28
2.748876264434060856e+28
1.434878476261253102e+29
-7.978596114285461642e+25
-1.163541193432341895e+29
-1.490056273602708181e+29
6.274691384659570704e+28
-9.241291925101707345e+28
-2.017297465219613880e+29
9.075804620064687906e+28
1.623385343834179334e+27
1.101298393411610755e+29
3.636770050513411989e+29
-5.379577086998338610e+28
-5.016627724823988361e+28
2.894964256799872678e+29
-1.060603970831348325e+27
-1.032656707325160039e+26
5.089687010532194610e+25
2.481394161316362128e+25
-2.567352912596118647e+26
-2.972492853197102244e+26
2.626347310788849295e+26
2.461483322447009268e+27
2.039985843337583076e+26
3.697686420593190186e+26
-3.769811454059181649e+26
-5.035549802018948338e+26
-8.502372477470663788e+25
6.051981856773231851e+27
2.387941039275632971e+26
-1.503835585339939915e+26
2.363092785596834783e+27
-3.729975128223346182e+27
-6.215917107230324746e+27
5.989948536765223696e+25
-5.109045843710134160e+27
-1.208588935606722885e+28
-1.086364314125252880e+28
2.810242435499443626e+28
1.536096062842173697e+27
-1.662529367948994026e+28
4.815748325466401296e+28
1.375364853994338629e+28
1.297444981641558587e+29
-3.455960799692599098e+27
-3.864210465232083979e+26
-8.657162073295804143e+26
-1.522180987750993594e+27
1.548712072235905701e+26
1.474809672547394159e+28
-3.773315770830557253e+27
-5.845873079793285812e+27
8.937859552397330532e+28
-8.463097600907757113e+27
7.383968700384209147e+28
-1.902603029367449776e+29
2.025261094343686848e+27
-2.113518650115250373e+27
-5.834736168849363812e+27
1.079738445548159841e+26
7.422260253674297615e+27
1.706711633133134203e+28
6.891591464438773407e+28
-3.898726525430897015e+28
6.284990573813791259e+28
-2.051674185943124265e+29
-1.335360903817956659e+28
4.223197633035023362e+26
-6.466458619533052710e+27
2.152846567927401807e+28
-4.549629056479375387e+28
2.411512501258707050e+28
3.078118347193822969e+28
4.658698303903631572e+28
-7.732789410369202258e+28
7.046394164688959188e+29
4.414476767396568890e+29
6.511559723693195236e+28
5.171795846418775066e+28
-3.852190311518697821e+28
-2.280103884877363306e+29
-4.974272526855109078e+28
-1.135671557566772656e+29
-2.003006579143380203e+29
3.293982982418339585e+29
2.662333922596365355e+29
-1.437924380546225149e+30
6.103669660986971890e+28
9.987910965411636386e+27
-4.312949286017280081e+29
3.476871148855843317e+28
1.154398950099129883e+29
6.989756899852743525e+29
2.859026195951900989e+29
1.691118467999491597e+30
-1.465823651267270462e+30
-3.524136950154982307e+27
4.347588950494206324e+26
-1.673710985613387336e+27
4.099723142074021376e+26
-1.813537597952510314e+27
-3.140734253919093815e+27
-2.639357106097130920e+27
5.955862811791888551e+26
-2.593721356295777387e+27
-1.061382548584114353e+28
-1.365995417380230310e+28
7.153545054723387032e+26
9.518858899662408439e+27
4.518258563872244452e+27
-2.543622855129462781e+27
3.938249412062901421e+27
5.050496089931505776e+26
9.260296040345050124e+28
8.175470070865258756e+27
5.582719007435104160e+28
-1.072506737684345164e+29
-9.200893659399714388e+28
-2.707427783330558420e+28
7.360609427664099304e+28
-1.604365805452030275e+29
2.744546913835496651e+28
-1.513129965248016549e+29
1.149388045910637145e+29
-1.478345715850703402e+29
2.292307461474230572e+29
-1.051907048866159076e+28
1.714628888950412603e+28
2.649003412880221344e+28
8.284266329905307082e+27
-3.930597665694655677e+26
4.498124156985841879e+26
2.893545665536470286e+28
-2.963820097569350604e+28
-1.467791946228406181e+28
-8.400799487359121903e+27
1.873196010907257730e+28
1.912030825051292942e+28
2.927177188054957776e+27
1.136599997963707109e+29
-1.800519525811987260e+29
-6.217055661203744960e+28
2.525448697435964532e+29
1.672450828414599777e+28
-5.555004220868464385e+28
-6.274864540864011925e+29
5.288690248846271096e+29
-2.515963593155426612e+29
1.661677293273873289e+29
3.451517855924559747e+29
-1.938468700286956596e+28
2.350937568521672088e+28
3.255975864846087006e+27
1.945157883880380678e+28
4.510425813941409345e+28
-5.707320911637235042e+28
2.281975964508689027e+28
1.113216529657848319e+29
4.110706108154513779e+28
-2.296623455282597231e+29
-1.907152136981832794e+28
6.347665232585321524e+29
-1.833668031973647089e+28
-1.314351909754613484e+29
6.484949915762692815e+29
-4.835292518624466349e+29
1.688081206089126942e+29
2.331236760908150996e+28
4.141253290301536338e+29
1.274146359134269370e+29
-4.123484023476764775e+28
6.811371538523834499e+29
-2.698643716292523784e+29
5.473830434320313569e+29
-3.508968563059431384e+30
1.718124274503002862e+29
-1.461184207935539320e+30
-7.510025773025505657e+29
-1.704163669809446546e+30
8.204882555913551412e+29
-9.862734321711261757e+29
-3.091973416192926428e+30
-2.218453180601713879e+30
5.402940682280557981e+26
-1.341730475441364257e+28
7.298789520001721788e+27
-4.076172157180665792e+28
-1.288151613630906403e+27
-3.265580492533409630e+27
-3.693590745640811615e+28
1.318773212066039893e+28
3.312402691875973035e+28
4.498605828667246984e+27
-8.709040829496501286e+27
1.433042090287438786e+29
1.429250047791437939e+29
-2.306308465849175851e+29
-4.570057469057815911e+27
-4.875333962075634690e+28
1.655317900877261529e+29
-3.273827681664856472e+29
1.084850733252647367e+29
-9.832554684749286553e+28
4.715392576033082270e+28
4.282716578795091519e+29
-4.444933779955210938e+28
-2.267415448779627109e+28
-1.725467711747755639e+29
-1.707356602618537686e+29
1.222620568962332193e+29
-3.115636040484927295e+29
-4.839233541302643374e+29
2.636133302345424145e+29
-2.446042540310536157e+29
-1.717187891030794812e+29
1.703928085723698512e+29
1.096073910960347820e+29
-3.842982974918424226e+28
-1.216122265710759496e+28
-2.790280186471172032e+28
-2.157941373369855595e+29
-3.465776012194274295e+28
-1.121054825105334824e+29
-9.877223215582299632e+29
-1.177489514233336368e+29
-5.532405072229797517e+29
3.715375996532551296e+29
1.759072645953390903e+29
6.162205338055867888e+28
1.031123505804890584e+28
1.102084763242701604e+29
9.151873813057690349e+29
-9.890902515717556607e+29
1.544631785812692733e+30
-1.175434482796907397e+30
2.337265596591720110e+29
-6.020356227260231733e+29
-9.502962530117511390e+28
2.089273308548668744e+29
4.749285246234570995e+28
3.414501351539741062e+28
1.710344837746452183e+30
3.922696762333302812e+29
-3.930128463362113785e+29
-1.196285487861256196e+30
-2.194500073198519631e+29
-4.428893828432399605e+29
1.327278198800751540e+29
-4.236930193288140611e+29
4.664446079721837094e+29
-4.341721193799502170e+30
-1.530203879280754235e+30
-1.398389211056070963e+30
2.374186976042866216e+30
-8.091522182221359684e+30
-7.330864742165840802e+29
-2.713255383526987759e+29
-5.583637092315227047e+28
-6.645463244663634697e+29
-8.966781678797278223e+29
1.591196333624694046e+30
2.440827670296840111e+30
2.083808857717644879e+29
2.111406098004164989e+30
7.942179098036774088e+30
9.172952917196989964e+29
1.189606580492489473e+30
-3.933291510349477842e+30
-5.621180945057005359e+29
-4.402391230691817020e+29
6.705251405307498374e+28
8.064089428647198647e+28
5.585095381903571165e+28
3.285008484262792358e+29
-2.358320095612186798e+29
4.942003708400008569e+28
-2.194479712763282370e+29
-1.619729159712872604e+29
-5.321829103923608070e+29
-6.700564823664361908e+29
-1.875792509377961292e+29
-1.787904930100418422e+29
1.111550501296953317e+29
-1.743714753825993086e+29
-1.836972897300373579e+30
2.654148278778303039e+29
-2.527310099045785577e+29
-5.817642504078418804e+29
3.912465575668244907e+28
-1.200404081702499054e+29
-3.117673991427219602e+29
4.931899340519027887e+29
-1.070039451646528958e+29
9.188001663022465817e+29
-1.048046738412648860e+30
-9.098675217865156310e+28
8.498144741740782984e+29
2.963296763512592919e+30
1.968064923959570546e+30
9.802699908263025133e+29
6.820984816828009891e+28
-8.056201087385795389e+29
-8.243996788493047514e+29
-4.109608650527272228e+29
4.136343954714587844e+30
-2.091358444684721824e+30
-5.017522424513174246e+30
-1.016067453017003460e+30
2.733828386557032260e+30
8.245382790607521458e+30
9.382637142074621823e+30
-5.976457639355682016e+29
-3.549243480703514013e+30
-3.417086749565507452e+30
4.073338261076247906e+30
8.133940341664700061e+30
1.367157822557515791e+31
-1.266044368313337495e+31
-2.531754114785785864e+29
9.087360408587663154e+28
-4.006163387835678123e+30
-5.759140839361734347e+30
-2.886208728259739943e+30
2.921978585092676142e+30
-3.681565331741367403e+30
-1.241729786693796761e+29
3.247048982939598228e+29
-2.043902524905539019e+29
-1.506629625609254229e+30
1.041448965339111106e+31
3.549669444148119248e+30
1.032061155135710766e+30
3.847968732467570232e+30
2.449913149403864582e+29
5.275409959552103659e+30
-8.101995633297439334e+29
-1.096963589182219606e+31
2.727595785255193604e+31
