1.224497251558872800e+16
1.577995291989494016e+18
1.696954667017773056e+19
7.630899273109602304e+20
1.010561115161372918e+20
1.746763277470922441e+21
7.773200749001640509e+21
-2.611401909977743360e+22
-1.430980209384615418e+22
8.020123447309885440e+17
-8.701593679078780109e+19
-4.994182733689050890e+20
-2.684016901594001755e+22
9.046183709901364134e+21
-3.753721298684866504e+23
-3.661678818828922997e+23
1.987098030690265813e+24
-1.166426149718185576e+25
5.253439952617352397e+19
-2.016822092768745200e+22
2.617162725856833962e+21
-2.855159209828928025e+23
4.773631579384683283e+23
3.233981041967924154e+24
-3.402686335768991212e+24
1.532495282443522171e+24
-4.387722330619260575e+25
1.704400012947321520e+21
-1.515018681610849904e+22
-6.763976796400075879e+22
1.480829679392725664e+23
-1.382539210136812725e+24
1.819790741843935370e+24
-1.416011093356139453e+24
-6.048178533394741975e+23
-3.078343355096210307e+25
-6.691847973131720678e+25
-2.924256618503069499e+21
-1.256817975619565388e+22
-7.923992442768619628e+22
1.642305351185653576e+24
-3.459773262843113489e+23
1.854517551696187910e+24
5.181654663714187904e+24
-4.866508256417697143e+24
-7.820564892122258736e+24
-2.478253939264957561e+24
-1.596494278929098857e+26
3.499619133653872080e+26
7.885192497379932111e+21
5.173630639252921721e+23
-1.346307098103342179e+24
-4.645487706832689875e+24
-5.700751874366925523e+24
1.423077758096533279e+24
-6.973489708406591147e+24
-3.447176692709287648e+24
3.901533013281153273e+25
1.394988301297327591e+23
1.219340895663263452e+26
2.290397388470208148e+26
-1.837476409946569712e+26
-1.175358653636629854e+27
9.888112780340002554e+21
1.131582703796851065e+24
1.534086374175281824e+25
9.787877038620457587e+24
-1.077296802307726907e+25
2.821212277298134572e+25
5.657325806212833740e+24
-6.715225043466368569e+24
5.902949757827982429e+25
8.916252450628452368e+24
-2.021829171625145707e+26
-3.301127639132729173e+25
8.390858818708017991e+24
-6.378853632828175380e+26
-1.262095216210021347e+27
3.203708006797276506e+22
-4.480770105471993817e+24
-7.529622659331930058e+25
-3.863550969756732412e+25
-1.522855578323300117e+26
1.457403445109245651e+26
1.092337734226475555e+26
6.477192278523509848e+25
1.609515873914284611e+26
-6.963921242350259719e+25
-1.365567745314559670e+26
6.974814293798856906e+25
1.894017946344691288e+27
-1.140010627944006811e+26
4.374969040172259423e+23
2.478734061307615249e+25
1.021404639934171410e+26
-7.733046777287805598e+25
5.100280167416726584e+26
5.901432507776104523e+25
-8.104276023005736252e+26
1.102661282680975958e+26
5.145208770456742718e+26
-1.908609425027653218e+27
-3.949411587541114641e+26
-8.104880995629955422e+26
-4.258807118751298770e+26
-1.361768905069147193e+21
-1.330232706339585393e+21
6.265745814669244760e+21
2.393524784793559394e+22
-4.187358406103434632e+22
5.902495773948343233e+23
-1.036290612055733520e+23
6.628322262864022506e+24
-1.530614479432830136e+23
1.639310709458417442e+24
1.535628258495233440e+23
-2.237227766012991301e+25
2.291820620653853974e+25
-1.831830989000651220e+25
3.494428233559884588e+25
2.643636577698146597e+25
-1.444388925159020639e+23
2.591579984687537030e+23
-6.080121737335404369e+23
-8.504735255005109722e+24
-2.255784103329844712e+25
-4.805664653012999482e+26
2.241642414357687559e+26
-4.275030599566801799e+27
1.887819127749065369e+24
5.485839081576754420e+24
1.024086086131337579e+25
-4.977709363847692614e+25
1.094405225487746951e+25
2.414512173040034689e+26
5.743605584539088817e+26
-9.326479199438571953e+26
4.847955197123981410e+27
-1.603869524577718188e+24
5.038194294051378652e+25
1.855848134600664522e+25
5.606371211235552601e+25
1.645403312635293871e+25
4.628902670238598829e+26
1.009835964765372110e+24
-3.425648046608007276e+26
4.054322718938406695e+25
-7.717806031661132002e+27
-1.823295817043239900e+28
-5.548574863187391589e+24
2.705207702942339094e+26
-2.054326932065097339e+26
1.256220166476080667e+26
3.597439957004517444e+26
-7.530957142322152536e+26
3.175741687469875180e+26
1.245344718464197134e+27
8.980891641817065956e+26
1.076426040283540275e+27
9.098709721331204686e+27
3.667507572980945641e+27
-5.921575929870261829e+27
-2.980319264763080813e+25
-1.437584921435798470e+26
-4.999011798258672036e+26
-2.249406387486949989e+26
-7.416058818273836458e+26
-6.221356480729984097e+26
-9.684025503269524527e+26
1.157358235421427583e+27
1.777085129571668579e+27
-1.047745006012099568e+28
-1.331025659156523423e+27
-6.836538207895029363e+27
3.999875083159076921e+28
-2.124755892622732468e+28
-3.327053769941600454e+26
-6.929418864797953328e+26
-5.566263742259925024e+27
-1.299217375253416241e+28
-2.955612990305527090e+27
5.738918742301087798e+26
-2.750112501120787608e+27
2.400996373819813606e+27
-1.159185416269455520e+27
2.477509368966580322e+28
9.233551195838911814e+27
2.840034202857269168e+28
5.663151054139754284e+28
2.929906358272155168e+26
2.402065530479536815e+27
8.573159200952266093e+27
-1.240120432661683753e+28
-1.866126001946088873e+28
1.983050577653554698e+28
9.950329672318689210e+26
-7.237000514560873670e+27
1.206740806881514260e+28
-2.468833774732924212e+28
2.278179966898148176e+28
1.656212358120626258e+28
-2.964391181718423633e+23
6.519213953096087922e+23
4.711257622674184371e+23
-1.958714458641371698e+24
1.057795215347500823e+25
-9.080966633058171890e+24
-1.720343947901753384e+25
7.412305718438547672e+25
8.444790860413474587e+25
-2.283894917310118316e+25
-7.789258493871436154e+25
1.257302425432444344e+26
-3.231128484349761543e+25
-4.239448785417743814e+26
1.080166028026392592e+27
1.251794417557641022e+25
-2.515903449128050698e+27
1.314171228734142122e+27
2.698581468325893584e+26
-2.332582997657168575e+27
6.995099886975850308e+27
-2.662016924824335864e+25
-1.234572885668993172e+26
3.649471915763088077e+26
-1.566380938439860071e+26
-9.849755012766800567e+26
-2.480662199076930232e+27
1.019948674337773265e+28
5.588065481869365167e+28
1.963717656988179277e+26
-9.506226452144651928e+25
3.159367762422699720e+26
-8.874641364786694439e+26
-2.452578742031316282e+27
-9.283954759081723564e+26
9.768042156464114889e+27
-1.158250788054894901e+27
1.596162924286634853e+27
-7.006636801544037763e+28
4.810210704688792152e+26
-6.628199200656735241e+26
2.691384118000112148e+27
1.542842206349014992e+27
-2.944848638632459532e+27
-2.336188295684130143e+26
-3.506037060881759280e+27
4.971228941034772202e+27
2.329063922194005094e+28
-3.311320703046834710e+28
-3.311882293331702935e+28
2.353863166333543147e+28
1.430812327248741990e+27
3.134963672936347380e+27
2.414260203459141281e+27
-7.845763974194984866e+27
3.496216135487964567e+27
4.019558314751902413e+27
1.400013833223190571e+28
2.927740929339034557e+27
2.078645393935228083e+28
-8.732994954210342341e+28
-5.817021555010671997e+28
-4.249510599510664835e+28
3.761336392861876927e+29
-2.368087812613221657e+27
-1.940828889683549400e+28
1.358758714053015930e+28
-2.851457793253464764e+28
-1.189842466553569243e+28
2.015849627467542925e+29
1.413568231214143377e+27
-7.047656507675746947e+28
-1.723314928402874322e+29
9.711728427257617260e+28
-3.675716809309493144e+28
-1.039488924326110590e+29
-1.351406420475378907e+28
2.574426958620509772e+28
9.979665657533627135e+26
-5.189517309912964001e+28
2.670556039093446446e+29
2.502746054955477637e+28
1.303143574045380891e+29
4.534322449705889489e+29
-2.312823530642533281e+29
7.995106785813680293e+28
-2.406679443539900183e+29
8.765561784739446296e+23
-1.119757192253661518e+25
5.656995293135549117e+25
7.175694507894447961e+25
1.415913943390133211e+26
-9.114788235596470001e+25
-2.950656920414464235e+26
-4.030746890985449137e+25
1.083873825113160488e+26
-2.911553201886549050e+26
-5.676149893115381620e+25
9.192645147011141008e+26
-6.311764494815150650e+26
9.008651560038017623e+25
8.334223209951123497e+26
-5.776987852499861441e+26
6.133164812083726455e+26
-6.082543316894427417e+26
3.275609010536858861e+27
1.138629207345743501e+26
-4.833365481937882489e+26
2.836702035501041385e+26
5.001817966881113420e+26
-3.275129575461402681e+27
-1.751937227179638341e+27
2.945286602302646969e+27
1.733971801580877056e+26
-2.989790759185145705e+28
-2.011686730696337856e+28
-2.742042834872635133e+27
-1.321372808844936462e+27
-1.144445471203982241e+29
1.668223489442444765e+27
5.016187181854397281e+28
1.521365724191051083e+27
2.137118767947705235e+27
-8.331230577775946415e+26
-1.262534777901414864e+27
2.654405058266465508e+26
1.739876533704351727e+27
-1.380992155003335932e+27
8.594519607346593110e+27
-1.005690017432891439e+28
-1.662477475294149970e+28
-6.329103983325194558e+25
-5.396240837518328629e+28
1.133164278649168964e+29
-2.372190130245018044e+29
4.475609671910199401e+26
3.214003100708726116e+27
1.581601237143975941e+27
7.301920051023564789e+27
5.394460866716828587e+27
-6.047441941854190480e+27
-5.172563040715151966e+27
3.977850810245488591e+28
-7.725346959945092838e+28
-3.961074037451035071e+29
1.095195205526320554e+29
-3.576248222682191045e+27
1.482411875165685876e+28
2.401558703082171628e+28
-1.473417770551896595e+28
2.803182696605908579e+28
-1.041695831664335201e+28
-6.033437407492551027e+27
1.207728285994975735e+29
3.404019880354441814e+29
-1.366945621068213447e+29
1.109704866507022093e+28
-3.948102385610234468e+29
-6.207480954954767882e+28
1.424993970819753815e+29
-2.500849748851993598e+28
-2.880889399295339614e+29
-7.289558648421132779e+28
-2.288375986510269927e+28
-2.454246685219296681e+29
1.445691773258284619e+29
-9.329928731769777101e+27
-3.638522385577472210e+30
6.472803192359869939e+29
8.260639979456669860e+28
-1.166474355076422850e+29
3.415519147500040249e+28
-7.848179227846897217e+29
3.080011529858930531e+29
-2.814946009624119955e+29
2.998862569935998822e+28
9.848183617469516175e+29
-4.096365442409326535e+29
-1.186381102893117193e+30
-2.817391412001326831e+26
-5.060146906758423975e+26
-1.897267873340529871e+27
8.970913712158755581e+26
8.797035853043285163e+26
3.419653565477339923e+27
-4.642581882250164827e+27
-1.442477807943002594e+28
-3.672643814680802508e+27
-5.620795414722340427e+25
1.042740641658634098e+25
1.116585508233968568e+27
-1.187073581480747196e+27
6.560627749843051096e+27
2.803763433536994923e+27
-1.070829253996522880e+28
1.362082913622927918e+28
-1.306105257200060218e+27
-8.610711930403891491e+26
-2.400177219376715039e+28
-9.315085411900738987e+27
1.566119037383907058e+27
-1.182817942195408362e+28
-1.473822513983227002e+28
8.726369856078582665e+26
2.613824789760660091e+28
3.102800464058352666e+28
1.014541277179245268e+28
2.041954209220447488e+28
4.421793194313594553e+28
-9.497915386779999938e+28
-1.135144958479334788e+28
-1.056024528374097984e+29
-4.984547872752569887e+28
1.376210817253658082e+28
2.978789460747558804e+29
4.818159688967773240e+29
3.382925587618773038e+27
-2.112448257890079879e+27
1.024204810926694976e+28
-1.365841369997916939e+28
5.084349429199580081e+27
-4.051675332925907530e+27
-5.621427543239009937e+27
-1.989490982225919138e+28
-1.435116530127768506e+28
-1.241959118403360469e+28
-4.134271626696692449e+28
-2.482062900870495446e+28
-2.571191990744160152e+28
-1.072143798736522801e+28
-3.962230519672085199e+28
-3.534525385257089609e+27
1.319721820764923905e+29
1.999731266912233495e+29
4.481716701688078342e+28
-1.024028361376917888e+29
-1.376636902922966040e+29
9.657219919041427318e+29
-2.482517228447528484e+29
1.096742095064863523e+29
2.323508815182028802e+29
-1.011690162142034595e+30
7.981176758368314135e+27
1.848706723494706727e+28
5.873649723431580795e+27
-1.963054607048253337e+27
-7.385118637475840846e+28
-1.705890813586920524e+28
8.073100558934187139e+28
-1.891318961326944738e+28
-1.437003826519444410e+28
1.948103371928351382e+29
1.187590356424761840e+29
3.515428159699579720e+28
5.053745089045181665e+29
2.230253502568569853e+29
1.867298488829902499e+30
-3.145092477971666437e+29
6.900353521946592003e+29
-1.090739663674336040e+30
-1.258176717238069633e+29
-6.442470127618827013e+28
-4.403911100768423667e+28
9.721894087457301913e+29
-1.180156286936145701e+29
2.207611723004805501e+29
-6.185086602105066241e+29
2.732922167643677832e+29
-1.497189835660062484e+30
9.727565230390208494e+29
1.293471781152957477e+30
3.203851867848035347e+29
-9.867337690458202753e+29
-4.033705541963645111e+29
8.532061980796240359e+28
-1.115266987176028414e+30
-1.672853181133739952e+29
5.654788456314158561e+30
7.840832830611137707e+29
5.601075570960347496e+26
-6.456605058713250963e+27
-8.054007064350356794e+26
4.315090332453357343e+27
7.899603598646335940e+26
-1.040899757371858712e+28
-1.978633552461500108e+28
5.470325443260471503e+28
2.484676967020546731e+27
-3.588635832121794880e+27
-2.284329866313126042e+28
-2.338882811520844617e+27
-8.962376614163266066e+27
-7.536562822850453064e+27
3.645216558985701653e+28
2.459608802503155323e+28
5.594513650595749015e+28
-5.708527205306468879e+28
5.623326924393095314e+27
-1.193057864601024484e+29
-2.698999980374711717e+28
-1.215816978848252492e+28
3.059348794187451266e+28
1.246218101781313708e+29
2.939154124715922123e+29
1.926906563261038709e+29
-1.040626822866881270e+27
2.126002911361239647e+29
-1.113767131204821757e+28
1.990385307638735491e+29
-4.663091527915452563e+28
6.251571139579162138e+28
-4.475173013221694767e+29
3.503204787143405794e+29
-2.662318908269957053e+29
-1.483938778775757743e+29
1.923590556743179227e+30
-4.149124766672513362e+28
-1.407789144097441528e+29
1.065771587105660603e+28
-2.861173813999887357e+28
2.450043302265607051e+29
-1.495931509860564800e+29
2.759628186916776515e+29
8.677291980222350740e+28
-4.754052857774652061e+28
-1.301101609481670972e+29
-1.188251171837936762e+29
3.540096676399048480e+29
1.132606964963633377e+29
9.705165488583113735e+28
-1.292862798714819731e+29
1.681596357361799352e+29
-1.637498015126659066e+29
-3.445025600521995909e+29
-5.677894249039588064e+29
5.397842404233494816e+29
1.041775229542142957e+30
-5.932965428356712950e+29
7.361810842945904176e+29
2.153419580625775558e+30
-1.089035484997662140e+30
-1.702874933329157812e+30
2.803830146031830985e+30
-4.726917223564746376e+29
1.789087245154438814e+29
7.419237740085378559e+29
1.037314711207907003e+30
-3.709423340270571663e+29
-2.135474981357505287e+29
1.685257872837705430e+29
5.361030425712951350e+28
9.855174600704827352e+29
9.482143215874185497e+29
-1.518271654100536308e+30
-1.451056431371508340e+30
1.532818261009086322e+29
4.495927108429579495e+29
1.014171903083142702e+30
-4.468086458135891225e+29
-2.921641690622495222e+30
1.782670175760611595e+30
-4.612651742690452747e+30
-1.490957913658351053e+30
2.094553275814106896e+30
6.536862499631574727e+29
-1.520945967338078670e+30
1.203175586066774736e+30
1.889218821609073834e+29
5.685518394755751618e+27
1.074666177840763390e+29
1.111543578983384327e+30
8.104260577013972325e+29
3.744006699776565883e+30
-3.708522163979901383e+29
-4.727009606360373412e+29
-1.189034458106038319e+30
-5.479181234900316763e+30
-6.025446036452429491e+30
2.955316500789405409e+30
-1.043985894367084293e+31
2.419853161563233544e+26
-3.874067318220105137e+28
1.570192761862543799e+28
-2.251373789385747311e+28
-8.658542717609997196e+27
-1.913402621340519810e+28
-3.784223551935874729e+28
-3.641277096022359025e+28
-3.540710941420722506e+28
3.130320756098826852e+29
-1.242196526407917167e+29
2.285713675897161358e+29
4.243661422994151314e+29
8.077725805743862631e+28
3.176836347528861303e+29
5.140010138587886397e+29
-4.833257865032629272e+27
8.508008620400789217e+28
2.126827220585509870e+29
5.601190162012865865e+29
-8.394642602407333878e+29
3.085676526928868956e+29
3.648559939889222724e+28
5.605695441898500803e+29
2.662147510030330805e+29
2.575519200494430679e+29
-3.746325747728966088e+29
-5.907285497989126854e+29
3.352350989822290407e+29
-1.114336415161214137e+28
-4.334312203346997825e+29
1.607511507492931870e+30
1.674563459109913359e+29
-1.827581808634709533e+30
-2.836261039985418268e+29
2.438322312564537525e+30
1.738086823024066924e+30
-1.491060971133784485e+30
9.385958597539593625e+29
5.651022970628760830e+29
3.750262746964432180e+29
-1.179911229092624887e+29
1.311556591358574360e+30
2.983763655669642855e+30
-2.837919405894744012e+30
1.260892001655146548e+30
-8.362109656989454541e+28
1.371838220210866717e+29
-8.694392847400715990e+29
2.107461207062576109e+30
1.154670541904512058e+30
-9.716987630697477888e+28
1.009501782278070337e+31
4.817723739850316660e+30
3.512957829039470935e+29
-1.653106550563742241e+30
-1.592718052960279879e+30
-3.128787917463921888e+30
2.552897605962024586e+30
-1.926735379848840872e+30
-2.439324153739462071e+30
1.021276556869820785e+30
4.193431942834851166e+30
1.308939797475939145e+31
-9.634160630468854085e+30
8.957083516866828783e+29
1.260331241247237845e+31
-6.808001995599675814e+30
-1.350198703416597898e+31
-1.816309027438608753e+28
-9.416596159042295337e+29
1.687117537624648637e+30
-6.609831633138491166e+30
1.064336492520585738e+30
1.572371896856970086e+30
1.690926962556080039e+30
-4.562190172488007216e+29
1.899273596727729805e+30
-4.056884503307262631e+30
1.396611005926780568e+31
-9.182422406306332894e+30
2.356167867725184419e+30
8.069654161534432369e+29
-6.620840269011065296e+28
-3.112246198777890377e+30
5.639780345789309789e+30
-1.159279749034648630e+31
-1.436088823464534752e+31
1.301611042946744765e+31
1.412235931600221858e+31
-4.529644889633797012e+30
1.087768756813796943e+30
-5.375047274690057266e+29
2.377649998055162431e+29
-4.509619920281225957e+30
3.204935966214965038e+31
1.006359900080924215e+31
1.957056947722805512e+31
1.472603438873454969e+31
1.442032187349323987e+30
5.369584890405032608e+30
1.919253397008756942e+31
7.468668953347172483e+29
-5.137014574385553132e+30
9.472009537614877717e+30
5.731412306922874724e+30
7.183207527942971963e+30
4.555851130444068208e+31
6.777687299359540224e+18
-4.226764228433924096e+19
-1.862720115037816422e+19
-3.222074258708909523e+21
9.171653119523444490e+20
3.439025276327815021e+21
-3.836366932541226090e+21
-1.072548731470143480e+23
6.398588399441578394e+19
5.792288954519266525e+21
-5.043618338987729276e+22
-2.116202108109367280e+21
1.594416913878556722e+23
2.764371975833025459e+23
-1.366428495485992180e+24
-7.895785777629234712e+24
-5.967062397941290369e+21
-1.177360467253261867e+22
2.901078048865460945e+22
-3.337272854536802796e+23
-3.025038590459197050e+23
-3.952542199734052156e+23
-7.146743716269038686e+24
-5.391105318359553584e+25
3.388458144586605055e+22
-3.324377300386898835e+23
-1.227973712884578008e+23
3.296674591358285911e+23
1.887624061306047484e+24
5.946949237734593461e+24
4.317596768147122621e+24
-6.069380017723551921e+24
-1.035666116951687414e+26
3.913716978609302085e+23
3.796443891552299149e+22
2.793997634660351429e+23
1.261709995639308540e+24
1.608455263319447191e+24
-1.775369817869196758e+24
7.018205279730197898e+23
-1.067732395110024897e+24
2.458177943396941099e+25
1.356543001786348418e+26
1.771253944608766126e+26
4.339544887027741292e+23
-1.628707850212122970e+24
-7.547430615118659851e+24
-1.498928668892498957e+24
2.455456518130714576e+24
-3.413553686457055151e+24
3.078535470085787976e+24
-2.467148890034573631e+25
6.595542196292664414e+24
2.194131522743701891e+25
1.699356405151716469e+25
2.175916980832225813e+26
4.370914498803083745e+26
1.563612111999236959e+23
-6.636374521313682944e+24
1.450874473420775832e+25
-4.995379366103278114e+24
9.423120331911433820e+24
9.383850436798109505e+24
1.197696736875704454e+25
6.264235249419771701e+25
2.373529529235948240e+25
6.872739743291254899e+25
-1.116405856532386233e+26
1.917891942392268647e+26
-1.648477008243231585e+26
-5.044592284704497057e+25
7.093304506178342104e+24
-1.500027670423153295e+25
1.387443500951859816e+26
-3.354906035772289111e+26
-1.497391686469386049e+25
8.084896826284517509e+25
3.634105138592812724e+26
-5.130702350788505780e+25
1.302901716964650730e+25
6.851892680751341977e+25
7.591558418699078686e+25
1.370170841726026467e+27
4.529777642314220530e+25
-2.109718754088254101e+25
-1.637449071148732014e+26
2.067856546626516198e+26
-4.513745845247496392e+26
2.336470134073400727e+26
2.501385119932029221e+26
8.312218725559698027e+25
7.891518531766563846e+26
1.802244989348278257e+26
-6.636271673877842889e+26
-4.712093392365380540e+26
2.135195999560758264e+26
-9.664457129548635439e+21
-8.964371199856365430e+22
-1.002912040958927307e+22
5.974743897140218728e+23
-7.393802265315289197e+23
3.434752524330555408e+22
-1.763706584782161083e+24
3.702969327946881093e+23
4.010599101373193407e+24
-2.525225180375335941e+25
-5.460682166290172460e+24
-1.152668133985191094e+26
1.159543091702045718e+26
-1.767145282369566836e+26
3.878004028379136912e+23
-4.865309111647139963e+24
1.779114673134829374e+25
-8.796431291325207936e+24
4.377725356920301704e+25
1.590093101686621196e+27
-1.207460813613417019e+27
3.303253623329262674e+24
-1.154794712237885973e+25
1.581962556240803451e+25
-4.754989167398152990e+25
-3.694892025556680365e+25
-1.049165734994895797e+26
2.602750989221351455e+27
1.150172775686163380e+27
-4.889305545257718064e+24
3.609447273930760696e+25
-1.808087647400874983e+25
2.202950279544651338e+25
-3.896847481983036499e+26
1.459525359478560624e+26
-3.762254729624866672e+26
2.479620252677031114e+25
-1.495749756711335448e+27
3.027404669671030819e+27
1.573229418393281266e+26
-1.733917081665024828e+26
4.005358911250318263e+26
-7.823894554140483009e+24
1.426811635235889898e+27
-2.082887492595392472e+26
-3.033061363996431739e+26
-1.854242390608640496e+27
5.124262483037339685e+27
5.541272820549196100e+27
-2.565014793233013499e+28
1.045687421649641765e+28
2.415665747612987583e+26
-1.237830278747262554e+26
6.867053299407647504e+26
7.047264893767124283e+26
-2.287455291275409902e+26
-1.264693919567228855e+27
2.527555025535744543e+27
5.142107043382402443e+26
-4.201806007165409518e+27
-5.646574162858585343e+27
6.011551029401336177e+27
1.983927276779261395e+28
-4.336280196297327728e+28
-1.431614477938041603e+27
-4.191867033012457981e+27
8.184499940405814286e+27
3.173443936513485602e+26
-1.945876651187646105e+26
1.908218243889966144e+28
6.192164852961744668e+26
5.468195789136951843e+27
3.008361621984687025e+28
1.776635953922136268e+28
-7.712261592737894618e+28
3.031601771599510380e+28
-6.804175444764362253e+26
-1.458835129496307955e+27
-7.967528131645059162e+28
3.231303079810839496e+28
2.044974238159664072e+28
-2.600006071510276329e+27
-1.206224042341946725e+28
-5.581868570371150037e+28
3.656058228971206898e+28
-1.498832295646802889e+28
-7.606553595934853866e+28
-5.022585371985374651e+23
1.841858121297633550e+25
-1.810323446424593604e+25
7.310064883783212277e+24
5.313008773120703554e+25
-9.296567774333054302e+24
-2.563024888094996446e+25
-3.352111394688383291e+25
-1.587683391086372640e+26
-4.190027101968512511e+25
1.529591327729155849e+26
1.506260383767138425e+26
-3.931778152974697915e+25
5.875949358733354584e+26
-2.707786959848588768e+26
6.590121892995101351e+26
-3.392196296712358958e+27
-7.827578844844819251e+27
3.623151030335229888e+23
-2.738554018087053088e+25
1.521118536604141865e+25
-4.478034772547339420e+26
1.634392391924990617e+26
-3.991898139654716861e+26
9.356426588043412563e+27
4.351071273196270137e+25
5.255765996829625205e+26
5.574552012617763823e+26
-5.020181767060622218e+26
7.067875865814415461e+26
-2.631116484239116416e+26
-7.463093857700853185e+27
-2.556567815889212688e+28
-3.552718459152411908e+25
1.623493897658077969e+26
7.333184755184926777e+26
3.209141649390467202e+27
2.133173910188984871e+27
-4.677303274782526987e+24
-1.253716992134045797e+28
5.584122460462548716e+27
-4.037854476798887094e+27
-3.136248447673898667e+28
-3.356212480909705708e+28
-9.878046389606302291e+28
7.519268278221020080e+26
-4.187130583130028084e+27
-1.157118414997826472e+28
6.061141518490769707e+27
-8.622825445362539526e+27
-1.793238068953820611e+28
-8.998816231078780994e+27
6.799346783169753588e+27
9.159753663897271833e+27
-4.155338031116682117e+28
1.660391018879372509e+29
-3.329514421735026211e+29
-1.993513694758862562e+28
2.227929229341162909e+28
1.708508511295268698e+28
-7.915281680164448235e+28
-8.900011435168415175e+28
3.350049158412182334e+27
-5.198294119352801030e+28
2.469817596091621690e+29
-5.993485643693528790e+28
-8.393266253820105219e+29
1.241989293107656582e+29
-1.583419098081699793e+29
-2.585623154998731511e+29
1.059934121244625599e+29
5.115612723723731153e+28
3.317485895037836700e+28
-2.229734553510450151e+29
-1.796626968034337875e+29
2.782320486887392045e+29
-3.693355377123052833e+29
-3.855651007147033110e+29
-4.928305136696219789e+26
1.646609790371763855e+26
-1.144010168010303077e+26
-2.033948195373849688e+26
3.710572747104157312e+26
-6.506082767891487011e+25
-5.610186472752842301e+25
1.871160492773471055e+27
3.313466244024231195e+25
5.976055174768519711e+26
9.642899184650367386e+26
1.016867562910905125e+27
1.128796083234967160e+26
5.281260590936905918e+27
3.889599796567384407e+26
1.303456323360622912e+27
-7.809357875624286653e+27
-2.554303509042935798e+27
9.235826555620714226e+26
1.851160231138812302e+27
-8.108043658256591758e+27
3.376834448167569588e+28
1.419423731981255068e+28
-3.325745918768985293e+27
-2.104327856308012264e+27
3.607348259437511408e+28
-9.789367014502645028e+28
-2.183766167524392717e+28
-9.442726834486799486e+28
-2.220135701764098348e+26
8.929901697366302815e+26
1.552742553037932636e+27
-3.279728401235683842e+27
-4.449741330904317467e+26
-3.601783029292178295e+26
-4.062955771819146371e+27
1.662013417259670541e+28
6.397963133893039393e+28
6.365833993071769144e+28
1.835994963749224140e+28
4.340485799765792323e+28
-3.742025980891446065e+27
1.456769674494674524e+27
8.917710843915357206e+27
4.672137233522266779e+27
1.851865550971542189e+28
2.189633232576332673e+27
-1.238283830359577280e+27
-1.091981866012966666e+28
-1.486465148816402298e+28
1.930317568650528117e+27
2.765489723683896868e+27
1.501250011934786494e+28
-1.130404989072114961e+28
1.228679989485939886e+27
-6.554312981607162565e+28
-2.166717503758922569e+28
-2.528020868240768876e+28
1.750657768972203979e+29
-1.605204586729215795e+29
3.936967986435387875e+29
-7.047375012627673891e+29
1.324443123469280455e+28
5.707167720187343137e+28
5.276253788809147615e+28
-1.972206399276866576e+29
5.019115057025643345e+28
-9.397821401221388825e+28
6.742473619863936190e+29
1.030001099565737289e+28
3.137576952975249159e+29
2.178571486251065826e+30
-2.025160283272221891e+29
-6.603155719810080262e+29
-5.956981083091088915e+29
1.487060812151353993e+29
-1.061778350415254585e+30
-2.807855924235433482e+29
-1.615204453184119594e+29
5.584041112305747258e+29
-3.782192375714549065e+30
2.635840417982263769e+27
1.529917115936615951e+27
1.774242724897383648e+27
-1.056776219446059553e+27
3.039019064532931071e+27
2.230509556507968790e+27
-4.674788901776036463e+27
2.698647838110831810e+27
2.260520286709470931e+27
1.542916502082842555e+27
5.069859117718121511e+27
5.197441293317980101e+26
-1.016264740278544003e+27
3.477342858326352153e+27
-6.282124400205435234e+27
-6.960563115741328784e+27
5.305738153861151697e+27
2.002731704335006689e+28
4.002393867877779708e+27
2.996427748109015075e+28
4.736260115332606885e+28
3.072431510703001805e+27
-7.667155582425512720e+28
4.123893578725222504e+27
2.091264294030452118e+29
4.476860877997285891e+28
3.207249713669469890e+28
1.906406689870461374e+29
-3.592494549345530182e+28
-4.863683495422986622e+28
1.638213117181905540e+29
2.624496018633683185e+28
-2.924755337054686161e+27
-2.142500477868768672e+27
-8.057250213884587316e+27
1.505489791197136319e+27
8.844105212178916634e+27
-6.094377054851977507e+27
-2.379882016698993375e+28
-3.914286609701549595e+28
-1.718876775875552025e+28
2.260189107610498124e+28
-1.767582505509691330e+27
2.994797114158306178e+28
4.643946184382512041e+28
-1.386176116628004122e+28
-3.251518365414268026e+28
1.139138740173515294e+29
-1.883769446465177768e+29
9.433077103189808619e+28
-8.777648050812907242e+29
3.513052419105445084e+29
3.497356211692293770e+29
-2.327404628018155811e+28
-2.838075521585802497e+28
8.479170096132239036e+27
1.717157006725210223e+28
3.261960364543841716e+28
-3.755850415551029314e+28
-2.004480155420641297e+27
-7.776160672160836959e+28
-7.699186065352573045e+28
2.906145531007731353e+28
8.365741328188382591e+28
4.008681862023870980e+28
-8.165567408360361598e+28
-1.318005719373163963e+30
-6.646813086809741482e+29
-2.283408176322926756e+30
-4.928591237505982500e+29
-1.495216205392246230e+28
3.137936209164283207e+29
-1.972034988080034819e+29
-1.333526270076956116e+29
-1.431484748723137570e+29
-1.823574963136403515e+29
6.394607816910330397e+29
4.063178236246232209e+29
-4.612980665388088922e+29
8.621008657262774937e+29
6.403161690009193619e+29
-5.021576996193971383e+28
6.269372394368802994e+29
-6.840102878363633583e+29
5.315520172650487558e+29
3.199179778863257332e+30
-2.516356476226510675e+30
-1.859847176166168998e+28
3.406630023661621596e+28
5.162402335219627255e+28
-2.130145272662999900e+29
-2.119980382364750906e+26
-5.375284335559046814e+27
3.163994110939689804e+28
-1.386044222849683300e+28
-1.741828404261286225e+27
4.197808753721287021e+27
2.740896371690321478e+28
-9.894788111901718997e+28
8.077493969406010227e+28
-2.798106214279678683e+29
-7.826126396539420755e+27
1.710650089628405477e+28
-1.000875007588017694e+29
2.597251450235922038e+29
1.178534187111514229e+29
1.652130070814103991e+29
-3.161000123063848115e+27
-4.772778076508766917e+29
-3.247828580769280390e+29
-3.373034557253111410e+28
-5.960434825556056113e+28
1.243979494292702120e+30
-2.614802049227490133e+29
5.338928621758923286e+29
-1.379314418813738527e+29
-3.176604590967212915e+28
-7.845429183794805029e+28
-1.029736642867908904e+29
8.120447925023921711e+28
-7.361998229091003446e+28
1.490726799061886169e+29
9.714719972613620549e+28
-1.503472651903842079e+28
-2.325274174249783397e+29
7.397977779307039273e+28
1.192305454917926263e+29
-3.554543784052278867e+29
4.014861812035770502e+29
-4.760291202836470169e+29
-2.187543187336011558e+29
1.576002088004327980e+29
-3.347663232443896643e+29
8.656627610643446723e+29
-8.332278695521362153e+28
4.463721786846400224e+29
-8.558849602391042428e+29
2.883393145506499527e+30
-1.284123405677280425e+30
9.525708852788022568e+29
-6.597401851313526732e+29
6.384643539896267124e+29
2.784565553131155465e+28
6.310285357099092607e+28
-9.975560887027965764e+28
6.964641230761199615e+29
7.894504400041266678e+29
-7.656539178255005517e+29
7.405320832772484309e+28
6.136604349103424291e+29
-2.979700747732415149e+30
-7.662757700384134457e+29
1.100453228759555182e+30
-3.788140008993457762e+29
3.484587854428830553e+29
-6.386745910304148344e+29
2.282352767638517671e+30
3.922791092673385453e+30
4.575876113537940143e+30
-2.077398802427496193e+29
-3.815024155562724781e+29
-7.295371970298617450e+29
-2.007263472269971294e+30
3.093266940203412851e+30
1.859985367664811007e+30
-9.696372247824599392e+29
-4.720438945764350092e+29
-8.079400351466131437e+29
-1.660901463051833032e+30
-5.656341371383867393e+29
7.048498713842036282e+30
4.597743449642462883e+30
-2.683038273062590472e+29
1.746334115067649470e+29
1.576973839187331064e+29
-1.212607014453009724e+29
8.365038222848436966e+29
6.779790639902620177e+29
-3.865000503927022628e+29
-1.594151631760079478e+28
1.873036366426882416e+29
-4.808988787657203657e+29
-6.705820767421595533e+29
-1.826594285299460340e+29
6.547903819306181619e+29
-2.852250939303123732e+29
-1.959170304465801818e+29
-1.183856352489181831e+29
1.149505533527215264e+30
-4.978222925806320191e+29
1.260825490169440985e+30
-3.915941535616383596e+29
-2.666460517592957994e+28
-4.816414622059628617e+29
1.342509910569223915e+30
-7.379691689970936055e+29
-2.257776371232723899e+30
-1.774895921727753335e+29
7.931523695117349085e+29
-2.660654141605717484e+29
-1.682174658544271414e+30
-1.020586889527603031e+30
-1.130579132163145108e+29
8.110676792401291757e+29
-2.917622265439889655e+30
2.264314500086951318e+30
2.314123609015794968e+30
-3.434424361627125643e+29
7.748775074038247996e+30
4.885281477311626360e+30
1.958003723874973552e+28
1.876064155701394212e+30
-1.160286960725170549e+30
2.647434717874698949e+30
-3.727657139916620378e+30
3.533680431587473830e+30
-3.599578533431043367e+30
3.233224477115005157e+30
1.107112456120300233e+30
-1.835352691701194127e+30
1.163873609681770165e+31
7.809235638886870808e+29
-4.251149601744789070e+30
-1.031847498040249366e+30
2.344142152397502332e+30
-2.971476586194220246e+30
-3.753622082464507019e+30
3.922108525668036815e+30
-4.217039901768493611e+30
-2.203222718532564410e+29
-2.436998980947104078e+30
3.841965135363174442e+30
1.122276893993552920e+31
7.962922694084076703e+30
4.681296354741263762e+30
-8.908359948034157224e+29
-3.570384594226792575e+30
4.393559777771911771e+29
2.114646723472933282e+31
4.987884927648199147e+30
-3.089621928712650616e+29
-3.476416781041554888e+30
