2.890410783733948400e+16
3.675766087232875008e+18
4.472107749802725376e+19
-1.527668152505401344e+18
-8.092845042683826668e+20
-5.323308683576331469e+19
-5.077100881444285186e+21
-8.351611944295682015e+21
9.163157115721449105e+22
1.050411886718343987e+19
-1.401213822320495329e+20
1.865517524264354578e+21
4.210652100709780554e+21
-1.017012761352828638e+23
1.553178578908427185e+23
3.243692489900344895e+23
-1.441950056215976807e+24
1.111481846538849173e+25
3.904113145007885517e+19
1.074208624105212609e+22
-2.095462223644856628e+22
3.542359532983083126e+22
6.129961350887196590e+21
-1.251966811956412242e+24
5.350543578033290945e+24
-2.941373221607678089e+25
-3.016816551043657863e+25
7.073168958345455862e+20
8.005807502594524630e+22
-7.968559156626081605e+22
-6.816712388766142457e+22
-2.076256875455450144e+23
-2.608532486239176349e+23
2.839266995751753666e+23
-3.208668815152916373e+24
3.089060500628206214e+23
5.405439886311211525e+24
-3.698207853824388891e+21
2.012956179147128371e+23
-8.260373848083505024e+23
1.937920116750893932e+23
-9.002329437591792863e+23
6.265717495861473391e+23
2.468399995649305323e+24
5.071060317052061838e+24
6.930355791416428079e+24
-1.894794909472161943e+25
1.416786189193307086e+25
-6.681664658422596073e+24
-3.799739927777322729e+21
-1.809719955057076307e+23
1.317754083631922867e+24
7.009593254743765020e+24
7.829278287141159934e+22
3.554951534183552075e+24
-8.956956064765812255e+24
1.266822346753067174e+24
-2.226661413420310951e+25
-3.859337375134197876e+24
7.263493429100743612e+25
-6.487634271313635407e+25
6.216567381597035718e+25
-5.009995050127035709e+26
-1.903535432231595855e+22
-9.846785635059939494e+23
-1.204708067527796300e+25
-1.947304869204510971e+25
-7.363790684796775945e+24
8.203380238888766276e+24
-3.566975409512933453e+24
-2.988236919307015935e+25
-4.166980826915326575e+25
-8.174224090011687713e+24
1.945110503003250638e+26
-3.266380758147948875e+26
4.763107582566951948e+25
-6.351178568097260405e+25
-1.187989929593354400e+27
-9.151868279249146007e+22
7.922081511692434324e+23
-1.640773087225934476e+25
1.725071437609334005e+26
5.582559263199494090e+25
-8.735447416977341076e+25
9.690056786876314063e+25
2.831681780857589285e+26
-1.314413472234884781e+26
4.039617877277964472e+25
4.747360015357092101e+26
-1.566623482224334213e+26
1.195440872385230222e+27
-7.343545058820733479e+26
1.803794451769248260e+23
8.341807761591604609e+24
3.547675217431881258e+25
4.999984229940120068e+26
3.586948491028071942e+26
-1.828580251487543714e+26
-6.343136013699605720e+25
1.853103360609362374e+26
-5.125199772548762349e+26
-8.351140556809844068e+26
-8.600120016074118545e+26
4.446409922195955256e+26
-1.989791817138621203e+27
1.214797189706183344e+21
2.305278664866386674e+21
8.964410677627026670e+21
3.199718942960945358e+22
8.238987283539542671e+20
-8.459310982169642192e+22
-1.927971288006018088e+23
-1.354544279684348226e+24
1.955358376575488418e+23
-6.615852735119881813e+23
-3.304347522360501799e+24
-7.879099569156022082e+24
1.192551483273078038e+25
-3.294807272663320314e+25
-8.169296882785730566e+25
-1.456947841159547095e+26
-4.857044989411503741e+22
6.085009695393064493e+23
6.834859410228290435e+23
-2.428219829083730622e+25
-6.050428136673844085e+25
-1.613440397113028830e+26
-7.681405698078080327e+25
-4.949473352030302025e+26
-8.104712750321381587e+23
-5.057103822180878702e+24
6.536002093690620811e+24
5.921819022263211262e+25
4.494026562603818945e+25
-7.501922815004015227e+25
-8.756955681252360920e+25
1.309474034132843499e+27
-7.669721034382067318e+27
-4.689388643622614519e+23
1.342640979458326673e+25
5.089244995894555697e+24
7.906718635626741021e+23
1.893522144170946941e+25
1.271479256371157170e+26
-1.081100738841434119e+26
-4.182731916906959681e+26
-4.484212869341034785e+26
-5.747857614526644221e+27
1.677998994441413017e+28
8.266736962628857104e+24
-5.642845176194166670e+25
-1.844586940091287391e+25
-3.050087426057255129e+26
-3.246493285035902772e+26
-8.520705734539566527e+26
2.157995903196209185e+26
-5.004563576008867663e+26
-7.013867340288275221e+26
5.513491598360145810e+26
-1.294344927657138165e+27
-1.370907027993990969e+28
-1.275956507122394972e+28
-4.883627394169855761e+25
-8.708777331944473467e+25
-1.610585585255217085e+27
4.605265167232167864e+26
2.905255647007078738e+26
3.695634911766193643e+26
3.912138391628399539e+26
-2.837094750221345549e+27
-3.492777323773369932e+26
4.208913268943919975e+27
1.075123800589797010e+28
-9.925155753114344811e+27
-2.558334636163468662e+28
-3.477441145762218512e+28
-1.569789255081816367e+26
-1.714968424530119915e+27
-8.088796743387249912e+27
1.329947856873602990e+28
3.117079566082573782e+27
5.041986349445497759e+26
3.621099831210161265e+28
-3.600050394328677779e+27
-1.371285411836299454e+27
-1.514893850716851802e+28
-2.912684025406529299e+27
-5.477236804141389943e+28
-1.247653011407106941e+29
9.768042204611450343e+26
3.841564819632346679e+27
7.068581705984298635e+27
2.185474880962781059e+28
1.490598280185998245e+28
-1.384292398588395421e+28
-2.494799382747025603e+27
2.524736728027338875e+28
-5.632387550687940748e+28
5.235494183958353712e+28
-2.011789333318684190e+28
-3.015332331832799204e+27
-4.545877797869406504e+23
2.657800458014072490e+24
-1.222943110837131700e+24
-1.464778372067889854e+24
2.471248056975212881e+24
1.199821995758821303e+25
3.770151396877571352e+24
-4.752943876430179129e+25
7.579122342038742455e+24
-2.103509651840829321e+25
3.690704214981091662e+25
2.219960101042222662e+26
3.046623467928852662e+25
-3.571035621238436830e+26
2.739836914884013155e+25
-5.059716597615193572e+26
5.538080064387670670e+26
1.766201700750032552e+27
9.626378915695434774e+26
-4.318119043050752593e+27
-9.685342896324249152e+27
-2.979961712831001977e+24
-6.079573408839562373e+25
8.443440240270593864e+25
1.388705482059728804e+26
6.016673761473106099e+26
-7.165769592619310748e+26
-4.965180113214212211e+27
-1.723806980875205020e+28
-9.675421596211029969e+25
-1.330056684772985526e+26
-4.732242214998584267e+26
-3.041248009673755067e+26
1.542599333155288131e+27
-1.348185638275782269e+27
1.109209128501810884e+27
-3.097108577454782581e+27
-9.353120221005076827e+27
6.364862865225635835e+28
-2.763998631443040599e+26
1.912429266662414470e+27
1.104429877198798090e+27
-1.148747057113263721e+27
2.423712597021477966e+27
6.530130487965828455e+26
-1.028903908606753185e+28
1.042953553968034606e+27
5.242820842261637019e+26
9.547845656906049946e+27
-6.799834066370037528e+28
3.152811765684224209e+28
4.255248733378027779e+26
4.343607858539655012e+27
7.080198492788248422e+27
-5.029125856344309381e+27
7.302323381889248694e+27
6.837041196710921568e+27
-6.907361244768884744e+28
-5.638007512248879544e+26
-2.276437267709554422e+28
4.264293614975195166e+28
-4.935182515536225949e+28
2.678177720220530954e+29
3.732610351753099942e+29
3.935349361625803856e+27
-8.981685204568655185e+27
4.104474870666925492e+28
3.110825871944117946e+27
-3.147745711060209524e+28
1.588110043304998764e+29
-9.128637839959426042e+27
3.388734858888031649e+28
-7.405051757750759224e+28
4.703185728322057087e+28
2.042123306423326452e+29
-4.552067136899317425e+29
2.200217731183567155e+28
6.083646069075122367e+28
-1.591185675822412317e+29
6.540898320425189796e+28
-3.537573734813901864e+29
-6.863927708565087782e+28
4.679951901486218580e+28
1.470456099310714641e+29
-6.449862869381506003e+28
4.822285954396723653e+28
3.535190920983581267e+29
1.356633904829185831e+25
6.248690115414762279e+25
-3.036803984528643447e+25
1.183227945204487463e+25
-2.413455265455463357e+26
-1.070315409692313482e+26
-4.918757761201139182e+25
-6.219351089174391926e+25
3.257383145527466036e+25
8.152996584703834317e+26
-2.781316072332404682e+26
-8.175029381633270720e+26
6.854193949694430323e+26
-1.183738583626749386e+26
4.466667251652032854e+26
5.044465605614674811e+26
-1.107196797298170521e+27
2.582510698657641829e+27
-3.043320602993944842e+27
2.359220553908739289e+25
-6.556569275804200054e+26
-6.263864489277032366e+26
-1.946918174591577380e+27
7.455399939062874059e+27
1.424823450483679587e+27
1.035483369967183199e+26
-4.017123665341342856e+27
1.205605503740688493e+28
-9.439599945136672817e+27
3.663141731951500744e+27
9.487143020487402776e+27
-3.136899354107353188e+28
-6.617273108109564628e+28
6.115067748770405931e+28
-1.335669002872782775e+27
-1.145397133242561038e+26
-1.069984956150592557e+27
1.127424366307934373e+27
-4.430657198060052182e+27
2.883070463167959598e+27
5.930669101872960095e+27
-7.603977399531755103e+27
4.900262885461755915e+27
-1.038447886302540101e+28
-5.834619828051414647e+28
2.796945655503815105e+28
3.537714473434802723e+29
1.569685515618604556e+29
5.749266708099610373e+26
2.672419434383437992e+26
2.734840823452841977e+27
-6.177118055677286487e+27
1.828499831885256742e+27
6.574091525027020495e+27
7.041540334647644788e+27
-6.012054922373366728e+28
-1.001125373843277586e+29
6.368335376790134546e+28
-5.574392805902486276e+28
5.443582809722319791e+27
1.296294426292585330e+27
-8.140166151859826746e+27
-5.836286631915067373e+27
1.206219272763162435e+28
-2.906540470448050247e+28
1.390103928731358513e+28
-2.484003922910784045e+29
1.798317522638448452e+28
5.953150297673382520e+28
-1.902587249793309867e+29
2.650481315556007915e+29
-2.001992446242751563e+28
-1.175741962126992884e+29
2.694604305511484055e+28
-1.965267201978950336e+29
3.308850440214098685e+29
4.300779132717793331e+28
1.137277586622288412e+29
8.233746250822342085e+29
-2.357161179074661286e+29
2.811146446322436628e+29
1.027182344666464726e+30
1.291367951023679076e+29
-5.184912421339820053e+29
4.015745035273636922e+29
-1.724605219123406071e+29
-1.521282262260537988e+29
3.489853091915182295e+29
1.167467784492129133e+30
-2.487051171574625898e+29
2.217799806500055982e+30
-1.031538839354057623e+30
-9.151687794192361948e+25
-1.735240666579127685e+26
2.689017867218731776e+27
1.799227041677909252e+27
-1.843967881483862713e+27
-1.092340884107359835e+27
-3.586753274945887905e+27
9.818268614220042543e+27
3.520462156169837200e+27
3.659334059758628405e+26
-5.290253519495084220e+26
-3.195906924099977568e+27
2.608511495265611566e+27
4.497520332090795254e+27
3.146434987053104941e+27
4.967716600002517840e+27
7.806769970430965758e+27
5.711496166756216023e+26
-1.838791226273690887e+27
1.745986252494281352e+28
1.271568915956961555e+28
6.397708945228923437e+26
4.828766148469223230e+27
-5.127232024001389521e+27
-1.196603791490359535e+27
4.766747880898066673e+28
-9.825234874407147229e+28
-1.160372408475782201e+29
-3.988486348099974114e+28
1.229275948039950930e+29
-1.491653318431693500e+29
-7.873374469592880613e+27
6.400026968132970830e+28
-9.275177265695792085e+28
9.929351225910646019e+28
-1.276118402449385103e+29
-1.676695724715284392e+29
-2.054571839174820446e+27
-1.910868747065471453e+27
1.426376179745812475e+28
2.219202178183223929e+27
1.399186664372209154e+28
1.450244593969029185e+28
1.281555875088701892e+28
4.071487685141061859e+26
3.239136045569725957e+26
2.118264472036083665e+28
8.389185736995969865e+28
-4.484717500320354263e+28
2.840728043145305449e+28
3.469302152859770868e+28
-4.617194338265792838e+28
1.087915366557416251e+29
-1.448255647105662284e+29
3.101449890477027201e+29
2.350400526053475339e+28
-1.962299127541977392e+28
3.234744997439077646e+29
-5.938885394547216935e+29
2.808239110762538343e+27
5.473981712978493802e+29
-5.330258725573200537e+29
-1.108217866476037073e+30
1.081600052176391050e+28
2.521510681985495583e+28
-5.505915347932165195e+27
9.226950418888060648e+27
-3.460367039863005646e+28
-1.027685423904865297e+28
-1.006974399205669624e+29
7.199949739099864789e+28
2.024040252538341435e+28
-3.050025416348442946e+29
-1.344118513369808458e+29
3.754116422629627491e+29
2.724147338697358015e+29
-1.078770694975433384e+29
-2.464857088893521188e+29
-3.783487668304299558e+29
6.397925380481767545e+29
-8.527559141414322830e+29
-1.587915809138253871e+29
6.663774169505939731e+28
7.690710226400634055e+29
-6.332293691292241399e+28
-5.901282980415099466e+28
3.635249923914460060e+29
-1.154041823537441693e+30
-2.072102886221327294e+29
1.877281841013056201e+30
2.264161107744626115e+30
-1.236603452001909901e+30
-1.810613812257686520e+29
-1.694941121884588882e+30
-3.009490499831352103e+29
5.273972375215279792e+29
5.275597575261981501e+28
6.637191314836786908e+29
-2.141145961507006551e+30
1.200175422006280929e+30
-1.026055398516744969e+27
-2.038663773197552090e+27
1.163087618213102417e+27
-1.278302815531205670e+28
2.396183153889625990e+26
2.080226884494173540e+27
-1.020927594069993195e+28
-1.202467825575253200e+28
-4.133224255887959329e+28
-1.459669577940564346e+28
-5.444752236806608121e+27
-1.071602371105530380e+27
-1.055234514350292236e+28
1.542331700578292293e+28
-1.293995018469670128e+28
1.949517190944470728e+28
2.264512696524060113e+28
3.739851290751252581e+28
1.308117902328400366e+29
-1.009106853374573689e+29
-1.579906418196643672e+29
-4.479711400560738463e+27
8.652709990368416796e+28
6.189270179560861791e+28
2.246111366050263793e+29
3.619042835204488254e+29
1.696647739973777914e+29
-3.850845499046423464e+29
3.049925860308404654e+29
-3.880270396448361055e+29
-2.210349043938585419e+28
2.883483157892275003e+29
5.115169808496308780e+29
-1.224929732720882978e+30
5.137176842161272576e+29
-4.754687119009033900e+29
9.102832241259459956e+29
5.555106472226568523e+28
-5.325803008232511368e+28
-6.709000073083412495e+27
1.122427165371162233e+29
2.098389946146282689e+29
-1.738026911642785175e+29
-2.454742459204124859e+28
2.211174826593947728e+28
3.321288316176105873e+28
-4.795355631648869850e+28
1.955315113269496899e+29
1.984868782071501470e+29
2.977421844916910033e+29
4.308947569881700572e+29
-3.816459866663540154e+29
4.785805518505007775e+29
-2.669670461143532748e+29
1.599803141942741958e+29
2.407926847574367720e+28
5.941716758684455464e+29
-1.032646665623064428e+30
4.685853793012079226e+29
-6.007586030378173864e+29
-1.264063316325447530e+30
-3.447311580304413678e+30
-9.464925217669716351e+29
-5.832217229328395849e+29
-6.453271520725726817e+27
-3.237971363958162720e+29
-1.354288944951620287e+29
-5.781358817214394696e+29
-2.931084878084878089e+29
-4.500391117431809010e+28
3.919936417862460588e+28
-2.246319964677336089e+29
1.060684621206480174e+29
-3.034464353134636696e+29
7.154101509306251809e+29
1.261966441459628566e+30
-1.162830862896066547e+30
5.990631395434768555e+29
-1.291646115090317876e+28
-1.205622387617029114e+30
2.472523172144627131e+29
-4.096704237664967959e+30
-2.415388367119808006e+30
6.244110974256039769e+29
-1.291695069157079113e+30
3.212011972281324223e+30
-9.241169415812386583e+27
1.713090792524637903e+30
-1.199448748854947877e+29
2.688116690460760258e+26
5.805608958434433295e+29
-1.468260917241214216e+30
1.029563279751330875e+30
-1.949057956266341510e+30
-1.625364159529929470e+30
4.269889105890889866e+29
9.639192796172988475e+28
-4.070523173740032651e+30
-4.512842073746611597e+30
-1.610540086311022772e+30
4.728482915262717952e+30
5.068755218598935477e+25
9.664206023475139541e+26
6.720280750527149296e+26
6.091862699887898410e+28
-4.148593312023651121e+28
-1.169980057271845783e+29
2.953191324924543384e+28
3.544481339923233575e+28
-2.377611263364477630e+29
1.979609816143256268e+29
-1.345853499470150806e+29
1.115993512427095780e+29
-2.181772772239795134e+29
-5.927585932501035748e+29
2.142464160238040916e+29
3.920824112371328888e+29
1.473059982421795708e+28
2.944863529187550815e+29
1.204846511748315803e+29
2.204266179282001057e+29
1.134658522129510756e+29
-7.084223457942435275e+28
-2.543804133010372002e+29
-3.299155401175033288e+29
4.641484118090760662e+29
-4.285484025020398380e+29
-8.811894425863480835e+28
1.422222371844896438e+30
-1.801980362528223994e+30
1.460694584368285955e+28
-9.574701408492081310e+29
-4.475786246634083792e+30
-3.967096584737541013e+29
-2.134715834980960712e+30
5.012718968759157576e+29
7.950123721797074572e+29
4.130581012260058651e+30
2.705448165858889186e+30
1.007239215493623033e+29
-5.004861140726962913e+29
2.932162344395894579e+29
-4.242206973705453045e+29
3.957093114791639926e+29
-1.161575019576110382e+30
1.451753988711563596e+29
1.069414236098708040e+30
2.897576154261949954e+29
-1.804011938364198165e+30
5.219182429928743505e+30
6.400084651396022601e+29
2.719046034931517811e+30
4.200606025222083482e+30
1.013281764735391943e+30
-2.744386368131522746e+30
4.586828972322125066e+30
2.165149144702236288e+29
1.268015223020798648e+31
3.555367229965678430e+30
-7.685243351959452657e+29
3.506525939125577552e+30
-1.852726044532868511e+30
7.653046259396526116e+29
-2.056695274730132508e+30
-6.085131824342655716e+29
-9.106426677215688920e+30
-7.736013802000421651e+30
-5.565626732733843076e+30
3.692407027120799894e+30
1.442534809228682668e+30
-8.553431038163732654e+28
9.006081809821082109e+29
2.854657063537395587e+30
1.027528191684942962e+29
8.579815189649924265e+28
8.224811125240369300e+29
-5.273375054374043584e+29
5.874052614211500616e+29
-4.207180606400623094e+29
1.131274401072717628e+31
-5.770018627205702651e+30
-8.944960559348928979e+29
-1.783364736031773983e+30
1.930689921828564585e+29
-1.964777170082851819e+30
4.413253636995419129e+30
1.766700587001040093e+31
1.719040698154019020e+31
1.480025818472126804e+30
2.663395452826506968e+31
1.268162312312410471e+31
-1.372537724073264278e+31
5.563880266667162778e+30
1.479131636121816893e+30
2.466215036717009698e+28
1.090950947911799818e+31
2.915469957023481696e+30
-6.660928237428462074e+30
1.351152557181457932e+31
-2.468907786409873760e+31
3.332922303527890040e+29
2.425035519559201813e+30
1.885370907874263105e+31
-4.553554240133967700e+31
-6.525542314791009542e+30
7.053304170280673954e+30
-1.711004859602409147e+31
3.867730022300225040e+31
-2.501070158882433366e+31
1.466973314093140736e+18
-6.084549715334969754e+19
7.591707780027600077e+19
1.657646906086447645e+21
1.553614465177971065e+21
-7.231929064808185332e+21
4.413177342476373354e+22
1.362996216031707734e+23
-1.673956361110330409e+20
-8.803497783176003060e+21
6.201251332707610264e+21
2.759329062269718679e+22
-7.144590663692516642e+22
1.604132746761515880e+23
1.016410658302883655e+23
-5.663345857826800940e+24
-5.272347390254713405e+21
-4.773705887013775868e+21
-8.241686800755966607e+22
-8.062517854980181097e+23
1.423972408826378158e+24
-2.101644916783648644e+24
2.178013049319812323e+25
2.346606887998950486e+25
-5.313559941009980470e+22
-9.359533124274715256e+22
-1.741226875208802270e+23
-1.613445393171756687e+23
-4.173375025594172336e+23
-5.844760006375898926e+22
1.918325787987466190e+25
-7.850576364155926615e+25
-2.039198079157685738e+26
4.771501575784715046e+22
-3.860914231575816490e+23
-5.194341671765335679e+23
6.491393466961741480e+22
1.561439647057535184e+24
1.329268741148197110e+23
-5.084440034939628119e+24
2.568890531861523490e+22
-1.327189848115504137e+25
-3.918098217252338098e+25
-9.452290398826960181e+25
-6.375348252319699352e+23
1.560199476014648006e+23
-2.495169454846409433e+24
-1.447316753506497613e+24
-5.673671434134474365e+24
-2.708309905855503766e+25
-4.249378847014377604e+23
-1.516051831040644216e+25
-1.505742159202070250e+25
-6.953794568969895108e+25
-4.162000620888052946e+25
2.458919055668819287e+26
-2.408047048811320466e+26
4.132504331585061116e+23
1.031205553829087725e+25
2.831970397004044126e+25
-1.299258911610773706e+25
1.090722341662846274e+25
6.966331949308060423e+24
1.314953525304633984e+24
6.687424540403329116e+25
1.937906590036446951e+25
2.438627471049576410e+26
-1.864087763886308151e+26
-1.702825053352991918e+26
-1.072977178387581958e+25
-4.765305066759373870e+25
8.359806378708479345e+24
-3.351917074549144403e+25
4.829946558035498087e+25
1.813167939724381348e+26
-6.556475050387466790e+25
-6.919100112862807224e+25
3.322287012118679517e+26
-6.054594857779978330e+25
-7.415940334223981186e+25
-1.952311770824855158e+26
-1.792591443046079198e+26
2.054822528334642704e+27
6.275515775604336533e+26
-2.776091655130993130e+25
-1.568688503027663033e+26
1.976547138894634998e+26
-3.877481452136511781e+26
-4.964050503974492993e+26
3.480987522034981541e+26
-1.977040744981483136e+26
1.108651787486623688e+26
-2.014007773501873138e+26
-1.045999131770214112e+27
-5.984203395261875159e+26
8.851582537484492069e+26
1.148097348103712224e+22
-2.228106482308076567e+23
3.534286557414854073e+22
2.930983646080488943e+23
-3.254611220816892579e+22
1.280597914164164238e+24
8.316048347560456434e+23
2.138952967226886313e+24
-5.060894347895157440e+23
-1.176481137740918042e+25
-8.632524743546485468e+23
8.552639383537487633e+25
4.366866871765267509e+25
-1.069576291240519863e+26
-7.243984056115380460e+22
1.643821920197434648e+24
-1.017427658070265067e+24
2.891669631936977260e+25
-1.044154154737701215e+26
1.183190300462439548e+26
1.684430362398213916e+27
-5.593290001466848556e+24
-1.187335419543293233e+25
-3.306652415305509045e+25
5.541197529659641182e+25
-5.582151592562007440e+25
-5.573521145454420434e+26
8.660958427395329777e+26
1.391634685029284470e+27
1.523078103230714721e+25
1.321350045904243308e+25
-5.037220655257678430e+25
4.212056487423581043e+25
1.037575765419915794e+26
-3.460674335587607325e+26
3.708165240648476026e+26
9.462575641856101461e+26
-1.657924027707523667e+26
1.290126709411183953e+28
2.181916087368415409e+25
2.149089025096261907e+26
1.133921523828742912e+26
-7.737324772761789444e+25
-5.702978533792518464e+26
-2.062844188017047723e+26
1.592784087059160010e+27
-1.414359630250274030e+26
-8.183659723481262273e+26
1.035477446589495898e+28
-7.622769940054131071e+27
9.233787421425314010e+27
-7.863010878060506817e+25
4.503405055687104070e+26
4.596413570875324878e+26
1.055028836651698695e+27
-5.837660923215713056e+26
-1.544389147695409496e+26
-2.876359065713897277e+27
-1.111534044327739656e+27
9.252646428991591562e+27
-2.924696617512697742e+27
-4.030617882120240218e+27
-2.681212856872173982e+28
-7.022406769789476222e+27
5.351590045990604435e+25
3.653320626036502137e+27
-8.835111254339356537e+26
1.025014483466898848e+27
9.061473462787897302e+27
1.126229211553278572e+28
-2.500794929229739934e+27
1.406434332330410070e+27
4.106882157161850040e+27
-1.878173798159394483e+28
-5.256161360188281143e+28
-4.737760203180836954e+28
-3.816384864273681867e+27
-1.074476264215759905e+28
-1.642646563838385998e+28
1.328127886833177110e+28
3.803235928008882325e+28
-8.966866532366632944e+27
-1.094334093374157523e+28
-3.523415892169418327e+27
3.819372209492879462e+28
4.204179779856057381e+27
1.391476244909601247e+29
4.125334122788720761e+24
3.043528533909398266e+24
1.548932187686952079e+25
-5.118746326689472158e+22
3.432511868123141929e+25
-2.343274851854190611e+25
1.308236773615710696e+25
4.300175278826015982e+25
4.518268574882738281e+25
-6.310456035958932835e+25
7.536975932406872853e+25
-2.433962000795004332e+26
4.032208650844762671e+26
6.244170896804172520e+26
1.454170219781543592e+27
6.157564189331105307e+26
1.015943380757934232e+27
-5.058872472066273880e+27
2.481787147717010165e+25
-1.535926439457170717e+26
-1.251459705954831497e+26
-1.976417441901254642e+26
2.657503926099528944e+27
2.420791712822627514e+27
-8.957182582721532371e+28
-1.785146634365237881e+25
-1.864980885231511218e+26
1.639746166046037947e+26
6.450250280309584692e+26
4.087256420487959745e+26
1.272996561214698337e+27
-1.715371546802770301e+26
-1.192128360288317861e+28
-3.227462090447160740e+28
1.299630896330364471e+27
7.460767747647239378e+26
-1.792737150756178879e+26
-1.947489304888094420e+27
-2.236011399033481724e+27
-3.312069037142016087e+27
-1.370262559542700815e+27
-2.220361394119755273e+28
8.126339842043496266e+28
7.398179685443185899e+28
1.272163785692011466e+29
-4.199231618138953626e+27
3.834509404964588576e+27
-4.047867834779911100e+27
3.119404842446862603e+27
9.244330581704635850e+27
3.415220740926624652e+27
-1.564898275507004997e+28
-2.667012474392195879e+28
-3.041877813409883673e+28
-8.796042621791033256e+28
5.555748170026127680e+28
-1.316255010177698280e+29
2.384831612897921330e+28
-2.403973640855373483e+28
-3.188161456399944966e+27
1.716282237420056606e+28
-4.499823078441026868e+28
8.936103370512890287e+27
-8.528656236732371642e+28
-2.074927187217114336e+29
5.974638410719237012e+28
-1.134844951011121825e+29
1.068526742768480525e+29
-4.576579171632354486e+28
-2.276058053245976262e+29
1.410682879169224327e+29
1.596623819128090428e+29
5.687029891143789751e+28
1.850970039605441295e+29
9.432112552381049953e+27
2.395274722629898873e+29
8.642829069850223741e+28
-3.720039144792353066e+29
9.271703502122047877e+25
-4.516100639195996856e+25
7.618025113260466519e+23
-2.396401022214295018e+26
1.857020301425338179e+26
-2.922302910673328683e+25
-1.747196238217999871e+26
-3.978872374001067640e+27
-8.920281472911613544e+25
2.348923792234132307e+26
-1.804557737099666585e+27
-6.101459944184913197e+26
-9.542250216060605014e+25
4.072936909752302725e+27
-3.181583973197562952e+26
1.302769016233607545e+27
4.584295076352587110e+27
-2.638854149549358520e+27
7.586872012649579345e+26
2.864006873836410855e+27
1.067105801843473954e+28
8.234028774292437190e+27
2.106105843010995533e+27
-4.253787863361200652e+28
-9.389477555352796561e+27
4.171271679432944306e+28
3.307057125980205313e+27
-4.633645754814028709e+28
3.220582869507115202e+28
7.290412564776329041e+26
1.081078375739367003e+27
-2.092014124571160046e+27
5.828462546558565066e+27
4.026821463311165000e+27
-2.628474248660989209e+27
9.472984853944533877e+27
1.282402997193488334e+28
-8.488965655096402298e+28
4.224626038341067850e+28
-1.222075384234668726e+29
3.176405421471528590e+29
1.755104940584418073e+27
-4.532691224587705386e+27
5.634652894958234250e+27
-1.919763084540352811e+26
-2.989160879873925894e+26
1.891543819422763156e+28
-8.095365046066561041e+28
-6.784802076136759467e+28
1.796406546054395730e+29
-7.724824772754802010e+28
-1.505145086428255793e+28
3.648221660090815703e+28
8.845445738044636735e+27
1.478370226289570549e+28
1.444404929966681403e+28
1.721212846951752154e+28
-3.790463729431118861e+28
-2.914214243046451966e+29
2.160959487420149742e+29
4.192283809585184447e+28
-3.666605520575805989e+29
1.285561306484032219e+29
-6.288910235240642368e+28
-1.326460655782508295e+29
-1.130115558604879978e+29
8.875686708138600043e+28
-5.696023210369902767e+28
-1.109996551014409310e+29
-3.053747510830798164e+29
-1.193396548306285423e+30
-1.426375534917866961e+28
9.353500860525422524e+29
1.668508660280477721e+29
1.843012531796185112e+29
-1.865155026014368535e+29
1.995629104024155489e+29
-9.990473095826804200e+29
4.846329825376947664e+29
1.502052072765312477e+30
-2.893017428370632366e+30
-3.844401264639152037e+26
8.450893546687734624e+26
-5.289853268387244880e+27
-1.735088308240755972e+26
-3.460496767333612900e+27
3.650742848160718160e+27
-2.878435766909602055e+27
-2.007726985037092172e+27
-1.758173852785206779e+26
6.462266248368547598e+27
6.145386046913438357e+27
6.299339551020311641e+26
3.848922823511924853e+26
-5.518637182907612660e+27
1.252837981933635418e+27
1.905872918212724588e+28
-9.461915164339114258e+27
2.328298436571305974e+27
-2.035936203255663518e+27
-1.330597835127440902e+28
-3.699563307439375891e+28
-7.645168765185973500e+27
1.111959893642970437e+29
-6.351028068418573520e+27
-2.061782343745558256e+29
3.599814699992437413e+27
5.726535327778893282e+28
3.446916741917551773e+28
5.874892006121207818e+28
1.741576405984991811e+29
5.998660564867722368e+28
1.264315317211690043e+28
2.352807100262662447e+27
-8.442307531997776989e+27
3.882735813998070066e+27
-2.054850045441179404e+27
2.003855557337700481e+28
6.065096849525140201e+27
-3.124117728972431241e+28
4.715331865332519898e+28
3.340900723900069309e+28
3.204691092696032938e+27
-6.554210309851603824e+27
4.272876558815295231e+28
-2.814301069761824718e+29
-3.442961419662627695e+28
2.585069063188255699e+29
1.690167223865458042e+28
-9.568287846836183089e+28
1.040126259897774427e+29
5.342428250791582991e+29
-2.182564643405383927e+29
2.734320002672860849e+29
1.848448544803768091e+29
1.375613227723607476e+28
1.285305014920817510e+27
3.024535788364860504e+28
1.906256070047422140e+28
3.116596058872168338e+29
-2.954807136921495188e+28
-9.929886627443589939e+27
2.531599901731993212e+28
-1.114656463103021228e+29
-1.592383554646383041e+29
-1.289394873096508885e+29
-6.276287562932925008e+28
-5.083950531260337573e+29
4.639034743856392859e+29
7.019839119403648509e+29
-1.504147135793172078e+30
-3.363441126686043415e+28
-3.716163839834075659e+27
-8.442940522462078709e+29
4.186605298373550550e+28
9.465302326608999728e+27
-5.042336053409456686e+29
-2.097747718634706144e+29
2.740494162406918604e+29
-5.275560308381444825e+30
-2.543269872228009934e+28
-1.722593465148849403e+29
2.623246377138063963e+29
9.745812865584827673e+29
-9.456808604314774990e+29
-8.810177949098687362e+29
7.074867474084872767e+30
4.866382137406064018e+29
-2.525920844197341676e+28
-4.695904230829365786e+27
6.039763761800717779e+27
9.464214689121339056e+27
-4.394076031345520237e+27
1.399768269356007802e+28
9.714890342675596222e+27
1.014947065231676543e+28
-3.844070994501307138e+28
-8.701377784269170692e+26
-9.924769561655508041e+27
-1.387363321231875229e+28
-8.600853187010646367e+28
-5.000855216570818250e+29
1.174269418245905764e+28
1.873765297380016390e+28
-4.756184210199602383e+28
-1.194393489695263067e+29
-1.659436866086024692e+29
1.999497201789966659e+29
-4.965974292517639903e+28
1.092891945509174588e+29
-9.523566428524234559e+28
-1.871834038134878166e+28
1.670696059745809117e+29
-2.791341901580758548e+28
2.870727736711155120e+29
-3.722202988640178436e+29
-7.480550133811082387e+29
3.402994187948327253e+29
1.953010293547097505e+29
4.895949144802029423e+28
3.194212852875181697e+29
-4.443335691062439048e+27
-2.078857241707477892e+28
8.621241360687651886e+27
3.180827503040648395e+27
1.278784211565079556e+28
-2.546437791777128171e+29
-6.516402854779566466e+28
1.333050972749618583e+29
5.993531670225482586e+29
1.099228650062807938e+27
-3.253672952338831646e+29
-6.875173237769959986e+28
1.743774563900820307e+29
-1.591770749092881455e+28
5.565158188172823591e+29
1.054242090326231949e+30
-2.377801667615991472e+29
-3.762590798317298163e+30
9.062800627284643982e+29
-8.220640103571588737e+28
-4.299964773402904438e+29
-2.395065916037087061e+29
-1.502280683272848358e+29
-6.895773001899678715e+28
2.231655787537583888e+29
1.482656557545549811e+29
5.841119335941680703e+29
-7.678038162002829803e+29
-8.823459022200721195e+29
3.683276710315004048e+29
-1.537445189492732799e+30
8.526200152056960627e+29
-5.392181168144819737e+29
-4.041106746839809552e+28
1.948554427739845116e+30
-4.623526878885062360e+30
-6.867538886755655050e+29
7.525209983064878558e+30
-1.585938418679754868e+30
-8.568836975700202497e+29
-1.281694965500034341e+29
-4.160656205637076769e+29
4.437453379960626663e+29
-1.695712983653742158e+29
-1.081121296413227280e+30
-1.029255038680005297e+30
4.536832766145642980e+30
2.294773200389497282e+30
4.037749457859853970e+30
-3.555038010144895011e+29
-1.679626921116732078e+30
-3.569329300879292130e+30
-4.164857327193430767e+29
-9.188466506487408742e+28
-3.168393458185290634e+29
1.908058370892754927e+29
5.404360813086843878e+29
-4.403870583723621002e+29
5.357456317320139734e+29
-3.577942662952815909e+28
1.570906049207785187e+29
-8.189198843261898860e+28
-5.092195290758509990e+29
-5.179332992574918143e+29
-5.238532584474930152e+29
-3.751238299445356473e+29
-1.262648282550453571e+29
2.969535914434799811e+27
5.425574690199540453e+29
3.004324860337824178e+29
-1.341278883686411446e+29
-8.657739900934800624e+29
-1.786664013262115897e+29
1.548434510059583912e+29
-9.178849047535332457e+29
-1.298664578954337507e+30
-1.625264718179801509e+30
2.372061027535589358e+29
3.827732007049621991e+29
2.578300651937886882e+29
6.582584132679354715e+29
1.285840659077087427e+29
-8.013368607053937484e+29
2.047751491757390652e+30
-9.525945191235131395e+29
9.450762371106004996e+29
-1.960688173255558028e+29
-1.735586591378021139e+29
6.214164758878487740e+30
-3.025563746686625448e+30
-4.675422644552948921e+30
-2.905307211383566181e+30
-3.003179875499603860e+30
-1.360864524338078303e+30
6.614774383065143523e+30
-3.741633792027125095e+30
1.290967805607809826e+30
-6.623232869953441244e+29
1.350434475211842542e+30
2.654824771029905750e+30
-1.292337802751712317e+31
9.317987353710198558e+30
2.622870617081206743e+30
7.194421039441214230e+30
-1.947971530271829854e+30
-8.693330631446656296e+30
8.809851759437590534e+30
-1.465811375485907545e+30
8.196763997287054328e+29
1.388593643557504094e+29
-4.163695670159076002e+30
-2.951202812124463976e+30
3.223218453840030120e+30
6.427141141132013156e+30
2.361845980034262445e+30
6.547029975511521765e+30
-4.387632742106167530e+30
9.896773473448068740e+29
-1.454156730135855937e+31
2.018104767556084844e+31
2.216076872104246844e+30
-6.497439424235409973e+30
