-2.319856066723400000e+16
3.406446622823136256e+18
-3.094148765436886221e+19
-3.811054793455028142e+20
7.224291520257030881e+20
4.744328103942157238e+21
-3.201651968589837212e+22
-1.232716898474101844e+23
-4.659828816202180854e+23
1.747449710753782784e+19
8.427601709142157558e+20
1.733841410342547096e+21
-1.988561535483410540e+22
-1.953664397349492800e+23
4.319955448168124703e+23
5.201374400654800868e+23
2.533260435242345073e+24
-2.073330706877459081e+25
-1.982841902176581059e+20
3.229174294480136071e+22
4.627128602599024178e+22
3.854515801032135415e+23
-2.464863716185980115e+22
-7.118979701873054717e+23
3.047855267422418953e+24
4.142936848390743912e+25
-2.018265420978658458e+26
3.480438132160211190e+20
1.074275525642483977e+23
-4.109624201634166656e+22
-1.206095560126816995e+24
-8.782482521102302514e+23
-2.200162527405534555e+24
4.994970297999349359e+24
-3.193663499851585504e+24
6.668111179373983937e+25
-4.466758236615223063e+26
-4.097083413195626906e+20
-2.213310536297775387e+23
-5.751417860764618111e+23
-2.748909492303732419e+23
9.466365708128105875e+23
3.355622082963067640e+24
-1.036178131475070013e+25
2.127590398316468886e+24
-1.970680762075802030e+25
2.811090341402494008e+25
5.116368967155340984e+25
-4.250559105221994749e+25
1.773637163391727226e+22
-7.678350227225190345e+23
-1.351379270652113596e+24
1.283706401146804791e+23
6.734721701198099043e+24
1.395098937933855748e+25
-3.348347881605598251e+25
7.302053804959936216e+24
-1.362330313583470984e+25
1.618962458159793719e+24
-1.261936680353163699e+26
-3.105104987671489246e+26
1.409208838661221322e+26
6.659707823296507054e+25
-4.668851579051863074e+22
2.501685631445247029e+23
7.410830824339998060e+24
2.162009688899697481e+25
-5.930759948686203187e+24
4.382923156304287929e+25
1.262531063145053172e+25
-3.813585619089092094e+25
-1.048192762456630193e+26
-1.282454085414355760e+25
-7.874356886499624814e+26
-4.609922838726070366e+25
-3.004456408702877838e+26
6.333835298801930395e+26
1.057936671559711344e+27
-5.362745310942525915e+22
9.755695633187779826e+24
-3.137873870262706687e+25
-4.264749585062588911e+24
3.408015503004247803e+26
-7.416047980195122595e+25
2.977914544032537943e+25
9.327670904107985852e+25
4.142553490002506959e+26
-8.287470867915997204e+25
-3.236256517910569665e+26
-6.266589398960313292e+26
2.646243669958109017e+27
-4.389707674518574223e+27
-1.801626164767881276e+24
-2.145675324879404175e+25
3.344281626506576172e+26
6.671760156128584254e+24
7.841883349330882381e+26
-6.796267635467963911e+26
-6.655232433774419453e+26
-4.653256696456861353e+26
2.609527866488403514e+26
1.314439672084806858e+27
-1.618628661233426968e+27
-8.150164890675786810e+26
2.272029017591499884e+26
-1.699942296440097473e+21
-2.049532103001043370e+21
1.725418494463716203e+22
-1.082022368036564731e+23
2.110497951568986374e+21
-9.853475346207760471e+23
9.494541495741677033e+23
-1.475989916838578147e+23
-9.063655852578543103e+23
-1.990849561667945909e+24
2.391450693192531246e+24
-2.072910828138121207e+24
1.321829455907695596e+25
1.019611510664202563e+26
-1.781415174140568865e+25
-1.308545839566109593e+26
1.755030899014273692e+23
1.008218593892662698e+23
8.014276278209990948e+23
-1.226843025737307078e+25
-4.853262498820401621e+25
1.506887414750089555e+25
1.486211497410400158e+27
2.108122151248912675e+27
4.135515350718975647e+23
-9.190659719445030222e+24
9.919015665313226867e+24
1.458580557647764698e+25
1.258893133491138853e+26
4.718518027295772097e+25
1.104242782539358986e+27
-7.889985212680420149e+26
-1.377265604955990307e+28
4.779103009407931278e+24
3.772564259241063934e+25
2.593534931431334923e+23
8.513043348052080521e+25
2.209979852276421339e+25
-4.353074322895687695e+26
3.474632292242634199e+26
-7.455541533462440613e+26
3.545037629056194811e+26
2.000503430021108126e+27
-5.806945475972768604e+27
7.424833493329024045e+24
2.073492665876254184e+25
9.840883312601898713e+25
4.876905545333190446e+25
-1.196388766341585207e+26
6.605220869869631726e+25
7.107029110130194131e+25
1.583450413596288190e+27
1.669376074345558053e+27
-5.162885388583366902e+27
-7.171214242099894062e+26
4.593393868098327460e+28
5.697115718084519095e+28
1.503827918661983839e+25
3.063358030540505535e+26
-3.135513212201585766e+26
-6.011157391379865868e+26
2.223900060505711410e+26
-1.301958427803818306e+27
-6.043154780538173690e+26
2.626293834903104437e+27
-1.192138473828989093e+27
-7.040246425927674245e+27
1.727841360788062933e+28
-2.212602750088333780e+27
-4.661372249379534605e+27
3.908529843286672338e+28
-1.302810234580976334e+26
-4.755215168427682702e+26
-3.335010737406074538e+26
-7.474709059936809129e+27
-4.114921102137397482e+27
1.633457553117119571e+27
1.243514075332507580e+28
8.063271931453836402e+27
8.917677760502574706e+26
-1.257325410640513106e+27
-1.171355460225388260e+28
-1.240770721565120447e+28
9.059206488566372738e+28
-1.135982607981431180e+26
-1.589455942433677928e+27
-1.084016653291471479e+28
-2.620263090633072162e+28
-2.523434674966379032e+27
8.669987500508513945e+28
-1.395217185084757013e+27
1.069827946971053952e+28
5.558485837594001481e+28
3.238257666069261912e+28
4.096839503537254212e+28
6.425951406384379916e+28
-3.043435476870614703e+23
2.025116873375764779e+24
1.924253947552924919e+24
1.043139896452317100e+24
3.119533124418532116e+25
-5.936626677154493439e+24
8.833313331237420884e+24
3.187676122546097580e+25
-1.173250342825419735e+26
-2.086427402121067410e+25
8.511507291757323737e+25
-1.676046879731007266e+26
-2.747004312367123470e+25
3.260123246193475413e+26
4.099298854031043068e+26
3.108986929811796594e+25
6.880099181973820607e+26
-3.244464192399191899e+26
1.103911366620058221e+27
3.548444075552248185e+27
6.952285565974505241e+26
-7.513119436108398251e+25
1.336604544998053895e+26
1.250617652678571091e+26
4.398494690472523709e+26
3.541032148741702796e+26
-5.594719111787484307e+26
2.345301548427880719e+26
3.752769556264591848e+28
1.606522157243258540e+26
2.397301659621817277e+26
-2.198247965823293880e+26
6.021502260816802156e+26
-4.926315325264329689e+24
1.730612466411040530e+25
-1.313163474468492664e+27
4.073987119258140477e+27
-7.904745159220224256e+27
-1.419837682302821643e+28
-6.361011659836976297e+25
8.537903787083324162e+26
1.253876205097050009e+27
-1.832197272318200940e+27
1.884296191736407258e+26
1.460947849193219932e+27
-3.933247460977916649e+26
6.181261261493724332e+27
2.361497584401994480e+28
-8.622977413417956860e+28
1.561950722996720329e+28
-1.630103618940260414e+29
-1.166308470768789283e+27
9.255699416557885541e+26
2.331642521585040718e+27
8.768907433217181360e+27
1.204143929646131225e+26
-7.435979961844143951e+27
6.186000650383635844e+27
3.270045304493358609e+27
-3.007741847621143417e+28
-1.830044514283910400e+28
2.498322439231081611e+28
-4.706181389888539781e+28
-3.758592625588157687e+29
-4.117599089636318168e+27
-4.822188998732698668e+28
-5.467679493739731116e+28
1.619608012951593032e+27
-7.664542356432934052e+28
-9.543050718589270180e+28
3.058600486466311490e+28
9.074890340609112576e+27
-2.080098064438354049e+29
1.103404310193653312e+29
-1.164332313506016696e+29
-3.594187518869384962e+29
3.901057082493301105e+28
4.406240865459768756e+28
-2.030975491724956418e+29
-1.291538852133366163e+29
2.548751147940049347e+29
2.086970351156591163e+28
3.155862060353460178e+29
-3.497536963074354710e+29
-3.527786007941870941e+29
-2.386650833919285668e+29
-4.356370239356552807e+29
-1.201996211307893366e+24
1.195689825181965665e+26
-5.574209547950683070e+25
-2.144840700306825709e+26
-1.376664478903343440e+26
1.886422974482173937e+26
-3.333626201068662740e+26
4.680176070990311010e+24
2.731392856912870039e+26
-4.714641339299062010e+26
2.833079099211002998e+24
-4.023317499781376455e+26
1.194363663170755074e+27
1.967387232165447143e+25
5.043662941125682260e+26
-3.133142212204375626e+26
-3.018252812571185252e+27
-2.921807257764606580e+26
2.282826638737699285e+27
9.813343224521573423e+25
-1.970459787781084047e+27
-6.090852233914871034e+26
6.279399608086544229e+27
1.122887949195328870e+27
5.470056757472633608e+26
1.493764228114718447e+28
-1.447165942587062284e+28
-2.697441228268901706e+28
2.402671782252680033e+28
-3.153461514149755941e+27
-7.645893417536694668e+28
-4.030519480123715070e+28
-3.313428909194585436e+28
-1.837686435077675446e+29
-2.777689041284305079e+25
-5.522765108885498494e+26
-1.424896981095986218e+27
1.187582654417028133e+26
2.507627558934347051e+27
-2.765599519420125763e+26
-3.348257871168109690e+27
9.850988328051927759e+27
-1.824081635742669374e+28
-2.631011717729663550e+26
3.527914332124886775e+28
1.012966137033920452e+29
2.026993104077395028e+29
-1.591749622448720929e+29
2.893424600765121359e+27
-3.362958809709522346e+26
1.263655625159945142e+26
5.655040391995802947e+27
1.538357482264108389e+27
7.926813161055268502e+27
3.992679125377545833e+27
6.213662372649087145e+28
-6.350919880190091056e+28
-5.680039833496634325e+28
-3.943195624429711146e+29
2.457693771318809568e+27
4.339103635394886455e+27
5.070363414932731246e+28
2.186648321773466018e+27
9.976152535963676823e+27
-4.909775526345749049e+28
-1.281050195087818252e+28
8.244973532200190726e+28
1.284789591504973755e+28
5.749257648210433737e+28
4.241789513321008064e+29
3.230072786553986896e+29
-2.392167957074549065e+27
-4.081773234302023939e+27
8.542034144404904455e+28
-1.801402896153153017e+29
-8.247797702917389526e+29
-6.315852645239755326e+28
-8.299023049744695915e+28
9.834139480439327485e+28
9.083061299708506861e+28
5.271501208792853186e+29
-2.674118652470030413e+30
-2.801328061368747961e+29
-3.815646960201856875e+28
-5.208126487468660261e+29
-3.863992165712011448e+29
-2.551366510655195273e+29
-3.577130342302226990e+29
2.116786113183047438e+30
-5.499552780415733066e+29
-1.566145880249351962e+30
8.428018954785612193e+29
-6.015293920596275622e+25
2.165842867046366265e+26
4.510630993544134936e+25
-2.845870514546325342e+26
-1.308703468340742025e+27
-2.853201923151013131e+27
4.607339525375525172e+27
2.176304483292972820e+27
1.077964720897095834e+28
1.941138155284418962e+26
1.055115032538212718e+27
-8.735354190408300222e+27
3.974008110212942202e+27
-1.734506145789163285e+27
4.038594037238606327e+26
-2.801262830263215417e+27
2.882613391945675240e+27
-5.182371066210985614e+26
1.026538213004088605e+27
6.722377907744157697e+27
-1.488851462551720642e+28
-1.500786684351088476e+25
2.056184478308489842e+28
-2.951726815035775117e+28
-9.099947041236069795e+26
-1.933855721269062243e+28
-7.680145769177031702e+27
1.289174555842698178e+28
-3.087428663299313058e+28
6.630128066628230741e+28
5.195880780225993449e+28
6.876149881614630307e+27
8.053611473836226644e+28
-1.345259100709446501e+29
2.059855634472826394e+29
-1.930683983544393702e+29
-5.934597166696547239e+29
1.036369688599330281e+28
4.878781324529709544e+26
3.013169148389490704e+27
1.034097680790187146e+27
4.114098731668365066e+27
-2.050983709711605208e+28
9.899851253390138680e+27
1.191171351925163142e+28
1.179219595702596266e+28
1.512313267928938017e+28
-2.742595629281881427e+28
7.442136145141270508e+28
1.437124969843566718e+28
-2.031712536504414894e+28
1.512392006851484131e+27
-1.585919047773602438e+29
4.238634835364635561e+27
1.613240300874387587e+29
-9.429383924492576124e+28
-7.051524509067241269e+28
-3.400989047662634296e+28
7.588047878484175054e+29
1.252696657186476318e+29
-6.021166420510357881e+29
-7.240536450638992035e+28
2.531454929436584328e+29
3.544948972488380487e+27
3.408961305525976390e+28
1.041350258229572225e+28
1.629395891958469700e+28
2.089242380171857173e+28
7.921946286395294804e+27
3.229753260773176185e+28
-3.989128161164793196e+28
6.119678216017621305e+28
-1.446856492364600683e+29
-1.212482979229481654e+29
-7.048807797261563385e+28
9.199777445562480776e+28
-8.392001255841273622e+28
1.831814851290455814e+27
-8.380023319571311523e+29
5.236384878577505800e+29
9.297702046637571273e+28
9.907822870524489980e+28
-7.552132087208025914e+28
-6.337731546762924926e+28
8.988552641439156318e+29
-4.738047446473434853e+28
-1.149908655160012603e+29
-1.425941579883266472e+30
3.670615558113111848e+29
-8.645794913143015500e+29
-3.525820892332789082e+30
-8.229967299762090067e+29
6.340972077076630649e+29
-7.986693544528988467e+29
5.983992813588901799e+28
-1.803426828369430774e+29
-3.220231486987947387e+30
1.465210130126919822e+29
-5.317487129699055532e+30
-2.683896749760545763e+30
2.352080301820255704e+26
-2.978519584242931291e+27
-2.594899864126867101e+27
-9.614614847155399411e+27
-3.589150847908797172e+27
2.474268177110147075e+27
3.174960097076373936e+27
-3.588964148348521126e+28
-3.552419331352281497e+28
-2.101679593677764259e+28
-1.099561490767319902e+29
-1.732975138374197169e+27
-5.279028326550746927e+27
1.227293829761006978e+28
-1.180169746920093685e+28
-4.311306064408183287e+28
2.619721318253095592e+28
3.006536576835605974e+28
3.916709748019888723e+28
-1.988461083476064055e+29
2.864807554733247319e+29
-2.609028655772287538e+27
1.081401102583302848e+29
-2.168366299172799751e+28
-6.291578060372909480e+28
-1.561752457249529005e+29
5.608761916135159027e+28
9.006105314145075914e+28
1.551550321152251402e+29
-4.327617445339571554e+28
-4.196771270992233496e+28
-1.135509660065058432e+29
2.390408251090690898e+29
4.068505664704560083e+29
1.034297586901569561e+30
-4.088861264766266019e+29
-3.331812428695788092e+29
9.001519403786238738e+27
5.688200984203824665e+28
-4.517643348381203913e+28
-7.631234611433606669e+28
9.927025576137336081e+28
-1.935736312452476161e+29
2.246848585786767593e+29
8.680106278571996594e+28
-2.930538480818813320e+28
-1.061727209348327868e+28
-1.841086853505286759e+29
-3.972735495422144470e+29
5.601399532757369160e+29
-2.282185625115284279e+29
-3.620085868239216546e+29
-1.584650585226321110e+29
-5.196010032315520485e+29
-5.732028590982125801e+29
3.802039363653231460e+29
2.464769464405599435e+29
1.985608513419878397e+29
-1.100743307480878694e+30
1.033254809594999838e+30
-8.736271531459204048e+29
3.517091050465535249e+29
3.209329168937749117e+29
-1.396757375040827150e+30
-3.222644997937024770e+29
-2.353460243025588646e+29
-3.832947426400614664e+29
3.601067335630109636e+29
-8.798723919183901463e+28
-1.748944987752676255e+29
-3.548088085028430890e+28
4.084402118184580679e+28
1.097499881211014192e+29
7.870798106470028008e+29
2.378511449555459891e+29
-2.969719444835432309e+30
1.174918361301823085e+30
1.625086924133008167e+29
7.733906071523071807e+28
-4.098632521699387523e+29
-2.787347796495384084e+30
3.612247366338262125e+30
5.940527427099797169e+29
4.236655382926822066e+29
2.150326812370486330e+30
-2.980910975754289309e+30
2.562425006158359042e+30
-4.944642288477728898e+29
-1.065059493111314805e+30
1.272782060925221822e+29
1.886456758496753355e+28
4.545214597435339395e+29
3.209631902256947563e+29
-1.876278025326387616e+30
-2.280241061016452931e+30
-1.248249211967283772e+30
1.786903047093166271e+28
1.548455331670877213e+30
3.534772154084916833e+30
7.760605595559451107e+29
2.040263365941299556e+30
1.341185353559164077e+27
-1.003277097742773765e+28
3.180902580288708437e+28
1.676296734132619118e+28
-1.038334367025956369e+29
3.864057001830424112e+28
8.420504411425011659e+28
-1.391256993570844547e+29
3.107103537624053004e+28
2.165685270108166997e+29
5.160331629532910458e+28
-1.258996815232894172e+29
-6.168291585584983033e+28
-6.948466947877723331e+29
5.351692074365950501e+29
3.390703368687980800e+29
2.194921648157618763e+28
1.137385060037786861e+29
1.732300596430622846e+29
-3.675644883304798889e+29
-3.032811786557738427e+28
-9.463040707033787348e+28
1.801971067132724898e+29
2.696474665380561671e+28
1.361801090814503561e+29
-4.993004572754822827e+29
-2.279141011401264969e+29
1.841767282302088623e+30
2.272869930168658108e+30
7.023655759525116497e+28
5.137110293048847388e+29
3.663050758289719812e+29
-3.527029275773965083e+29
5.353566842779495659e+29
-2.106249330734191086e+30
-2.421515554572337689e+29
9.952493111944597021e+29
-5.701122575192951161e+29
-2.033796876233363524e+29
5.954532979675203315e+29
-9.296031273723184153e+28
9.435092845103516785e+29
-2.055519717488050991e+29
1.795813528568838865e+30
4.072411595328176270e+30
-2.814669808286716147e+29
-1.013250435180646462e+30
4.910985896580312945e+29
-5.525838365307749197e+29
5.977801523939061808e+29
4.986635229257381733e+30
-1.813966867124845696e+30
-2.985164293393640378e+30
3.867461693128210294e+30
-4.817687704650031895e+30
-1.014185821716386092e+30
-3.793060548194898893e+30
-3.014512635685762638e+30
-1.960925039716231724e+30
6.076053695859065333e+29
4.623092740767435401e+30
-1.194641240601955730e+30
3.180149040029989081e+30
-2.120239209388188288e+30
-4.438834085153388820e+30
1.718371514052528160e+30
-1.105488852283751516e+31
8.216540317851625036e+30
-3.405299671425998166e+29
4.712458954765069933e+28
1.976356905578616955e+29
7.807091429437374169e+29
1.818450180303514158e+30
9.228427765902590419e+29
-5.291195510670272786e+29
-2.111369747986115799e+29
-2.723642868346726745e+30
-6.992546801727797381e+29
-1.010362537119458758e+29
-1.406731655342727566e+31
-9.612321091081961385e+30
-9.317324817827213833e+30
7.939135714019186289e+29
-1.367984785504066424e+30
-1.090113339412215717e+31
-1.181815893480415755e+31
1.661172188639512795e+31
-8.398356764240571487e+30
-1.103137885025183360e+31
1.559175988150684338e+30
-1.763127541288759821e+30
1.453219464148376684e+30
-3.319530172530860792e+30
1.459206678701045747e+31
-3.061323266428199869e+30
2.047893024157634279e+30
-1.259966978180044844e+31
2.494897198988005944e+31
7.782719806143942670e+30
1.184889055026812158e+30
1.152971322996747667e+30
-2.071315961674398026e+30
8.836798389468256686e+30
-1.404112790962747774e+31
4.346034750639255299e+31
-7.668992470791561605e+30
9.113832379261221374e+30
-1.056050294698434619e+31
1.285240229622254182e+19
-3.806132650122092216e+20
9.879116830851184722e+20
-1.650919399403717919e+20
2.879226737778837946e+21
-2.006040514040136991e+22
-9.934920919258666474e+22
1.915654642228574164e+23
-5.628206674135233331e+19
-1.821692221017978831e+21
7.115905167663910460e+22
1.060859811706300562e+23
-2.209537329312803701e+23
-8.290346524074584310e+20
2.735604621593566815e+24
-3.766391484345044942e+24
1.405063037477880594e+22
3.824718887724048502e+22
-1.764354298787054328e+22
1.416400738857942979e+24
9.219598946815171824e+23
-3.883368630633119433e+24
2.683684491947098721e+25
-2.354127395678672731e+25
-2.288342524643570719e+23
-1.070556935983719126e+23
3.989564357424381889e+23
-1.423082500904809266e+24
-1.102909276627559535e+24
-6.352029027937620465e+24
-3.087039682626763430e+24
1.686275047008181869e+25
4.213453460476512404e+26
7.760109554011808255e+22
-9.252122844016885084e+23
-3.305978889339788402e+23
-1.540739208938101364e+24
-1.525562406501723660e+24
7.747805504532873235e+24
1.701458157251480204e+23
2.756652478492936030e+25
-5.909024696341995090e+24
1.916004332808013411e+26
6.736270862103053468e+25
-1.898589826379306752e+23
-3.027223010138776874e+24
1.189348406440035682e+25
2.589612978194755803e+24
5.478603650613856115e+24
1.350295444169927921e+25
6.289713079624695084e+23
5.126845426098620892e+25
1.327635031282354766e+25
1.971311291746697694e+26
4.589309697975405114e+25
2.128760866629102262e+26
-3.675652492779006879e+26
2.321094938265816891e+24
-7.500308805597550210e+24
3.823837137031899320e+25
9.652888517904358779e+24
1.775392679700212602e+25
-2.304704293208576326e+25
-2.476908253596252875e+25
-1.578722751289786630e+26
9.760138835078074933e+24
1.804507481259346446e+26
-4.942015385523756483e+26
3.444824903638216120e+26
2.236215273274719896e+25
-3.911161924821650231e+26
7.907592212249978044e+24
-6.374730436738013797e+25
1.590882799806061499e+26
5.904881844178901743e+25
-2.250880640993820004e+26
-1.567989649185095580e+26
-2.139133473596991395e+26
-1.397810537555081796e+26
1.210614802713383600e+25
-2.089422899502601915e+26
-1.685154968014018784e+26
3.503803046188256253e+26
2.923959585815892037e+27
6.347146872887758291e+25
3.271577385302907698e+26
9.139554022378669817e+26
-8.708797846759020563e+26
4.243870604046815878e+26
-1.502515739778078879e+27
2.267836760276189329e+25
-1.675550554288502295e+27
1.117642452128294851e+27
-3.431333084974703734e+26
-3.806489754756853807e+27
-4.396966162213493415e+27
-7.117712321395459883e+21
-1.395680273941246425e+23
-3.789535104195745337e+22
2.526101453986466470e+23
-4.433599396845437625e+23
-2.359251127397419466e+23
5.571960520000882648e+23
-4.884501573881700221e+24
-2.199940921167059972e+24
-1.051121388622709330e+25
-1.718380151655759323e+25
-3.682047571060291755e+23
-1.182514208279905293e+25
7.113453151480745718e+25
1.305281659611441655e+23
-6.126300660746240607e+24
3.863213091893450164e+25
-1.484267808526826251e+26
-4.980234143761849030e+25
2.664351851859851812e+26
-3.148795793090493571e+27
1.202376430391916753e+25
8.511002438144202927e+24
-5.837617024244178730e+25
6.890953072973053085e+25
-1.490887140220092331e+26
-8.483449122641637297e+25
3.421659147125634847e+26
1.030306468149000724e+28
1.609202871884810778e+25
4.059707913726408826e+25
-4.188155313135247578e+25
-7.047704541407192896e+25
2.520794980853406660e+26
1.395751698138231724e+26
-1.562229055019486363e+26
-1.197579140039765625e+27
-1.245825555963104779e+27
-1.055551543818704206e+27
1.162525978164001420e+26
1.257286991401738565e+26
-2.148537441985934730e+26
2.508413879316253521e+26
7.873201113007665876e+25
-1.221738988476898984e+24
2.171319067166087787e+24
-9.212180710890244533e+26
-1.415690057571921113e+27
-6.799036830499576977e+27
2.199658569840457133e+28
-6.747702700548101425e+27
1.240445023811623767e+26
4.574833957516338680e+26
4.912951107984204133e+25
-1.163823888932320071e+27
1.668099471943185834e+25
2.280455235098870649e+26
4.515724118835406292e+27
-2.364115447342626244e+26
-3.338870065359947648e+27
3.902985661117773429e+27
-1.080653710220892900e+28
-8.497354770781927349e+27
1.078810967418577340e+28
1.696133248406093206e+27
-7.071704308825291385e+27
6.066258472469080970e+27
4.851423319325093487e+27
-7.369882194880465765e+27
1.005166514412052267e+27
2.545654860149043875e+27
-1.126147935167621263e+27
1.639889702452338908e+28
2.088034837871379101e+27
-4.490785825572481730e+28
-3.173324012710037617e+28
-9.860788099732600234e+27
-1.726784451866686287e+28
-5.842320194696994443e+27
-2.996156417701081801e+28
-2.477473518176001291e+28
-8.110771989796290520e+27
-5.182030495213183546e+27
1.120393380012930630e+28
2.718470025345789622e+28
-1.213600831713463768e+28
8.486254129808042663e+28
1.926225200016823090e+24
4.212566437723394925e+24
4.501239631623286212e+24
3.273161677057056183e+24
4.673108299278128998e+25
2.257071558141501838e+25
1.972250204572070613e+24
-9.810061234893316430e+25
1.635955115583874051e+26
4.359457532613962334e+25
-5.761048843482243575e+25
5.208678776957775360e+26
1.842377035166190954e+26
-7.894080691339233676e+26
-3.117530592386343736e+27
1.714769592708485621e+27
7.117439900037528333e+27
-3.833919762110364570e+27
1.092793352525594048e+26
-3.805667177409469745e+25
-8.621444847882792888e+25
-6.638228929244908169e+26
-7.542283319028559678e+26
9.523700786226233035e+27
6.308621949204409882e+27
3.011441844726523985e+25
1.872431894810452299e+26
1.099079010994744772e+26
-4.720073502745396319e+26
-1.791753276795045942e+27
2.895547365175628634e+27
4.522401525974844198e+27
-4.441304788143637701e+28
2.359350972142727207e+28
-5.549162662173077748e+26
8.265602234263395538e+26
5.933728830739806922e+26
2.623922248024298165e+27
6.133357022887358514e+26
1.398132802643438465e+28
-4.181757657223804345e+27
-1.186816984618791791e+28
4.125747209824453808e+28
-5.456361163921216491e+28
7.398356292130044535e+27
6.179671555942639135e+27
-3.361397870766392367e+27
-1.671542868228881321e+27
-7.121919520323400207e+27
-3.800704427962598128e+27
-2.939611454226556619e+28
7.650113877160748803e+27
-3.712306049234383639e+28
-7.085308054596146713e+28
7.432748649817916293e+28
1.342066802059048601e+29
-8.538319342770469507e+28
4.248686655381894424e+28
6.508357898281349523e+27
-9.243791518815455704e+26
3.937714567165791566e+28
-7.393028892172303493e+28
1.115977224120186370e+28
3.636649821569023261e+27
-1.585598051357886484e+29
-5.087061379822485202e+27
1.191243418596737051e+29
2.616029222011027179e+29
5.807112875158766734e+28
1.007184163655811293e+29
-7.038856720643413268e+28
-1.276230736292420758e+29
-2.697137224173707503e+28
-2.036757306321568249e+29
5.140076082411284825e+28
-1.539610664196882750e+29
1.081004815608612779e+29
1.267966761422439467e+30
7.805484243401696375e+26
-8.825315389561508453e+25
1.268096884241931423e+25
-3.845705695552740470e+26
3.095653932998437459e+26
6.399746811497860474e+26
3.750765188715240021e+26
-1.897343984100862571e+27
-3.698386193672768373e+25
2.695430802443783405e+25
-1.201395180937136917e+27
1.617732369067842398e+27
1.250682983089969983e+27
-4.395563084073183809e+27
-2.570436600447951406e+26
-1.115169973070030990e+27
3.961758374141217323e+27
-7.711807666914591060e+26
-1.847169412389497364e+27
7.989236593024955885e+26
-1.512512865905031255e+28
8.815725927389006847e+27
8.196116846857221929e+27
-4.645803306637509960e+27
-8.825677068867936125e+26
-2.075848829552382650e+28
1.059948801266859191e+29
5.638562832471056217e+28
-1.408677486041579337e+29
-2.321332646823035418e+26
8.485872888511420223e+26
-2.972040235555257158e+27
-2.079184167557699817e+27
-1.734830331561746668e+27
-2.788879326815297648e+27
-7.394625955859784377e+27
-2.843529130679826841e+27
2.896612361191522447e+28
6.011356170242690691e+27
-8.433251425156901311e+27
9.841143209273436900e+28
1.769779079350203135e+27
-3.226278908717402663e+27
8.209007380658540407e+27
-4.358406963296166786e+27
-5.989742142149464992e+27
3.914801736055299669e+27
7.025754120376976498e+27
1.189270884387243407e+29
-8.657896148359706371e+28
-1.902396030948888913e+29
5.396774542411503904e+27
-1.818557466154436432e+28
3.310053628161530742e+27
-9.813758202904378620e+27
-3.181051852364140819e+28
-2.025596842309315007e+28
-1.330412545270087171e+29
-3.328108738262492392e+28
-4.181711481149063224e+29
-4.078607976913300392e+29
-1.624767330475486883e+29
-2.360277748744970202e+29
2.119260780910600049e+28
2.990199804276290043e+29
5.000821278953804681e+29
1.038857777279488172e+28
-4.546778809199453122e+28
-2.085069194594681230e+29
1.133091726460196945e+28
1.873943595586433692e+30
3.283105829720306195e+27
-5.641814111906101672e+29
-3.559207864138461624e+29
-2.065162986701603852e+29
-2.491003098442061802e+29
-9.627748684210905781e+27
-4.032857173264007144e+29
-7.199851155940594900e+29
-2.902278192141026967e+29
-1.678904413570802667e+30
8.523597238283598593e+26
9.975367052981195293e+26
1.526162151645273497e+27
4.094314202700101342e+26
9.127863602177129639e+26
7.777818881874924917e+27
-2.594066940757676180e+27
-8.454978572132514613e+26
-5.555971144127764702e+26
-1.356138783998711048e+27
-6.652103781763456526e+27
-7.411137536515527508e+24
-5.371150919723267617e+26
-1.184655060475832999e+28
-1.228732658014558825e+28
1.017611053262925258e+28
-3.977709475448703603e+27
2.383570720548637131e+28
-4.445940812928272137e+27
1.615720502560315631e+27
-5.079055597837351783e+28
1.810642426850198371e+28
8.010575401517738002e+27
9.348406091044959868e+28
4.261957103987618159e+29
-2.630044581760162092e+28
-1.174125928144448854e+29
-1.255140079711447148e+28
2.547753689000449350e+29
4.996989790313388408e+28
-3.609755090154294499e+29
-1.932993181218431955e+28
5.211324742791540409e+27
-2.416623740605056885e+27
-8.720442868865031968e+27
2.281129364002617152e+27
1.375624303378606635e+28
6.984882794785849829e+27
8.111626934190719916e+27
5.732199100851520244e+28
2.671002326705784818e+28
7.794813296893687667e+26
-5.046329083037608323e+27
-1.215894514265286297e+27
1.287615545946238454e+29
-1.135572486135471700e+29
2.159567220547941855e+29
2.935756069839821127e+28
-6.825487623107126689e+27
-5.202480844290701028e+29
-2.933078847769442358e+29
1.502950223500980072e+30
3.400265467630110364e+29
9.127099113819577674e+28
5.135819807173485496e+27
-8.549529194334841391e+27
2.043381586612945721e+28
3.636342554307484807e+28
8.682018776092272500e+28
1.131993665493164353e+28
1.554911098076937234e+28
-4.425408677851791759e+27
-3.718601347781885947e+29
-4.428851521972481550e+29
-2.051816916487172415e+29
-6.568624614578767679e+28
9.171202934319687253e+29
-3.742042910368793635e+29
1.300995323585167911e+30
-6.356306326144895958e+29
-1.657154521932678039e+29
1.360982145107503236e+29
9.027352103379124675e+29
-9.094808373601398464e+28
-4.775869157059830421e+29
-4.112187737049218914e+29
3.518052356872584518e+29
-3.652322539357817738e+29
2.597630621006589396e+30
-9.331849074074632941e+28
-4.527956368425678890e+29
-5.018405207329104236e+29
1.966785221457255752e+29
-6.984179121928496182e+29
-1.894255287913387227e+30
-3.838379191399984778e+30
-5.568945496054255897e+30
-2.846005840154218689e+28
-6.624299912515796550e+27
7.883274772736535516e+27
-9.373461546448188139e+28
-2.059681240405552080e+27
-7.131109551655338407e+27
5.349157018568394596e+27
6.696875932576886433e+27
6.086294864792628225e+28
-3.304731004711945526e+28
2.020189009039397217e+27
-3.732860369185211132e+28
-1.688539258227844833e+28
3.895518551698773790e+29
2.475148562241796924e+28
-3.104949360587579016e+28
-1.182806457603275216e+29
-1.499594031971541511e+29
-1.004207532863696323e+29
8.843847979700231552e+27
-8.462961398976785636e+28
-1.176033697389188094e+30
-4.845299138685535535e+29
4.241698994894705461e+28
9.103261002726311556e+28
1.015463094381750470e+30
-6.195405061992048178e+29
-7.892353209665754810e+29
-1.275628299824036540e+29
-1.544617045450597154e+28
7.287500428400831260e+28
-3.771815604631540576e+26
2.034675029205731035e+28
-3.913944331263348729e+28
1.209763632557119128e+28
-3.173733170904605867e+28
1.150555962831300330e+28
2.141166068099712220e+29
-3.627166094438016986e+29
2.018745070773057016e+29
1.828068147595518743e+29
-5.842281800935928952e+29
-4.883704478566546484e+28
-1.084859873705625877e+28
-1.819497124737862033e+29
2.750125704460699420e+28
9.608982862236155775e+29
1.800112275115271673e+29
-6.641102950787876837e+29
-3.866889226247146529e+29
1.033549270390641891e+30
-1.336475639794690488e+30
1.094834581450942787e+29
-8.932005277748448344e+29
9.643001615039244163e+29
-3.784784054297341893e+28
-5.681858702609564918e+28
5.974544107007637146e+28
5.339130774480967997e+29
-3.511720258374735587e+29
5.377749862200745505e+29
3.328830524852772296e+29
-5.771351701563407019e+29
2.020018672763863290e+29
8.921139889073068789e+29
-1.638411974198457119e+30
8.282254262973172184e+28
3.209287657222556016e+30
-4.683533354186174920e+29
1.590691414095949008e+30
-4.766415314225288974e+30
4.808371409957486086e+30
-3.971895364120755376e+30
1.245359141213688625e+29
3.203908321791461550e+29
1.192569249717346124e+30
1.135563750075563974e+30
-1.938432048479860454e+30
1.875222967581573646e+30
-1.699743727681868251e+30
6.775728576281430067e+29
-3.722850419821129413e+30
1.274446001450501577e+30
2.280560139789164425e+30
-2.849200913266784237e+30
2.406707871258885153e+29
-2.313601045067340553e+29
2.382291232865455997e+29
-8.867764253024256160e+28
5.536641264539927983e+29
-8.617316752300800648e+28
-2.071752765763288802e+29
2.596114523047231450e+28
-1.557734844627111985e+29
-2.737761553514970404e+29
4.855966280800839695e+28
-1.053262610236220196e+29
-4.066796093266360022e+29
-2.493171964755655444e+29
2.089230655780149016e+29
1.350679221986010547e+28
1.568804174225295408e+29
-1.473137047465288990e+30
1.386022900698766466e+30
-7.211900677851466533e+29
-2.220030310375232724e+28
-4.524100980244671004e+29
-5.642770458852219670e+29
-9.899402314969276915e+29
5.913026306888402856e+29
-9.972182896968410952e+29
-7.043715130140264991e+29
-3.260496749202645517e+29
-1.192196443889415267e+30
4.060998818285710913e+29
-2.721683867299489012e+30
-4.537694037517441395e+27
2.532771383323818518e+30
-1.692068584346491284e+29
-1.047879529364390131e+30
4.537702425633955772e+29
-5.013492961541509911e+30
-3.487482644349358936e+30
7.064931862443453423e+30
1.526457801158562182e+30
-1.226053420200445463e+30
-7.992400071256931816e+28
5.599139774468636312e+30
-2.714483393523646495e+30
-7.534125345190037971e+28
-2.362562910897501320e+30
-2.378519987588650689e+30
-3.457122701141013837e+30
7.051035327900668405e+30
-1.262889214044461708e+31
-8.140861437567921524e+29
7.423389655872739228e+30
-6.364115696388316568e+30
-6.717322779987472121e+30
-7.702090822338836712e+30
-7.304731252580698355e+30
6.943083266584134617e+30
-3.912091159125712942e+29
-3.305368545254565096e+30
2.175093301749347950e+30
1.165656410536789832e+31
2.620552610355598603e+31
1.299861995118270509e+31
-6.305559038465146509e+30
-1.362208153199573182e+30
2.379112113989799136e+30
-1.113091419468982855e+31
2.205070475526603649e+30
1.318586029266413250e+31
-1.974162568456739572e+30
