1.973462772277496000e+15
-8.803099526269941760e+18
1.771816048271046451e+19
3.669231850678111437e+20
-6.361312598230744433e+20
2.404052022893306970e+21
1.376237695586765111e+22
6.515523359841389537e+22
-4.202162456947303068e+22
-1.176582521460240384e+19
-5.165362206773323366e+20
-4.025498405581261636e+21
2.262326351671389166e+22
-1.063190443268957159e+23
-3.185699614032876955e+22
-1.704256113594984762e+23
-9.250340667131150530e+23
-1.852589605523068637e+25
-1.093240835459912499e+20
-4.724331790702106116e+21
-1.596283780608802947e+21
-1.248502691262628763e+23
3.227569955810015655e+23
-1.405314421582213432e+24
-5.004643037042333876e+24
3.125047849042401917e+24
-8.896989411302363818e+24
7.238019031677956260e+20
4.486677450591382064e+22
-5.713707573488221380e+23
8.321176149927360096e+22
-8.130632844777332398e+23
-5.923363599166324636e+23
-3.822046808343963542e+24
-2.381389302040846158e+24
-9.437341910554770693e+24
1.899392810451576891e+26
-1.391062376159441846e+21
3.653667946419747553e+23
2.176499490150415730e+24
-2.044386667122406510e+23
2.425734165026123094e+24
1.032498988832018320e+24
1.261912368191293567e+25
-1.354506063949809745e+25
2.359168684819067598e+25
6.697852245450865494e+25
5.426383564400748541e+25
5.831575648099797736e+26
7.540297974318305903e+21
1.264764462880911438e+24
1.716055033392091380e+24
1.011716344810785319e+25
-2.104043700926240306e+24
-1.244556499560155849e+25
3.112212971032031465e+25
-8.658255093636573881e+24
-7.616089940452207130e+24
1.792519897721541231e+22
-2.471845409896020942e+26
1.862757924670802576e+26
-1.822718030297767798e+26
-5.885239890350532154e+26
3.728972498336146155e+22
-1.751878465241958092e+24
9.967654223657332904e+24
4.608329326397874585e+25
1.213867046929118795e+25
4.370930108448909588e+25
1.055549609922205422e+25
-1.198977759685990198e+24
8.560602694437245071e+25
4.347664822026396741e+23
1.005634384039753300e+26
-2.829578968147561273e+26
6.071248580167538960e+25
1.929861833567031463e+26
6.710530256593500330e+25
2.210404447357297765e+23
-1.377413755723398181e+25
5.623715104585155449e+24
-1.408954593045219323e+26
2.475182624485261658e+26
1.319640092682751481e+26
2.802153325291439774e+26
1.248474774230280637e+27
2.352144428597508943e+25
2.459439978319395416e+26
7.173705409925526623e+26
-3.002791059234696545e+26
5.892412596555176125e+26
-1.489014283836331899e+27
-2.614348235466032609e+23
-2.472089445176414308e+25
7.301996481181616934e+25
3.810569953326432718e+26
5.084275674501534025e+26
1.285035264042876713e+27
3.680105875849583839e+26
-1.632411647645724028e+26
-1.506646842443789962e+26
3.526457157595818893e+26
-4.024907737313285655e+26
-7.059261263315106927e+25
-9.006446607535130756e+26
-9.052490478932611564e+20
-2.390605352016833151e+21
7.935529920026202079e+21
1.121502442972401275e+23
-9.843022806769140236e+22
-3.561525853458569479e+23
-2.071781042304445988e+23
8.812225147334343199e+23
-1.421632453124435936e+24
-9.833326644544489172e+24
-3.470012205253978321e+23
7.937749365967040119e+24
3.774521682644303001e+25
2.684745444133107053e+25
7.310235614306047128e+25
2.469294668337912942e+26
1.950866138930122378e+23
-4.708502819447663441e+23
1.183522380666755536e+25
-6.728671435222188110e+25
-7.063404590653940089e+25
-2.735655474403150491e+26
9.025037832014467021e+26
1.936660301695337822e+27
1.070329765632087561e+24
-3.521221007285073197e+24
2.615617489138158838e+24
-6.027403240943068132e+25
4.399649972910356584e+25
-1.134272453244319443e+26
4.482263605632552926e+26
-5.435017541194167545e+26
-8.224593817095118175e+27
7.455854041484322511e+22
-5.649667660970559202e+25
5.040615825853998954e+25
3.749121583849019655e+25
9.720336485269990813e+25
3.312237397693303806e+26
4.286034468716251548e+25
-6.426407757978617720e+25
-2.717030815284036943e+26
1.285211261991664670e+28
8.546199733153956990e+27
2.809606594607856572e+24
-3.988889677064643021e+25
3.261724623157660270e+25
7.164348056449027609e+25
2.190713092270615442e+26
-4.094534611640094182e+26
-1.079282959068865742e+26
5.006661618911352082e+26
-2.642081809134321018e+27
-1.071320315721035151e+26
8.026958198358065358e+27
-1.496764706441330979e+28
-4.210110551953199527e+27
-7.492819091429196290e+25
-3.819796923269160251e+26
2.548616557989579048e+26
-6.526344290288694005e+25
-1.685362915565527068e+25
-4.744333527422491708e+26
-6.209920745157973329e+26
-6.396002631684051952e+27
-3.722258244408488719e+26
2.317756734647594028e+27
1.993762695582017374e+28
-1.212605804681651611e+28
9.774088230341404932e+27
1.970743426669496732e+28
2.228522211906056233e+26
8.420174590704219827e+26
9.790092581492314810e+26
1.690947863221728048e+28
-4.044166579579078220e+27
1.471401870295708018e+28
-1.640485803622715773e+28
-2.587049593301947469e+27
1.482342167615117727e+26
4.725376855454000489e+28
-3.396888469049213274e+27
3.484661731368353017e+28
-2.658188583099807398e+28
-5.314175713383426332e+26
9.946955559863011414e+27
8.795187486965058451e+27
-1.611185963226980112e+28
-9.535961966938527243e+27
7.029275874537898143e+27
1.549147286344875931e+28
-2.459395611652109761e+28
-1.025849305216111758e+28
-4.047261636007381637e+28
2.872529910974341694e+26
4.327919088831451174e+28
2.507483015418920336e+23
1.496945608172598251e+24
-3.385973271995563372e+24
6.104176369461743111e+22
7.977063833626631918e+24
1.299670733643995819e+25
1.250565678211390904e+25
-8.026162415550041494e+25
-2.203819845488807225e+25
1.419289169501397062e+25
6.601022477045511928e+25
5.487978916483274680e+26
-1.229364464351744345e+25
2.908600366384688968e+26
-1.492215219125656877e+26
2.146916136180374946e+26
2.885973016959768368e+27
-1.132231344815529109e+27
-4.020944442747937733e+26
2.811983446971767007e+27
-2.814822963570499513e+27
3.776190414372035107e+25
1.166559791531654972e+26
1.604271876263770932e+26
-6.932453299628572230e+25
5.177407359757324086e+26
8.830220866761020794e+26
-2.255276974146106369e+27
1.003071325147258629e+29
-4.133102334392101088e+25
6.044779979736734901e+25
9.038813949547081211e+25
4.705761305083021403e+26
-3.551842207641413994e+26
4.470902027844141418e+26
2.339003619114537924e+27
-1.289332847341208681e+27
1.298925022820219346e+28
-3.354894319199782392e+28
-1.055948577789847427e+26
3.795870101751980066e+26
-4.250128799163422571e+26
-5.013295066560423729e+26
-2.944013611400788136e+26
-1.242993351505761922e+27
-9.587651865311477101e+27
-8.282610336369108309e+27
-1.788056995639006650e+28
9.300903423718815164e+27
2.314100494539040511e+28
-2.929736844221733694e+28
-2.189287684169803347e+26
8.977252063730128188e+26
1.340202145155860196e+27
-8.554576743747619780e+27
2.966686988088196518e+27
-8.100022141770409456e+27
4.073767364638301691e+28
9.303397231688491796e+27
1.561613567286595084e+28
6.591797503950015395e+27
-8.897880615840907922e+28
-5.129912962325289033e+28
-5.015638222164652707e+28
2.016317933191444656e+26
-2.833378349904557239e+28
4.582381524044172659e+28
7.983050575624188035e+27
2.887092747489260732e+28
-1.856669937185797960e+29
-2.253152352075255986e+27
-1.784470470404662186e+28
3.999057098145905793e+28
4.341676339103331354e+28
2.532126293475328523e+29
-2.249999672233403851e+29
-7.498631155848900580e+27
1.170748220092077305e+29
3.131540800654742118e+29
4.237446373627196362e+28
-2.692859458360611871e+29
2.939772108083943113e+28
-1.006310924029929396e+29
-1.198628623205854709e+28
-7.906093606980949963e+28
-6.232830536446393827e+29
3.956923223074813259e+29
1.087373461855601275e+25
9.874113992666642027e+25
-1.766364493768337804e+26
1.227451263942238469e+25
-1.675310249168010712e+26
4.155127076917312985e+26
-3.404896045119636793e+26
-8.873068318383755490e+25
-4.814669194307699956e+26
3.419997816326960094e+26
-5.675317506666315602e+25
3.348764505418154412e+26
-1.296461194144973401e+27
-3.213864871408719466e+25
1.230192437753051050e+27
-1.766256972684943780e+27
-8.737263868638952118e+26
3.637084609540213640e+26
-3.430359849932944943e+26
8.292031069157354524e+25
1.910568866779993337e+27
4.339572247683738917e+27
2.212950428499353758e+27
3.409566074651792943e+27
9.749886106196759977e+26
-3.049354711239982954e+27
-9.955840108811063923e+27
-7.048744070329857443e+27
-9.270894138232807725e+27
-3.203405923148234048e+26
4.224531047513387834e+28
2.508681232242025163e+28
-7.125251753810999628e+27
-3.389221649932910255e+28
-4.772966286337318175e+25
-2.071213987025681662e+26
1.634300554856879482e+27
3.729930783968648072e+26
2.652433615696519775e+27
3.500408697951225637e+27
-2.770333526149839535e+27
-3.659699845634845152e+27
-7.886651868794537449e+27
-8.966867064797824743e+27
2.849595661691952009e+28
-3.754010226989247176e+28
-3.692824711172519765e+29
-3.021468618900247627e+29
4.996913182925630590e+26
-4.038260591897019042e+27
8.466777110713639976e+27
1.002374430859914485e+28
-1.409420642308099590e+28
1.111736335837950960e+28
-2.081865047851439837e+27
-1.348175664775521984e+29
-1.488224299978393403e+28
-1.083947751976886179e+29
6.719276959096039747e+28
8.208628767687695446e+27
-4.829152836910781965e+27
8.272629603693799836e+27
-5.619989691587015932e+27
-6.363585769955820627e+27
6.386724221574423996e+27
2.660403987212328611e+28
-1.454487075368678358e+29
-2.855498882678628251e+28
-1.171646180156378660e+29
3.086823908697885812e+29
3.274861775036714655e+28
3.997464349377277927e+26
3.605569764066362950e+28
8.087320741189985922e+28
-7.753464493267551596e+28
-2.871016625242381768e+29
9.816797822373236848e+28
-2.125188135533465719e+28
-2.040076497500675980e+29
2.987016590392730051e+29
-5.362160863084235224e+29
-1.774195778707068561e+30
1.539988323690822888e+29
-3.045299918445237099e+29
-2.381599490521747133e+29
-7.507927588047481542e+29
-1.459973177691127707e+29
-8.820304636817393265e+28
-5.741229090488546338e+29
1.676499225874629310e+29
7.848764646189435085e+29
-1.959039611980669434e+30
-1.006165780220893152e+26
-8.136776222253272526e+26
-1.121259679024126037e+27
2.424011549062244646e+27
1.331100307611695458e+27
1.509093001625564617e+27
-1.346035116391185493e+27
7.166302944798615262e+27
2.600287928433071248e+27
1.915988666727232813e+26
2.685014209889490822e+27
-2.619336549157784281e+27
2.898069549057614806e+27
-3.193553971904106735e+27
6.452379964410437311e+27
1.634810061266494768e+28
-7.268121494507389835e+27
-7.329264838408594525e+26
1.261321891141887415e+27
-6.905255756532452668e+27
3.264263348984691535e+28
-1.689548223159917530e+27
-3.548249573960808276e+27
1.876172158191448946e+28
9.527787597898176122e+27
-3.305156262577743368e+28
-7.786783836537120506e+28
7.511546301138789541e+28
-8.333960480614532586e+27
-9.670808535419750840e+28
-2.023573724768953180e+29
7.584762975694407062e+26
7.681672887122841754e+28
7.641294171915321539e+28
2.812606990907691715e+29
1.131030160997852950e+29
2.600056091635671472e+28
-1.035640311989601310e+28
-1.968981860596782432e+27
2.926535952456736439e+27
1.934215552271207110e+28
-1.448633200641500046e+28
1.534755921128505630e+28
-5.586711887601608605e+27
2.729844698931163918e+27
-1.356802896301477548e+28
3.257407591293724415e+28
5.436332374843421981e+28
1.145491961737453725e+27
-2.393498430223540000e+28
-2.831319189575053333e+27
4.027268671522059942e+28
-1.510401788000554527e+29
5.938547750825045380e+28
2.213277960085901112e+29
-3.137574041575814420e+29
-5.165700220359857634e+28
-2.368435714815968209e+29
-4.365082612062399590e+29
-2.568507984261535098e+29
-5.757700712300589659e+29
-2.916711775543900026e+29
9.627320513248188919e+28
-1.847616019021680266e+27
-4.020187478478032360e+28
-3.021804961914825291e+28
1.591545872486932998e+28
5.148866124655359789e+28
7.918250512266651441e+28
4.279111073818351161e+27
-2.280398115657913990e+28
-2.394495539248231840e+28
2.512743760758997487e+29
-2.081529045065428592e+29
1.424703500995072069e+29
-4.132589186797226125e+28
6.013685884399844531e+28
4.304115764160146972e+29
-1.537677458292106214e+29
-9.187743183452088492e+29
9.046188278991729622e+29
-2.754441580910812412e+29
-1.291210223735816881e+29
-4.139193687141459703e+29
-6.531565914791367945e+29
4.590751965877490222e+28
-4.677999992889573821e+29
9.246121923152406882e+29
-7.617515977607683498e+27
1.117649872149351192e+30
-3.278413044575538494e+30
2.800956336483401759e+29
1.256088931142438702e+29
4.002688938819714192e+29
6.588819631069339515e+28
-7.381853518160215611e+28
2.496969927336139035e+30
-1.237073262040857238e+30
2.094234916455140521e+30
6.635532571499725008e+30
-1.887365891045889029e+26
9.623765268412506747e+26
-4.198755339862309361e+27
8.671350095873603831e+27
5.225867540248007900e+27
-9.546475176797103476e+27
-2.196377360976652811e+28
1.028290126242383379e+28
3.138473587942097906e+28
1.093117444672406794e+28
-4.882971144731540462e+28
2.543038524429350237e+26
-1.168470159701279247e+28
-3.224661798248655039e+26
3.946360638907461678e+28
4.999909024640671466e+27
-3.697837361565815966e+28
4.079098328306800896e+27
2.291057776409757477e+29
9.634379314164070290e+27
-9.598044479350615142e+28
5.582932472144004104e+27
-3.355780051733219321e+28
-1.373094553997181217e+29
-5.187548103718621122e+29
1.304636642913530310e+29
2.050885292037783918e+29
7.310206410918817921e+28
1.072183381874664389e+29
7.569432173699162793e+28
-5.890347870509050717e+27
2.424576476820241107e+29
7.067953770207297983e+29
2.701001488465599844e+28
4.973360276260336304e+29
2.000147704009304392e+29
1.033957929993040581e+30
7.783039013743030669e+28
-1.000789143262269772e+28
-9.140176557494701708e+28
-4.407823013419865461e+28
9.721643405627171095e+28
7.170872957812306155e+28
3.752242981814291454e+29
-2.771399356678420910e+28
-7.656742746661649127e+28
2.943933855043747410e+28
4.587011015248353886e+28
-2.746513203369598950e+29
-1.447697966012122771e+29
4.474225308028063944e+28
-5.089899538238241807e+29
-6.939376142050612768e+29
-2.697102363680927287e+28
-2.065286099785028626e+29
2.462868103116730195e+27
2.441627633556779497e+29
1.233443004336411438e+30
-2.197904159280326242e+30
1.285375302949219505e+30
1.485565743694358091e+29
1.364234525142104906e+30
-1.111241293393861646e+30
1.956991982857658843e+29
-2.494243695446643197e+29
-6.058877657430456968e+29
4.003085133819423607e+29
-1.307469798044610453e+30
8.052220667564322607e+29
-1.319072465785611084e+29
-1.292666017918478464e+29
1.529320803383220818e+29
-4.892827548283337062e+29
1.055248591176231152e+30
-2.467217117804617072e+29
-4.688029883881393304e+29
9.200353428266824302e+29
-9.988681812475234298e+29
-6.373919681800810285e+29
2.378426322546770829e+29
1.142910186558395048e+30
-4.455976300232896739e+30
2.468203051095479010e+30
4.761748226182157345e+30
-1.422237046420875384e+30
6.881974855610601146e+29
4.015883124601402744e+29
7.235035248100899045e+29
1.595028792478219510e+30
-3.762231393630964672e+28
4.293801942140676937e+29
-5.638746320164978358e+29
1.292836712353892373e+30
-3.265008270208013607e+30
-2.156891451644778560e+30
-1.754219557120099453e+30
3.672887441868451547e+29
-3.999911373958768463e+29
-1.406007383572736588e+30
-5.452635985568589867e+30
-2.651439301192647469e+30
2.362176782329675016e+27
1.454694214930918178e+28
-8.812419310059668254e+27
2.707212953686271848e+27
5.191295713259196385e+28
4.733254682457589600e+28
5.315569650623919926e+28
6.274025893026338173e+28
8.740407659831937502e+28
3.216730219069410037e+29
9.167827769720912576e+28
-4.908196434420698113e+29
-1.513447135116640875e+29
1.271257773853137391e+29
-2.129342486291648074e+29
-3.015487590456809501e+29
-9.529223384121962203e+27
4.943646772337988818e+28
2.965391668340702958e+29
4.663817233498088829e+29
-1.138481968669251321e+29
7.541113421826069739e+29
7.162892659032045354e+29
-8.387863176371633214e+29
-4.026427354361473866e+29
-7.091508000233859897e+29
-5.030736687256373269e+29
-2.550234814001735228e+30
-6.618385406561594106e+29
-5.060269866264699137e+27
-8.248419513911722416e+29
-7.741270969658346443e+29
2.483954021819858993e+30
8.480989904162072669e+29
2.699671501902194228e+30
-1.753927065438148645e+30
-1.687275022559714078e+30
3.417192952907416894e+30
-8.427267673467100153e+29
-7.000524866212264837e+29
-1.805862115682977844e+30
7.509482450596519002e+29
8.668406626795091377e+29
-4.054885694255179500e+30
-1.833144877847030886e+29
-8.252358876060428631e+28
3.966902554242220816e+30
-1.399287654277489719e+30
-2.292629749571899994e+30
-6.569180544915353257e+30
5.150088670961987169e+30
-4.833796521229069165e+29
-7.406894572278293802e+29
1.733633896698869988e+30
1.529952748673096251e+30
-5.762513083633191935e+30
6.606836085876170507e+30
2.838243579191970949e+30
8.517835563870831224e+29
5.390672037477831903e+29
-4.045401035827141799e+30
-3.695491374137456095e+29
6.087276835898704595e+29
-7.225350738884970178e+30
-5.690137880341615117e+30
-3.433571247334524160e+30
-8.094353987720065887e+30
1.159705410250701419e+31
1.182150223979351833e+31
1.049804138255465809e+29
-1.382858857463507421e+29
1.897989234969332604e+30
9.946768007264108877e+28
-3.209212373831935497e+30
-3.126033255993743348e+29
-2.446235676250792442e+30
1.044776297961778952e+30
3.262769442706367746e+28
-5.250984551477563227e+30
-4.217354717666184984e+29
3.885780988609797197e+29
-1.951830264522757316e+30
-4.561757833700282676e+29
1.886182124666320903e+30
3.118268042258098215e+30
5.417128294666553696e+30
1.405096369441631049e+31
-5.227530568774531265e+30
-1.159541606267908502e+31
1.033705650369688155e+31
-9.980494396880458364e+30
-1.650291942797645672e+31
-5.667505516751850265e+28
6.980303927153772795e+30
8.436526812271414473e+29
-6.852011617452416139e+30
2.607838385963191191e+31
1.808099715287668757e+31
-1.499288240593735111e+31
1.201963572891906727e+27
7.206575689397819653e+30
-7.442199819428344073e+30
5.627154262985062818e+30
-3.618321141491426026e+30
1.361125048543165300e+31
-1.181188500460977905e+30
-2.201057366853694966e+31
-3.301070888945162016e+31
-9.235893920505360384e+18
-1.023612727628142387e+19
1.123946459446850028e+20
1.077646705600908165e+20
2.126085425502657970e+21
-3.366553405199360721e+21
4.329368732074456698e+22
2.073475684724795486e+23
2.287889194318283407e+20
-8.082663885107045073e+21
-8.542718099082836129e+22
-1.700714928845133751e+23
-8.072689572030685852e+23
5.501268203504198253e+23
9.361918815461703932e+23
-1.598773773720182467e+25
4.891681788717939294e+21
-8.097127778133636809e+21
-2.491106121860781305e+23
-8.444890402484135846e+23
-2.843084296692040343e+24
1.136964119423579291e+24
4.383122147678438305e+25
2.127943437336093318e+25
-1.378260392823418132e+23
-1.789655150544972541e+23
1.539387588122441868e+23
9.528847438318309380e+23
-6.199754120825805073e+23
-1.029270575952415064e+24
-1.262368066745155450e+25
-1.123618486743697379e+26
-4.912950896111035611e+26
-2.366361955866462755e+23
2.327612875011105747e+24
4.113675177446573343e+22
1.692050039812779791e+24
1.139907787142314288e+24
-9.355258169976708401e+24
-5.776542672562740963e+24
-1.682977757541546016e+25
1.455513121154729945e+25
2.214289679997641327e+26
-2.503833408824080334e+26
-1.098292493304600916e+24
-3.096969511486722325e+24
1.961150951861477936e+25
6.321029291828928947e+24
8.015101298428131787e+23
-1.166934469464422866e+25
5.043637250721349563e+24
4.106961145934698615e+24
3.081364076948699637e+25
-1.409804646219555899e+26
-1.724773698219079445e+26
8.974421264398624447e+26
1.335801779264623112e+26
9.829855022809735601e+23
-4.512415280310316886e+24
-1.933284168598834510e+25
-3.161346249448787551e+25
-2.326957233838456294e+25
7.725367443835625113e+23
3.550255838716834116e+24
-1.553138838096499112e+25
5.842267297471281949e+24
-3.751537994908498206e+26
-1.920438168543470145e+26
-2.772710476728329052e+26
7.612689055083319735e+26
7.835381926685622937e+26
-1.839419645355461047e+25
5.899828637310934361e+25
-1.661808231461989084e+26
1.017620541691393920e+26
-3.771431949967682263e+25
6.315734540624999260e+25
2.108764449020573689e+26
1.149962077532711204e+26
-1.005590364220458566e+26
1.293517044653714632e+26
4.167946745876624702e+26
-5.049822721919092766e+27
-1.188888574428824599e+27
-4.403153440079900025e+25
-9.263378812101080414e+25
-7.605335244348695915e+26
-2.302180222785561573e+26
8.989732389885365296e+26
1.184108304886698020e+25
1.535439710034440641e+26
-1.012202887692161970e+27
5.920758813766074045e+26
2.873800625207936584e+27
7.021485860497482224e+26
1.983240840994979476e+27
1.161275743857331824e+22
7.751873046368315087e+22
2.390515393024595119e+22
1.331127669273650969e+23
1.222939040190573427e+24
3.990775506024868367e+24
1.659569028900838355e+24
3.549283938356577933e+24
-1.614994541526863395e+24
2.897774754183961610e+24
3.376787590665257821e+24
-3.500472628198737834e+25
7.608495933914076066e+24
1.870477503620717350e+26
3.980344102722210344e+23
-1.056166820325276055e+25
-2.275273025303179310e+24
6.907986531561201805e+25
6.138808134482964097e+25
5.315906181527970774e+26
-9.041536541860053776e+26
1.723129350524072989e+24
-5.648990969959837377e+23
2.636507524412147088e+25
-7.959317453268504913e+25
5.117586614394424619e+25
3.000913305000862841e+26
-2.383963250609328438e+27
-1.382569618362719467e+27
-2.540141987667923509e+25
-3.791332161300469142e+25
1.734328921712949492e+25
-1.192813584103076262e+26
3.809303766852958610e+26
-2.794510329566804348e+26
-1.045495923071120844e+27
4.691624111225172210e+26
-6.329501129997924908e+26
9.900234325882646707e+26
1.635982479668034517e+26
-2.468255155923030446e+26
3.391520898071969801e+25
1.773064099007642545e+26
3.721466426908853438e+26
3.329742943525353650e+26
4.869342434122714292e+26
-8.026390439994130247e+26
1.890962633505930766e+26
-1.766675586046113261e+27
7.256340792876140460e+27
1.643823607108901799e+28
2.695780197436659240e+26
-1.036810407648845481e+27
4.172354722255153872e+26
-7.219052741235006696e+26
-6.413505160399183027e+26
-8.375685908651817807e+26
-1.917648779150301622e+27
6.325982969911853153e+26
4.436400643659454007e+27
3.907513446664109280e+27
-1.069551127019939099e+28
1.046864348853486595e+26
5.270161451235896531e+28
-1.208522214166808466e+27
-4.287869745046170856e+27
-4.213358741379013326e+27
-3.776120751497008603e+27
-1.032144925644425983e+28
-1.265816692517246161e+28
-4.755405369251477813e+27
-3.916526520586067090e+26
6.603452451166470219e+28
-2.731450000778776021e+27
-8.081910229092895141e+28
3.583609426588348073e+28
-4.316623044239106740e+27
-1.400337986080781605e+28
3.649826439610891236e+27
3.099305564781111585e+27
2.230288650051506373e+27
2.534945608290294434e+27
2.645894888088831566e+28
7.006848925580871753e+28
2.705798874538808823e+28
1.911129015926854990e+28
-3.283189184700893786e+28
-3.835866150287261984e+23
3.063141111469943770e+24
-1.791467493249989070e+25
1.698139583910739578e+25
1.834398037763892555e+25
-2.946763827463546668e+24
5.226750480182311540e+24
2.862229028574555228e+25
7.864898343238171785e+25
-5.783930717012508394e+24
-1.137107783342368022e+26
-5.959216612750544029e+26
5.802604672864947746e+25
-1.324944383476525140e+27
-3.317454718865710791e+26
-1.089664808306440644e+26
3.730823648387476478e+27
1.272472556198393980e+28
2.913409193288828447e+25
-9.069854244962504229e+25
1.933391412035963646e+26
-5.054210414452901167e+26
3.710403834112433138e+26
1.430680978228846517e+28
1.119295011099207888e+29
-2.225455950775419296e+26
-3.931283000222678436e+26
2.808293556989934414e+26
5.777715126546353928e+26
-2.343084776504442891e+27
-9.267279627764184068e+26
8.485129076324983046e+26
1.074797125286594223e+28
1.029873979870196648e+29
1.232582274235415781e+27
8.495972005414106672e+26
7.814558488550539205e+26
1.531723787015245823e+27
-1.808916402536364181e+27
-5.882933599513376933e+27
-5.673287653117416867e+27
2.983302754764283183e+27
-3.429532923186162314e+26
8.246315439432791086e+27
-2.850554945766894346e+28
-9.196450260039934972e+27
4.054624154823996601e+27
-6.846734242995661792e+27
5.130606632248505268e+27
-4.495371528628949544e+27
1.189518112271469668e+27
-1.345624092542662067e+26
8.324206896578330071e+28
-3.039464088995451528e+28
8.889845146302191876e+28
-2.593102947414672346e+29
5.305547301255456521e+29
3.865188321067439844e+28
2.143666649623167748e+28
8.998972541796271565e+27
2.116336316107486480e+28
1.037286813307985586e+29
-3.291380037254677999e+28
2.246008649637031027e+28
1.783963516504637824e+29
-6.293007377001961111e+28
8.718921815081505137e+29
1.132620437917188393e+29
-3.930646525346428717e+28
2.294746732232462882e+29
7.177813714780086325e+28
-3.552922938265314350e+29
4.553851291584426005e+28
5.850222167254129927e+28
3.137193015336389311e+29
-4.680613240913117640e+29
8.060439862649201757e+28
8.273170487662502910e+29
4.910968842943213042e+26
5.456243395396129863e+25
-2.915238639267837236e+25
-7.745799850118738565e+25
6.387215236898572081e+26
1.535637316580551803e+26
4.196851204243519873e+25
-2.456059374281103061e+26
7.811516054512515761e+25
-1.087011259845409536e+27
-1.511016063586643994e+27
5.193833763878543445e+26
1.523229369289657090e+27
1.309874737164519310e+27
2.142799612123895620e+26
-4.872280981031649185e+26
7.678907208399602080e+26
8.658392647950055321e+26
-5.076011250529946264e+27
8.893853983793479091e+26
1.245285641276119501e+28
-1.543546844874674049e+28
1.122463330808053158e+28
1.586680511805086183e+28
4.343224248352918479e+27
3.160969370478346871e+28
-4.236599205783848147e+28
-1.131174724490414720e+29
-1.075538183937085046e+28
-1.817181517925832414e+27
8.069035351717358135e+26
-1.246282418460585266e+27
-4.083194433990052704e+27
-2.783345203641737211e+27
-2.013669197881393390e+27
3.066228826876832079e+27
4.500735286137463825e+27
1.039263848255553965e+28
-1.315254961952277521e+29
-4.095396612165150452e+29
-1.431111956399239711e+29
2.066148473389558540e+27
-5.657206790871257779e+27
-2.448274347138404188e+27
4.090448883105474165e+26
7.708751046784980264e+27
-2.731213168005403276e+28
-8.297340108005766524e+28
6.425860268207344229e+28
-4.052315627036383165e+29
2.943721718461833368e+29
1.369857596637889352e+28
9.054717135890100628e+26
-2.381599753113220942e+28
1.653291570658549070e+28
9.083057173312062017e+28
-1.148143746005247234e+28
-1.461053711987757748e+29
8.498359889616273493e+28
-1.430946831855727752e+29
-3.052762532932032415e+29
1.386777860946596956e+30
-7.222377770410070675e+28
5.500512272701649464e+28
2.350342834617643423e+28
2.059455235163525306e+29
1.990583370811903942e+28
-2.585165288982257796e+28
1.885171640321580286e+29
-8.549642000071296594e+28
-2.271088269428786974e+30
-7.106345324311083975e+29
-1.258991708322236900e+30
-2.870642062520077606e+29
8.430780886097475730e+29
2.629969152216698157e+28
7.142041281935242212e+29
9.305477157683444730e+29
1.119748252321423489e+30
1.208746262295908692e+30
8.097652175312744668e+29
-8.762927782802736384e+27
4.443307688085853420e+26
-8.829597584844342812e+27
-1.142991639464745200e+26
-3.734237033134465453e+27
2.349410081727976561e+27
5.189741290520235982e+26
-2.314371232354730752e+27
3.300170709660726070e+26
-5.951840943570686144e+27
9.017037253330422960e+27
-1.384955418184960622e+26
-3.377487730133399491e+27
-2.202340656639078887e+27
-3.103353966864643763e+27
-2.739756437842782312e+27
2.572414959089428041e+26
3.967562159531506903e+27
6.079300955774632517e+27
-3.568155261598622157e+28
3.634260079632969913e+28
-1.995055913624566074e+28
1.103769783292839401e+28
-2.481190382407176103e+28
1.095233670503483768e+29
-3.804746482067492118e+28
-1.112008883300295747e+29
-1.184895473366021898e+29
-4.932053001269481134e+28
5.150452499468325572e+28
-8.372636275884928104e+28
-1.034158016722505419e+28
-2.748538182430565613e+27
7.775944508225047826e+27
-3.712654383549095125e+27
2.771956406814956934e+27
-2.142893165030840308e+28
-4.133544339126890699e+28
9.255222460447940765e+27
4.260073375083290115e+28
-4.173873998379269859e+28
4.198092094870596585e+28
1.988645302771115200e+28
-1.985899747506369174e+29
1.673689220803418688e+29
8.379729429330469621e+28
7.154436725625507331e+28
1.896197366747844868e+28
-1.091717176581058064e+29
-6.809054297012544310e+29
2.303249975938706227e+29
-6.560233605467981060e+29
4.902648859199163708e+29
2.868893996842603196e+29
-9.988125577817276032e+27
-1.222245925915022797e+28
1.733022293839081237e+28
-1.642251655541765847e+28
-1.998711573483504425e+28
1.676176291481533560e+28
-8.841921437689451742e+28
-7.591656697305891578e+28
-1.322231073857962660e+28
-4.795182246971471157e+29
1.284220342640518313e+29
4.522857733358241987e+29
3.964017748905890048e+29
8.185878905743707199e+29
-1.929910161701823856e+29
1.916266257341141996e+30
-6.073410456046165307e+28
-6.763530724316992931e+28
-2.745163562059296006e+29
2.288463231874638648e+29
-1.555849180000934601e+29
-5.421710604242033749e+29
-9.100449931447277855e+29
8.901568873442989808e+28
-2.402152155083305300e+30
1.138310543408121461e+30
7.523724352982904991e+29
-7.914014371329567117e+28
4.108535718366805533e+29
7.640517049420413215e+29
-1.027721746356659335e+29
-1.794535190258640345e+30
-5.205644010323713211e+30
1.638007439115809644e+28
-2.217838348072694613e+28
1.127274806464513607e+28
8.584880331780837030e+28
1.590000449653677811e+27
1.438886037152075008e+27
-1.619164140067296021e+28
-3.414569020936801680e+28
-1.916056879051176718e+28
-2.126210003659656999e+28
4.104287208644878647e+27
2.497808828481649200e+28
-6.076601699462772522e+28
-3.261110841325102766e+29
1.725403738511004616e+28
5.608943556181622152e+28
6.096946452673419063e+27
2.716238136272801048e+28
-9.711471578046920568e+28
1.416975231435512268e+29
9.629563033616701427e+27
4.081162372107018971e+28
3.856287613033560984e+29
2.244971996545251945e+28
-1.142802423552270984e+29
-3.918183964547620968e+29
3.732964806334984562e+29
-1.191466626685393378e+30
-9.221423452079169200e+28
2.009820279753897184e+29
2.592586377210862782e+29
3.502550546497605353e+28
2.605121807630092692e+29
1.530341188795915680e+28
1.012642243695102755e+29
-5.659513374601938555e+28
7.653453167031588818e+27
-2.246185943566390341e+29
9.364729854030647569e+28
-3.421637950111816087e+29
1.093605977246364032e+28
7.091854067326881338e+29
1.334053017088777642e+29
-2.908186345557452668e+29
3.533861244557186150e+29
-2.088471888606566541e+29
4.121051737488015845e+29
-6.292840597830805619e+28
-3.535921628205174476e+29
-2.538257049988494703e+30
-9.967778105914666778e+29
-1.079533795904042649e+30
1.239708038138007265e+30
8.959972423035926961e+28
-3.574086427945522857e+29
-7.030353503673494030e+28
3.368818635840332783e+28
1.625747431625690783e+29
4.743965250577180106e+28
-1.103003597594422678e+29
3.050193957726531404e+29
1.360846080011833548e+30
7.559851839896091839e+29
-1.737213265402912710e+30
1.348185822164257166e+30
-4.884102343357097165e+29
-1.562126894263517179e+29
-4.758472794365946117e+29
2.353389456466933881e+30
-3.733995658585454126e+30
-6.626650472249568134e+29
8.507070561164217780e+29
-3.203338871175613566e+30
-7.538519182934769107e+29
-1.690235568922281121e+30
7.812484722465651430e+29
1.276511478399830501e+30
1.869127714195708267e+30
-3.003587986702060099e+30
2.945015120732452791e+29
1.498554014408880439e+29
2.717389201112869254e+30
7.401225145478599526e+30
1.322652833004841765e+30
-4.570582156804702891e+30
-1.541699854424083520e+29
3.437002377402235847e+29
2.020818482427328239e+29
-7.286613955425609802e+28
-7.356849257728467960e+29
-5.809995179198312519e+29
3.361709892987313684e+29
3.568500246491098789e+28
3.381105873192529788e+29
7.850852148718455791e+28
4.556886931416983521e+29
6.778959252661417771e+29
1.029932458838692716e+29
2.202801559386137591e+29
-1.437503756070457188e+29
1.644627555016140640e+29
1.658568175446253238e+30
3.026855163783758661e+30
-7.056362041402280893e+29
1.001229210621061541e+29
8.646689893105747756e+28
5.347366794196140090e+29
-1.029136678417481560e+30
-3.709692704019769319e+29
-2.212958784552406713e+30
1.590931481349994290e+29
1.020896692245028773e+30
-1.375283201089796321e+29
-1.402462628735566335e+30
-6.568605083331816847e+29
2.915969289306558600e+30
-1.090575419561077098e+30
2.108134280938521933e+30
-5.849141177725129655e+29
-1.145778809570389758e+30
-5.075296482411527577e+28
3.848589099440716272e+30
1.065013625941373034e+30
1.447074693150148748e+30
2.479580726927474149e+30
-1.425049880762442136e+30
-8.997164572196812253e+30
2.460751148110034641e+29
-2.233684181041119207e+29
-1.995693237625015474e+30
-1.663819033153746120e+30
-4.544389241080476170e+29
-6.439500698242479845e+29
-2.985707437756341597e+29
-6.763987294765313166e+30
-1.170179609047979502e+31
-8.272812359323786187e+29
-6.355461078664210750e+30
1.663744441021668797e+30
-1.029398071282291465e+30
1.958144605676636918e+30
6.489896638105781996e+30
4.809175449525647246e+29
5.112749274790507183e+30
-4.625591066841715256e+30
-2.623091646954309246e+31
1.358986013921849188e+31
-1.291369429167729281e+31
-1.059891265695859675e+31
5.517766033626517077e+30
4.442718422657765829e+29
4.749341402192658148e+31
1.791532249970538709e+31
1.743446704843274480e+31
-1.570520758990577082e+31
