1.526189235232075200e+16
4.613454050414114816e+18
6.528148905065497395e+19
8.604528183846730138e+19
-1.375669845062945014e+20
-2.524546093297850909e+21
-6.922917155489577959e+21
-3.524149903944043410e+22
3.171616821390334965e+22
-5.853060266193461248e+18
-8.423397039663675802e+19
-4.566817462092499517e+20
-4.150701568805283299e+22
3.300093363880742565e+22
-2.708333835607674454e+21
-1.605679566537562364e+22
3.689215123008366328e+24
-1.174010184981559734e+25
1.488916412689852662e+20
7.952973657690551091e+21
2.489661585656379343e+22
2.424336876963881099e+23
2.795059052727265583e+23
2.625093821526879366e+23
4.605211733802307811e+24
-1.685470904850005783e+25
6.932728425458083012e+25
1.206617041581691896e+21
1.076909112135301076e+23
-2.238700887936272538e+22
6.351360159601720904e+23
-1.171061072258118399e+24
-1.544818558515513999e+24
1.919393805827158389e+24
-2.217906870219585939e+24
-5.899124806058217398e+25
-1.002721881742586844e+26
6.351303296565069742e+20
-1.561872651697219237e+23
1.832033666616756745e+22
-1.070251321650291256e+24
-2.289378351874531133e+24
-7.828510635937819966e+23
-4.637428791748984505e+24
5.145908113407134178e+24
2.531384731530931712e+25
-2.798943646063190260e+23
2.637295353299143301e+26
7.574321705255265551e+26
-6.291579098582305735e+21
-1.738044361268705781e+22
7.568107864534444545e+23
6.766899427315323278e+24
1.610985096650424672e+24
-5.295114058720684525e+24
1.175982950220693630e+24
-1.005308562245792888e+24
9.394531727327792183e+24
3.370705392928060657e+25
4.703504234983548241e+25
-2.999239670277360656e+25
-2.239598600890747933e+26
3.955001454700794287e+26
-3.135410868260946366e+22
-1.366664841574039673e+23
9.014137018398860724e+24
1.334918485307243935e+24
5.460347445862397253e+24
1.996135826239609419e+24
2.315057586910215700e+24
4.558927476770761796e+24
1.471613609569667491e+26
5.573987846387383105e+24
7.986058543206873607e+25
4.563955915607481611e+26
-2.759533735319065457e+26
5.332707568945276163e+25
-9.915301172077173803e+26
1.153629153268169336e+22
6.270766072132681073e+24
3.055091487665871638e+25
-7.394667871084011323e+25
7.428584636500655631e+25
1.235510976275860933e+25
3.515182369943162543e+25
4.375215378483002961e+25
-2.582659805699254077e+25
-1.561649147953596517e+26
-4.980831841651154707e+26
1.539078437153873227e+26
-4.091569831885535927e+26
-1.636311508688348728e+27
4.222632508969996696e+23
1.224476010479756633e+25
-2.027502743693803282e+26
1.006271028847209325e+26
6.959755703184856476e+26
2.991518193947628743e+25
1.134656043060857046e+27
-1.419705951717286441e+26
4.687145737174532977e+26
-8.059770397909724112e+25
-1.181476118465444468e+26
-8.284482595846056738e+26
-4.284348006159586817e+26
-1.297894647275165843e+21
-2.727501416371098485e+21
-2.491789543691592191e+22
8.603666289390006567e+22
-2.459484436065943133e+22
-3.767286652220981694e+22
1.015153044753815192e+24
2.799625442180115338e+24
-6.109795139162071473e+22
-4.322523485074164713e+24
-4.672120727581897494e+24
-2.954363988383567773e+24
1.234290750054533266e+24
3.896748612213905328e+25
-3.695123885237494346e+25
1.198273232984022321e+25
-3.518611350486274959e+22
5.044706581368059357e+22
-9.352952793311310575e+23
-9.474329421986369452e+24
2.118414931961794284e+24
1.331206242463657450e+26
9.351442844747538568e+26
-2.852744998265914400e+27
1.506722067757929637e+24
-6.405215119709789946e+24
-1.881654588372474076e+25
5.460939956309441697e+25
-1.714874373077944814e+25
-9.112280058515483375e+25
1.980925719835003482e+26
-9.597859322842597167e+25
9.690369379548495985e+27
6.484508553797428195e+24
7.128441066988093508e+24
2.204757166436701159e+25
6.761717763528959610e+24
-2.725870190475538351e+25
1.296734384320606027e+25
-1.221964961907245619e+26
5.509793153437962869e+26
3.244695355128557078e+26
-1.733268427212027416e+27
-2.161518903308016308e+28
-1.315880930421351043e+24
-6.846985215912824317e+25
-9.809858182417219329e+25
-3.174874633319640412e+26
-2.051395954195736120e+25
8.442700179102614285e+26
4.556469817629389836e+25
8.358096824002589433e+25
5.095037646968082395e+24
-1.392586473969290026e+26
-2.328065782438901785e+26
-2.303499479962670179e+27
-9.381138181255344550e+27
-1.624645605423715558e+25
-2.037811360659302572e+26
7.313055846923238567e+26
-4.028412807886213552e+26
-6.781960713369933979e+26
3.544489953553293023e+26
-5.650267751912125080e+26
-7.495319104630346782e+26
1.409819223666345651e+27
2.598283097506124584e+27
-6.107515277308771235e+27
7.114431109237812150e+27
2.329400396827355628e+27
-3.000135687810777041e+28
6.240349254718659814e+25
1.621982456721456707e+27
-6.388454760186574104e+27
-3.698188740019843165e+27
9.552550032889006173e+26
6.836151571037349466e+27
-6.797424137528296538e+27
-9.078175222209686104e+26
-1.133001823722577436e+26
-5.828262353468960397e+27
-1.612713916800774493e+28
-4.314856786956642804e+28
-2.851699627869805842e+27
2.752761625259656469e+26
-2.957642274019777680e+27
4.517023313868948676e+27
-3.048467903800044102e+28
4.180972496842934102e+27
-5.924756069382418899e+28
1.011559690020830260e+27
-8.827169524670111754e+27
-2.289981002322132517e+28
1.489383850694981635e+28
4.614616678328522183e+27
-1.973728755026626495e+28
-8.085207645003627417e+22
-1.772278995777494549e+24
2.331186589500712283e+24
-1.524809870131473678e+24
-9.589602750828584590e+23
-1.249522127126746931e+25
-1.842307092311158041e+23
3.956880167650474741e+25
-3.998989394847102185e+25
-7.846345748071008065e+24
-1.115771936984210526e+26
-3.022501336009540690e+26
8.358492767185870101e+23
-1.717456714204351597e+26
6.023263752183220512e+26
-8.579630506658944306e+25
2.428760397147791841e+26
-4.513926280516061977e+27
-8.150815091489300061e+25
4.196195425194144220e+27
6.135751651666438118e+27
-2.833866013950795476e+25
3.726420739434739498e+25
1.931045206276551268e+26
2.219801679552239606e+26
-5.614393610237348584e+26
3.118260531984461097e+27
-1.033148362313042720e+28
6.566551546192487035e+28
1.868468409780750613e+26
-1.729544013579913266e+26
1.412236504383954997e+26
-4.030934683305567448e+25
1.339287171934367737e+25
-8.860196073475118313e+26
4.376669525812020685e+27
-2.461611290578854206e+27
-3.718017281750741562e+27
-1.788527316545842319e+29
-1.903419259464782199e+26
1.324022807876799146e+27
2.618076047866084646e+26
1.937768774465190695e+27
2.566193327674957463e+26
4.505010862271123768e+27
2.641878682298154330e+27
2.415273726457104707e+27
-2.182483437950565830e+27
2.989504250778162310e+28
8.854908024206287205e+28
1.004011420263675601e+29
4.257983433202591433e+26
5.651352311737263454e+27
-5.753526039769389768e+27
-9.159881472924772932e+27
-1.400586867202897382e+27
-7.741026202203392780e+27
1.342993969413238217e+28
6.444795340532056265e+27
-2.840896571195398772e+28
1.703545963033109767e+28
6.365549228345397970e+28
-3.418918651614674939e+29
9.774850642625730611e+28
-6.032366486189440263e+27
5.168484101729134418e+26
2.301792636444635947e+28
3.411974762534763970e+28
1.287469119489157972e+29
2.569373107941252943e+28
5.125949067887295167e+27
-6.025827325434447697e+28
-3.935430287388123224e+28
1.184222642577125427e+29
-2.326040515637799283e+29
6.227893619963407130e+29
3.509096713989004385e+28
-1.281074318101461973e+29
4.462863863168285681e+28
4.069627578128642145e+28
-3.233055449869793478e+29
-5.492896577442842218e+28
2.188682110481624755e+29
1.417238606675868231e+29
-1.214201902430222453e+29
1.968346431477734779e+29
-6.380331419446263006e+29
-1.646263456891919718e+24
-4.868809565887410687e+25
-9.313013281537569183e+25
2.504418324537675737e+25
-5.963259180703933083e+25
4.341565942155365385e+26
1.643266887240621889e+25
5.970496999064352293e+25
-1.563782828929869948e+26
7.078289640055750650e+26
9.008083474230047123e+25
9.336350091619190479e+25
1.671881672198924398e+26
-8.250682864622970856e+25
7.243804787574400040e+26
-1.866217932505101766e+27
-5.949285971478675638e+26
-1.177281640116054015e+27
-2.413830515355355251e+25
-3.459850254699984133e+26
2.024111277743389773e+27
-1.744502862940851786e+27
-1.785561701704162337e+26
2.952150212503151503e+27
-1.723622665345996194e+27
4.640144980214080342e+27
-1.074447143401468001e+28
3.463843672325922011e+27
-1.570562593191611594e+28
4.419672685485508595e+27
2.228116923487680125e+27
-5.670102507435740695e+28
3.316145708099895506e+28
1.077786394166886544e+29
1.697678088798184945e+27
-4.075992953380516671e+26
-8.667105137625350715e+26
2.175002615512081814e+27
-4.505916860471401329e+26
2.938480236349563224e+26
-3.889610863960083621e+27
-4.865560108399958890e+27
1.184111416804945023e+28
-2.663228876928074259e+27
-3.135568663590984504e+28
-3.765368652586574050e+28
-9.114636708324289522e+28
8.088694636022123572e+28
-9.254349282618208587e+26
2.940202634916120702e+26
4.745375793298267991e+27
7.021090138872385987e+27
-1.816933292501191771e+27
-4.117428107906750792e+27
-8.295683422815911524e+27
-1.293610364846873209e+29
-4.274649489621346460e+28
1.484437509447697960e+29
2.481037061416401673e+29
5.418474416242946442e+27
-1.969261806841395486e+28
-7.579770700191036285e+27
5.682759387428722139e+27
8.723781853470557124e+26
1.231413879757469769e+29
1.171938937658819633e+27
4.356926800302321548e+28
-3.174309398054162550e+29
-1.057451032395504190e+29
7.527156276482530449e+28
4.745515689151559114e+29
-9.863686966740867040e+28
2.409678446508664028e+28
-1.951922723771666052e+28
6.477451175776963517e+28
-9.244372173099749930e+28
5.061985163481099960e+28
7.994644279430855622e+28
1.246938349778730942e+30
2.851076227018835018e+29
4.864100572790592603e+29
-1.641374223208623121e+30
4.453738302373597119e+29
4.128697209291513597e+29
-4.908649286349873474e+28
1.246360326047673803e+30
-1.018792169023301615e+29
-7.246079800557492713e+29
8.628999411034124420e+28
-7.770545483642683270e+29
4.019910950586169795e+29
2.841811434858679683e+30
-5.110215477235910491e+25
2.544380540336046576e+26
4.983534108609609439e+26
6.450614095367465163e+26
-2.464794697471393599e+26
-1.824111723079917692e+27
-1.099096570122175154e+27
-1.410714360441882371e+27
-2.795400185074358955e+26
2.096794603580838501e+26
3.974300206813338700e+27
-1.954399701650181778e+27
-2.280494920069650114e+27
1.449805766418342458e+26
3.362030864583026755e+27
-2.373378179387813152e+27
-6.428742030725570715e+27
4.996904211567542583e+26
-1.099967317954469753e+28
-8.475116744956500795e+27
3.872322079914023510e+26
1.060688129056420301e+28
1.670397480450825649e+28
4.217080757797728390e+28
2.609568265509891697e+26
3.142182896307605987e+28
5.736344929784981805e+27
1.795967421476907127e+29
-2.217769002143836474e+28
1.687563064694484299e+28
-3.107377541961639370e+29
3.619031885806883510e+28
3.820574823666578607e+28
2.047867580415628655e+29
2.193612781944631053e+29
3.911745002632161733e+29
9.219454456145633456e+28
-2.897635645147306457e+27
-7.419052418825240508e+27
1.054639261886716076e+26
-5.096169669354632730e+27
-1.440027604479144295e+28
-7.365839388921501523e+27
7.103894275914721921e+27
-1.755690340533523745e+27
1.377047164102823027e+28
1.040993109382844695e+28
-3.256545532482943845e+28
-3.406418176517312113e+28
-3.752517433490174576e+28
7.590076001921528436e+27
1.567822239143826435e+28
7.924718183772854261e+28
4.779030530189813996e+28
-2.940008596454419338e+29
5.153866765778202860e+28
2.680014093563158857e+29
-1.297965663060700435e+29
-3.933210282965000878e+29
6.767315135989138651e+29
1.000211912741472882e+28
9.415465343342949024e+29
-4.197891659464767125e+28
-2.114210950411206250e+28
4.362249455903610608e+28
-3.190976193790588554e+26
-9.970434885307873094e+27
2.440908016529748718e+28
-5.249733955956023524e+28
-1.774472866164092642e+29
-1.042167570549227704e+28
-5.622234056428078670e+27
-2.704341295616102779e+29
1.997299561448254034e+29
-3.825924697352439929e+29
-3.349804695971945590e+28
-8.297322414893977053e+28
7.952998785425365224e+29
-1.284779405882663672e+30
1.790863168547556218e+30
4.046326602724843703e+29
-2.336030999886032756e+29
8.879643278449524213e+28
-2.084210773462038851e+29
8.572595952443548977e+29
-6.862170083920827779e+28
-1.156067918421077531e+29
2.965979949906275643e+29
-4.278165393208716277e+29
-6.154569911025243635e+29
-2.632565706253557173e+30
2.124714593413999290e+29
4.611968216670715944e+29
6.989469435717382970e+29
2.207485849969854516e+29
-5.258988822868200346e+28
1.539050666741584378e+30
5.460906724765683916e+28
-2.994919096371854169e+30
-3.134097994954619487e+30
6.812239339622130370e+25
1.453348650489465896e+27
3.049454792822403459e+27
-9.891050789352906348e+27
-7.579971784821939017e+26
-6.707858566965300766e+27
-2.430078103680698645e+26
-6.748113337250339460e+27
8.677528310317275102e+27
4.041323741948564427e+28
-8.363165379617279727e+28
-5.858713382487490423e+26
-4.940681251984553284e+27
-1.428418680292910543e+28
3.557366060758035927e+28
-1.779202462669239428e+28
-2.900518807709533988e+27
-7.088667075897726476e+27
5.433055880033581957e+28
-1.588950506718467714e+27
3.553187554242725428e+29
-2.690074503083844195e+27
-2.950842822051441350e+28
-2.305869596474884218e+28
-2.818005248204258168e+29
-2.597805640155331685e+29
-1.399530492772878907e+28
-4.949594817095274445e+29
6.314289102505349913e+29
-1.316821253580230358e+29
2.020338542480622645e+28
9.742602184681152596e+28
-1.467486299474208812e+29
-2.897344656217365361e+29
8.075370939840498190e+29
5.658735319050976198e+29
4.329999674157452954e+29
4.133996239949175878e+28
6.131551971982665063e+27
-8.386175191702250925e+28
-1.336301437648409745e+29
-3.326484997103036505e+29
-7.789802995424310116e+28
7.937584637180859279e+29
3.399324962594781458e+28
5.156343725883640448e+28
-1.068125480341289745e+29
-7.076004245748076444e+28
1.330035460542427190e+29
5.584494194401246042e+28
-2.724536352493836858e+29
2.177845486238449811e+29
7.586894917652271489e+29
6.678553114559471974e+28
-1.685901686459769115e+29
3.730409875443984745e+29
4.627091340420323926e+29
-6.879185854489572050e+29
-5.146111479393996208e+29
-4.575660831071021860e+28
4.314638472496156751e+29
2.876838562188553267e+29
-2.879924379641040090e+29
-3.615241864878345405e+29
-7.681569687261832961e+28
-3.566936929435365456e+29
-5.419467783451394420e+29
-1.707785508744535847e+29
3.669691108181497495e+29
-4.105096283587085092e+27
6.042467625819844931e+28
-6.245684619159597712e+28
-7.673601482024040521e+29
8.179397425400142887e+26
1.124055607630264665e+29
-8.016880468432943257e+29
1.742221530406171123e+30
-1.672184839112188788e+30
-1.738672472205475411e+29
-1.418807704478425918e+29
6.963396734105549398e+29
8.930099396689352948e+29
-6.051633293117077482e+27
3.559998450456283275e+28
2.509736346217214277e+30
2.096457435384423027e+30
-6.967507303866802611e+30
4.767201476560040082e+29
9.277333968961189542e+29
-4.575625525606190580e+29
-3.775438557592875044e+29
4.875758149579278049e+29
5.564108372071215663e+29
1.248969253418856275e+29
4.394199750291069478e+30
5.290274573991321314e+29
-1.754672361160283782e+30
5.562829302920390021e+29
-6.543868572957336734e+30
1.323684358652143946e+30
1.605921898389787163e+30
-5.823184463603955944e+27
2.646465833803383343e+28
-3.583173847083122425e+28
-4.283791090711563036e+28
5.688243689929029975e+27
-3.911847029238972299e+28
-1.157846703069084938e+28
5.020866418668031983e+28
3.531637246699879174e+27
-2.752323606361811321e+29
-2.984996441917298823e+29
2.444435155984579004e+28
6.176798302975991250e+29
-2.094273694158211224e+29
4.304578469861926890e+29
3.484971047611944634e+29
-3.449960826151927033e+27
-1.751270959382905897e+29
2.243522240546120112e+29
-2.151321149145193420e+29
-9.996477945857876170e+29
3.112686505675824211e+29
-5.448435570292342248e+29
5.366939073695755418e+29
4.356038173351370730e+29
-1.116208859501463256e+30
3.636236350318045366e+29
-2.146235040283388369e+30
-1.624888061238100313e+29
3.651364024433784621e+28
-7.120231088522827591e+29
-4.287637324697354864e+29
-1.634360199382242517e+30
-9.146666534843761462e+29
-1.992399451208150917e+30
-6.394064414188706680e+29
-1.454597231401600600e+30
1.839979680744935212e+30
2.239726366918526825e+29
4.046498478727058907e+29
-4.588313530412413594e+28
-1.288378462776468035e+29
3.757255559338543305e+30
-1.898270439341312857e+29
-1.340730176778811683e+30
1.811702612025334420e+29
-1.024740209633955622e+30
5.704542143289203367e+29
-7.537495450632818457e+29
1.094256471555165296e+30
-4.915329226700793079e+30
8.760700239052264914e+28
1.320238119059998496e+30
-1.171417576915596726e+31
6.828217046183101364e+30
-4.995316820872069230e+30
-1.357821337795488049e+30
-3.634913053434559587e+30
5.093274659198840426e+29
1.301716885154155793e+30
1.970147532927606520e+30
-2.226218045395519314e+30
-5.332210630443318386e+29
-6.975568636189485469e+30
1.278672584289837670e+31
1.023233396078699454e+31
1.225496198507576876e+31
6.231444412922001579e+30
6.910875999334487697e+30
-1.147632321274311825e+29
3.942916482785557506e+29
1.574489800526018762e+30
-4.565160741226888305e+29
1.257025647188521281e+30
2.594477766029526384e+30
-9.492799676818010392e+29
-1.671830000176184908e+30
5.452861722825798495e+29
9.629085574971231343e+29
-7.048878272997020953e+30
6.787205458425044441e+30
2.747122272592595363e+30
2.644486393931333913e+29
3.304021111237265327e+30
1.023633426081049780e+30
-1.584802398609891750e+31
4.708900248689118531e+30
9.930175884755438199e+30
6.912564374096204269e+30
1.482430623828868009e+31
1.670996157721235317e+31
7.065752917053176111e+29
4.186276265701765894e+30
-9.958345613105349460e+30
-9.783487914080899607e+30
2.885499913283903718e+30
1.857544927818861500e+31
1.327209704056188059e+30
2.674397222079216297e+31
1.141161869515386504e+30
4.669901272297277341e+29
-2.942155146005409691e+31
1.320346973314173454e+31
-2.829596318640622386e+31
-8.221957895164088442e+30
2.865404887000824254e+31
-4.117580544293388381e+31
-4.279083169228433484e+31
-4.746198571766938624e+18
-2.632678977885452698e+19
2.425010913562469335e+20
-1.018636740681205547e+21
-9.246787771110313165e+19
-1.854385895640744854e+21
4.390938834834372008e+22
-1.371875574709100195e+23
-5.674114676168138752e+18
8.359643734368775045e+20
-1.147100445766267489e+22
-5.770833285401402147e+22
1.256581974704619279e+23
2.094095525015690423e+23
-2.345615051203413470e+24
-9.177660021735933390e+24
-8.215518314761238348e+21
1.041927452847672341e+22
2.943295934506697931e+23
-1.885116552900065939e+23
1.174549446796703196e+24
-3.308287810185319774e+24
1.202391619254640757e+25
-3.183887352574899509e+25
7.715872518704935731e+20
-1.718959431923671782e+23
4.400852855815268918e+23
8.444747105890493090e+23
-1.319498941190862029e+24
-2.432554314396709857e+24
4.814350635234820494e+24
-6.334403342618378145e+24
-1.256407429246742322e+26
-1.229035146495875382e+23
-2.044767134054004818e+23
-3.753836955611960988e+23
-2.141738859147466285e+24
1.124601319041402753e+24
4.639670315813715153e+24
-6.799077114277419104e+24
-1.069597819327662857e+25
-6.806523786498374776e+24
-1.704113704386936579e+26
-1.191204472291184171e+26
-6.900840345449605764e+23
-3.919966773574626861e+24
-4.471573226211420328e+24
-1.527489224582186171e+24
2.467819763862228636e+24
-1.596604717972060128e+24
3.757567949631274218e+24
-3.913377777009052241e+24
7.994335196284261268e+24
7.440611879531567808e+25
-1.426951595353250345e+26
-3.373101427754917213e+26
7.813215470906825694e+26
1.193501119869135377e+24
-2.139616112181976383e+24
3.835605820295352385e+24
6.810280544847794744e+24
-3.494727698285214532e+25
4.384884997955319604e+24
6.021340187762526498e+23
-1.766242532340131066e+26
-1.128070471287639014e+25
2.196062137758709728e+25
-8.097894452638445702e+25
2.084506038803689985e+26
-7.912652963935445829e+26
-9.248192589653311842e+25
4.064077487161446836e+24
-1.405612624979653320e+25
-5.981836799515837749e+25
-2.744340601116048756e+26
-9.878183648653216679e+25
-2.153262195881258323e+26
-4.204106615546844353e+25
-1.312924847737738357e+25
7.210779624948070098e+25
-5.510518756496968939e+26
1.890597076090581391e+24
6.957202635760798265e+26
-2.091709660899671407e+27
-1.017460479924831403e+24
2.387427651648914904e+25
2.176669640624237892e+25
-4.031453708315425731e+26
-6.684996844017862350e+24
1.135175691857335684e+27
7.806589731183382376e+25
7.237308792662599766e+26
-2.516359133123058838e+25
-5.443316228681132309e+26
-5.710444808237183678e+25
1.101330579588575438e+27
3.505441257046568600e+21
2.384174485451908841e+22
-1.298419631677357058e+22
1.345624927719607994e+24
-6.886600866620927220e+23
2.541407113255752590e+24
6.382426710504574844e+23
-2.925937982263568577e+24
-7.430703310632379514e+23
-8.564647426013036290e+24
5.976710838985348040e+24
1.210051732887475952e+25
-6.183434873964447771e+25
-9.445286057886711718e+24
1.250469054587535297e+23
-6.024361333691921258e+24
-1.283382468123484424e+25
-5.349960735740530335e+25
9.013900660110474034e+25
1.289781000018962006e+26
5.789970674069776047e+26
-5.077690000134487126e+24
-1.014498822603079060e+25
-6.623057377672196397e+25
-5.579603891642158004e+24
-1.004948103137315636e+26
-1.634466053568249468e+26
-1.958386357431192041e+27
5.868999175391227276e+27
6.407175728785072263e+25
-9.970366260774559271e+24
4.178338201252593504e+25
8.416908480722386594e+25
1.317144944604821127e+26
3.690310120305906517e+26
-2.586090654634774785e+26
6.237834526371597630e+26
-2.093015788391610975e+27
2.307709380215814204e+27
1.223867380912819494e+25
-2.680203721407658644e+26
-1.685485959467669559e+26
7.646897717421185094e+25
9.880215017849804730e+26
1.566862023093147024e+26
-9.887229262898954546e+26
-1.666754723298888642e+27
1.529745320736412839e+27
6.551933435882958085e+27
-1.780041505310989883e+28
3.143738459619437928e+27
-2.850804701945806452e+26
7.303756672452599012e+26
6.964664511888716470e+26
4.679688132863111395e+25
6.482321796248264163e+26
-4.494672243451797228e+26
2.606451191119867529e+26
2.012140072342015899e+26
-4.177585090642772769e+27
-2.318614765453163839e+28
4.009578394765742716e+27
5.147005035421760217e+26
2.868069783473245630e+28
5.895060587825941283e+26
-7.269575383825510500e+27
-3.651398564496497206e+27
1.282065566378778518e+27
-2.206907104065303599e+26
-4.525420184957966512e+27
2.174243944085600241e+27
2.693368779708378658e+25
3.430779324007214620e+27
-6.411181082697703483e+27
2.658468618678350425e+28
1.384862435892510733e+28
3.265341053212268461e+27
1.007001430541642220e+28
3.065876537716302593e+28
1.170902015179874664e+28
2.376952572886880664e+27
7.152931563328221316e+27
-6.192896459312020172e+27
1.792286830730584595e+27
-2.949230428383343073e+27
1.059276391277347492e+28
-5.581092171520204451e+28
-1.782947574288227307e+24
-1.319582195593544272e+25
2.573950355298080487e+25
2.886220010710869006e+24
1.043561213177942977e+26
-2.004773198962012454e+25
-1.334144515604222554e+25
1.750214921558443743e+25
-1.113808657211820897e+25
-1.067552175580939770e+25
-2.579249389608763305e+26
-2.506161101746207910e+26
-2.747709693600010555e+26
-9.236627318980973834e+26
-7.690084551117313490e+25
-1.484880886900960049e+26
6.792801535380026231e+27
1.999877595811167496e+27
-8.080529165153996476e+25
-2.956588144962701696e+26
5.692974586970316014e+26
2.791972721942376599e+26
-6.372004561955251834e+26
-7.865220718558124737e+27
-5.836269900866543465e+28
-3.314959836550002406e+26
-6.268117935251255960e+26
1.132191350095333208e+26
-4.808339281432136999e+26
-3.892085634942454281e+27
6.417833150791468197e+26
-3.766849338166948571e+27
-2.695154839415184145e+28
1.955810229315209661e+28
1.135431495112165926e+27
-2.496680517584469139e+26
-1.212330823330780349e+27
4.975403595740489164e+27
1.509182768115603372e+27
9.040044772799597788e+27
7.166019337613192208e+27
-9.375635733515871681e+27
-1.077893287481885220e+28
8.260298982346943507e+27
2.386849784122087724e+29
6.122109837866137750e+27
-2.282130649828403209e+26
-1.087339632106079851e+28
-6.542016261618264116e+27
-3.001581397574142633e+27
2.133561690861544032e+27
1.740929655273942117e+27
6.672012080690335390e+27
7.394903969271738622e+28
-1.762302917207309063e+28
-1.712849180349246720e+29
-1.335350794137015278e+28
-5.566607047329767151e+28
1.337399702187851675e+28
-1.114971114287439638e+28
-3.285441927336508979e+28
-5.044333955611444782e+28
5.482743353669961449e+27
5.870000262147916616e+27
-2.307575193354434785e+29
6.547779736633904969e+28
5.899517343796804524e+29
-3.925895623437691622e+29
-4.960869796599020811e+28
9.373001800725581395e+28
8.240151497944677550e+28
-2.350568561150492447e+29
-3.712228634487801005e+28
3.682829656251019151e+29
-7.724074292191956892e+28
-1.909200544534435795e+29
-1.493651061867541718e+29
-6.332307652991350022e+29
-5.588715866285715796e+26
1.323920657584494885e+26
2.056484623198815212e+25
4.068522811656765037e+26
8.969723680027553873e+26
2.472650777458384435e+26
2.801430558107059647e+26
-1.690705452607670018e+27
-1.417628970920132368e+25
-1.825207910952127296e+26
-2.366212999729885898e+27
5.530533130244379536e+26
4.514952733432493813e+26
1.718788726387044017e+27
-6.108317937358286714e+26
-8.736913459727748457e+26
1.091376943396671387e+27
3.871002866744822382e+26
4.367126548676941189e+27
-8.157153198948588846e+25
-1.339384427674831450e+28
-1.603774274436101828e+28
-2.612286381036653990e+28
-2.007477997852806806e+28
-5.064279120451037859e+27
4.292195531982065798e+27
-1.067436774267950545e+28
-2.262626721684618935e+28
2.944164250021627684e+28
1.616137831140430618e+27
7.780057021883206337e+24
-2.222005964214604144e+27
-2.312854397857108049e+27
-2.468243022527674705e+27
-1.308631392865826981e+28
1.048854888741056050e+28
3.166429706058139053e+27
8.042181223131679838e+28
7.273759777516796848e+26
1.715572302615817355e+28
-3.809077151584171428e+29
-2.718060971593535895e+27
-1.811234899550184296e+27
-1.523427389891320930e+28
-2.846443693213587692e+26
8.048625735162008264e+27
4.577655087087527869e+27
-5.811708696928427555e+28
-1.809850739495472945e+29
-7.244298222134930878e+28
-1.867496307814586915e+29
-6.591329507610589474e+26
1.973961927645615646e+27
2.654941787019619505e+27
7.482970618914102618e+27
7.808625745412015393e+28
-9.668266899441680751e+26
2.187997286138527060e+29
1.474603715846379129e+29
1.393847923027437871e+29
2.745074776405371877e+29
-2.580178745167071170e+28
7.409819996660572173e+28
7.665685941866127786e+28
-3.198318064323902921e+28
-5.456845669029990987e+29
-7.816525103437711865e+28
4.714179416672771588e+28
2.957477947431124815e+28
1.319644238695578661e+29
4.765687928331097101e+29
-6.319954112178676635e+29
-4.499509107257968504e+29
-7.666973926697036306e+28
-4.447432688158513910e+29
1.295909079064398066e+29
-2.308668441956520304e+29
3.272461233640339181e+29
-9.596155652896759693e+29
-1.876766280843407119e+29
5.874385602496867992e+29
-7.504274783241990670e+27
7.284624165642448619e+26
7.997308649685853769e+27
4.671396235359691366e+25
5.455897966823046832e+26
7.226613919953540814e+26
1.459615415091191971e+27
1.424374083952787702e+27
6.899276186232162407e+26
3.603853335298417524e+27
-3.122508396868517145e+26
5.113752218482186361e+26
-1.102169991611419450e+26
-1.753563046038571702e+28
-1.492296311568582785e+28
-6.588518734002744700e+27
3.429249458685193328e+27
8.249594023162840866e+28
1.304503160036966143e+28
-1.988534238596010176e+28
-1.898365243061761937e+28
5.835697193856714126e+28
-6.497615091991144890e+27
1.069323829786567626e+28
8.808435946828514754e+28
5.935507383440397568e+27
-1.327820774731658902e+29
-1.093225587781348968e+29
-1.112242069452275585e+29
-2.127824915119447582e+29
-1.961421838531213251e+29
-2.257903352506749284e+28
-8.337564632987190829e+27
3.550400115840470955e+27
-5.435864334924055768e+27
1.027639833629295279e+27
2.361751914252059897e+28
-3.382996655826104869e+28
-1.381019076196847637e+28
5.729871253000778406e+28
2.671004532308751927e+28
1.361443816484312018e+28
-7.481243782700419962e+27
1.406934094297051160e+29
1.531017634710614325e+29
3.062039146834048589e+29
-7.914269892338179679e+28
1.160470315908644534e+29
1.046863620850918477e+29
5.017544554139932838e+29
-7.118710586983556675e+28
3.453089802610231177e+29
-3.994715083115272191e+29
5.252619079445796827e+29
7.920741289315157200e+27
8.367785960826976761e+27
1.004724722927209655e+27
-2.170854124385487263e+27
-5.532068204400615052e+28
-2.956746580308675680e+28
-3.148336407614969807e+28
-5.286399557142411658e+28
-1.381995544510558263e+29
2.422103255854728238e+29
-1.413004877455445592e+27
-3.055010825359848981e+29
2.306037054936001571e+29
-3.856184972433387959e+29
-7.784863515838306045e+29
-6.407035427539213642e+29
7.678172050884479872e+28
2.438390193866501004e+27
-1.403038009787007460e+29
4.405327406340889995e+28
2.316686192768866174e+29
-2.648462732107875939e+29
-4.007388374291604504e+29
-5.287080463128629071e+30
-2.443662011072701561e+30
-4.387013677985427700e+28
-2.233625903695594095e+29
-2.564842930355188857e+29
-1.520339643040539363e+30
-3.504395883322640035e+29
1.788142028100968075e+30
7.871971302212696820e+29
-6.429534203130406867e+29
8.693550006419221251e+27
-2.156413214918425054e+28
1.096975475098550221e+28
1.741535365616526598e+28
-1.398313594472927487e+27
-2.316410102828933822e+28
-4.756455363238417524e+28
-4.785453234755274581e+28
2.579089498450024393e+28
7.587294600046711822e+27
2.393884834028107233e+28
9.338900535836736079e+28
-7.259389121883013981e+28
-4.374406267618155448e+28
-1.339036875686340406e+27
4.230098448747374791e+27
-2.929452044726427266e+28
-1.165897402186990791e+29
1.069018363715087373e+29
8.390539428186246843e+28
1.319625442164776980e+28
-1.136967619895900281e+30
3.939752618515494782e+29
3.280266503163331561e+28
1.316418394375094671e+29
-5.893266119766871520e+28
-5.163840486991577482e+29
-3.124602933279468377e+29
-2.361066054227844231e+29
2.975545140753175227e+29
-2.730179776363620964e+29
-7.271885241663967159e+28
4.418845151550351126e+29
4.499687213002847271e+28
-1.139290492508468488e+29
1.788379036232396414e+28
-7.313388109273988849e+27
2.067914359449362903e+29
-5.962950818282844873e+28
7.562578537470732880e+27
-2.836854752471865644e+28
-3.121800695249421150e+29
-4.598904155633460381e+29
-1.622475133314872116e+29
2.548475118893550208e+29
1.512698694584928498e+28
-1.392992482378796478e+30
1.406941011146050597e+30
3.526455655394336557e+29
-8.486911790555565628e+29
5.373303911247682658e+29
-1.193883300852360669e+30
-1.040143686169197959e+30
-2.534826774944457348e+29
-2.973261097990161263e+29
1.246353668289022011e+29
1.163954625501268932e+29
1.506836618410866879e+29
-2.884913119978470403e+29
-6.363248393168165619e+29
1.872233281974720893e+29
-3.427396281013730933e+29
-8.321464031051677199e+29
1.433555245954021880e+30
-1.026608808741741274e+30
-8.017594979930839157e+29
5.002643664426563479e+29
5.923037812381516304e+30
-9.158837577031267311e+29
7.618042078660936277e+29
1.070430229479043204e+31
3.633687628637795245e+30
1.284515418905181532e+30
3.446227805293303864e+29
4.564685512043484188e+29
1.982007893874972392e+30
-5.392937688553348674e+29
-1.044212477482467401e+30
1.588245373376630396e+29
5.944537619131012367e+29
-1.575971439540425694e+30
-1.019459021220841148e+30
-4.172753175279280473e+30
-7.990607243002586677e+30
8.983676809077005041e+30
2.043274377394638362e+29
-1.855142960277180219e+29
-6.192387333926269208e+28
2.536914671660452712e+28
-8.209076053850406008e+28
6.676371105308637181e+29
-6.095484910011776121e+29
-4.762776484819543730e+28
-1.227329358613985461e+28
-3.292215606381899472e+29
9.197405492215778374e+29
-2.103409531996687397e+29
-8.604062143544959707e+28
4.066541235229974945e+29
6.891241344944148465e+28
-1.525366245920113564e+28
-9.390765092489511849e+29
7.649894276737965576e+29
7.950195621929293007e+29
-4.475095676444482181e+29
-2.538167432499051887e+29
3.290574644762060090e+29
-2.365989698006648384e+30
-3.731961958349058656e+30
-1.012051972243683989e+30
-2.213681683323543011e+30
-4.701401468392924839e+29
-1.103166598211730592e+30
3.148429785602010180e+29
8.260773949400355470e+29
-1.968679123341671817e+30
8.942959908983742563e+28
3.038582047097221846e+30
1.674269889826833210e+30
3.465010395588941535e+29
-5.019803188752015265e+29
-6.786802677296307904e+29
3.124753415563377688e+30
-2.317324208989049248e+30
2.987503934343161083e+30
9.193074816492668415e+30
7.970566101628734301e+30
1.845669296152185449e+30
5.412508201562801159e+29
-2.402020505407780388e+30
6.462099365573164394e+29
-3.229906888746124993e+30
1.181343316273925291e+31
-2.460346218323382312e+30
6.104715943351333930e+30
1.719578736588044184e+31
5.339083107335456660e+30
-6.401581562652496988e+30
9.374861092903784796e+29
-8.214533143640131695e+30
-3.654963547380034120e+30
3.818597791119943136e+30
-2.163293365389387256e+29
1.356962664099662389e+29
6.022924004656779363e+30
-1.283089655289897735e+31
8.908635046195935344e+30
8.627864902765613223e+30
-2.108163304949540410e+30
-5.022627180868690954e+30
8.870527915849162939e+29
1.345005701733673818e+31
-2.528911738643581680e+30
-1.812494601963121326e+31
1.274909218356051823e+31
