-2.631770679097724000e+16
-3.609907788984250368e+18
-1.278140164857701827e+20
1.216697012771404120e+21
1.258905584571503870e+21
-7.704403857009706271e+20
1.908692265977581142e+21
5.259498015677589592e+22
-1.362415809603854423e+23
-2.537936849940452147e+19
-1.516856303470396703e+20
-2.806945238602104701e+21
4.314282518538873104e+22
-9.698583599631334113e+22
-2.256925175666221536e+23
-7.006370816238884907e+23
-9.046694448575077092e+23
3.470505621499486870e+24
6.618486650801499341e+19
-2.322159958306871417e+22
2.406977325948007455e+22
5.345057453374193638e+22
3.268714995686638721e+22
1.160512345376422401e+24
-8.629793540308127957e+24
-5.672254632719763473e+25
7.372568377736127503e+25
1.823944817742362182e+21
-8.157947219284737393e+20
3.762887143896937723e+23
-7.480760172000398908e+22
-2.276136133696947317e+24
1.316000055639652883e+24
2.111710468750157317e+24
-1.584966044275322432e+25
3.454605381266457531e+25
-2.649172767565359279e+26
6.129615407494638600e+21
-2.037216040734593447e+23
-6.381790318881946447e+23
4.957470255707780756e+23
2.879949026179186921e+24
-1.895331589941235013e+23
-9.293407776853033927e+24
5.074298926985374488e+24
5.048596963997390484e+24
4.890615116367619011e+24
-1.290756036086294147e+26
4.058043777056751509e+26
-5.894083106873391710e+21
-6.629191063549822024e+23
5.256511924746959203e+23
-9.233361523183781816e+24
5.324311323282788558e+24
5.291093595637257224e+24
1.992022965732338903e+24
-5.766344489938880031e+24
3.816345817845995797e+25
-4.543690926621189205e+25
9.090001249315722829e+25
1.679955351024738690e+26
4.442207433077446744e+26
-4.246975103883306996e+25
3.040658273300332203e+22
4.145565842215323199e+23
8.493306387851383050e+24
-1.663165173816473354e+25
-5.759773896354399879e+24
8.087807048754368025e+24
-1.254883907660867582e+25
-2.827810933063777669e+25
8.801264940442268845e+25
-2.217711171710425243e+25
2.454941003350071224e+26
-4.128011449342591755e+26
-8.524880830981238731e+25
8.218853931544894414e+26
-1.558257681770834211e+26
2.893737729804961055e+21
-6.627416019894232506e+24
-4.409328625893656651e+25
5.653581411589999433e+25
-1.219799960078539717e+26
-2.523448721368996782e+26
-3.214596438941841085e+26
-3.855932186480249905e+26
-6.003701468445744698e+25
1.253709009288330898e+25
9.355045607937304884e+26
-6.068176662283627236e+25
-2.229221164451764644e+27
-3.787232227070210570e+27
1.245827941023613767e+22
1.736630896729240876e+25
1.934872544737264017e+26
8.291466346581677640e+26
1.153222087435772712e+27
-2.720702244190918432e+26
-3.023429317238739723e+26
-2.577148031989253119e+26
-1.506608925765499779e+27
-2.202163358696582657e+26
5.242258719419985609e+26
-3.116516350151650316e+26
6.532266147401596611e+26
-1.734973142001765057e+21
-3.072886618728349827e+21
1.710335760808409249e+22
6.171166057898221712e+22
-1.209819141682260188e+23
-2.061991808857609024e+22
9.107983625245580602e+23
-8.937115606676331194e+23
-5.490465024482377801e+23
2.690795083657980179e+24
-2.085715664140983840e+24
7.602980665002128195e+24
1.773428717694876711e+25
-7.876152747930945350e+25
3.364977802167464328e+25
-6.190191432422313180e+25
4.354815305208409579e+23
1.433877495733968118e+24
8.751608534105403280e+24
-3.263137358554146098e+25
-5.363815721128648882e+25
-1.345975764471575189e+26
1.271597624566192815e+27
1.564699409457025679e+27
1.110856898298553370e+24
8.643487379082595090e+24
8.668447302408850364e+24
-1.291791683325175121e+25
-2.947282808061217200e+25
-2.146386589545568867e+26
-1.850267219979993611e+25
-2.307186672069968672e+26
4.208847050937295417e+27
6.329872044651336616e+24
4.186090133990746216e+25
-7.021322767571911862e+24
1.237322548276269823e+26
-1.093212434714568438e+25
-1.255486585723982440e+24
2.703680568629014137e+25
-4.208638237636024900e+26
-4.915537718849621937e+26
4.311579912522830230e+27
-6.895206078232045154e+27
-9.305903441403494170e+24
9.664974466886070198e+25
3.025042257054395121e+26
2.010133334763901083e+26
-1.704626299226134742e+26
4.916868889176641771e+26
1.941309429153837470e+25
5.294149668420040059e+26
-8.141922640596372293e+25
1.982350026227140368e+27
-1.236949559519199999e+27
-6.859175864194739586e+27
1.162698309178949295e+28
-2.893445690912015133e+25
6.891656403638674591e+26
4.387480021614346985e+26
-1.691896115927671542e+27
1.665973807657635875e+26
-2.894028983445034005e+26
1.044829207196464745e+26
-3.492083780094316170e+27
-1.298800390219917568e+27
-1.877612010185694207e+27
-5.579508667617693132e+27
-2.142232540195705415e+28
4.051436382136848114e+28
-1.395141731081001603e+28
-3.881820167748153354e+26
-1.898793489605637234e+27
-2.556798608130615328e+27
3.465359530042185083e+26
3.446572759907779375e+27
3.512819726153834335e+27
1.365893068885829030e+28
4.196307628972189403e+27
-6.927268659142034343e+27
2.744402615741552652e+28
3.741677373888110097e+26
1.897418882780515470e+28
-6.177158600279581495e+28
-1.596074299899122341e+26
-5.499174324079894644e+27
-9.497911442217606769e+26
-2.559077657634033225e+28
-2.653374605405322578e+26
8.305022030055985952e+28
-1.768527739931843287e+28
-2.987525651486776790e+28
-1.496000135888814652e+28
-2.766815150015525864e+28
2.107453992281023855e+28
1.152060037614922250e+28
2.193733839343869703e+22
1.813607167929591871e+24
-2.002427679840193355e+24
-7.433217213356277460e+24
4.443597194947774233e+24
-2.588933320772671363e+25
-4.124796285176852704e+24
6.114429535661245537e+25
-1.612259776523372605e+25
4.433106251378498579e+25
-1.427119288881820767e+26
4.277811541009447606e+25
-3.679176216877822703e+25
3.539223047990873001e+26
-4.873915662540160809e+26
-1.553762161492744201e+26
-9.944931056997686083e+26
5.253477226729709780e+26
-9.683054735930491216e+26
-6.281694065528967029e+27
-2.036101713476833924e+27
-4.445861421137249715e+25
5.677687643807328605e+25
-2.539430081532323453e+24
-1.831624831162396401e+26
-5.047801570811503966e+26
3.236380404947978027e+27
-1.318131892324886057e+28
-4.952160044500679793e+28
1.127344836735018637e+26
4.216866640287848085e+25
-1.074998014295492915e+26
-9.198683499385627835e+25
-1.935642048355393719e+27
8.957452280645233460e+26
-1.719364912943035176e+26
4.796734888401632540e+27
2.750239340601940629e+28
-6.075621015245125386e+28
-3.070664622362320508e+25
-5.782417977794697851e+26
-1.458844135068865204e+27
-1.294933082997511498e+27
1.648006992733527877e+27
-1.269228135961504611e+27
2.894884951326502204e+27
3.761263126553934171e+27
-2.662459987033455727e+28
1.214051717078010491e+28
1.157523017580838807e+29
-1.761147051740399610e+29
-4.199678024732340100e+26
-6.057692335701934493e+27
-3.746906904006405914e+27
3.896468739769567699e+27
-2.357305050886909852e+26
-3.529986935048897463e+27
-2.273708220241131357e+28
8.209254985805053095e+27
-8.249829059781899886e+28
-1.783033220256374286e+27
1.176482771334678556e+28
-8.948138585395427621e+28
1.749467001139436472e+29
5.078278900066579759e+27
2.650980168024357263e+26
-1.391714857950027448e+28
-1.410001305702241992e+27
-3.575020622935827758e+28
3.832828802587255082e+28
3.798824594203728517e+28
6.655407788301349746e+28
-5.582765391768134098e+28
-1.637823368666486018e+28
2.835541367438640379e+29
-5.022408935887062492e+29
-3.335259541771057025e+28
7.699716714590483279e+28
-7.438751469486719895e+28
5.712446489624166816e+28
-8.018693228481318631e+28
1.011283704329479308e+29
2.859995359115780518e+28
2.808544213266699693e+28
-1.096454247420922962e+29
4.806213854486322284e+28
-1.847177609209801372e+29
2.250676229670913072e+25
3.634473304697502334e+25
7.175465794509332020e+25
-1.271165082538029666e+26
-3.400681066476073482e+25
-2.421765295301518302e+26
8.151387189503805491e+26
6.837090089819648182e+24
-2.042673725139648776e+24
-8.136962335880063077e+25
4.128978835359908451e+26
2.887796909104985922e+26
-1.145781888047647156e+26
-2.153147490323473313e+26
8.662944233371314913e+26
-1.371617013387706619e+27
3.605893035398924097e+25
-2.868092503408368542e+26
3.198748001882289519e+27
3.072931499138281644e+26
7.485381240127109842e+26
2.408269168838869909e+27
1.310198828098252799e+27
-9.192935090177267431e+27
3.419926133873781657e+27
-1.577539738239631800e+28
1.401881957892241583e+28
-2.513466445340638449e+28
2.271139045999936727e+28
1.170240228656114712e+28
-6.491710519127167105e+28
-7.838080628544533050e+27
7.283052374560382580e+27
1.640065853230088022e+27
7.079216313453247716e+26
-9.388121845009595636e+26
-4.719334493845716458e+25
2.216562484892852349e+27
2.120294059641507574e+27
1.674335098789463010e+27
-7.800292519594911469e+27
1.024141613639087521e+28
1.110274630182245984e+27
5.374987166638659328e+27
6.780896142252153147e+28
5.627723681664606258e+28
2.677143177095964676e+28
3.589430756074027979e+28
2.288824550736331198e+27
-1.748455012223645158e+27
3.811223476019952924e+25
-6.613716648404996199e+26
-1.110758788872182408e+27
4.073110350738218863e+27
-3.993369569758398730e+28
7.386542581904996341e+28
-5.522609170046415285e+28
-3.561795970616752869e+29
-1.564238358658675200e+29
-6.503209272994620686e+27
-1.525095999967351581e+28
1.400008120197681273e+27
-1.089460015171093108e+28
-1.331001785941734184e+28
-4.783620858121681304e+28
1.413591795415914946e+27
2.271788643325864531e+29
2.770503881490952103e+29
-1.952898095072447395e+29
-5.059290883521601356e+29
4.478289867194223075e+29
-2.270938891568371220e+27
1.915849914614391383e+29
4.243194051594540844e+27
-1.543159054366320438e+29
-1.404083107002063950e+29
6.993077818085743508e+27
-7.891285127995049738e+28
-6.665102298643472168e+29
1.513394219670760580e+29
-1.366897761844348401e+30
-2.768648445380695930e+29
1.134963255296449155e+29
-6.223160871793691290e+29
2.844950808936936934e+29
5.106469985816815388e+29
-2.478515738239079634e+28
1.252013277930424937e+30
6.179327646554826723e+29
1.508083811613383978e+30
-1.082030885022322582e+30
-3.283662733088524712e+30
1.642777113947311858e+25
4.803148956281534361e+26
3.407668827230106685e+26
6.835710132936581686e+26
5.171883648176928834e+26
-1.375169494139551525e+26
-3.957788156750978447e+27
-2.000712211207255880e+27
-3.752336025317552156e+27
-3.414636003731861804e+26
3.357122478678545636e+23
-2.023834812614720143e+27
9.377164048475901033e+27
-4.672860852920494250e+27
-8.615201637703881882e+27
9.555186756554686444e+27
2.002595706612431191e+28
-1.216669161554031128e+26
6.386629505555504287e+26
8.475447791435606257e+27
1.632997230144885614e+28
-7.319730256791782881e+27
-1.511581865774016964e+28
2.972235107580773641e+27
-1.271586655688051410e+27
3.817715219213565602e+28
-3.478059397027231805e+28
-4.073061576525239912e+28
-9.977243385353339020e+28
-8.793205332742706872e+28
-1.639424287687275480e+29
3.555599408005549023e+27
-6.733192975715455232e+28
2.101914279539617438e+29
4.362812755619542312e+29
2.524081451687930451e+29
3.574817495641960307e+29
3.518033379785266785e+27
-8.356196744895211406e+27
-1.620057632845551355e+28
-6.622378253809609437e+27
3.257308606753040333e+28
-8.929311758994373510e+27
3.416716930065952087e+27
1.814636122816219134e+26
4.308454432805105378e+27
1.468306698234065567e+28
-2.073136584728513545e+28
2.878879168948803141e+28
-2.761104008092354509e+28
-3.153980655972260897e+28
6.147840622463562414e+28
3.023303031974161788e+28
1.472589575979615272e+29
-4.878537559589867869e+27
-2.178913446053945629e+29
-2.374671094956378042e+27
1.968723425519725718e+29
2.042676913061786352e+29
5.592676113340608354e+27
-6.297245064321057841e+29
-6.324353185223651563e+29
-7.734130613338153240e+29
-2.229801678448689409e+28
4.249236817385310829e+27
1.618882941677356579e+28
-1.084985874681645429e+28
-1.962388874587338827e+28
1.940123151804951837e+27
7.164660193919751294e+28
4.944591693618319009e+28
-3.928075693423820153e+28
-3.623144251184106127e+28
-2.606326773753885609e+28
-5.678252939572484173e+28
2.376176628706145596e+29
-1.067134686170288338e+29
2.829943884962986958e+29
-4.610218159048908326e+29
1.939031706866291215e+30
-7.991124448053825815e+29
2.459747058684893602e+29
-1.086900904424447701e+29
3.417523306269916193e+29
-3.036924050612453260e+28
-2.796518513390958914e+28
7.023813378113115386e+29
-5.255425546166533622e+29
-2.282085262054098432e+29
2.082511461580403607e+29
-8.799370925303813745e+29
-5.570376312083348414e+28
9.224288052224247901e+29
-2.202340513005985723e+30
-9.622058909671302155e+28
-1.988975883446316654e+29
9.520017849227961867e+29
1.097684076913243127e+30
2.807656149861515140e+30
-1.638093455740390984e+30
1.125348902099450831e+27
2.973027988726310584e+27
3.597721851735440390e+27
-1.328159051847388349e+28
5.047680788445091757e+27
4.196718128461581935e+27
7.847892734297558153e+27
9.191777312572401407e+27
-3.621457119680865001e+27
-3.360100619782328285e+27
6.486098901245882031e+27
-1.250795067508674712e+27
-2.758481237196660652e+27
-2.857606602824407620e+28
1.216121476525299701e+28
3.317986563136154536e+27
2.944774038783688297e+27
3.274593015257986193e+28
1.108486497669685845e+29
1.177665921847461489e+28
-1.785671717880552737e+29
-2.479717058791850908e+28
-2.224761376614618791e+27
6.743408539631969027e+28
-2.758828329113758389e+28
7.758414160756938609e+28
-8.735141511725394059e+28
-3.334028010408992064e+29
-2.192618173077849806e+29
-4.203465373015876116e+28
-2.063240030136358891e+28
3.177471410859686561e+29
-1.921462751487625942e+29
8.776280855259623885e+28
6.177048668440331262e+29
-2.641328140123638714e+28
-3.394386995054414024e+29
-3.586816001264674799e+28
2.091296082639681706e+28
6.903458593619228040e+28
1.915557847103769380e+28
-1.110127847612441096e+29
1.112611130682485020e+29
-1.560952644065967201e+29
1.496493086851650206e+29
6.497723858668847536e+27
-1.056582137660300926e+28
-3.199391284355615979e+28
1.720959190687888533e+29
1.742590494528836666e+29
4.143549333448671995e+29
-3.104043314850341971e+29
-8.454690875619490915e+28
2.238297707914782207e+29
5.284321155613734489e+29
3.261057433380931182e+29
7.085421253679673451e+29
-5.901546310898365673e+29
1.487684795212607811e+29
1.121121788750712116e+30
-7.225133971219580938e+29
5.847542363911776485e+29
-2.911046961854599306e+29
-1.563647295354833514e+30
-2.999051375482934875e+29
-5.936914882930944180e+29
3.206096559546929164e+29
9.155467675637574872e+29
-5.989968746951505517e+29
-4.019989635075986149e+29
1.681319478595484833e+29
2.714237126457221262e+29
-1.478827551646330327e+30
3.202200408680158237e+29
8.403807076983425464e+29
-7.839345951219772426e+29
-1.657022279073613789e+29
2.201175598437087135e+30
5.047693872659699982e+29
-1.985263917875461111e+28
-6.404275840131074936e+29
1.336900971267980557e+29
-7.931871017000112408e+29
1.226200249682652462e+30
-1.026113209725335041e+29
3.757026275965348698e+30
-5.138301831061471937e+30
2.250540095997468829e+29
-1.532913335935527493e+30
-1.581445506352225214e+29
2.770960992477636176e+29
-1.280142299614756317e+30
3.778306108718920086e+29
-1.501452505905443212e+30
-4.136713871667139932e+30
-2.097758207407273817e+30
-2.685965051942452785e+30
-4.647724851154860765e+30
5.633250919247629672e+29
4.301284126846728136e+29
-1.269762824514832371e+30
4.278394541938484637e+27
1.452480188186288561e+28
8.426157299944846062e+28
6.989624122286083054e+28
1.709970275115333177e+27
8.180308071065347413e+27
6.969210504094763280e+28
-3.870085667565916587e+28
7.976337361838516988e+28
-3.730740944402486382e+27
-1.329275467215097865e+29
-3.935120946445568594e+29
-9.964807418655583086e+29
-8.048570760024906692e+29
2.495546279643961786e+28
-2.553444276225387810e+29
4.158019033991417257e+28
-7.141753444862850162e+28
1.829661292129660029e+29
4.579589462611955984e+28
-1.931088536475226215e+29
-2.792640331665924450e+29
-6.325987347938766612e+29
4.511417840410292086e+29
7.377668467343714135e+29
1.461234132192186216e+29
3.167974760586660978e+29
1.177573544777356326e+30
-1.768579542560067356e+30
7.248356317326399820e+28
-1.334170684425605470e+28
-6.466765519224355066e+29
2.115077712205463670e+30
2.173555441665153194e+30
1.519987582664611659e+30
-3.168936480937358950e+30
-4.941674850130361305e+28
2.940111659587369620e+30
1.750847824986510126e+30
5.572757972138311469e+29
-2.783676843491822788e+29
-1.399713343873185653e+30
2.265850437666907482e+30
-2.030135339156941139e+30
-7.149430433896185848e+29
-3.106163992874453317e+30
-1.672613372962992387e+30
1.330806585686827221e+30
1.442589069694994461e+30
3.917591957578610701e+30
9.213642523038580650e+28
-1.910664647405236008e+30
1.061783084176157371e+30
1.777961548097141683e+30
-2.820581538435640255e+30
4.380135922900892753e+30
-1.007798048308503944e+31
-4.050064759147640886e+30
-1.537464995682168182e+30
6.763673552705913565e+29
2.220896404999235732e+30
1.265479460655246340e+30
2.148852431868890570e+30
3.618767588467823942e+30
1.643241163778078015e+30
6.471526674435000974e+30
4.885967698154303758e+30
7.829659895212814833e+30
-7.006097762906035185e+30
-9.222431197581058699e+28
1.647492221716918063e+29
7.879331337591386091e+29
-5.601823736981490264e+29
5.220931505078794441e+29
-1.424228888559596288e+30
6.529548547023115979e+29
-1.304327119487436761e+30
1.507599754910211764e+30
-3.734223866420213761e+30
-3.975001700294781663e+30
-3.733873286944256520e+30
7.330309190269124941e+30
1.320639077155625259e+30
1.379475114080651475e+30
-3.119466702456916655e+29
1.337468960423152810e+31
-3.252072180003443891e+30
-3.172120572674426068e+30
1.446649353597974198e+31
-1.965672122887646236e+29
1.019473367518966222e+31
1.867059645389875693e+31
1.363715098324943932e+31
1.934134123714198349e+31
1.783743348470958371e+31
-3.062760106945472145e+31
-1.513280156854383082e+31
-1.799563525575020044e+31
7.747956375654856170e+30
5.542446259258446388e+28
-6.809701121082720678e+30
1.463489869863337689e+31
-2.887217417423778043e+31
-4.051058832268456068e+31
-3.647193563197238368e+30
1.471206980565023243e+31
-1.416563679542349277e+31
3.113186800335550337e+31
9.923201345856722944e+18
-1.360844444009583575e+20
-1.813997579952495657e+20
-1.342884942862039122e+21
2.642198808210444386e+21
-7.120785938219978981e+21
1.460582899364215359e+23
-2.805880713854484889e+23
1.975016506221442499e+20
3.993110219514000179e+20
-2.837154245220067862e+22
2.174364395871244061e+23
-7.330279968135959072e+22
1.060810331959519760e+24
-6.146354677587091051e+24
1.351863990146947257e+25
1.392489177716782583e+22
-9.473204722026466509e+21
-2.327635618970940966e+23
-4.129805048302235015e+23
3.171352379391343138e+24
6.659781913477031551e+24
-3.221487475365755679e+24
9.114973105209710383e+25
-5.074165160156705325e+21
5.628826916684437022e+22
6.309275954029397017e+22
-1.565922954599590621e+23
2.039662866399071710e+24
3.648257501466259303e+24
-2.333468264483649482e+25
1.071266472172358513e+25
9.653002765592341141e+25
5.881665093379166516e+22
-1.266255131141048044e+24
-3.043959168571522008e+23
-2.190707530693239248e+23
1.422291442821907186e+24
-1.191438822041674792e+24
5.955944073842900733e+24
-3.309438208233953705e+23
-9.646845823946332962e+24
7.766596562553854167e+25
-1.541202428497829214e+26
1.324267114161043940e+24
6.486313044903606809e+24
1.119133697373369856e+25
5.185344010637861083e+24
-1.818837495376150947e+25
-7.954847812211060049e+24
-9.691036377260104205e+24
-2.167198106625556921e+25
-2.918585922679113186e+25
-1.349320579824479088e+26
-5.091979908586701737e+25
3.183859823574459135e+26
6.391067878768535196e+26
2.741136280861957836e+24
-3.091491965083636118e+24
-1.654910318935269203e+25
-7.304145338323587622e+24
3.577378706386238914e+25
5.454399222837721598e+24
-1.253868349302970691e+25
-2.733781751411530916e+26
3.026906250543475213e+25
-2.511129908650183037e+26
1.700748664487060073e+26
1.340208604253685703e+26
-1.457506199501927116e+27
-4.320272832413457220e+26
6.883118779073077929e+24
-3.702707693058393928e+25
1.776123623713458307e+26
8.388943614758164593e+25
2.035797108685395848e+24
1.289130098034350836e+26
-8.462129653248211078e+25
1.340876931707207020e+26
-1.183406096709501656e+26
-1.377769454971603604e+27
-1.253397303929905695e+25
2.567649753821732272e+27
9.495215925576373409e+26
-9.812742757501178806e+24
2.151031134737616432e+26
3.969183025322222420e+26
-1.195860120811952173e+27
-9.877104881411540218e+26
9.571334180688759216e+26
-1.431065255536542896e+25
1.410196869589874904e+27
-1.116463433785454799e+27
-1.146429556364201783e+27
1.319830907595451919e+27
-3.348681548716302495e+27
2.475066610053336269e+19
-1.022545489655166822e+22
2.482521216661217241e+23
3.747557606749048700e+23
4.339895513045362467e+23
-1.760073432670967064e+22
2.082394817245558604e+21
1.290933874539391531e+23
2.118300494068411045e+24
1.018929758346011942e+25
2.148624607486219609e+25
-3.811933188345883066e+25
9.163285810077958286e+25
-1.401243068883042833e+26
2.368348897406230767e+23
-3.221788688301953777e+24
1.425109190738182097e+25
7.069256959504622316e+25
-7.691402872548051409e+25
-9.621634416756587639e+26
-3.024764734295203908e+27
4.955133657731570986e+24
-1.164417552283092210e+25
3.952085250628517500e+25
-3.310445779023272065e+25
-3.403581048232553835e+25
-4.070669912046350425e+26
-7.443352702358320295e+25
-2.150891844328323862e+27
3.663608403986121502e+25
-2.068275990735632017e+25
-1.027891345427854818e+26
-5.905330227328588856e+25
1.064615752255713408e+26
4.862917582681394239e+25
-8.109317115356503942e+26
-1.137776870334218593e+26
1.949320320165800812e+27
-5.827423376773186849e+27
-1.524698188831467562e+25
3.825891790369622588e+26
-1.168566162721495541e+26
-2.408958396996405524e+25
2.919187729775956520e+25
-1.162009595059038416e+26
8.014970217607183940e+26
1.471880022021059712e+27
-6.101401829108552701e+27
1.668724056092133082e+27
-2.602362979397264424e+27
5.023469547759086212e+28
-1.991282131447773271e+26
1.963172318683132291e+26
5.568904133684016501e+25
1.531398341589069505e+26
-8.633808450690486099e+26
-5.394717847499587428e+26
-1.753453330714644985e+27
8.271456316760238160e+25
4.032083857975382837e+26
-1.093075163955922531e+28
-5.136886647808027201e+26
-4.441476519906472968e+28
1.246360924955540611e+28
1.379268602974727611e+27
-8.721250833223631625e+26
8.979037667635738361e+26
-1.387913988177782508e+27
-2.365721702003738660e+27
-1.788991812005320426e+28
2.937906392322442117e+27
2.617845268510517654e+27
-2.075348428948395375e+28
-2.964380694585730141e+27
2.876205186223888284e+28
7.512568676047608914e+28
-2.514821856708410524e+26
-1.478322494981085546e+28
-2.175510142550147721e+28
-2.106729866770858070e+28
8.958814718017832768e+27
8.540435928596050068e+27
3.920578336827847768e+28
3.545278705685411549e+28
-3.540105414775703635e+27
-5.271611461512175036e+27
-1.050102749416054412e+28
-2.568226298273500123e+24
9.286905779523430746e+24
1.282252537831290140e+25
6.944044732140273082e+24
-4.573961128444873488e+24
5.538408689701184931e+25
1.403682885202999644e+25
7.963873016044894513e+25
2.409840866609325504e+26
-3.988527841041611867e+23
-1.569903637693881089e+26
-3.647547034055927142e+26
9.789154385939397394e+25
-1.426028109118954181e+27
3.865858275385803457e+27
1.807963865749921835e+26
6.396662214989363798e+27
1.144592533120536246e+28
7.578724577110598682e+25
1.569585561373602234e+25
-2.116860984224239650e+26
-1.148207985051595253e+26
-5.663169905043369724e+26
-1.646155196436939345e+27
1.542004499270007049e+28
2.082939209595671786e+26
-2.047113247789478726e+26
5.254838768860443701e+26
-1.713410345481470827e+27
-1.404021786406033486e+26
-4.951885334828418086e+27
-7.873915456473075593e+26
8.243088512678573727e+27
6.819670885283391002e+28
-4.230695689501863805e+26
-7.520659980593406897e+25
2.158536652140956035e+26
4.831792099870600506e+26
-3.183194712129351010e+26
1.526348788080152235e+27
-1.245580086161710335e+27
1.227069048206415067e+27
2.600902029036410821e+28
-8.006358177585710509e+27
-2.662720368323601082e+28
4.162358820223494443e+27
2.776779204098489236e+27
-1.085499567779576686e+28
1.553859326203992363e+27
-5.597712942054847222e+27
-1.741348472969456249e+28
2.295332046267123382e+26
-5.727954013178520100e+28
-3.760348131160840645e+28
2.368383202949831089e+28
1.398130781778724622e+29
1.530716365361371025e+28
-8.677211563863263406e+27
-1.340423493431915258e+28
3.353321564521817123e+28
-3.172010633993539463e+28
-1.866454863132866490e+28
3.364350502138017509e+28
4.078450900933485847e+28
1.319344975096175446e+29
-8.588456835731767932e+28
5.365076181613177844e+29
-1.024825542420010690e+30
1.636004086034965524e+28
2.273704480895349034e+29
-7.219562030699931083e+27
-4.166815506750545249e+28
-1.934247814508284689e+28
-1.682226375076063046e+29
2.192211026814255396e+28
-2.071641278815107200e+29
5.888702195464196100e+28
5.806128455752414641e+29
-1.174769013759445044e+27
8.515335194719391537e+25
-4.727543409827548966e+25
1.128479591778585725e+26
3.013540407507778485e+26
-2.176203850465776345e+26
-1.056896798810672195e+26
-7.589436932148842322e+26
2.083044032308614513e+26
-2.212916101496226894e+26
-1.942779884880744145e+27
9.691780132452258191e+26
3.111525178120829510e+26
2.217481736313853190e+27
-1.302518272168195922e+26
2.932707591817456877e+27
3.245729340042090735e+27
-8.110654937291118446e+26
3.886399528520041438e+27
-2.312091203285055666e+27
2.567477113592141274e+26
1.143335845214022902e+28
3.630383042978833179e+28
3.310608510337578864e+27
9.757791378189053632e+26
3.772863350583149663e+27
-2.015541013841016580e+28
9.717758658618835343e+28
-1.032127194792347257e+29
-3.796883044335286214e+27
-4.323554960675358880e+26
2.827721615828381406e+27
-4.849173090577058582e+25
8.434696884513240116e+26
-7.634639196426708240e+26
1.739515675196096843e+27
7.269576142946936006e+26
-3.799809020022560318e+28
-5.502194744430429300e+28
-1.393416996329573839e+28
2.847041445359617980e+29
-1.142067353586232184e+27
1.622019625023769632e+27
-2.622912448347177784e+27
2.553225768056149132e+27
7.671706902543861113e+27
-3.153995857701121822e+28
-5.865788574192025747e+28
-1.497594995653634775e+29
4.707893247684969951e+29
-3.140113599975417128e+29
-1.370785066388066745e+28
5.568321416342687564e+27
-1.012500852744906647e+28
1.626616012245736825e+28
5.824404283681036048e+28
1.575171087398604082e+27
1.914979214257217855e+28
-1.571183978112369383e+28
4.857319735979373909e+28
3.923466459725957813e+29
5.094635299207657632e+28
1.653733497791701594e+29
5.815468664723271271e+28
-2.350457712297837942e+29
3.676593029794010144e+29
6.818730139197504713e+28
3.640899199512697103e+28
-5.343609144203551242e+29
-2.174205525923584632e+29
6.564727877607335075e+29
-2.256432797962860898e+30
-8.214664731022152821e+29
-1.760375717330417188e+28
-8.621460268315313149e+29
-7.201003829388804321e+28
-5.750519030683787677e+29
-3.833279268722757000e+29
5.920275753258081373e+29
2.078459412952322444e+29
7.522107292484814230e+29
-1.025988321340852820e+28
-1.599186056020165520e+27
2.084556067975379827e+27
-8.364230369375810178e+25
-1.794634594244957284e+26
4.609418738406922666e+26
4.219716633894176320e+27
-1.859564055144318187e+27
1.699245216021445258e+26
-1.202178890718092472e+28
-1.268941655690929377e+28
-3.715416801184918409e+26
-9.213354955146338768e+27
-1.779413016390327141e+27
6.163991476649764372e+27
-4.341386304223033548e+27
-1.405048803660656736e+28
-1.441627334115600224e+28
-7.627098547418594756e+27
7.793907994154531559e+27
5.393007406561498469e+28
6.512604230709993205e+28
7.969657812760847333e+28
2.480476083927612450e+28
1.730328280698725183e+29
-1.720405851447083843e+28
-4.038580518959130336e+27
1.136869949138279931e+29
-6.888136489764246796e+28
-7.868543843400208521e+28
1.167455669965413802e+29
1.151045418855067626e+28
4.544442416148145465e+27
1.691135731186881362e+28
-5.358834834442102191e+27
4.293280990828105868e+27
2.435774676416912265e+28
5.277650258401016330e+27
-1.297075451073836391e+28
7.131036123813089500e+28
-1.803892870463587519e+28
3.941911621579567176e+28
2.988446233384945822e+28
4.942883984606739222e+27
1.757895056375908398e+29
-9.054081354840861302e+28
9.374889545216435454e+28
5.031840460113404904e+28
-2.518081886983888435e+28
-5.010410275444170460e+29
5.725174721455651264e+29
-3.392545246476990898e+29
-4.902531238366590427e+29
2.659632377251860683e+28
1.685126387248429753e+28
1.291528712300625695e+28
1.046353336083578083e+29
4.234503306088801304e+27
8.747003338133646721e+28
6.848407936383534489e+28
-4.103502201343451339e+28
-1.069020578991985273e+29
-1.884545981075162213e+29
6.276350622816145921e+29
-2.577726146228521536e+29
1.887376407717559510e+29
-1.899681371715287943e+29
8.125619742748956434e+28
-1.560971759361218260e+30
1.061425705184539990e+30
-8.588490379394945001e+28
-1.292841802870730858e+29
3.859690157298231040e+29
7.274742901035377652e+28
1.289537459522475573e+29
-7.340790690404906655e+29
-3.155421906233830060e+28
2.526638127866938066e+29
2.194635181325941839e+29
-2.837818985900042327e+29
2.160072356186493273e+29
2.622882164829262562e+29
1.148408741734837810e+30
4.456327245964296338e+29
1.817183253039062347e+29
-4.047659627963807081e+30
-1.065849867983727280e+30
1.378563090410415332e+28
2.612984597071868833e+28
3.058519131220154517e+27
1.062508613856662865e+29
-7.223341828417027389e+26
6.824154060503771563e+26
1.776866556044346941e+28
-8.674033008631078271e+27
6.353133054001030473e+27
-4.268333225491746676e+27
-1.524166287450074145e+28
4.662658868830080294e+28
1.184417417545470155e+29
1.478748523297426083e+29
1.217311415146747329e+28
-4.271160681939999670e+28
3.604094967345320275e+28
3.019377495615162108e+28
1.349218695720023080e+28
-6.460489919093978438e+28
1.055972396339120349e+29
1.372993377332789813e+28
6.306180692302841410e+29
-7.305737858008276302e+28
-7.562768255599610864e+28
-4.722630407961309673e+29
-1.648515181597749366e+30
-2.364325589179694702e+29
1.091629190604676050e+29
4.815175554280924660e+29
3.003807626944471295e+28
-8.602198886005677094e+28
2.842311491632540943e+29
-9.332302438892176811e+28
-4.251060819098358498e+28
5.138644633367129050e+28
1.479322124056780137e+27
9.933504721799345700e+28
-3.337616402791232750e+29
3.224498043275418104e+29
-4.668318816071011549e+29
1.250192467621727176e+29
-2.377807539073745575e+29
-7.538937950538079687e+29
-3.377843124140806694e+29
1.662255468099094741e+28
-9.480950100124681546e+29
-1.788075997249920657e+30
1.517188547194484830e+29
1.322105024265170659e+30
1.208412844173227487e+30
-1.089225955513468551e+29
1.288826342340898972e+30
-6.740259254934009968e+29
-1.014022076402150015e+30
-3.854087310117744739e+29
-1.521751771386791845e+29
6.583046479756782535e+26
-7.206041966177974027e+29
-6.622188131667713583e+28
9.350782233925833027e+28
-4.543469328868448875e+29
-9.825554394466089754e+29
-2.202142558862529263e+29
-2.648133717191254611e+29
1.561549906808133118e+30
-3.801249480184934357e+29
1.306419368804723610e+30
-1.809349435241437178e+30
-1.523213279325146436e+30
3.830398061684779201e+30
3.002306348777905366e+30
-2.211875079259226739e+30
-1.441854203109163592e+29
4.534783998675974556e+29
-1.963537622838593780e+30
6.769961890777624668e+29
5.012756546400539606e+29
1.499646388269200024e+30
4.455684822287759565e+29
9.373160886782865590e+29
-1.205285525080325771e+31
8.133392569217977855e+30
-5.425433652031536249e+30
1.912853208348011891e+31
2.258224806321076388e+29
-3.276095887849224026e+29
4.632820688136150085e+27
1.355799103924733463e+29
8.994454711121837453e+29
5.362338064518759509e+29
-4.427071530141341333e+29
-3.762707766118664298e+28
-1.284726430236698503e+28
1.279739738470772398e+29
-1.199108809508595385e+30
1.669176789256929651e+29
-1.479584668436885494e+29
2.250929697131381786e+29
-8.427433430466020855e+28
-8.806036837939513695e+27
-5.694513804657567146e+29
-1.984312831026383935e+29
4.710577355845585102e+29
-1.367016879566514484e+30
-3.617446781642248219e+28
7.435327140222726306e+29
-1.225949829257678227e+30
-2.710956099240623106e+30
7.724003587188105495e+29
-2.444796617998510443e+30
4.786638108352831845e+29
1.321823681598307488e+30
-5.008681106990961015e+29
-2.385008550474063404e+29
3.895215284285342441e+30
-1.143612517500441564e+30
-1.973560362235342821e+30
-7.004995675604710088e+29
-1.292132031781514735e+30
-2.486129341034751591e+29
-7.926878020743764192e+30
5.485677053610198199e+29
-1.154197877430517080e+30
5.615177765433038784e+29
-5.334523780731588907e+30
-4.897825236566726317e+30
9.235975681757667634e+30
3.238470257415964369e+30
-2.079409227848650735e+30
1.853580520026149169e+30
1.321500506423358223e+30
6.584330650217417604e+30
1.079256062435720585e+31
-1.938640804940752176e+30
-8.202185342416043416e+30
1.038004760176054983e+31
6.834083355570141142e+30
-4.173687399522355586e+30
-3.318813361461211685e+30
2.077184949964828975e+30
-3.896587390897160323e+30
-8.028429638379373676e+29
-3.180690382593564691e+30
-2.234705806595962875e+30
1.370196261124812609e+31
1.128810062202887631e+31
-9.576027433794515073e+30
1.092392933610226284e+31
-2.342509071260326122e+30
2.632723746534006559e+30
-9.553929444675587111e+30
1.555512390004766066e+31
2.587684305443094677e+31
5.854995668767735278e+30
