3.756204327590337600e+16
-3.433664195278635008e+18
1.934128958477389824e+19
-1.851161733102196490e+20
-2.476814329856398459e+20
-3.949026270458577158e+21
-2.134448687011430662e+21
6.125662395013550572e+22
-7.985354984174087307e+22
1.787178055334071296e+18
7.269872043073236173e+19
3.119580957846325428e+21
-6.432986272990897373e+22
4.141907932743836526e+22
-6.194768492955476532e+22
-8.510764625828024030e+23
5.180719033571250834e+24
6.808250546805529337e+23
2.481875408221092250e+19
-3.688882673788524167e+21
1.381694365474082521e+22
3.928951551471355167e+22
3.645740623550601515e+23
4.747532175145591332e+23
-7.951380087688084308e+24
4.142467550791397676e+23
-4.117000346156839465e+25
-4.548678826889608561e+20
-3.135358295104807974e+22
1.429235726227889508e+23
1.347662942036999484e+23
-1.908228242516965128e+23
5.745317502490370900e+23
-2.338314131359483872e+24
-7.489754961416198566e+24
7.529315403197948182e+25
1.179755206740095722e+26
2.114086207264733004e+21
-7.332914808919612090e+22
-4.842005202881457684e+22
2.516717503136903935e+22
4.030145380455610382e+23
-1.113521675849106989e+24
-7.564867454210620915e+24
5.807642190059016013e+24
-2.512773663175249949e+24
1.132338839302809353e+25
-7.920041547562362195e+24
-4.049272876866785300e+25
-9.844044340610834891e+21
5.524614562242236724e+22
3.163549378169558171e+24
5.573546177583143251e+24
3.630828315437007949e+24
3.598464940766050453e+24
9.758171859062603232e+24
4.565587987742277878e+24
-8.411221722520755456e+24
1.274508197783964363e+25
-1.804890621207827826e+25
-6.318001526907250289e+25
-2.957068807844156991e+24
6.443458727817840853e+26
-2.080101053283463856e+21
5.506107909452691417e+23
4.698181395486238143e+24
-8.269747756964211549e+24
-1.038337482058790930e+25
1.438808583086912085e+25
1.598463972219515176e+25
-6.217604764118376077e+24
-1.050589203597143127e+26
5.707374043923451484e+24
1.093702296727003778e+26
-4.586121228680880352e+25
3.734540509579056838e+26
2.652670827776949060e+25
-1.561688203871231819e+26
1.641136369201525723e+23
-1.803457231356618894e+25
5.850361881935940225e+25
-3.054733632379056108e+25
3.231157093823423879e+25
-3.113284554759844405e+25
5.528899408251306490e+25
-3.133484713689150930e+26
-1.499678142645147483e+25
2.501923273575386542e+25
9.736613858479095424e+26
-2.097498375086224006e+25
-2.274797588739967500e+27
2.741630052531527712e+26
-3.789037065918124455e+23
1.215511247125922712e+24
-1.564297889744466837e+25
-3.833286902448979946e+26
-3.733401926771803948e+26
-1.835924449829969680e+26
-1.461431917440644333e+26
-9.173449462372205038e+25
1.796611990874206984e+26
-8.114092395697870990e+26
1.469120819627505211e+27
-8.302431033506498116e+25
3.051286673328811256e+26
-5.770860325991350272e+18
5.602415245485697663e+21
-1.602225211574851941e+22
1.979774411731244155e+22
6.788079143307731534e+22
2.749588377260531070e+23
-6.487876631662875189e+23
-6.455325719530958624e+23
1.565764148815198327e+24
-2.103476365461447237e+24
2.148069522683981306e+23
-1.787850235339779642e+24
-2.188906037076362074e+25
-1.508439993576949840e+25
1.177447359828623296e+25
-1.031083276021794781e+24
-2.322123349765903887e+23
7.162012705899029138e+23
-1.106767099106078367e+24
8.555661683044899594e+24
-2.793935455501013071e+25
1.891588746563497178e+26
3.021467740152741020e+26
4.684723572947156581e+27
-2.981771983713425382e+23
3.649399773208585240e+24
-5.067224937550929499e+24
1.830101395755156161e+25
3.517582744705093548e+25
-1.838897565623936241e+26
4.401274707789790625e+26
3.853523461029098840e+27
1.325724782808734451e+28
-4.350744961549384660e+24
1.404489120727373909e+24
1.533630290210058309e+25
5.993571426522481732e+24
-4.991383164340808622e+25
3.303083651298018529e+26
1.695804304583861965e+26
1.040396665528276303e+27
1.734035729923457802e+26
4.351186218897214667e+27
5.294469278726648886e+27
-1.472476527836598034e+25
-1.103173404399826596e+26
-8.516810029962814586e+25
-1.158740808878474030e+26
-6.252534963059459849e+24
-4.685774821523515340e+26
-2.470663913457599925e+26
2.010597165754130299e+27
4.116088455207617535e+26
6.015508451605948969e+26
1.018310026698101483e+28
-5.973315704390231096e+27
1.267260515297828396e+28
-4.839476960922526832e+25
-1.784995514258928046e+26
2.753998476790377279e+26
-1.092494612363952838e+27
-3.348891800782701962e+26
-9.234041467514274280e+26
6.701397161644287194e+26
6.889854635285857259e+27
1.371400114149763338e+27
2.611707704181286226e+27
5.376379152799841035e+26
6.474310465933499287e+27
5.293753345602915783e+27
-2.733366950988459909e+27
4.024685497403139274e+26
1.874551102472668798e+26
3.118384794970013064e+27
9.651117776413932667e+27
1.487440226496789888e+27
1.339648613668045173e+27
-2.300985548345307946e+28
-8.158114585002354367e+26
1.307844930316609423e+28
-7.113125099498780643e+27
-2.604855712387245084e+27
4.303513883317260358e+28
8.532168138306566687e+28
-8.949829062945477120e+26
-2.840938540881428818e+27
1.680376021978344129e+28
-9.765129411182432751e+27
-2.322725270462785522e+28
2.202523368092024864e+28
3.703300192133257638e+26
9.723926218574095730e+26
-2.411530262343381112e+28
-1.069426059733257973e+28
-4.004686088234688284e+28
2.821030584088768431e+28
-1.871296781857556246e+23
2.386851642198872111e+24
-3.414296972933390496e+24
-1.310801980349719884e+24
-1.791247324110096741e+25
4.754192789535182553e+23
-9.717514470247927887e+24
-3.546745082691884800e+25
-6.088343406772822235e+25
8.026100350075737207e+24
-5.463582207205302137e+25
1.093032796051039945e+26
1.026267326790204689e+26
-3.201006704524988380e+26
-2.969693092192246017e+26
-3.813300417306958480e+26
1.038111989372515106e+27
4.156895147722137040e+27
-5.245275900439403045e+25
-2.499135881448124355e+27
1.252957377519378930e+28
-2.142107178947130141e+25
-2.913691999520775680e+25
2.548804244583223156e+25
-2.357814476655197671e+26
-1.977601763553909649e+26
-1.723612296670621707e+27
-1.152651470016297468e+28
-7.593890480244859846e+28
-8.660949842570531150e+25
-2.974473075195449742e+26
8.077203160984347608e+24
8.575287350868371918e+25
1.541024316604534232e+26
-2.429747876837745526e+26
-5.992514648089593391e+26
-7.914674599501668244e+26
-3.156331731236450686e+28
9.993767278681152280e+28
-4.048715551328740972e+26
-2.223563756508035206e+27
-2.120410355870427534e+25
9.450590248925722638e+26
-1.989550599646242921e+27
-1.946262599852102784e+26
-2.211044449274933225e+27
6.527661429646806874e+27
2.063768811711361481e+28
7.877641108945274810e+28
1.022583867107851279e+29
-1.240752321150467720e+29
-2.884386593888621406e+27
-5.891937020613179472e+27
-3.210138797960936746e+27
-5.382128069175536884e+27
4.228096375634475432e+27
4.543202994548999153e+27
5.383227908181844524e+27
-3.498861083960865724e+27
-3.693180472680002701e+28
-4.945692042373557671e+28
-6.573485336916091787e+28
-1.683030142715933864e+29
-2.503723387850667965e+28
-2.192185674262715896e+28
8.207063299789583958e+27
6.063948476742729246e+27
-1.199938571895142734e+27
5.212839133812640250e+28
-1.031331027884985298e+29
1.251450233028449471e+28
-7.731127936604636586e+28
1.118556866013713226e+29
4.015072365432756481e+28
1.059449190869197471e+29
1.496002446500190115e+29
-1.797549505234572255e+28
6.886546502059467576e+28
-1.003749765988586515e+29
-1.193869991717208181e+29
-1.112939993312379521e+29
-7.871338943472308213e+27
2.123152144402278507e+29
-8.346175469672386031e+28
8.066283935496490343e+28
-5.533623454400832462e+29
1.017667397725710962e+29
-3.254648101345959663e+24
8.087250526230654698e+25
2.062769593705717899e+26
4.171736958128133947e+25
1.099498054387836292e+26
2.211513725555182103e+26
4.135528636413464808e+26
2.483270567330037377e+25
-4.495401050693782533e+26
5.496589141538293212e+26
4.901636479997227744e+26
-8.071780780498195233e+26
3.895739146265553758e+26
1.546947045546126973e+26
-3.106682827878904119e+26
-1.162984302297552328e+27
2.307250486695633875e+26
-1.263028027078677804e+27
-1.838420726805856571e+27
5.916779890229401672e+26
2.483370947071307862e+27
1.792476131649958159e+27
-2.857045171786382524e+27
2.995999180407902819e+27
-1.308369389552669701e+27
-1.316107304011741681e+28
-3.198861975556672595e+28
4.393294805108978846e+28
-1.875255376321897412e+28
2.439493876842802844e+27
1.532180561741881966e+28
-6.893651475565361114e+28
-1.560551416948032623e+29
-3.367154610665320545e+28
9.625492233741222478e+26
-7.577993293878569828e+26
5.040609377371730477e+26
4.153084861065634660e+26
5.121831486186598260e+27
4.338249095014799620e+27
-2.853677587890773220e+27
1.586731463336336355e+27
-3.516910627045154677e+27
6.639378580234168196e+26
5.130811710678786182e+28
-2.039278044223515728e+28
-6.024855907416321208e+28
-1.035502482223775915e+29
-1.718776237324225280e+27
-1.858124709955549749e+27
-6.823428154245212804e+27
1.897917907397399621e+28
6.110684117364952842e+27
-1.545116460881574016e+27
5.712470856005778935e+27
3.941186552695129581e+28
1.784374713501815550e+28
-3.172931334097634962e+29
3.247067897575442753e+28
1.122855322800665129e+28
9.074841391846843573e+26
-3.191373066553593080e+28
-1.975058108946231250e+28
1.334243000163283534e+28
-1.791282543575144084e+28
-7.154559231220069132e+26
-1.101082097415386343e+29
5.460241197305093692e+28
7.206305412255062557e+28
7.623075717034440906e+29
6.692132164212518615e+29
8.034678927242622576e+27
2.653254199264590665e+28
5.385037956792201806e+28
6.204314860955224243e+28
3.639071162447093816e+29
-5.044511982057941251e+28
-2.140235476829025444e+29
2.040936912902112915e+28
-4.672432742860252457e+28
-6.960515389428830004e+29
5.704357927686022261e+29
-9.535351132527303698e+28
1.504056275663990211e+29
3.599133733166029458e+29
-4.409674244998338892e+29
1.851116689255380411e+29
1.416928420968436288e+29
-1.460200638401078682e+29
3.649737623936213708e+29
-1.598955619685768142e+30
1.599167847107200698e+30
-4.064684140508234088e+25
4.439901171727490648e+26
9.632611402059495223e+26
-7.441363800372092316e+26
-7.789168289860428641e+26
-4.728976510737252243e+26
-1.849593615288352698e+27
1.565765552212167964e+27
2.686394693507766925e+26
2.669307377243972890e+26
-2.096954842946167163e+25
1.361489050083804906e+27
-1.417166640932842153e+27
-2.439329909790499187e+27
3.291313421475585834e+27
-9.378929778218776376e+27
2.652998410004358688e+27
-1.048231478959475999e+27
-1.004741234708257556e+28
2.220915875701549476e+26
2.505453775319194991e+28
-2.156944322081363755e+28
-5.274497165825988908e+27
4.325391070608570705e+28
1.861225559778103872e+27
-6.799891838042673306e+27
-8.046820368773665798e+28
4.898593610848019523e+28
-5.908651736173849159e+28
-4.903265772555700714e+28
6.366674259651801185e+28
1.169339829085172236e+28
6.995416827899024777e+28
1.854925179452263735e+27
5.854976645669833340e+28
3.088166864283415047e+29
4.961480209242690337e+29
2.407168888909578366e+27
5.321532517960956485e+27
2.580912217700527391e+27
-9.286494615182795970e+27
-1.440647211694015235e+28
5.778099336211126382e+27
2.828499688378662384e+27
1.847055333978757481e+28
-2.522515659853336535e+28
2.373655939166819508e+28
-9.910787075026842636e+27
-7.064891246042973986e+27
-3.695676065982361793e+28
-2.310025948168581264e+28
-3.382299372600988585e+28
-5.240345648158941030e+28
-4.252463403536737873e+28
2.572840849329683094e+29
-2.356445837597167299e+29
-1.573145897869447304e+29
-8.115935788098634840e+28
-4.656396463972235157e+28
-5.934737903965183904e+29
1.462480212010992582e+29
-5.520992488295258671e+29
3.395518318246959340e+29
-9.107767363858887860e+27
-1.019222779986764027e+28
-1.740778095152930698e+28
-3.461977420430598301e+28
8.290024867608386084e+27
-7.427507100504815393e+27
9.079509468938076138e+28
8.286190160781179571e+28
4.113170980808647946e+28
-7.060851264425753564e+28
2.508555429963376941e+29
-1.227513854219145230e+29
-2.288021990703447358e+29
-8.690887888133022711e+28
2.158515232409332805e+30
-8.316866165510232797e+29
1.905537275140713617e+30
-1.323099650483681196e+30
2.499458098025534573e+28
2.007222763008856328e+28
-4.221318170847969157e+29
-2.739041879551226090e+29
-2.807483224927877109e+28
1.261384326106443006e+29
1.467384330492186930e+29
-3.673112464799310112e+29
-2.241790234930432475e+30
-2.296295224460555174e+30
9.906857528965336266e+29
-2.240198668572061434e+29
5.937654393685280297e+29
-1.903534388465787927e+29
1.046624157289216649e+30
-1.113226717526784177e+30
1.750409799574539575e+30
-2.862977402708658113e+30
-1.896103096117322886e+30
4.792672297060912311e+26
-9.014141767439264717e+25
-3.693982246407941206e+27
1.692320239770331437e+27
-5.713785777763599776e+27
-2.206770635080989506e+27
2.631790067449265920e+28
2.905303156557229849e+28
2.990264222942321841e+27
1.688278068402106949e+28
-5.018061866337919306e+28
-9.493151812379300380e+26
-1.296566753812012527e+28
-6.072039615554675034e+26
1.851678041222560080e+28
7.057913239352884538e+28
-1.284919597765861375e+28
-8.777524170867334948e+27
-1.016737476610381190e+29
-1.001441907759482010e+29
-1.170022598488436949e+29
-1.697731233960614124e+28
-6.737143141141095910e+27
2.362010523882486444e+27
-3.015598820210714386e+29
-2.281052296777375361e+27
1.078424595861257401e+29
1.284418929194399276e+28
9.443015145323533824e+28
-1.390353853644685991e+29
5.375740405163128533e+28
-1.370401829062487093e+29
2.320156934636519129e+29
7.053497839119565386e+29
-1.450347074842100692e+30
-7.976395916004099291e+29
-1.209896927979053955e+30
-3.978554380667575295e+28
-2.190193331606541078e+28
-9.642100167887069974e+28
5.323795716259883913e+27
-4.568536683940751174e+28
-3.430931126549796633e+28
7.462418106031936433e+28
7.896499345818503977e+28
9.289555039856401090e+26
7.511234083490097294e+27
1.044689440074489485e+28
-5.974643022901515175e+28
1.071728471132399925e+28
-7.745169617218927915e+28
6.525281032992319138e+29
-5.930504313280446206e+29
-5.738115218665963745e+28
3.768992047336802964e+29
-5.797887227794172493e+29
-1.026832135260097625e+29
1.262905400099783823e+30
8.171237549656566145e+29
-1.188356521069801646e+29
6.491919818346801533e+29
1.419384303133410023e+29
1.787447254158754026e+30
-3.031930267664528637e+29
-2.427078918745897617e+29
-4.545634826294790170e+29
1.182185378356429292e+30
1.848048583465686871e+29
-1.946390910302007250e+29
-1.598723305484813476e+29
3.764026480359293974e+28
-9.160506057630295302e+28
4.380859407493179070e+29
1.352909241576985245e+29
6.865821275182098614e+29
1.499932919098408781e+30
2.365830116782291903e+29
1.171162622232502980e+30
-6.792872740546301085e+29
-1.136242127707149659e+29
-1.432032625291204667e+30
4.143934392564645810e+30
-1.962376831402478847e+30
1.243702560967055771e+30
1.091157485735093460e+30
-6.396415693266028880e+29
-5.221893345738817944e+30
-2.070058662344584279e+30
7.384386453269953544e+29
4.206380579479134833e+28
-3.274241511777558908e+29
-6.692279926520403849e+29
1.546736415077825493e+30
9.414762373278135579e+29
2.690683115611377919e+30
-3.388852031963987276e+29
-6.891285835248244929e+29
-4.818164973488482305e+30
1.495573885946059545e+30
-3.093173532874845343e+30
5.746167603081221761e+30
-7.855202876181198204e+27
2.293383593041740065e+28
-3.082021923866854311e+28
5.359466250578378240e+28
-1.525516551146884340e+28
-1.993351845678885017e+28
4.681968081209521045e+28
-3.670926161797781723e+28
-8.458717371860212396e+28
-1.538036068777662611e+29
4.300574771096438439e+29
1.892716054144761857e+29
8.137676136388397323e+29
-8.981342116621585312e+29
5.073927686519972120e+29
6.256431063235682912e+29
-1.794278235487895256e+28
-3.403051796685884343e+28
-4.670154209409610553e+29
-1.992499835628383780e+29
1.348953583037403276e+29
1.205629983983821782e+29
5.403836987263338216e+29
3.654044333621890769e+29
-4.945616061533687080e+29
-9.110135868035360369e+29
-1.202829591753726683e+30
-7.746088348418086080e+29
9.346641744644391970e+29
6.554863698001491437e+28
4.359042988122682184e+28
-2.879864421760900163e+29
-7.241570685553390080e+29
-6.613767183662287863e+29
-8.153341523708049161e+29
-1.498187495592836659e+30
-2.022778787439627636e+30
5.852974054574798845e+29
-1.822831751893671598e+30
-2.544389039183318676e+29
-4.201502306134846789e+29
1.222714614300425427e+30
1.452712082662566490e+30
4.418441552925235742e+28
1.017464740488510746e+30
3.115198875764575027e+30
2.579002098035305401e+30
-6.789528637681720890e+29
-1.279564133352523356e+30
2.782683292979528827e+30
1.150671756133889208e+31
7.212737790912006249e+30
-2.748882079151454023e+30
5.490128021517221579e+30
2.944008384883182402e+30
-3.752853008197717666e+30
9.458513089081778653e+30
-2.992076127411625396e+30
-6.728973868994936260e+29
-2.055303279305535923e+30
-2.261694417416352379e+30
1.787331883078887442e+30
1.984571081308293656e+30
-4.490129017459344932e+30
-7.913902228359163007e+30
-1.041309670592850359e+31
-7.904450455852521438e+30
-1.144427488245334904e+31
-3.160739508371652427e+30
3.421406491977152915e+29
-1.037018341752267956e+29
-7.914722586027230144e+29
4.050102331733139267e+30
2.691868836980551207e+29
3.717808917969501089e+30
1.141985040915527422e+30
-2.535366440054335504e+30
3.774598481674908114e+30
2.103892001942993194e+30
-7.743221554596459082e+29
8.207543541750581164e+29
-2.629906463392864904e+30
-1.204419103799057653e+30
-3.314751159167583957e+30
1.363756453110551424e+29
1.434924885070659977e+31
-6.246755983025656601e+30
1.751763883360629036e+30
3.567868246043446610e+30
-5.940374225771043098e+29
1.160180006762224768e+31
-1.797603436159025698e+31
-1.339639975410529144e+31
4.216822671109138993e+30
-2.959449175221249052e+30
-1.706490966217979696e+31
-1.388680295895830233e+31
1.724180217799005455e+31
3.413724943135288036e+29
1.009049615957202770e+30
-7.653091315626712683e+30
2.076830013005032162e+28
-1.988253513139518815e+30
2.484854809297034326e+30
-1.127544818801758143e+31
-3.529999543913517053e+31
-4.807197749470471156e+31
-4.909309244285491612e+30
-1.591667472311186432e+18
-6.893873570321506304e+18
-1.359442231362468086e+20
4.847542061328932536e+20
-6.750598555535331820e+20
-4.801883378825415885e+20
3.796766840706940325e+22
1.020886456155770894e+23
5.970780134041319834e+19
-8.089731827778411561e+20
-1.232609732989776665e+22
9.872877344707587971e+22
1.852634237212022119e+22
-7.581073235848063206e+23
-4.768909595022283441e+24
-3.699642451140613667e+24
-5.193351891828097417e+21
1.022095444507977423e+22
7.307526770714750013e+22
1.443870217115242731e+23
-2.355058013014924062e+23
-1.304161336722389450e+24
1.417932249859878478e+25
-3.357270274505101682e+25
-8.334545358189758933e+22
-3.518259313152854873e+23
2.851853163514545496e+23
6.127981203539657490e+23
-5.703513714219027236e+23
1.502456273430398932e+24
7.608246382311864600e+24
-1.113693583979894088e+25
9.623121204527607258e+25
3.112445223184277438e+21
1.271141370129806707e+24
4.977549787640065079e+23
7.965103075201391159e+23
1.663400082065584063e+24
-5.657610406045856616e+24
-1.762650622698773069e+24
-4.495744965318926718e+24
-3.387303935625300007e+24
-5.538296265014724357e+25
-3.169317037039342648e+26
3.011086373687221499e+22
-5.236144970498699375e+22
-4.748017720777269167e+24
3.237224727394018616e+24
1.721595183985289775e+24
2.061202233763812010e+25
3.241863498184181957e+24
-1.449455514043101109e+25
1.765727459168761740e+25
3.811561002258459690e+25
1.316602410077075253e+26
-1.398637755185729956e+26
5.851513536218122868e+26
-9.056896405619188926e+23
-3.527633219141938830e+24
-2.269286960926775925e+24
8.699565515493946708e+24
-1.160038833001022287e+25
-2.158168689692232821e+24
3.070778998185779507e+23
-1.420594831990104431e+26
-1.874817703554027869e+25
1.476667983401800482e+26
1.041474039991808965e+26
1.574245570944337566e+26
1.707710453030985959e+26
-2.375520172563474415e+26
-1.650505228927512812e+24
4.255768925112218808e+25
-1.279727342086663214e+26
-1.563646704368745010e+25
-4.127755906844547850e+25
-4.040624935545596860e+25
3.391682096218638396e+26
-6.136463813556264943e+25
-1.402296744993150527e+26
-2.620771997991108353e+26
2.199872662442357978e+26
-1.348209369852811718e+27
-2.002969045633924661e+27
3.156176456298575234e+25
7.408714983645822268e+25
-4.045788331201722641e+26
-1.081902395443939577e+27
4.799425059698864282e+26
2.370475945863442781e+26
-2.850298493427752471e+25
3.501484728015341350e+26
-8.590287978610848003e+26
6.977337457347841220e+26
-7.702743602189103173e+25
1.252765590671564396e+27
1.407044439258709990e+22
4.886532859922832215e+22
-9.515514180566116834e+22
-2.270328232388309423e+23
-3.300609198628763400e+23
2.901566837380667259e+24
-8.107318569909996728e+23
-1.143511406471156171e+24
1.160469394314515209e+24
1.670129280187391345e+25
-6.548074018256474822e+24
-3.085495875348339166e+25
-1.850093624925680929e+25
-1.212300519718035607e+25
3.875929012674985869e+23
3.796932948780103171e+24
-2.177536795211291513e+25
1.583034133384515923e+25
-3.558122370187483639e+25
-3.147287661802536982e+26
2.214723682235779488e+27
7.148553344175054860e+24
-1.514165857338936193e+25
4.511952308103853919e+25
-9.059342362319482025e+25
1.846498868786545721e+25
-1.538242753898949724e+26
1.500711090904155274e+27
1.801036201519670000e+27
-1.032127621325663930e+25
-5.398845103363462368e+24
1.192803294312605805e+25
-5.184719980887390626e+25
-1.437586330620367352e+26
1.074380050444089334e+26
1.340440722403433651e+26
-1.283936958693028981e+26
-1.347742164439219777e+27
-5.079815389242028407e+27
1.977159062193400968e+25
-9.945632540856733112e+25
-1.590902461520395998e+26
1.056984451704241906e+26
-1.351780544831262424e+25
-1.382188082569274489e+26
1.771971018490760908e+27
1.215309230108231745e+27
-6.725974461301412697e+27
2.180532779470036891e+27
1.182412596024563881e+28
3.642271137746152726e+28
-5.054803745957815142e+25
-7.301527663981169076e+26
7.015376971472961929e+26
3.637315652368158276e+25
-1.647822231330894435e+27
9.889926848911844312e+26
1.123821874065951363e+27
-1.108019607363750031e+27
-6.681004641161287926e+27
4.656927611515229870e+27
6.013827613502220745e+27
-1.134009727107684226e+28
-2.144120268277793626e+28
-3.151936587122895818e+26
7.804370604086088657e+26
-3.654670757930108348e+27
1.018147342849252531e+27
5.603816722892015854e+27
9.600059420697556091e+27
3.581765462424460385e+27
6.268315362849840344e+27
-3.316066973618797365e+28
-2.584217463494751961e+27
-9.572997002115281918e+28
1.020367946332360128e+29
-3.590364190254791416e+27
-1.871496224470922037e+28
-1.806324886379999138e+28
3.494990732838272327e+28
5.724359824190844459e+28
1.111884556789629749e+28
-1.269161620677447295e+28
-3.827604127010330197e+28
3.035720451347764302e+28
6.815789725904104258e+28
-2.292478382840266293e+28
-7.417796355284351467e+23
-1.416895490171251091e+25
-3.543704300313890639e+24
1.235249140127071260e+23
-3.467336414703226264e+25
-9.280436929534898672e+24
-1.267379751070940102e+25
-1.324844640942180477e+26
-1.091898918621554721e+26
-1.020071141842378372e+25
4.936318845352115221e+26
-1.875991148387478722e+26
4.875848426928651992e+26
2.665815663110465222e+27
4.142306433129616868e+27
-1.685271416484784317e+27
-1.105488395423389391e+27
4.648145439616137066e+26
-9.555592669155817121e+24
-2.363869372563902641e+26
-5.984005185925965380e+26
7.869963598989352884e+26
2.740964123853801793e+27
1.136567850601077459e+26
-5.766162175531926744e+28
4.885255732092916126e+24
2.482863256568220721e+26
5.435480420243537423e+25
-6.231423126338146448e+25
4.230999899432098316e+26
1.305601188245382613e+27
-8.561360930607652470e+26
1.318297315231108949e+28
2.406008988576642309e+28
-3.425455378225243844e+26
-4.455878640636097916e+26
1.417908711139391310e+27
-5.166036117692802046e+27
7.850172302414493567e+26
9.579429229855531226e+27
-2.146796765329420989e+26
2.331733369366443659e+28
-7.376499195593459400e+28
-1.254943514791957167e+29
3.853528165985002330e+29
3.929515105016335674e+27
-3.093075160049845488e+27
-1.227677141053727448e+27
-5.000050905069124162e+27
3.651939405579587220e+27
-5.520961115508355505e+27
4.684667864404141176e+26
1.775157271862303921e+28
-5.355114073284494173e+27
7.648342997878626809e+28
-1.515282575073542280e+29
-9.599174959592103674e+28
-2.349700698857856434e+28
-1.824381251735472194e+28
1.068980926123246161e+28
-1.013474319949333580e+28
2.734190882071953775e+28
-3.221723890298309974e+28
3.091834222949749789e+28
-4.086149432534444331e+28
-2.375072903154118197e+28
-3.046702942394575714e+28
-5.607822437227446458e+27
5.922225299653861353e+28
6.702061397153284892e+28
-1.121330632283297152e+28
1.254284329563511226e+29
2.492480883192759958e+28
7.396382176063923387e+28
1.631534590488233272e+29
-1.219853991760221156e+29
3.007511427380871054e+29
-4.308751427533816441e+28
-5.127873940024537104e+26
5.769595283073888489e+25
-1.944079727171575565e+25
2.798935104424460409e+26
4.802778659786059604e+26
-4.296451404593387110e+26
-9.032117886152477058e+25
1.277905953625481283e+26
-1.326803051535217643e+26
7.201983358642563101e+26
1.567259502154994482e+26
2.390569049696888835e+26
9.493038688163601884e+26
-4.255766388462396313e+27
8.276981183219633961e+25
7.918652470748152714e+26
6.792867338554064888e+27
2.968753224494752500e+27
-2.521677200587773941e+27
2.665439496768155923e+25
1.087493750644054463e+26
2.763042716374084143e+28
6.319442016446817998e+27
-4.944414142940867655e+27
-4.541214430969597955e+27
7.240653053141554031e+28
-1.896623790482632307e+28
-4.400165127139467437e+28
-1.050965478349927566e+29
-3.317902861764370453e+26
-6.835704639423947406e+26
2.907554598179085430e+27
-5.612411404004625963e+25
-5.935340625294397816e+26
-1.203012100324538534e+28
-2.559608904488814608e+27
8.727905926004469433e+27
-3.761672451891210678e+28
-3.251083453298209150e+28
1.970004995977202675e+29
-3.345365085274961332e+28
-3.829149224270600712e+27
3.914998095771254989e+27
-9.592155124906861543e+26
-1.129527483541752034e+26
1.502337819374577177e+28
-6.282213640913796462e+27
-3.518882304012787537e+28
9.729402033044419498e+27
7.501253429771535309e+28
4.408068095712180839e+28
4.256016780360757648e+27
2.967570251057987368e+28
-1.184073835997421932e+28
-2.913856662587527164e+27
4.117376645722142942e+27
-8.973722413631648578e+27
9.056331736100382919e+28
-3.860099602488252272e+29
1.864915073063126465e+29
-2.182398667359045783e+29
6.300030973877724309e+29
-1.214069974629447427e+29
-8.761567609528026251e+27
-9.675202200774893587e+28
-3.555454467844204189e+29
-5.741996841842830373e+28
-5.443572482251317606e+28
-5.375686398377783385e+29
2.486958650294271734e+28
1.596985400866156699e+29
-9.899720130206666442e+28
1.293920765682358550e+30
-5.278509533936898140e+28
-2.218630547314817044e+29
4.191437837242688606e+28
3.028752092523948572e+29
6.369288847219944291e+29
1.573513866889420194e+29
4.628112595227604088e+29
1.864497481152872132e+30
3.339705760733053035e+27
-1.009012376748604434e+27
-1.389775793895225283e+26
-1.259338096521674023e+26
-3.603721978447812332e+26
-1.324601542218184748e+27
2.053446489161854912e+27
4.158828109816376838e+27
2.478948048420060754e+26
-1.827376554690282423e+27
2.632977706902120800e+26
-6.361286755372652344e+26
-3.487084163985109004e+26
-1.633516446506089332e+28
-2.381524011997376213e+27
1.262049174657474728e+28
-1.210327172889591086e+28
-5.331284705333093202e+28
-2.400820247944540511e+27
-1.196559683164914484e+28
-4.453328471204199212e+28
2.415561141306652850e+28
6.525412919865251738e+28
1.237909559896133078e+28
3.575330600594804542e+29
5.258747544499365397e+27
1.168891470924706592e+29
-5.507777068035615060e+28
-1.335123503711732943e+29
-1.977569715606353911e+29
-1.553571102975592053e+29
1.939059698574271302e+27
5.776551923514507536e+27
1.030818622845361667e+28
-4.295113464749807836e+26
-4.981022097295252265e+27
-2.007392439134871770e+28
4.698037888143395410e+26
2.359674819900423696e+28
5.087514741871576660e+28
-1.402591102079941344e+28
-2.566718712031679037e+28
5.011158952114180313e+27
-6.654722191886257623e+28
5.893632410985889939e+28
-1.228516123673982700e+29
8.925100434353744352e+27
-4.845762680934394130e+27
-8.966163847708798884e+28
-2.095067801452661499e+29
3.409159983778651769e+29
3.356153134157833419e+29
1.494328952836009273e+28
-1.327160009341681203e+28
-2.414141672135246153e+28
5.995687515142499784e+27
-3.445067259051159039e+28
-3.285817843570572495e+28
9.686103115186435580e+28
3.056710173902111818e+28
1.979481339754097123e+28
1.180707121099900730e+29
-3.262277830442133104e+29
2.662173583093299258e+27
1.334529450787511277e+29
1.873027115050776588e+28
-5.810249359824970108e+29
1.259942165413481570e+29
9.126086836974309081e+29
1.643018745887043016e+30
-9.052454559516348241e+28
2.168904220010174686e+29
2.370987827997216749e+29
1.053610185617960864e+29
3.050594629839535204e+29
2.713466995821420906e+29
2.431911271306698802e+29
4.361096995197519490e+29
1.523875281794744851e+30
2.166234415665872747e+29
-1.439209541157127319e+29
2.061607157200132398e+29
-8.360642888647195564e+29
-9.800961714492925157e+29
-6.956040999185747700e+29
-9.141719125502461993e+29
-6.921663574677090507e+30
1.609240576864031137e+27
-1.377572724541280358e+28
9.112077569198071601e+27
1.811300896192182312e+27
3.976027419737673802e+27
1.165903651836173419e+27
-2.326189866917856144e+28
4.073108825602112411e+28
3.102442756078067559e+28
-1.721089787128547881e+28
-7.045938497963630436e+27
1.033290803758580623e+28
1.942373649056223801e+29
1.161068093351716103e+29
-9.238953066895799633e+27
-9.187632302738856698e+28
4.084595120039584586e+28
1.204133244437034772e+29
2.290569146641988347e+29
9.953195543918652151e+28
4.269168587731951004e+28
-1.167318048883038976e+29
2.406820865011376498e+29
-7.959507563093438897e+27
1.574072400312613535e+29
-1.999364689242295579e+29
1.154736740396349685e+30
-5.440646237748361868e+29
-5.605408745821804470e+29
-1.013466568397587477e+29
7.552380993417665516e+28
1.080524605894841844e+26
-1.169652706867769551e+29
-1.601390853427569722e+29
-8.623319329211505308e+28
1.505932382519022788e+29
-4.463827384750759713e+28
-1.276091471599107500e+28
-2.454155446022268441e+29
-5.171012386366794355e+28
-3.175715140862367457e+29
1.539703631718191072e+29
-8.493025640241904144e+29
3.449461152568216304e+28
-4.791692208024281414e+29
3.481021888673706396e+28
3.300156522918010573e+29
-1.866881377064348590e+30
-4.337956362056982488e+28
-4.258166295286705743e+29
1.777120433097149081e+30
-5.440940596975732981e+29
-1.685915014135662487e+30
1.643632634048537600e+29
1.338528898689620773e+29
1.929932855333174282e+28
-7.817524426337145443e+27
2.696522105080582235e+29
-7.749376782706705554e+29
9.779169108873297737e+29
-3.306142024017333501e+29
-9.185373512430879877e+29
-7.234219250211895564e+29
1.691830490076725547e+30
-1.164375839654821054e+30
1.554998489249534244e+30
-6.211216136048073816e+29
5.453299447618452641e+29
2.461549735033967505e+29
2.452552602726083057e+30
-7.846756553632960704e+30
-5.342098255112955202e+30
5.298997463754192129e+29
7.083459258828526057e+28
-3.190841168737470850e+29
-4.524053976658419752e+29
-9.611832274650356536e+29
-3.605981053650246147e+29
3.309063320390443166e+30
-2.739453174694404176e+30
-3.539784553870843677e+29
1.940454593563151839e+30
1.138123752394538921e+31
1.420967864205887437e+30
-4.760907253446119482e+30
-3.032245684346739527e+29
4.422809035975587773e+29
-3.457131931913387132e+29
1.520255371292127292e+29
2.736462523706560489e+29
-7.695407664986339215e+29
6.926468924652230359e+29
-6.359666890383864124e+28
1.181359753256261366e+29
-9.309332074812949793e+29
-1.028490418403267105e+30
-3.927215381417638953e+29
2.884080852752644227e+29
-2.889398660071191976e+29
1.703359514136218516e+27
-2.100176701889128876e+29
5.412336859912296122e+29
-6.023033681392114268e+29
2.799192266600404672e+29
1.425237834586947479e+30
1.184812644153308124e+29
-3.765553484494482371e+29
-2.648104522954374461e+28
1.111317013233338923e+30
-2.746138074726305785e+29
2.686716608131823988e+29
3.564032138964263013e+29
-8.984159157435777532e+29
-6.975988656212470775e+29
-1.531862565103190563e+30
2.065184384334819447e+30
-9.974307712567842740e+29
1.805165517807318591e+30
-1.164241128236458293e+30
7.370289985085527913e+29
-3.051090343900211241e+29
3.799568307022697831e+30
6.258189242526906131e+29
4.734087534086337517e+30
3.757805002497193528e+30
-3.902916039750155200e+30
-1.248412675521548318e+31
-1.980119574476363541e+30
-1.311492708712637669e+29
-1.820869784515844129e+30
5.327643243276909137e+30
-8.541100405664906269e+29
-9.850733968549406503e+30
-4.830292968838077581e+30
2.865648816047530374e+31
-6.885586120842694577e+30
1.473497192169629643e+31
-4.005637893188283873e+30
-4.510408693316457474e+30
-1.427926332170300509e+31
9.924087129626301123e+29
-5.425926116259706111e+29
6.394091658806601888e+29
-9.991410720649073773e+29
-4.382400004714525921e+30
3.233112389813654588e+30
5.563625362783652031e+29
-2.691130667441364634e+30
-1.983445334542277788e+30
4.266199787029931632e+30
-1.009689263877406336e+30
-2.430410984976246698e+31
1.253755135308818615e+31
-1.391166527893714125e+31
-1.430567125312877321e+31
