3.807013099148853120e+17
3.931642030296693965e+19
-3.991000198609307566e+20
4.123930189923367649e+20
-1.236295776080019377e+22
-4.859607749067348640e+21
-3.381693864167423869e+22
-3.397138041865951427e+23
-9.921274762879482357e+22
8.828027561248813875e+19
3.410625183848159642e+20
-1.202877156715377616e+22
2.706007094827655836e+22
-9.250314283691688958e+22
6.831487485790889863e+23
2.614195902459356243e+24
1.102426727526559057e+25
-3.893363255161360411e+25
-6.066697896622649508e+20
-1.063992030894277159e+22
1.004108443385047758e+22
9.064796013288145698e+23
3.663911127465815934e+23
-1.063014612799911681e+24
-9.702737449088194288e+23
1.096743622931664602e+26
2.981432522271127959e+26
-1.214668848990456119e+21
-3.126210545469994775e+23
-2.156715959028825079e+24
-1.416870476001770031e+23
-3.164329048460603865e+23
-3.578821808177117229e+24
-1.385969027415065578e+25
2.238966233456212548e+25
9.506540797949608790e+25
-3.283561005086016552e+26
-2.883848087480198339e+22
6.724527253588980584e+22
5.302877697373212932e+24
-1.450571491046147897e+24
-1.265890482549575089e+24
-1.844488171640531563e+24
2.245890885325144080e+25
-1.930044291051357469e+25
-3.541136928067921072e+25
1.896508927549033189e+25
1.042464003491475857e+26
6.910855046951910428e+26
-4.689892560400318412e+22
-3.397424011481684420e+23
5.100038264813415786e+24
-2.644761192791564297e+25
-1.312280828962766174e+25
-1.518096782088474370e+25
1.750225122684118510e+25
2.227368622354327757e+25
-1.517974529806353013e+26
7.248724231870682831e+25
1.447355510535821135e+26
-1.073723858085764507e+26
1.052705773897315407e+27
-1.210081419461471278e+27
2.477115729030379523e+22
-5.417922919053602629e+24
1.637099629983332230e+25
-3.895553957550298821e+25
3.213082295433692857e+25
-8.811199846624308923e+25
1.150152624181045321e+26
-2.111235499266446760e+25
1.978779883892796412e+26
-8.268410745099612315e+24
5.991232519740456223e+26
7.875994350302122118e+26
-2.676577248226543393e+26
-1.240191477232775254e+27
-1.794114916883332032e+27
-7.529014882281656523e+23
-6.220003668952037422e+24
-2.861400104596218185e+26
-1.612667949704738676e+26
3.838458015413068811e+26
-4.917983239494243222e+26
6.817924945102458641e+26
1.805161580189824152e+27
-2.115004856557096393e+26
-3.088344471545080887e+26
-2.334253210107543034e+27
-1.125790189394744345e+26
5.713761693673848290e+27
8.673330168589501431e+26
2.473351523521266302e+24
-5.394977243791004055e+25
7.251810561206591176e+26
-2.383671079307966331e+26
-4.085247725162631046e+26
5.963542638136009736e+26
-3.230406986101806294e+26
1.309418437193522042e+26
2.850498395538613807e+27
-2.932541956618159024e+27
-4.297483107281051057e+27
-2.583073061073522423e+26
-9.191858576766026641e+26
3.745476673455902425e+21
3.700440424746219209e+21
1.364739704543055027e+23
1.601124229209440177e+23
8.036686403615364376e+22
-8.739174780476754210e+23
-4.641503370323262744e+23
-6.171721036888128514e+23
-2.227429930181106061e+24
6.268223539003300354e+23
7.182977738719032192e+24
2.496385095385223753e+24
-8.645751433685874279e+24
5.347092191782397873e+25
-6.951354415817760155e+25
2.532161621630058463e+25
3.905367855146960998e+22
-2.252005773277678094e+24
-1.059096448475750193e+23
-1.659399334294088915e+25
1.285401163546500377e+24
1.042122680844940455e+26
6.932244826193882255e+25
-7.842850953422003536e+27
4.664255685912567963e+24
1.211446420983552961e+25
4.534091283114586276e+23
-3.299759955075866808e+25
1.940717287058167458e+25
-2.647688245223042526e+26
8.425877459321844644e+25
-1.749586214315820308e+27
9.694191507379432923e+27
5.446924085485988928e+24
1.523305845392760747e+25
2.923793338211843254e+25
1.995515156919604628e+25
2.385131356903062561e+24
-2.348721347796968992e+26
3.188927745294478264e+25
-2.580039151072162773e+26
-9.201911581442625355e+26
3.041247116734791427e+27
-2.170593965724989783e+28
-2.522014246275587877e+24
-6.477291908851293870e+25
-3.001223544506031857e+26
-1.358087325357317269e+26
-2.640441494578115905e+26
3.013764296447637341e+26
1.264905535693953166e+26
-3.311130066895862895e+26
-1.204654697790154021e+27
-6.078185159044681510e+27
1.574917633596321183e+27
2.224151773920960853e+28
-5.355258329060442119e+28
3.437690015029589149e+24
-2.078449139389091291e+26
8.793046291819091889e+26
-6.460659753848686679e+26
1.566430059382179649e+27
2.653461944965837777e+26
-5.839433929152552586e+26
8.116654269453181474e+27
-7.367340066346804724e+26
7.129754300269276194e+27
7.891147061985914315e+27
-3.136845559241600781e+27
2.273541796776223488e+28
-1.840236857663955283e+28
4.013792694606095385e+26
-1.541525829289109192e+27
6.941912045179828272e+26
1.642854477067519093e+27
7.322678175115879275e+27
1.052567738612211961e+28
7.255654737997761648e+27
-2.780199725272009172e+27
-7.698198923456570717e+27
-2.527778562952267459e+28
2.644163962425080702e+27
1.109357474115173632e+28
9.490859721587336350e+28
4.087690855828829958e+26
3.372814877468260961e+27
3.262753259346498240e+27
-2.241900002950700733e+27
-1.681972209111991060e+28
-2.128238502545879445e+27
1.826415750205824995e+28
-2.034455520792730687e+27
-2.677489048738453186e+28
-2.543968477773460416e+28
6.717877328748718145e+28
1.131580895042819488e+29
1.931358990020017998e+23
-2.032481304213290683e+23
-2.527885264558130349e+24
-6.099056059101024249e+24
-1.224815169598184546e+25
1.715938037683864199e+25
8.231700130067330917e+24
-4.501400866479600307e+25
3.700135161614272117e+25
4.306823733582041920e+24
-9.773666360380301848e+24
-2.599978529781167523e+26
-2.388466467315304981e+24
4.729426235942395873e+26
7.578094468350101933e+25
4.592204912703342566e+26
2.168204609252179065e+27
-1.728833081740590419e+27
1.571945446236680137e+27
1.438367382469254193e+27
1.653766522943513615e+28
5.630509088786919734e+24
-1.650312401711502392e+26
-2.350417130588947878e+26
-2.842979268989072544e+26
-1.331178576466939183e+27
-3.280665403962420195e+27
-1.398711673201506098e+27
4.144857952354278474e+27
8.162358113194887021e+25
4.555437034197903568e+25
4.009672331136518662e+26
1.299803354868978267e+27
4.718494332970128255e+26
2.770129480388973373e+27
3.219946878794998755e+27
1.972200354006889267e+27
3.297224618018034594e+28
8.674888784125532467e+28
1.853801867366359938e+26
-1.042447632587608433e+27
4.272068652746125927e+26
9.013025623854646830e+26
1.961219636180237858e+27
2.407760806664728091e+27
1.424223390814898793e+26
-6.729440630684095994e+27
2.506468599026996247e+28
2.066205341275376542e+27
9.288424396847911814e+28
-1.264882337752294748e+28
-7.615374189752384546e+26
-1.136305559134496757e+28
-1.739715472113617664e+27
4.369818577259252033e+27
-3.629050401841632025e+27
7.198609757511927763e+27
1.121962324646546827e+28
-5.814410402431377677e+26
-8.785226622173041410e+27
2.008869477339743241e+28
-4.586651312719619334e+27
1.064935359438179584e+29
-2.249312633821437899e+28
-7.217850767879936581e+27
2.242561627158494454e+28
-2.845769152350667586e+28
-2.328865031198471661e+28
-4.736767643225273648e+28
-3.055398302263903849e+29
-2.759532858950471367e+26
-8.746720100875676289e+28
-8.021254626654451498e+28
-1.726068604556723234e+28
2.227048957819437382e+29
2.091148727652357481e+28
4.813195949188550727e+28
6.717168794225749491e+28
-3.949644207608241471e+29
-2.371822483592951365e+29
2.862237116739389413e+29
-3.753605324309318489e+28
1.121423136523465672e+28
-1.832201029905016331e+28
-3.664891851575359535e+29
4.953788552346113145e+29
1.170590936588707379e+30
2.841224116773469294e+25
-5.420977971502262035e+25
8.404975168912406454e+25
1.323671235460806851e+26
2.101651939319120750e+26
6.788592842667724786e+26
-4.705693302080982128e+26
2.086837020739565847e+25
-6.795876546527901503e+25
-2.181404864043547443e+26
-1.221693794036499621e+26
-1.145353837251627362e+26
-1.337118550404543605e+27
-8.325770253305589566e+25
1.544316692110030455e+25
-1.265781225147501654e+27
9.899693726357688996e+26
6.000467777246788780e+26
5.164968125596335154e+27
-3.225981583207538792e+26
1.446530924613733567e+27
-5.792076012667461675e+26
4.966839993938530232e+26
3.628530743856787738e+26
-3.653894965757491975e+27
1.783479197940177516e+27
-3.400273920095058443e+28
-1.137158114559264686e+28
2.498572365812669055e+28
-2.967676478564694847e+27
-4.416020667056595558e+27
-4.282727581727102901e+28
1.076118030038633229e+29
-5.262284288047849415e+28
-8.883588872880539527e+26
-1.565549964226094182e+26
5.600018142431380801e+26
-3.540969747597440364e+26
-3.826168872553549419e+27
6.619215605432573703e+26
-1.145001922001177148e+27
9.901683982372555733e+27
1.638494924472533464e+28
6.062063469142488126e+27
5.438273426779161963e+28
3.525668104158534910e+27
-1.562368698401897687e+27
6.134851144503669093e+28
3.493398794466059704e+27
2.363809063768692838e+27
-2.326005568826067426e+27
1.914915930855252343e+28
1.316343282911017319e+27
-1.280785993422561281e+28
4.551243400331812882e+27
2.314063485876124733e+28
6.551502578450669012e+28
2.142496709995950986e+29
-3.329850398324304299e+29
3.441951211102203789e+27
-1.334875557200950627e+27
6.039113464335410868e+27
-1.085993379062849593e+27
-1.324261477284027804e+27
-6.700671137170502838e+28
6.497448052565503541e+28
-1.340523306097562940e+28
-5.789179383257818651e+28
-5.403767459075781839e+28
-4.860636585687062479e+29
5.001066869502783169e+29
1.375519519236555642e+28
2.423830382999095509e+28
7.916604206563569918e+28
1.725504412864010952e+29
2.412987574016885060e+29
-3.785485474631202477e+28
3.984529491301992579e+28
-2.020574223135465817e+29
4.165038294334043284e+28
1.392233719292979459e+30
3.092885232578010047e+29
6.390469356286927703e+27
-4.116891567218963198e+29
7.946483772877128505e+28
-7.508216054636748318e+29
5.804139441601695191e+27
3.659229980340808934e+29
-4.366633588727989735e+29
-6.847350149550734452e+29
-1.348141046626299177e+30
3.394956213450718275e+29
3.279290764462798674e+25
-3.830837977889293004e+26
-7.539712856037261868e+26
2.175445392754299099e+27
-3.025290573125029662e+25
1.881313515806108758e+27
5.126275453344072806e+25
-3.152084192636535349e+27
-2.217269514446809494e+28
5.150072201124419010e+25
2.559973107705642363e+27
4.680812722923802027e+27
3.053487589410443105e+27
-2.084104111346461909e+27
-5.092597395703368335e+27
-9.291497080914943707e+26
-1.061295623888466332e+27
2.977200430986447171e+26
-7.610781873836017850e+27
-1.620624471208329319e+27
1.123363325746943812e+27
-5.914699839022634917e+27
-1.241597971352202378e+28
1.381693003408195846e+28
4.058455535383759882e+27
1.797850901730475580e+27
7.999423191099859667e+28
-7.048501100902921769e+28
-3.606363418250538964e+28
-9.641875093833582295e+28
-1.480727543354899469e+29
7.885164972019376100e+26
-5.981693980414769906e+28
-5.322296066644704376e+28
5.063794378617200909e+29
-9.231964034553011328e+28
-8.465539927683301522e+28
-4.272616184201304436e+27
-1.211799355237586216e+28
9.142623782658744605e+27
-1.362580107074772895e+28
1.779427378242274698e+28
5.195800390333216642e+27
7.406062145101935494e+27
1.915935346434744614e+28
1.310234936980086065e+28
8.396376584853451984e+27
1.468473896930927208e+28
1.592502776983323661e+27
2.488152009466631793e+28
-1.831262244326325658e+28
-7.898432520706459476e+28
8.396783857214766938e+26
8.166377297524710246e+28
7.695657065659387657e+28
2.219054737875257540e+29
1.223667319149140260e+29
1.453604747176695518e+29
3.413340756660709586e+29
2.471020868220177958e+29
6.005929662768475491e+29
7.635955269863568417e+29
1.253266831879783907e+30
-3.237234176461867140e+28
7.305523598545793526e+27
-4.174072243924470315e+27
8.481427026005526506e+27
-7.981465787451667311e+28
-8.146964182312617707e+28
1.333029824895058609e+29
-3.717767395388463069e+28
3.136487105624338265e+28
2.942681519670277175e+28
7.398716165646375713e+28
2.663218572703399491e+29
-1.683501748251319125e+28
1.914125951977678208e+28
9.239654032857387884e+29
1.266487730160246084e+30
-1.029854591953120643e+30
5.325435875740370072e+28
-1.743302402046665807e+29
5.292090817737144319e+27
8.791815857335117405e+27
5.790390867252358615e+29
-3.464658129833014494e+28
-8.374081355682829485e+28
-1.845393456135251726e+30
-6.314006666098730655e+29
2.899652572969651910e+29
2.103240987905527926e+30
-1.201246796900135903e+29
4.074905628954667271e+29
1.896380299587340347e+30
-2.478735343396420491e+29
2.321915700905929246e+29
-3.823921546457468912e+29
-4.116296494053798565e+29
5.473187318776607155e+29
-6.849767728254786359e+30
6.533036118063937563e+25
3.353508283313723509e+27
-3.674017744195756385e+27
-3.755970711981619534e+27
-1.069177056550308435e+28
6.229595031156336654e+27
1.482193080040350795e+28
2.807077774221464455e+28
6.685139606140054712e+27
2.059261954099360373e+28
-3.915573675117469144e+28
3.758383548667774043e+26
5.960238457451242909e+27
6.522485746521318748e+27
-2.434921470690911962e+28
-7.893735190142365842e+27
6.188780089975091686e+27
5.899495834793510336e+28
-3.119725509234048918e+27
7.456024991414937932e+28
3.480661432043874319e+28
-5.267941546242931022e+27
4.233249430344056042e+28
-2.267641231810230215e+29
1.312253128063821740e+29
1.254692581510489388e+29
1.348534636419321875e+29
-1.420382493567846243e+29
7.774403253651052589e+29
-2.078888031475989014e+29
-4.488881329941595628e+27
2.876046080221780524e+29
-1.791133133946057617e+29
5.392239957278132477e+29
-1.100803793521537916e+29
-7.300242226481379092e+29
-1.438639409424148313e+30
-2.739188002438611508e+28
3.819628130569120446e+28
-6.896005738002999576e+27
7.901845655254452287e+28
-4.156738074916033364e+28
5.301510690623926003e+28
1.433070394848428155e+29
-9.388599321515029333e+27
4.256898341852963325e+28
1.997908788663737669e+28
-2.825663151560729719e+28
-4.630459185055226992e+26
-1.892616199765081089e+29
9.962059177230532049e+28
1.163076883049109347e+29
1.514566554992297268e+29
1.878198713134997164e+29
-5.033442945719449347e+29
2.789016747553725395e+29
1.008047702420962131e+30
-1.280208242951237094e+30
3.765352794833173040e+29
7.923729818481021401e+29
5.545927722654829913e+28
1.584946633750376983e+30
-1.392261723601029015e+30
2.017225767396823668e+30
7.758932251701981237e+28
-2.283753008892019582e+29
-7.815135634015023673e+28
3.662842453722242013e+28
-1.697430751218758954e+29
-1.530961273721274381e+28
4.762322368898457786e+28
-1.226421645355007647e+29
1.415255677990769825e+30
6.516535596547785520e+29
-4.422910663343573251e+29
-2.886573109286366629e+30
2.292348688077745156e+30
2.294668854634488349e+29
1.218530741963891245e+29
2.309675112190776277e+29
2.435663030231226807e+29
2.036396575211452953e+30
6.181827066675015821e+29
2.487255962165958788e+30
-6.168006635192817094e+29
-5.394796665353001677e+29
-4.389074975029097012e+30
-1.734317554255441236e+30
-9.770733484336712925e+29
3.718630259901912090e+29
-2.450713344963895565e+29
-1.974901260531298564e+29
6.961396949748553667e+29
8.285797817026956921e+28
4.226732105777362766e+29
-9.226666074055015709e+29
2.076787903068450807e+30
-1.697929860968154712e+30
-8.101428151641467358e+29
3.008711376164973840e+30
3.911259390193903271e+30
1.383967620563736903e+26
-1.628565793681484584e+28
-5.572091187403656766e+28
-3.913860509531121164e+28
6.061800046075419599e+28
4.152802646881941501e+28
-4.132699810591989384e+28
-1.266144723590362458e+29
-2.222619183850590979e+28
-2.300951479466602178e+29
-2.480372218314971042e+29
-2.535179833348587172e+29
-1.859886516899775089e+29
1.187248790208763058e+29
4.977727053795525390e+29
-4.242177693674885644e+29
3.930431028667148739e+28
-1.770005078485197390e+29
-3.826958383791980818e+29
-2.542336149762882235e+28
5.135585570739068148e+29
-3.819480184529060595e+29
-1.779336030416342731e+29
-1.001121014651581134e+30
9.032109023864106150e+29
7.998678083390910051e+29
2.157573834590009181e+29
1.511751634273844629e+30
-1.253070271455210437e+30
9.234966745141105145e+28
5.721478434622870612e+29
1.286677257945140734e+30
3.273023102580457925e+30
2.325006673620232561e+30
-9.613280229728819774e+27
1.134457424129738658e+30
-1.699603614988808486e+30
-5.955838411983936640e+29
1.967904982141679427e+29
3.474749810097919055e+29
7.156098309220452933e+29
4.053633163498007870e+29
3.211247831015018578e+30
-2.744997378011389256e+30
1.562964365282882099e+30
-1.334885774612566652e+30
6.377974611841198140e+29
-7.080517602797238162e+29
-3.669578884745547652e+30
2.768779373130741086e+29
2.072451761416302189e+30
3.269967585996304403e+30
-2.376928314720115386e+30
6.923723271460756621e+30
-5.374623844362323143e+30
-4.863033546049984591e+30
9.614730879140629411e+29
4.720515798912263122e+30
-3.811706256013734862e+30
4.177634571788253082e+29
1.606437586678864702e+30
-1.499556452638265820e+29
2.701475936984957334e+30
1.181769445387812100e+31
1.510711332912070313e+31
-2.793431072794616530e+30
1.300173457900607868e+31
4.973837205191943615e+30
-6.723613631074164778e+29
6.414509606311019500e+27
9.187105368509086933e+28
8.541155115187387581e+28
-2.537515161910052678e+30
3.492846302280125736e+30
-2.492449844151951832e+30
3.189987224160754410e+30
-2.882332098431829348e+30
-2.287729724609540074e+30
-3.812103507717856569e+28
6.280711798391522495e+30
1.434280135259965472e+30
-7.208259555756393135e+29
1.116581596998545936e+29
6.555987885526492913e+30
8.572902230857319259e+30
5.499368707559653288e+30
-2.595293037554803906e+30
-5.262368713734309820e+30
-9.346083868238945423e+29
-4.469128894764947103e+30
2.368295014766120885e+30
-4.733062565072272345e+30
5.985121656896607515e+30
5.300997030129513001e+30
-2.917881891450908202e+30
-1.877947471267981338e+31
-8.695578416992910678e+29
-1.884238077776298433e+31
-7.213150615288061001e+30
-5.321444803161281096e+29
3.037549217819753340e+30
-7.525211023409197340e+30
-5.073997500658261683e+30
9.830404191947922100e+30
1.171385345701154176e+31
2.872543806317677710e+31
4.005187172941615236e+30
1.632476714591404929e+31
-4.416643618519112090e+19
7.034447682073666519e+20
3.560695615816221590e+21
-7.471845610812650553e+21
-1.077095826415862520e+22
1.212946066019907430e+22
2.523075501019570058e+23
-6.636824925531449747e+23
-1.890511749584903209e+20
1.530838076871652934e+21
6.219444127737833325e+22
4.214009329593666429e+23
-1.515191169446608424e+23
9.337922659266873115e+23
-4.417817051040171092e+24
-7.207225447738601233e+24
-3.913993322817110042e+22
8.283993854312315460e+22
-7.387254815037517411e+22
-2.392912192916458777e+24
1.045517245212325063e+23
-5.331839337879062769e+24
1.505585676713066296e+25
-2.959556688086732667e+26
-2.704207308339381157e+23
-1.171781022160859158e+23
3.049873063088544903e+23
3.758771909403306426e+24
-3.811039151051725613e+23
-4.740982356290515746e+24
-2.971721632701049916e+25
7.799687880397011918e+25
-3.865505588313774899e+25
-9.062254767993255887e+22
4.654951851367481343e+24
-6.437207635909588990e+23
-2.327065803183166742e+24
2.015176028561935673e+24
4.401114453714867443e+25
2.559876933245976216e+25
-4.709199489089373333e+25
4.010106340706883909e+25
5.235738936674509310e+26
-1.991735888912955471e+26
5.253894943065049032e+23
9.299721353484992736e+24
8.336342572549530242e+24
-1.245411981420813582e+25
-3.131794591114014180e+24
9.117822155925818194e+24
9.581386205098681137e+24
1.287702496698798132e+25
-3.550563807893750311e+25
-3.750238426608338283e+26
-4.960991547237061824e+26
1.508092101306849758e+27
-1.171776785318784814e+27
-5.860045422748469685e+24
1.982415840729976380e+25
-4.657618046151998200e+25
2.837902348770964157e+24
-1.358576236981169442e+26
1.373417895753612424e+25
-2.343176502402419706e+24
-2.589705948141460111e+26
-1.269082951271959514e+26
3.096083349509047609e+26
1.183728614828735451e+26
-3.922912208318070788e+26
-1.864682609535944296e+27
8.615044348513083258e+26
2.753562559882174834e+25
-3.386736467788514343e+25
-1.316605735879030562e+26
8.535136700155156352e+26
2.947470414262339404e+26
-2.234436077210219925e+26
1.019757497258231562e+27
-2.211021434637684504e+26
-2.122093580207323905e+26
2.416153568590963874e+27
2.775397984159647706e+26
-7.794747431757043962e+27
2.245360739688169750e+27
7.358703480003837323e+25
5.552781942551145778e+25
1.262532029275565118e+27
2.101857208361249800e+26
-9.983218429407573943e+26
-2.568974815239935986e+27
7.119215670675497346e+26
8.912004801358988163e+26
-1.647915620639226498e+27
5.066151738345719360e+27
-4.258120287878291980e+26
3.806832451534420981e+27
-9.923870899992763826e+21
-1.472255494667081676e+23
-3.925273482731485502e+23
3.340176003188974357e+23
1.491444814629357622e+23
-1.336188380891408264e+24
7.633663336725568134e+22
1.162704210413679437e+22
5.003824677503039258e+24
1.343647962174618723e+25
-1.270699147595681037e+25
2.981718448514068076e+25
-2.468672311427353451e+25
-4.053544241427054991e+26
-1.204766251863998902e+24
7.069593452811841878e+23
2.890931399201064607e+25
4.621767250916960113e+25
-1.338076111731480248e+26
1.333660269608351571e+26
-1.167524307406817007e+27
5.026295885732112480e+24
-9.663659953017404168e+24
-6.678356113575534670e+25
1.751994260237779841e+25
-1.473846034906425440e+26
7.035628833242480654e+26
-3.510382640128633780e+25
-3.869140178002534948e+26
-5.480440764677796431e+25
4.536956747001676989e+25
6.717105079063072444e+24
1.014175546875342227e+26
1.313373747904620247e+26
8.589632932166989300e+25
7.447160711460922733e+26
-3.049046536022387538e+26
1.123487383799757978e+27
1.072683546013314482e+28
-3.653272323728697865e+25
-5.617823298897356068e+26
-4.742293390747108749e+25
1.606560781343941820e+26
-2.272920420754773108e+25
1.686031560810906359e+26
-1.191247030733887867e+27
-2.524675370131100538e+26
-5.897639556022761094e+27
-3.501517873170000976e+27
-2.111869435328720270e+28
3.195990805561895031e+28
-1.677329076088934649e+26
-7.290486835372807858e+26
-7.510543711705521727e+26
-7.271388594957108965e+26
1.335172713048408467e+27
-1.065862539020702877e+27
-2.144443497219428622e+27
-1.678777307018539588e+27
-9.603123290985753458e+27
-1.128739922930313412e+28
4.771795162161228220e+27
1.766741676786286267e+28
-5.566719692665144134e+28
-3.854774819895407577e+26
-7.924606453127348015e+27
-2.912069743478200941e+27
-2.659251224976210319e+27
5.441038085663505169e+27
5.337162027725796677e+28
1.266829228375928621e+27
-2.484022871969804449e+27
5.310851307490304836e+28
-6.720429168599521642e+27
-6.799118653005368527e+28
-1.653335314519840450e+28
7.559906209856377178e+27
2.503782979870876492e+28
1.421008824783628017e+28
2.355816731751630870e+28
3.358906596651645410e+28
-6.789623020589375201e+27
-1.671083250359393977e+28
-5.991537997629727689e+28
3.640146500477294347e+28
1.122538393029218735e+28
-1.436652219166261170e+29
1.590358747415863517e+24
-2.110857363500498425e+25
1.826577843745805715e+25
3.711646595915208926e+24
-2.359993641359536311e+25
1.289405286909858096e+25
-3.428186902888271034e+25
-2.773596378146949349e+25
1.770949211506885098e+26
1.077081486996154401e+26
4.643348413056643821e+26
2.178482192465861709e+26
-7.167068657516921587e+26
1.397400233319121229e+27
-3.991593099278814797e+27
-2.381548562597173797e+24
7.463782758563696177e+25
3.616726628060799290e+26
5.039204514458008923e+25
-2.031966195503893952e+26
9.988138069518342425e+24
2.863954075025949105e+26
6.581739433671043716e+26
-2.776842227825271002e+27
-7.862122171247335023e+27
-1.302953290543829385e+25
-3.981343237781479539e+26
1.206185604730710065e+26
-2.264521977847319275e+27
-1.513412355452264592e+27
2.636382432957673243e+27
-9.668354603260755791e+27
-1.153933869118263645e+28
-1.048234036431700500e+29
1.092485121233301611e+27
6.646542319300943906e+26
9.302195549264690422e+25
-4.167029013028592244e+27
-1.431221468043652475e+27
-1.245453279461440470e+27
9.569013260645252997e+25
2.165039165098176964e+28
9.940864657975272136e+28
-1.499116018699038574e+29
-3.813724641659461997e+27
5.158833672951171795e+27
5.095811126850796308e+26
3.240631833760571462e+27
7.196832809769638446e+26
6.185173923304770764e+27
3.190605027393260731e+28
-6.271927608514517387e+27
-1.538677336761314498e+28
7.710465124043025049e+28
3.824915852860483384e+28
-8.563031765478582317e+28
7.320825848701300544e+28
3.280233607766694638e+28
5.314745968066239854e+28
2.778663033577051350e+28
7.358680306397238699e+28
1.270357524698129711e+28
1.482937151637979252e+28
-3.372112729166720071e+28
8.163567492299556524e+28
3.784171057123522628e+28
-2.153658229477679452e+29
-1.338766678321978338e+29
-8.396364484329512981e+28
-1.136308593904019019e+29
2.535535952559034540e+29
-1.635668002881913143e+29
1.303181931846498186e+29
-1.088585471565645141e+29
-1.143558128157984585e+29
-1.383225376331799922e+29
-1.677053207340543768e+29
-1.580481957117782818e+29
4.609108157802564155e+26
-1.620361329009483941e+26
-1.032440610571304358e+25
7.206102202811730528e+25
-5.783012988048940979e+25
5.287148176785833915e+24
-1.283721179776901396e+26
3.283161294095687839e+26
-5.415992878410492327e+24
3.682489279002748885e+26
-1.573184686266664826e+27
3.017581447098996583e+26
-2.295972229558715406e+27
4.228371364323822896e+27
2.383763331431898314e+26
-3.061651491122556423e+27
-2.859973466444858647e+27
-4.123669420329979978e+27
4.305170829515215501e+27
-8.012197434718545001e+26
-1.138680493014384801e+28
6.218277922588316875e+26
4.343837942219585833e+27
8.949059911948233430e+27
-1.828497482933363086e+27
-9.244135091757858359e+27
5.042877844865985770e+28
-1.170651319961471725e+29
1.215783216026857556e+29
2.285019614435192642e+27
1.752585873336033202e+27
-3.837238019984607781e+26
2.957673904622240147e+27
-1.757065878124238150e+27
3.057767204475107088e+27
7.186000589570369830e+27
1.640575638761877473e+28
2.110818851815706076e+28
-2.635045386709479919e+28
2.882401903743592955e+29
1.384722070126042450e+28
-2.274008238255868155e+27
-1.394251411302924362e+27
-3.903927515016625902e+27
-2.973158424182261836e+27
-8.745182738336186651e+27
1.797428336803411110e+28
5.091718757720533869e+28
-3.353526075253447793e+27
4.768854479617415022e+29
-2.059037315538731958e+29
1.305765274954103495e+28
4.151334400597316308e+27
2.930289987508812460e+27
9.149807779037822229e+27
8.796115851612864619e+27
1.221828205349155826e+28
-9.141725190297763436e+27
2.407888785790030682e+29
3.352376408096006719e+28
-3.616012194416253456e+29
4.416179237950130952e+29
-1.842012541730165498e+28
1.709695771034364565e+28
-4.115581843982351885e+28
6.912634425517595241e+28
-3.899490433621202737e+28
-1.354551275293165528e+28
2.409661545784537240e+29
3.848395851158377861e+28
7.192641600620066550e+29
-1.460612337497373315e+30
-1.233530874463761779e+29
-1.930590025206452097e+29
3.086149560519760497e+29
-1.090216681261458324e+28
3.447314064568542016e+29
-3.979094877907730974e+29
1.956208799153034867e+29
-1.497043636575976466e+29
1.013257495926965166e+30
-5.323827218713870889e+27
1.455140040007138725e+27
-1.107307889077648364e+27
-7.001717331614076617e+25
4.745618638062890125e+26
-2.613553135858995489e+27
-1.960846408135919080e+27
2.565694780603068136e+27
-1.336480974990917638e+27
-1.973626101323692215e+27
-8.583683521792704343e+27
2.105054633561726787e+26
-3.486396512112297274e+27
9.435095755249703278e+27
-2.652196508867710738e+27
-1.775032200529540511e+27
-1.119355095847093713e+27
-8.051336376350066015e+27
-1.621557739993197314e+27
2.752145086373180032e+28
6.696947643490035967e+28
-3.813266275244061721e+28
1.449472045519015867e+28
-6.584486928210259601e+28
2.619553294420578101e+29
3.756070426229367447e+27
-3.955153375376493008e+27
1.516465642559503206e+29
-1.659896726626882533e+29
2.311028921269723470e+29
-5.800855304614045388e+27
1.389850427862776254e+28
1.164275491664674136e+28
-1.009271570092432434e+27
8.724384469215351575e+27
-4.830714309428345972e+27
-2.892654255517123506e+27
-4.107821774568664094e+28
3.346220937681022670e+27
-3.992771342927273066e+28
-5.217135566654073116e+28
-2.320313751360643475e+28
-8.251194907872254287e+26
-8.559372311160877277e+28
4.155990147644877217e+28
1.011631571628580552e+29
-1.068002634148038435e+28
-8.410696771763137259e+28
3.070137634096763284e+28
2.640115750536238721e+29
-3.291517680111273391e+29
1.436310103040818929e+29
3.610629647180371542e+29
-3.204073860657836946e+29
7.414394856873235205e+27
-3.453121898608631449e+26
-2.732227216964694808e+28
-4.023972793689401385e+27
-1.063853171923564184e+29
5.027750807515661851e+28
2.369384460289188473e+27
5.592553546978758089e+28
-1.056012352815174360e+29
2.913164560771973590e+29
9.173632001044128769e+28
2.338096691886862048e+29
-9.349345087563147854e+28
1.124907170626904975e+29
-9.756629069569807692e+29
5.307912491163136344e+29
1.784596922940996008e+29
-3.722315348219435967e+29
-5.093313154304554918e+28
-1.870924328860653357e+29
3.439139500794278653e+29
-5.973626050346067825e+29
-1.002520393662414355e+30
4.818689392001404247e+30
1.703405056121549537e+30
4.443286898229981625e+29
-2.129579896325911945e+29
3.746712209106430247e+29
7.739995795013849178e+29
-2.705010878222957172e+30
-1.784117428723309107e+30
8.147395569716446560e+29
3.704948894674026407e+30
3.488217545131963731e+28
8.995561632538888644e+27
-6.070316817099779583e+27
5.619904200803532278e+28
-2.496849767720027990e+27
-7.087843290629765610e+27
-1.878972653215325746e+28
-3.723821129181925268e+28
-4.245801351058655858e+27
1.136713932649991441e+28
-1.323690096945905951e+28
1.814615285494369433e+29
-1.929437156277712429e+28
1.930161288024658075e+29
2.896305113718784044e+27
-1.468292358175868003e+28
-1.358787423860064415e+29
-5.199271712836111265e+28
6.771996078512903621e+28
9.981254355312116391e+28
-7.305472015737508720e+28
2.556062677506957458e+29
3.860576742252158698e+29
-3.447058012371252974e+27
2.597514957118238143e+29
6.056182164600486431e+29
-2.328999384087150839e+29
-1.786894637220165588e+30
4.555178192438741154e+28
-2.430684831607997523e+29
1.398413024512302557e+28
-3.380338411985383286e+26
2.691853197245532508e+29
-1.954385704109427793e+29
5.351970777556839726e+28
1.966400017352721332e+28
-1.433631625847702475e+28
3.329482905607750566e+29
-4.917987405043654917e+29
-5.230935984325785607e+28
-6.986641080734580751e+29
3.720284513102100115e+29
-6.502615742670932474e+29
-2.658423389483763616e+29
-6.221636476791348036e+29
-6.165394408630552058e+28
1.270177331571381381e+30
7.949261396534247423e+28
4.484719662337582343e+29
2.686885676284985305e+30
1.327638253562765534e+30
-1.411086156978946453e+30
5.554430056481329982e+29
-9.460752767804182901e+29
-1.855186270563064122e+29
3.532316269450208716e+27
1.610015709180654363e+29
1.995438310853066380e+29
-1.324428386912431786e+29
-9.956925045383409518e+28
-2.127448734760564854e+29
3.256406228379756807e+29
1.539758102039478851e+30
-5.070233857712737436e+29
-1.501696170580640321e+29
-1.068193620016097738e+30
3.917393683088921222e+29
3.398914173265221416e+30
6.717243289147431403e+30
4.521380337306288080e+29
1.630979658984150556e+30
2.667530613105741888e+30
-3.746063773369929297e+29
-1.030246786550073200e+30
-2.806472886070455266e+29
-2.008841886423508797e+30
6.936679381173564055e+29
-1.934460995877802674e+30
2.901521789627907389e+30
5.494529744493117532e+29
-2.105746038600129301e+30
9.343429557498578121e+29
-3.001373269832759629e+30
6.884672376448534439e+30
-4.972536275004813402e+29
4.203132564316002269e+29
2.424088719430977243e+29
1.918143362111193247e+29
-2.548927667514530433e+29
1.413964816491063103e+29
1.313348078726457574e+30
-6.476957551945598826e+29
-2.417441822101047461e+28
-3.714432833979214371e+29
-3.455965685233673299e+29
2.816730333629105714e+29
-3.175089749936830599e+29
2.936286652985102957e+29
-4.480391478601473005e+29
1.252105548874514734e+28
-1.341887793884149119e+28
-1.026572525154771912e+30
2.388675094968281699e+30
1.533433372738620019e+29
2.959156887788249358e+29
2.368688407598620899e+28
-2.103000454125785923e+29
-4.782585721482910812e+28
1.804479661691829519e+30
-1.077027749044932403e+30
8.272272061127586462e+29
-6.504243951512463165e+29
-6.538736182341596122e+29
4.726406409957933930e+29
2.337308791002524505e+30
9.508842702176121602e+29
-5.322579413084378941e+29
-6.803567481593442923e+29
2.841319125805966554e+29
6.820094806472851587e+29
2.726609671037955912e+29
-4.349192928947622617e+30
7.897460954248069908e+28
-1.206641859644421103e+30
-1.072238021054080274e+30
-1.081933716110399723e+30
-1.703441234775712119e+31
2.483066989094906332e+30
-1.315957293406332016e+30
9.827590115814905808e+29
-2.366974896583043582e+30
-7.532984272694638492e+29
4.872174291234220297e+28
-9.789951756858142881e+29
1.329998533977194584e+31
9.224201502008281492e+30
-6.308668524789444342e+30
-7.491225836635655488e+30
-7.386024731570891410e+30
-7.100432965323605460e+30
-4.536947709732352133e+30
-2.556158961794802529e+30
-2.174996038184051987e+28
1.857607559176008673e+30
2.384133136191439295e+30
2.884161890931173915e+28
1.587955313767034253e+30
-1.682907834507566617e+31
-2.406870308391247757e+30
2.336906649661164182e+30
1.296917555721761232e+30
-3.849859457265335168e+31
-1.336217032893262057e+30
-4.278354964982210670e+30
1.401795291623366212e+31
