-4.729579532600128000e+16
6.518826186016096256e+18
-2.828671417442942976e+19
8.694762549982075290e+20
4.433774265488056517e+21
1.240546526581428847e+21
1.122286633241510779e+22
3.010664111924293140e+20
1.961294347073426869e+23
3.216463776094575821e+19
2.204364109927638958e+20
-6.830482794539875566e+21
-1.164616911667470113e+22
-5.012299305034367946e+22
-1.628238311506027919e+23
6.186859924457689176e+23
-9.250522039873042341e+24
1.150455040844690659e+25
-1.131490980530957025e+20
-2.219095038802708660e+22
2.505880622930769582e+22
-4.254789799759680436e+23
2.187559301776114723e+23
-1.223239460631689405e+24
-3.808021495187447891e+24
3.487496446824223616e+25
-5.394708859734933257e+25
4.799852434839601938e+21
1.804100955765879456e+23
5.143439741626900147e+23
-9.412935671975366990e+22
-1.316214458524654025e+24
2.741084904185766179e+24
9.656928023629606850e+24
-2.976048929907673667e+25
-1.056357295258506705e+26
5.786179609498207527e+26
1.721565965490352397e+22
3.720198365084047219e+23
-3.415860342258252131e+24
-8.075108429939403842e+23
2.609388509835348341e+24
-1.049997602826253446e+24
-3.172603401905037220e+24
-4.848168954609084960e+24
-1.266278325092418619e+25
-1.904791416917547417e+25
1.424095881704044576e+26
4.227772462558374109e+26
-1.806848910549087316e+22
1.352273676782803242e+24
2.987669958677788185e+24
4.818787088969959914e+23
8.487472092934776512e+24
-5.262868136968521211e+24
-3.660820829027786703e+25
-1.051239615598251784e+25
-1.116363703744471810e+26
-2.599423638696892359e+25
-1.996159592108887782e+25
-7.707534270552586271e+25
1.586039385882244612e+26
-1.192743757610603351e+27
-2.720073668505920078e+21
-1.457603444866740012e+24
5.552229583213837119e+24
1.882591018476428849e+25
-3.280920146796693600e+25
-1.654185907285561955e+25
7.905924371549484425e+25
-1.041943352406638704e+25
3.291161350729678434e+25
2.545203033903060117e+23
-1.808631160242046209e+26
1.403051448612514762e+26
-8.994894641804391265e+26
-1.913123224590662884e+27
-8.564480436317059672e+26
9.574059085614885005e+22
1.877485058392445755e+25
7.731446196053948727e+25
-1.063726376975087547e+26
-2.333253127170231813e+26
-9.536518458710283312e+25
-3.576002699061891962e+26
-4.880737065916442734e+26
9.998216961079905560e+25
-3.132666886293554863e+26
-1.052398186582727928e+27
3.584880063552271696e+26
1.937761893174174320e+27
1.700017850308108555e+27
7.077416203712400437e+23
3.493096734446482779e+25
-7.221941549097948243e+25
-2.339292223749318863e+26
1.309540132850465560e+27
-5.972611647219251972e+26
4.187210653718112369e+26
-4.107012138156237009e+24
5.068902738141524987e+26
4.839482956614914451e+26
-1.085550981489213748e+27
2.196346099394964567e+26
5.503572603549602292e+26
-1.440865099012663935e+21
1.182613890018661578e+22
-4.666088541121386276e+22
1.197907842964462953e+23
1.902126039540744533e+22
-7.013021426254152498e+23
-3.006101929800138825e+23
-2.869203560583752533e+24
1.163924700260571160e+24
-8.427740103204140772e+24
-2.690826507238439488e+24
1.189551986287008769e+25
-1.962602792692473216e+25
-1.165216953092967163e+26
-6.903320685108958211e+24
-2.493260302955395141e+26
-1.255368777849649412e+23
-1.390565458350479036e+23
-4.944768662169817784e+24
-2.673669013739857190e+24
-6.840975527252203099e+25
8.331705171467754918e+25
9.605089380380432189e+26
9.196404776994098243e+26
5.589889019960567823e+23
3.247249501863398081e+24
7.879256234742015465e+24
5.968714655567414995e+24
-8.028365402664861830e+25
1.661839382906908948e+26
-1.902655018517962986e+26
1.267646056784164064e+27
-4.286790130925637309e+27
-2.738318580813658818e+23
-7.081404676195583724e+25
8.898747314995264156e+24
4.383781280266978265e+25
-8.680542591731953585e+25
-3.632320970616269933e+25
3.965992288903062359e+26
2.594320800184181689e+26
-8.667169351465545678e+25
-3.506681994092893528e+27
-3.358439604500703951e+28
9.810955732128635732e+24
8.797403317383368037e+24
2.403234337689606498e+26
-1.438120013818180970e+26
1.008327998354722690e+26
-9.661914106208541497e+25
1.579122497102834006e+26
2.521675090158007546e+27
6.444775175182353844e+26
-6.430943067732545818e+27
4.441608093657261102e+27
-8.762864748466544821e+27
7.732002597965190186e+27
2.849115239651963146e+25
-5.464583664189836333e+26
-2.849778635827283529e+26
-1.386815636179937082e+26
7.280374325468529422e+26
-3.171339843294282847e+26
1.708714830919541066e+27
1.283723406514885159e+27
2.355910543032315413e+26
9.244607147913885522e+27
-8.631550873394066749e+26
4.073192648128737018e+27
2.662594991341360597e+28
-4.436859806448258755e+28
1.973582322927327306e+26
-1.988887080408941287e+27
-2.242703439037889384e+27
8.617409618060957530e+27
8.953189714298087318e+26
1.895713386169465316e+28
-2.434779975038268864e+28
-3.890263467487499427e+27
-8.613118019063078485e+27
-1.050322063825047638e+28
-1.055163117406240755e+28
7.180217010775656535e+28
5.933701036406606303e+28
7.619854185220901063e+26
1.066151675835223875e+28
1.601233844780633357e+28
-1.009954709060887960e+28
4.655515987289243845e+28
1.653300145455243100e+28
-1.814607185591007270e+28
1.004848487827545274e+28
-5.611104252796029734e+28
-3.168452960666298193e+28
6.739270972593893499e+28
4.373149382384960760e+28
-2.714875910922463871e+23
-3.599922395163784957e+23
-1.534555945154399087e+24
1.626170891625282889e+24
1.302859944901567795e+25
-1.783223788968546004e+25
-1.197505598999084748e+25
-2.375389630342691893e+25
-1.200063224731210078e+26
-2.989621442339491958e+24
1.149512739183656216e+26
-2.093411507363614653e+26
-9.067558795293533143e+20
-1.859668457991404832e+26
-1.137810968846277008e+27
2.557207815326550615e+26
5.302739985954735405e+26
-1.505575819226324921e+27
-1.540366292707027433e+27
5.173613517163271543e+27
1.169725659592286351e+27
2.730642566469051749e+25
-3.873901874715359605e+25
-5.881670990461594405e+26
-4.342128685778200456e+26
1.485091484916835547e+27
2.037978005034694261e+27
7.321940879336546171e+27
6.263396559763576164e+28
6.459772523045268305e+25
1.315369218383805680e+26
5.414138236047585200e+26
-3.052677678809546985e+26
-4.783104237177474133e+26
8.653504390826392621e+26
-3.720653845464819898e+27
-3.679107524798694681e+27
-1.557646419830718615e+28
-1.576843699476579774e+29
-1.814898717157972240e+26
-9.763231549455558776e+26
8.351413534915828116e+26
2.043454292833155247e+27
3.441369282938432980e+27
-1.940354513068580765e+27
-1.215462495113455879e+28
-3.463936649791761732e+27
2.746254231025151796e+28
-8.073451752879634604e+27
-1.298275859686879745e+29
7.513957863344293403e+28
1.678679061186294423e+27
-6.016221564025760572e+27
5.515029071802116302e+26
1.202935022645295684e+27
4.286507029631374042e+27
1.905830294867685214e+27
1.194179848064408760e+28
6.793551789600530049e+27
1.559678931897179587e+28
7.463835153707490426e+28
3.768534506189330799e+28
-3.735760075792575670e+28
-2.241819288209721815e+29
-1.039688145455553208e+28
-4.154880929210512909e+28
1.176283019143923565e+28
-4.079121930607789956e+28
3.386426234512079403e+28
6.363207258869830651e+28
6.528627883402356573e+27
2.777364728459152149e+28
-5.969156540015347218e+28
-4.028282883956098617e+28
-2.865075548807561931e+29
3.744588080553437653e+29
3.322871962171057036e+28
-2.317839910007520190e+28
2.404213319669990024e+29
4.536023564984781697e+28
-8.566650238558392795e+26
4.465861959159010851e+28
-6.148589561198901262e+28
-3.432902776862644949e+29
1.175156266536876038e+29
-3.647927388776095520e+29
3.144634501488570889e+29
5.160673785596771285e+24
-1.221697859336129884e+26
-7.109557169483106620e+25
-3.480160012765743485e+25
-1.341230341744294776e+26
-3.406503207475250291e+26
2.972994864019585221e+26
2.765251498083890655e+25
6.596058658433809560e+26
1.563554876014619061e+26
2.149085597528254380e+26
4.849654318735090940e+26
7.517256064150073609e+26
-2.238343280085534231e+26
6.763039166944217088e+26
-1.220688720431678846e+27
4.341722990529949442e+26
-1.925778234715317074e+27
2.597822918116310509e+27
5.480968857933391383e+26
4.440442769393887617e+26
-2.955688047357940842e+27
7.964052706775110474e+27
-3.010029295406622012e+27
3.181895133235464449e+27
2.403467993621927126e+28
-1.685748719316603707e+28
3.170257158355732653e+27
-5.165479880040093976e+28
-7.058225126860648405e+27
1.213585664396701054e+28
-1.938198485740425287e+28
9.068673772819705478e+27
-9.090534388494358994e+28
7.180341882096035435e+26
8.632492780808398098e+26
6.102146725014428214e+26
7.230853745983007333e+26
-2.448387929547295770e+27
-1.010606581201005959e+27
4.945827792074665468e+27
-5.542530106203410933e+26
-1.106850508478771650e+28
-7.375020225841436609e+26
-5.150012686366386393e+28
-9.582651938762750111e+25
-3.193441090389095082e+28
-2.104634701772306432e+28
-3.864401609893587355e+27
-6.108662739268633818e+25
6.859713093077721017e+27
1.315731127299600241e+28
-9.944049605734909346e+27
2.224488185945582399e+28
2.678328772500082176e+28
-1.043913300547448151e+29
3.881690075121804289e+28
2.962057696394158325e+29
2.553811548682366539e+29
5.722520704477945227e+27
-5.382077233617792708e+27
7.818727269023623381e+27
-1.629103415493857801e+28
1.787014707619529353e+28
1.903619607413409714e+28
5.037094209646962691e+27
1.345774495648174745e+28
-4.626315339386754972e+28
-1.468803009011583321e+29
-2.252064542941730412e+29
-1.160963267469281217e+29
-5.568557293127877194e+28
-1.876230842292621693e+29
-1.413138633995232530e+28
4.643408621018297012e+28
-1.195657585729732634e+29
4.089859945019798592e+28
-4.160571358054808185e+28
9.983139992499581937e+29
-2.365756969711012087e+29
4.139016027970264094e+30
-5.855478610091278493e+29
-3.254806747321292063e+29
1.433458663608168907e+29
3.534006657836663241e+29
7.044757144954323943e+29
1.213491665554041249e+29
-4.287817102128220935e+29
-1.376210736550688909e+29
-2.289031226806774879e+30
1.089937901361137129e+30
-1.846321393890242457e+30
6.953564707097103303e+23
1.545027788350314926e+26
3.527221518796109387e+26
-1.369907545745832525e+27
9.698527124727266024e+26
-5.467125476761699504e+26
-3.359592477806649262e+27
-5.957123979338207996e+27
-3.572278963104186042e+27
-3.454296867382660577e+26
-5.679505948955767445e+26
-2.977396448527996657e+27
-4.954931712825947913e+26
-3.863406143779495805e+26
-3.203697326818019438e+27
-1.275345227742433994e+27
3.812037054561411806e+27
-2.912593363128191243e+25
-2.021609986203081304e+27
1.169432187510113970e+28
1.501375418684815123e+28
-1.969876124613056012e+28
-1.618767050532259051e+28
1.109543079077620512e+28
-3.936858995788126107e+27
1.140000780944715153e+27
-3.030461931401145348e+28
2.270041497769264326e+28
-5.149897207904830031e+28
6.014928499380039724e+28
3.266253753172357452e+28
1.055665731263853341e+27
-1.499966745062188270e+28
9.023879919866047460e+28
-1.971913313191332994e+29
-9.591976176794610215e+28
3.687485116768742808e+28
2.277956632023300809e+27
-4.503550667792399285e+27
-2.573614505273205188e+27
1.578560916161720983e+28
2.497628064947133255e+28
5.201813485101594307e+27
7.674903686489351209e+26
2.162131733636347298e+28
-8.204568910557062178e+27
2.601189003373438640e+28
4.876639790134688646e+28
-6.455755976107069489e+28
2.594489852272465225e+28
4.858555399891831295e+28
-5.655702720650915438e+28
3.213174304949239332e+28
-9.022434515115661337e+28
1.129201601086520719e+29
1.940442217988469067e+29
-1.753896598684817486e+29
-1.173114322473815682e+29
6.059053393373869187e+29
-1.742286536663794655e+29
5.176347419971614183e+29
4.976463370466942100e+29
3.597182133493484655e+29
7.314145434917741711e+27
4.893307781545463055e+27
-2.971864886182479155e+28
-2.872416332214615405e+26
4.224554589078664314e+28
-4.321307903112117964e+28
1.706794258329702881e+29
-3.098292213280547809e+28
5.583883100470968741e+28
1.531450534402880306e+29
-2.342700386884805388e+29
-3.802478064990298882e+29
-1.366896415448252955e+29
4.345326331028082566e+28
1.424188397503161276e+29
1.342446351104305189e+30
5.328515666921295383e+29
-7.063281340904823325e+29
-1.173171588167143891e+29
2.317331568301764734e+28
-6.205053098652895222e+29
-3.442240279839356212e+29
-5.840740878142904590e+28
3.785824885359011237e+29
2.473256716266053034e+30
3.289193186347950835e+29
-9.030181020969301343e+29
2.692422485772152703e+30
1.126923779571874767e+29
7.175208485880052938e+29
5.105758844756829092e+29
-1.929131664393620411e+29
-3.969399131127602737e+29
1.332183559359791961e+30
-9.245568291274219873e+29
-3.346543376903153555e+30
-3.537207982468516204e+30
-4.371206833878839778e+26
-3.243334636722080197e+26
-3.480006761713200466e+27
7.817640758938056423e+27
-1.059685036975876907e+28
-6.245757162571718955e+27
-1.506541615416625769e+28
2.418810475434843332e+28
-3.572276020169110353e+27
3.776333552045180703e+28
6.591359269319230805e+26
-2.567273060899804689e+27
7.899443109183838287e+27
-2.751936827981850459e+28
-8.998845417339806214e+27
6.370782418295642133e+28
3.144290837440496120e+28
-4.611491400040297407e+28
1.432093282773379570e+29
-1.167148814509692150e+28
-1.305578654692836381e+29
-1.729851532335835680e+28
-3.833346341691234952e+28
2.039985721582584648e+29
1.189447942300174806e+29
-1.369208569329957771e+29
3.234574115625550817e+29
6.329784866266974915e+28
5.540118382842093393e+28
4.359470369071019722e+29
8.600228312488890779e+28
3.351360192281621520e+28
2.303481713039850969e+29
-5.452645427416266099e+29
-6.102560736503014769e+29
-6.915379985857131292e+29
-2.219056268761564943e+28
-2.903604946524763694e+28
-1.201448080024381772e+29
-4.603244488801469497e+28
1.255789220610673586e+29
1.170630229734237934e+28
-2.306241925165413990e+29
2.372605011710506743e+29
-3.619644675374617734e+28
-3.908235694362020776e+28
-2.597649001761588641e+28
4.473342444183545944e+28
3.039400331777082951e+28
-4.073154507205683064e+28
3.025388368094034821e+29
-1.265356082293729112e+28
-6.076337696869155361e+29
2.759653417586399887e+29
-1.916575570166394781e+29
4.487682329802319106e+28
-3.944978752363637096e+29
1.281615286837233769e+30
-1.641863049179403673e+30
8.492427586354526886e+29
2.478299533892326496e+30
-3.816977470404197033e+29
-1.075537725347143511e+30
-1.695029866331549901e+30
-2.753207346180508882e+29
-7.657738207966100399e+28
-6.672699292812106547e+27
-1.431339228627978845e+30
8.222141741494656946e+29
-5.560088958182776085e+28
2.239522083567323151e+29
-5.181973898962166120e+29
-9.444825342198348565e+29
1.960934533280177436e+29
-7.759716550982423326e+29
-2.307519296038792873e+30
-6.887666272691207779e+29
2.423655876294214335e+29
5.327402812663796192e+28
-1.379716781220677414e+29
3.865839340683049555e+29
3.704094933164388983e+30
3.480010650199478372e+30
1.717593189591921023e+30
-3.061489627816093517e+30
-9.050478732854672609e+29
-2.631784626934363372e+30
-5.248394258056777611e+29
-6.908554735932833457e+29
1.536298655127749961e+29
4.728130781860614498e+28
-9.113753970954468928e+29
9.781018878955078940e+29
-3.962012468187068279e+30
-4.621708036215970124e+30
-4.673847242410431291e+29
1.002365939896005640e+29
-1.051810155676535494e+31
-2.627231445503253073e+29
6.176464706065421989e+29
-3.763086835906261144e+30
-8.263374707284308134e+26
-2.677101887675353872e+28
5.828686900135603214e+28
-1.002516052208795875e+29
1.526863796789591472e+28
-1.108693150611792731e+29
9.880362306740093225e+28
1.243541538412210837e+29
-3.629203219985356627e+28
-2.455588888992652116e+29
-1.152538087204503028e+29
-1.633631334341358819e+29
-3.715843123108826032e+29
1.387105760227807978e+29
-8.905636275007502486e+28
-7.907272398426015545e+29
-6.234640712031992081e+28
-1.397183587825624408e+29
-2.884249243236158926e+29
2.606127701171068690e+29
-5.058545901614101817e+29
-6.554969271602597750e+29
-3.817345898722787128e+29
-9.156596385202526046e+29
1.077414914246283615e+30
2.763704694796702337e+30
-9.410383223763068892e+29
-6.541778291766781775e+29
1.361105246627352047e+30
8.103549670417670781e+28
1.893461171061894415e+29
4.269270572776501816e+29
1.509585102380916305e+30
5.780539029493574668e+29
-1.012340739273813581e+30
2.576189236649063877e+30
2.581443211442503223e+29
2.507896479382470669e+30
1.982421749078251937e+29
2.971520102374525042e+29
-2.496028582643221608e+28
4.967838913128433744e+28
3.075058735014902213e+30
1.364339045942194367e+30
1.100756165150947373e+30
-8.475534265143631128e+29
-4.915715428926877690e+29
2.860975418795216663e+30
1.029380253766163520e+29
-1.352667818023035223e+31
3.595930906045616313e+30
6.925433536576133850e+29
-5.228211260236289728e+30
-9.385525032328453937e+30
8.246768528112360348e+30
3.442673813634526844e+30
3.012164037801616471e+30
-4.277221599701004707e+29
-8.407149571385411531e+29
2.675981446393239676e+30
2.031444083442641877e+29
-4.541605391361890285e+29
1.245005657274486057e+30
2.098997944244141308e+30
-2.530838203219439308e+30
2.379277267148886839e+30
1.613544115336354566e+31
5.137675562735371645e+30
-1.417202366197053099e+31
-2.069118982742498365e+28
6.807060077023601360e+29
4.295991186846383702e+30
-2.014135369494357199e+30
-1.132157152418962581e+30
7.905514062216040098e+29
-2.795765291069237493e+30
-1.712463000393804259e+30
1.401741000687166839e+30
4.865764883666777914e+30
-5.109060697201772128e+30
1.399788002851605314e+31
-5.116320389117330038e+30
3.931243950856976593e+29
-1.140336563319544695e+30
-3.991335955710021014e+30
1.476859988994106214e+31
6.616632400321460303e+30
8.687550070642057549e+30
7.735217389212145593e+30
-1.148185290540762291e+31
7.838324443396953645e+30
-1.794119204060515543e+31
4.007583941476530474e+30
3.010044812021274384e+30
-2.951696096508846929e+30
1.237695020702962257e+31
-3.085599562318469134e+30
3.107644658605960973e+31
-1.948431634462469245e+31
2.494860328063401001e+28
-1.135455144917161518e+31
-2.480716460587719607e+31
-4.450174108120518090e+31
-1.927468311210615444e+31
2.302900003014463697e+30
-5.124318660226915520e+31
-3.825444315426283635e+30
-1.629166241011651069e+31
1.659594060873943808e+18
6.496194291282826035e+19
1.097354125470882202e+19
-6.126048935460953129e+20
-1.631814349786440113e+22
-1.696362613746698918e+22
2.957722611309497392e+22
2.267537470656178458e+23
6.281173185173564621e+19
2.998642587749896946e+21
-8.555238967256061628e+22
-2.968001220669037441e+23
1.421829999342415302e+23
-8.993500558263144415e+21
1.249578651750940149e+25
5.356912309282516719e+24
-5.303027524626211144e+21
2.582436987637556314e+22
-4.905965348866175963e+23
1.235652403152077728e+23
-2.571470821704271774e+24
-2.881865079178507015e+24
3.685393577695990682e+25
-6.005701491591572826e+25
-1.321342805686423462e+23
-2.582807853709991524e+23
-1.107752476753416306e+23
-2.355619882642381136e+23
-2.406456326751886862e+24
2.327684124715482769e+23
1.270416526217995358e+25
2.488524920702687462e+26
4.466791551969098266e+25
-1.188786023949390452e+23
-8.417583043828589978e+23
-2.065398725278511781e+24
-1.311867243448596357e+24
2.373519913481082696e+24
-1.410452480437024821e+25
6.716503339439857166e+24
-1.911579786995772004e+25
-7.745153497346092915e+24
1.393921870024555591e+26
6.466699386644820252e+26
4.996362874281794355e+23
4.659391174545118281e+24
4.448425975734451202e+23
9.581892505640610644e+24
1.261554353755626672e+25
-3.562166075928973253e+23
-1.651939599876488302e+24
5.672194621247209320e+25
-5.949989934210010706e+25
1.652162792365599953e+26
-1.430085803437978421e+25
4.015369467324627440e+26
1.146754934581601342e+26
-4.985684739546287597e+22
5.584467111902291301e+23
-6.188439769193580695e+25
-6.703863397168184723e+24
-2.734760663864219366e+25
-3.949325250762050096e+25
-5.003693064954325073e+25
-9.838228323864889626e+25
-2.538365647139854767e+25
2.246249274108562766e+25
-1.181392970636718710e+26
2.390878739443989964e+26
8.093978706307020365e+26
4.610308913046315050e+26
1.641708883784646729e+25
-3.178543293133796295e+25
-1.623100068716995127e+26
2.446709446417810401e+26
-6.100170629160308141e+25
-9.083041696840514658e+25
-6.239874804866589390e+26
-1.274058740400288996e+26
1.962601009417015982e+26
-5.983237218283250201e+25
-2.096983543861388333e+26
2.956400494465129462e+27
-5.315639363456966539e+26
7.142382791972346244e+25
-1.013050048354781809e+26
7.025767528487925334e+26
5.457873322609494301e+25
-1.025447810235201064e+27
6.270766075467529389e+26
5.503132866313033868e+26
1.145861660761233997e+26
4.177926566665489930e+26
-1.977146010278536541e+27
2.650098115945031721e+26
2.880368853349614049e+27
-6.809459407930844512e+21
-1.861741006993130552e+23
-4.158690806913085095e+23
-3.389265527377123240e+23
-8.345443800195039767e+23
1.520181046037852967e+24
1.371938380731495511e+24
4.505015404002209664e+24
6.805224512372928393e+23
1.831931948104817272e+25
-3.747792622129563199e+24
8.589365470248860402e+24
9.519989064974191919e+25
-4.677498001724558384e+26
5.859614694899038395e+22
-2.305741309558376775e+24
-1.669426081382446028e+25
5.793515270601277856e+25
9.406919943676312174e+25
-6.785000271356406942e+26
-3.857905570379572058e+25
4.189377041277304460e+23
-1.501736351049081668e+25
2.539474174912066294e+25
4.263838085674199565e+25
-2.414306914412146488e+24
-3.637575513774630467e+26
-1.898827682676247077e+27
5.108418193270098368e+27
-3.488747602582939221e+25
-7.554596209693936119e+24
-9.143824176688702779e+25
-2.860956060720104708e+25
-1.481155949749990205e+26
4.028112178358894902e+25
-1.043279866406085615e+27
-1.500677801682740372e+27
-1.857240270730001263e+26
-4.776387843847573951e+27
1.731547295991640981e+26
-1.320136902529379406e+26
2.269876934319739053e+26
-2.925420412516168160e+26
9.543247048302025923e+26
-8.747817441003730150e+25
5.600300741079062143e+26
2.714654326378780095e+27
3.363714556402752516e+27
-4.305970196239377038e+27
1.107622955796586263e+27
3.931782062044746118e+28
7.561326213444866167e+25
1.647117578608541901e+27
-2.465871155534526023e+26
1.315166181243145977e+26
-9.481257115827538938e+26
-7.639655302374338340e+26
-9.031756029063829012e+26
-4.389207627091642047e+26
-3.780391754459442378e+27
-2.534225285196273195e+27
1.155626336590289790e+28
-9.446022835815282242e+27
-6.968563577756973026e+27
1.544503428642178462e+27
-6.945284667703096777e+27
-7.502815104196773481e+27
2.566446591438334239e+27
1.512833153810283757e+27
1.305333653141448000e+28
-3.597599904250182592e+26
-2.407554099872164568e+27
5.381363350686441556e+27
-5.393159058570878988e+27
2.840969587390893422e+28
-1.089150042521770753e+28
-9.641881493453002017e+27
-2.584256031654176223e+28
2.236944925182716926e+28
-6.330742910519644729e+27
7.108880228379644987e+28
9.205201688866691571e+27
-4.353480982350887623e+28
-9.365585675734575134e+27
2.388631677223635332e+28
-1.869758663686996600e+28
-6.929894990955653820e+28
9.637549212037018676e+23
-1.317265752044081593e+25
-6.318975375756860389e+24
1.151606318179183374e+25
-4.203317547527677081e+25
-1.116321510617110140e+24
2.835284721068893116e+25
4.504814702328685672e+25
2.139642185928699075e+26
1.224881795829657674e+26
2.242200827449035808e+26
5.101831438307124938e+26
5.496219787346220090e+26
-2.537326071235427716e+27
-3.043595076471829186e+27
-8.722325040268490444e+26
2.045673972763785730e+25
-3.561344226527586973e+27
9.526667494420324479e+25
3.207729133278474784e+26
2.710743724411674656e+25
-5.313225711322729096e+26
1.842979071845907526e+27
2.412438878022900178e+28
-9.025322350963977193e+27
-4.587864816898560619e+25
2.953082915296140509e+26
6.779178356536890222e+26
9.948982507362135232e+26
2.067580611857713628e+27
1.107028370982416133e+27
2.720384574782041330e+26
-5.938084509768270000e+26
-2.017630859873738764e+28
6.897023495081194303e+25
1.304908279985240719e+27
-1.298586086974948625e+27
1.926338647394239424e+27
-1.487610066221945941e+27
-7.122198454813603634e+26
-6.720906359187030261e+27
-5.338017685816347154e+28
-1.992485993829480169e+28
-4.955148000975964990e+28
-2.373095478494214441e+27
6.703754718630672569e+27
-4.393171727742033340e+27
3.832019858979212066e+27
-3.268778226750307922e+26
-2.335179349173918871e+27
-8.969921825020614529e+27
-8.128943420220599049e+27
-1.599405093350060364e+28
1.208978526172879591e+29
3.064691664739430815e+28
-1.097883970078961458e+29
2.386658933209083619e+29
5.989774416103489332e+28
9.843122018031160627e+27
2.155541201514089236e+28
-6.014135603446190904e+28
-5.943186811010973323e+28
8.708603217539197802e+27
3.915378877613818998e+28
1.317821741090348809e+29
-5.761134598770372370e+28
-4.398901367983273733e+28
-1.241654122642618069e+30
1.098388504819810125e+29
5.464980731638766604e+28
-4.109690880419834210e+26
-2.037064834661521647e+29
9.315671678268349037e+27
-2.022656894608195689e+29
1.865903484993477787e+29
6.555726714946502698e+27
1.066066766446890000e+29
-4.674781093374076961e+29
-3.930867905389000113e+25
-3.904512488802200610e+26
-3.159435272699450607e+25
-2.578389136844914919e+26
8.557841252765063213e+26
9.905431672354411993e+25
3.246638138256526334e+26
1.006216764683369111e+27
-2.483711283536697636e+26
8.493933312323289753e+25
2.875261228703626985e+26
9.428692097069895552e+26
1.108108381611635405e+27
-3.089773838359948346e+27
-4.808569213064466575e+26
2.687481157023391690e+26
-4.012147710191459917e+26
-3.102246235943943431e+27
-4.521160376872797169e+27
-7.728307753367571799e+26
-1.581956694696527539e+28
-7.121103565862598653e+26
-1.097153896091553559e+28
1.775853129234060012e+28
5.386452812321656555e+26
2.389053741795819546e+28
-9.614550686195130102e+28
-1.228230836385283199e+29
6.559863912062280774e+28
-1.969108813300945232e+26
6.794504880034249167e+26
6.422943589569244537e+26
2.150014289333392437e+27
-1.254622781095797308e+27
4.980136215158314694e+27
1.069519744784278615e+28
-1.191371551488664568e+28
1.955604601981778650e+28
-3.648749956039794591e+28
1.738867993520381628e+28
8.765512246302935266e+28
-1.273174417751975490e+27
-5.891668103865059632e+27
-2.338353539406951717e+27
2.735560424865709692e+27
2.166110190707673257e+28
1.347701568639256317e+28
6.770202527816529290e+28
-1.481604611665528196e+29
-5.967268852247945314e+28
-6.227194080199408586e+29
-5.792564831813038042e+26
4.250738470360573551e+27
-4.913510499691426446e+27
3.892453450408486562e+28
-4.162387251643563953e+28
2.602593932403300674e+27
-3.801580309103901893e+28
-1.257033654250447703e+29
-8.939753272038494104e+28
2.752954003821432570e+29
6.421723235192185837e+29
-4.745904982955843768e+28
-4.450979485121957923e+28
-2.468035014357216849e+29
-2.188541224150668304e+29
-1.054606141061428629e+29
-4.234685272194636981e+28
-5.977576890907112285e+29
-5.076051232015045534e+28
-1.153938290053866347e+30
-6.659278152922203107e+29
-3.492796027203844524e+29
4.470524289827700731e+29
-9.541711505698509902e+29
-1.518028891005090533e+28
-3.659255580142711829e+29
7.812591798948304667e+29
2.418595563611681376e+29
-2.979261457750564169e+28
-8.719726418611894369e+29
1.414486978266550475e+27
1.154942895163766351e+27
-1.447449266515732937e+27
-4.918664011659122841e+26
-9.409960583749945342e+26
1.019264330735376178e+27
-1.148118580541247132e+27
-1.365454886518869941e+26
1.255012071941492797e+27
6.502611368745415102e+27
-1.480729147314241064e+27
-3.192722168502381280e+26
2.029260394070302933e+27
-2.562258201389996645e+27
6.613980731399484567e+27
2.525054908717642170e+27
-3.972575049818676807e+27
-2.538321520457299751e+28
7.065168443498429799e+27
-3.329442774564849348e+28
-1.784925453968678014e+29
-1.334891992722607720e+27
-3.083369854818719138e+28
-4.792602603014967665e+28
-2.037319531308845971e+29
-5.257138624156693252e+27
1.180867489544362032e+28
-6.862545902572910634e+26
-3.024155878206613153e+29
8.264576354343715480e+28
-4.297812711689918459e+28
-6.069122509954979752e+27
9.821557611276526593e+27
-1.124240996603764861e+27
9.836392446317318916e+27
-6.794976484888622566e+27
-6.655406334485765750e+27
-1.135488171914857729e+27
-3.984512850737897816e+27
1.038262306251085310e+29
-4.526856332556453357e+28
3.571851603946759700e+28
-5.704346454749756201e+27
1.077911542336524785e+29
-6.786421947677737203e+28
7.940290304692159175e+28
-8.385766793235604403e+28
1.070174309576410711e+29
-1.196596270270448022e+29
3.268555915030050556e+28
-3.336087897500348053e+29
-4.523229390700117424e+29
1.836040212612857118e+29
-5.784834562766613431e+29
-2.314137156507841210e+28
1.584282334516200383e+28
-2.303676626287153359e+28
-8.297624471379071552e+27
9.119078952379122409e+28
4.134260902704159686e+28
-1.150490624739170975e+28
-1.856672874580946356e+29
4.968594195149397846e+28
1.639196738016197231e+29
3.678846537421281301e+29
2.650369108367987814e+29
6.103321201000337328e+27
1.785455999325762669e+29
1.382864704752748659e+28
3.422836116741736345e+29
1.188588118085213165e+29
-2.777913889143989540e+27
2.133603636434149847e+29
-7.387840879746023684e+28
-2.066332731199948666e+28
-3.734777325283891701e+29
5.916919508943354943e+28
1.668856922582327357e+30
-2.000938355085978023e+30
-7.175804373943351573e+29
-4.060482321237889559e+29
-3.509399566238176001e+29
-5.482560347161562860e+29
-6.240514309508121160e+29
-2.494830736843625167e+30
-1.852755799354908291e+30
-2.396109643119948887e+30
-1.143851995490385043e+28
-4.066622651846936401e+28
8.356595611436480793e+27
5.328751119163815543e+28
-1.718402440143417317e+27
2.780858397208908003e+27
5.113170676080249091e+28
3.845275708903659486e+27
1.001081131128184028e+28
6.947424553660413665e+27
1.036737748275728018e+28
-1.863355384672792377e+29
4.156813209522507477e+28
1.719082465377272626e+29
1.888647682024039935e+28
2.277671352856531151e+28
1.614992520112266028e+28
2.740214113522522583e+28
-3.284943818595434788e+29
1.893671692099638606e+28
1.324369258025707621e+28
5.841444651537543811e+29
2.016602351934353818e+28
1.416114530285433176e+28
5.780202377303650460e+28
-5.637322638207354994e+29
-3.743885300660521266e+29
5.506156431116748345e+29
-7.848085918575485554e+28
-2.677522473270674804e+29
-1.206655634621269582e+29
2.771744040317360753e+28
-6.108094258687823215e+29
-8.770096183921895121e+27
-9.724387806549297386e+27
3.452268179875822761e+28
4.765862533142292349e+27
-4.209880633729465896e+29
3.801381958886290445e+29
1.612920892578290213e+29
-8.949148250632227281e+28
2.286358413889419043e+29
-4.898897574966888575e+29
4.264336589523865114e+29
1.649634816093420151e+29
3.515484201406991805e+28
1.867246237779331299e+30
-1.221802213544343129e+30
-9.866166754650412147e+29
3.488194578626356869e+29
7.600082706576920700e+29
1.048117968020353959e+29
4.041884826940584498e+29
-1.541551704650501617e+29
3.844698956166096905e+29
-1.458474688903353389e+29
-2.072283561688870311e+29
-1.939991747877474832e+29
-9.782589271502249722e+29
-7.673458092850336549e+29
7.738095530215516382e+29
4.649836942316241649e+29
5.573076565805319882e+29
4.766816525295261619e+29
5.471151779353933603e+29
6.502290122792646763e+29
-4.114752256094352362e+29
-5.119429435092827084e+30
2.580115546673136970e+30
-2.933381028805314623e+29
1.108036597193635336e+30
6.630786068964617978e+29
-1.471425063596689840e+30
3.067347124242918170e+29
-2.768280047182290269e+28
-2.009759944640403216e+30
-2.772638225490944847e+29
-2.960428975944383395e+30
-4.526524166530674527e+30
-1.474050326190567655e+30
1.649136611263273496e+30
6.220846719063383644e+28
-5.681686911238955279e+30
1.550457883262687465e+30
4.637064436135283630e+30
-3.259631180629103517e+29
4.755437506504681337e+29
-1.497003347389345417e+29
2.931473114938000778e+27
-2.447337613773064578e+29
-1.166567754905081652e+29
1.895390032094822466e+29
-3.446261034465687922e+28
-1.179336592395776922e+29
2.913181640710598981e+28
3.785986113097203438e+28
-1.081920612464265983e+30
1.990029289657275670e+29
2.685323135778716934e+29
1.118113489052342297e+29
-7.552079057116972078e+28
8.973567143405054935e+27
1.528641074156291086e+29
6.190773653095618936e+29
-2.524258019100627368e+29
5.413045115095646255e+28
5.154028534425783627e+29
-4.168467228321086535e+29
-9.384646860151308390e+29
5.927578818858708390e+28
1.155832697400040058e+30
8.247356275045732418e+29
1.064397466927842894e+29
-2.116517103845847437e+29
-1.436837191122196167e+30
1.009845236431626942e+30
-4.821639972785680597e+28
1.486738522002679224e+30
-1.008722587681329644e+30
1.718411402663636514e+30
-1.279405461095366131e+29
-1.168370871246007918e+31
-3.022796416183394067e+30
-3.631201385861633152e+29
3.136068714476187540e+30
-7.031887322807560813e+29
2.275710765792618545e+30
-2.458757450436319646e+29
-9.657564157602969072e+29
-8.975650272095178849e+29
-4.637999220234375812e+30
3.578301226745723848e+30
3.781009264396564909e+30
1.922980202370861185e+30
4.677299498855795889e+30
6.096744916472291643e+30
-1.466581271295669983e+31
-1.579618055301283775e+30
-4.132605556578063033e+30
-7.319396734082552237e+30
-1.871376254353264426e+30
-4.680352223468440086e+30
-5.027782052957892711e+29
-2.417473339324384571e+30
9.295202315531043453e+30
-6.563557135634116365e+30
3.185996185445340888e+31
6.517659251827443132e+30
-1.140499166595732333e+31
6.171693568318651758e+30
-1.129366223688150613e+30
-6.451011634961059756e+31
2.382376546483576367e+31
-2.956423644562132970e+31
7.260898087720735353e+30
