-6.010833539943888000e+15
6.578087633295095808e+18
2.208473430069305999e+20
-1.841445763563894342e+21
-1.905340648374561145e+21
-1.314968137673479291e+22
4.445057860777315664e+21
-2.651035301788297577e+23
7.365415741134624428e+23
-3.546437521648121856e+18
-3.902959525092384768e+19
3.480464030144689865e+21
4.460039708937829115e+22
1.472029912703282918e+23
2.996562294690110882e+23
1.036789633492847673e+24
-6.153692410573995739e+24
-2.064529900538598940e+24
6.580028549884713370e+20
-6.179626698243631481e+21
-5.053191066320060075e+22
1.289069276212955961e+23
6.916366501535367876e+22
-1.907435334414940888e+24
-4.592440559614874643e+24
-3.099971025352633227e+25
4.056114424687827565e+25
1.147141489612180161e+21
4.464994771736207557e+22
-3.029380313744919358e+23
7.447326194975518805e+22
8.658638355644015150e+23
2.900239953020817139e+23
1.131038431927685611e+25
1.228255723216552024e+25
-1.061368801566364164e+26
1.560207848722603205e+26
-2.838798124555374166e+21
-2.843584959215454441e+23
2.068042981314191226e+24
3.833901183694192771e+23
-2.829303808757098716e+23
1.143307829902641868e+24
-2.263997807744575071e+25
8.148435420043957898e+24
-6.414282093366572019e+24
1.826807148268139421e+25
-6.837927113154229171e+25
5.144150398927704235e+25
-1.947668106361035135e+22
-9.050096958544287640e+23
7.902177508294513343e+24
-1.141893828085582173e+25
4.567046548292089900e+24
-8.921848821635926255e+24
-5.764436325800937030e+24
1.025093060094850278e+25
1.377668631008904715e+25
-4.435288438010599812e+24
1.135191083387683070e+26
1.341652188935188746e+25
-7.144516958513440637e+26
2.035404974769079792e+26
-2.974723885514156199e+22
7.258977997339697789e+23
-4.486704529520641423e+24
3.043532738527105634e+25
2.091412865302408867e+25
4.761477966475823240e+25
-3.086381609232430812e+25
-9.380443551681747947e+24
5.468056424924919245e+25
-3.614921689899063226e+25
8.612845476119585877e+25
-9.526154055973716752e+26
-8.668218830821117003e+26
-1.257500004654895441e+26
-1.778779562801125157e+27
-7.343729774565969394e+23
-9.448700384060290063e+24
2.360362247039207113e+24
-5.946810232663966830e+25
-6.438803995954269733e+25
6.951481075117342905e+25
8.471893842412209965e+25
-1.019990769079031948e+27
1.662371816912220214e+25
-2.123141996450263510e+26
-1.302684103227745657e+27
-2.186822792180301939e+26
-2.843224275869191865e+27
-3.765933953566726366e+26
1.287029580534679163e+24
2.931693279959062790e+25
-6.307444152888379183e+25
-6.288710371770729177e+26
-4.211418774250418099e+26
-9.692319372700277465e+26
1.264201302474523010e+27
-8.823576000870175987e+26
4.376256329474781109e+26
-1.349058395990044280e+27
1.777345420228037190e+27
4.139490461467644996e+26
-8.168127786484214088e+26
5.945420587209077555e+20
-7.218604590035055411e+20
1.348596544192978407e+22
-7.218065548264360798e+22
1.396113588430243658e+23
-1.251139806127524288e+23
6.148517779353348310e+23
1.131162732629533997e+24
-2.298543580429367762e+24
-2.485092577270178366e+24
6.242993623283272367e+24
4.043304747122137078e+23
-3.835754453925296073e+25
1.764326047804626309e+25
3.585734184094317086e+25
-5.635225348849184308e+25
-2.085504631441359844e+23
-1.041129133678992502e+24
-3.284030967838818320e+23
2.440413600216381590e+25
1.056321118572800584e+25
7.032335371535649112e+25
-8.611716467909497930e+26
-1.810689017349875498e+27
4.726486824548433962e+23
1.756494958038700231e+25
-5.733208811538612132e+24
-2.369728632782004207e+25
6.535841443561433538e+25
4.110181345855296412e+25
3.682588104347879170e+26
-4.194690006348477087e+25
-1.372336807283819601e+28
-5.062946099415186569e+24
4.046315405494516662e+25
7.450359815136453463e+25
-3.610914101913471657e+25
-2.027253897366163123e+26
-2.611565591963514766e+25
-5.714197567967399191e+25
1.963865569444770845e+26
1.525481603497664515e+27
-4.672813428119525735e+26
1.922905800136739893e+28
-2.952428776614345782e+24
4.186534969915086876e+25
1.114701646785078577e+26
-1.682107356180003709e+26
-9.212002949582401187e+25
-1.464463226158536073e+25
-9.073825042627361067e+24
1.918468651843357915e+27
-1.285754889542498818e+27
2.516675357075747878e+27
1.312854741053688336e+28
1.293142247693129375e+28
3.996220045200783948e+28
5.833283239627959335e+25
2.288253888551616975e+26
-1.493006189830873854e+27
-3.487547558521201061e+26
7.331804473932088954e+26
-8.380647715070073266e+26
1.021310682476509774e+26
-1.245659838813432884e+27
-4.289267960985538961e+24
-7.152433784707097439e+27
1.574029694298003394e+28
4.460492846544843282e+27
1.267795511550741349e+27
4.236637380911844295e+28
5.202858653170070673e+25
8.910140088311451715e+26
4.435118539172266456e+25
-3.567181620010425543e+27
3.121466073369385390e+27
1.041537745937893557e+28
-1.396729618535279390e+27
4.466380067386397257e+27
-1.696682750306852521e+27
-3.175522416806063672e+28
-4.573091533645857294e+27
-1.409645075155406052e+29
-5.909295834837837041e+28
-1.622725176183470022e+26
-7.585979564934206521e+25
3.096902122224522669e+28
-2.060435937359134632e+28
7.464262225919773611e+27
-6.840725577157675527e+26
-7.849865510478849434e+26
5.203038195381222849e+28
2.004427194371423634e+28
7.159451052301658780e+28
-1.353597580457170808e+28
1.073961767472367564e+29
-5.477829262529907309e+23
1.155605758823641869e+24
-5.410387096082031596e+23
-2.148936752981436480e+24
8.264653461241574453e+24
2.816827568350290143e+24
-2.091479124080859049e+24
-5.759167829278503812e+25
-5.444574305466888305e+25
-7.737507759417995391e+24
1.019506971443549872e+25
-8.912624108664927672e+25
-2.083942433540102513e+25
1.644551815748210748e+26
4.614336512552686533e+26
-1.036271881634602922e+26
5.070754528037419965e+26
8.774100839398491118e+26
-1.170833763003518613e+27
4.231743291464736213e+27
-3.664344874830693898e+27
-3.362477988082232654e+25
-2.474941937207080315e+24
1.280993991263824729e+26
6.301222236595969348e+26
1.554512179430058002e+26
-1.780011472945460150e+27
-1.237222954917705938e+27
3.826094804223950816e+28
-2.246563116824778981e+25
-1.304762453815314415e+25
8.532169962113297574e+26
5.885898168667555794e+26
-2.310468837637571780e+27
-7.818492873830741626e+26
-8.825513254509920000e+26
7.523455301420650004e+27
-1.631912322405378021e+27
6.496400950754661583e+28
-2.003025453780780264e+26
-1.534850387136285300e+27
9.135706142113682584e+26
-1.755371760837449726e+27
3.709985483488592044e+27
-1.164484507850713873e+27
1.088700774768615203e+28
-2.131419968416474391e+27
2.392033867320968897e+28
-1.934473279988267437e+28
7.596434401722506950e+28
5.670096077544711533e+28
-1.123410116990665785e+27
2.226280094235328315e+27
4.176473244172333990e+27
5.598777348258619090e+26
-7.994625616158608174e+27
-1.026119615631217816e+28
-2.514368097480513740e+28
-8.934600166249061232e+27
-2.722055060955639782e+28
8.077720003651428543e+28
8.236226332752238095e+28
-2.764207083895188840e+29
2.322698710691516364e+28
-5.343597995503877287e+27
-7.306080079771112815e+26
-2.281544071799923176e+27
-1.307212303531637726e+28
6.500197609236817000e+27
9.728678010689708953e+28
-2.806960571326340704e+27
1.177199900002840627e+29
-6.688674936833619075e+28
-6.009183838713694852e+28
2.470437928876081846e+29
1.724567701652543136e+29
1.447831332410147906e+28
-9.059452471837833571e+27
-1.613804246389121961e+29
1.128275317412560656e+28
3.444183153756564860e+28
2.923913963292602331e+27
9.135863135769198291e+28
1.913881248721773937e+29
-5.115610335352399505e+27
-5.221942916567494837e+28
6.261420603798112910e+29
8.618368565286984344e+24
9.166775218375155583e+25
1.808918266402893044e+26
6.747418931531443166e+25
3.350199120511650454e+26
-6.847473199837651781e+26
-2.582817550272348846e+26
5.484653122581559413e+25
2.630186989528313458e+26
9.263536335132737550e+26
-4.937451304271495518e+25
-1.982074776611331788e+26
4.864187106542185952e+26
4.120180675804281443e+25
7.750572444343785075e+26
1.696631307929118163e+27
-4.413903387213640217e+25
1.990803674811899342e+27
3.750134544707891722e+26
2.437194739744995421e+26
-8.516415186152958924e+26
4.128212214245439796e+27
3.474735243752282193e+27
2.923133703637361178e+27
-1.197759697796363475e+26
6.094089429942570050e+27
-1.728419676365481788e+28
1.110642207325714673e+28
-3.152560600237872183e+28
-1.111543538754162693e+26
4.652627369962308032e+28
-3.755563745389362452e+28
-1.467912316214829887e+29
9.793768338199614091e+26
1.158209067936201759e+27
-6.136694070478983324e+26
1.747271374015006895e+27
-1.473109356218411525e+27
2.925549509045820348e+27
-3.828383517152992488e+27
5.625736021350941076e+27
3.345779139430938614e+27
-1.764241901582914462e+28
-2.808434635170229063e+27
-2.317395918301571343e+28
2.684767238685394374e+28
6.898585132884241344e+28
2.058746477528277268e+29
4.138523552457414794e+27
1.260102333688610544e+27
7.294072628263714641e+27
1.261002155754430532e+28
-2.850229759278768392e+27
-5.133262817228293248e+27
3.856736581756679075e+27
-7.511003439210429602e+28
1.369618263674193049e+27
6.974908750185091700e+28
-1.059811593269520602e+29
4.153394671561808226e+27
8.053934793370090643e+27
2.983870140012155289e+28
2.190668548131461207e+27
-6.399918383651560341e+28
6.252024734333378748e+28
-2.821357766229791055e+28
-2.903718528136458878e+28
1.386562431759114232e+29
-2.040711237262739389e+29
1.718937712498653055e+29
2.862964924973432567e+29
-1.870220630048500815e+28
1.701505717952445095e+29
-3.694083074437115691e+28
-1.515885082044836251e+29
-2.340698217744417371e+29
5.655465235305657510e+28
-5.570039829490518526e+28
2.116327589521548983e+29
-3.591632616721583087e+29
9.317858237885872159e+29
1.718925143276881410e+29
-2.701173254291996536e+29
4.658387892031149959e+29
-4.525223495037000527e+28
6.150047734717875658e+28
1.296077312660873619e+29
-3.813199414123640877e+29
3.668052781426446362e+29
-1.702764975066431474e+29
8.650661273240581030e+29
1.561956877937207657e+30
-1.580268101733348745e+26
3.796968438908594587e+26
-1.581085430111950619e+27
3.162253141603389343e+26
5.845263345770313512e+26
1.090695272856828689e+27
-2.148689251166385744e+27
-1.729102437129825455e+27
-7.137106323615552308e+27
1.476868690851651246e+26
-2.654160881004811492e+27
-3.904924555752554675e+27
4.526903495884076578e+27
2.790958412858676932e+27
8.652234005167018578e+27
-3.824794725699205753e+27
5.104973860354522890e+27
-3.741206920885909072e+26
-6.409826267514469309e+27
1.218082833713551435e+28
-1.173121498107146055e+28
-1.301859338174465247e+28
-1.709805780751959907e+27
-9.117094134190156756e+27
1.130344285530145583e+28
-1.862373359550780319e+28
1.154068616398692111e+28
3.846459925178900529e+27
1.021244427837513419e+28
-5.626110704254873682e+28
3.239678093497829626e+29
1.490615350907695177e+28
6.964449137503706468e+28
-8.555921459120449678e+28
1.074560248521515642e+29
-2.104282406280375313e+29
3.088229370234205240e+29
5.952637076274412195e+27
7.310629081651720746e+27
7.714529581363722805e+27
-2.300915587652404111e+28
-5.420285957024952393e+25
9.442744920565908341e+26
1.923480686603787549e+28
3.608344852697550759e+28
6.295344915748519735e+26
1.769405633171537766e+28
-2.123480659615248748e+28
-2.020070417256590626e+28
-3.092395131010105006e+28
-2.364910955220757402e+28
5.368248675230778074e+28
-9.571820184548833222e+28
1.457368938867044498e+29
-2.208058835998338571e+28
-9.976486760621302474e+28
3.760385797158684701e+29
-1.898214478060913989e+29
-1.943943804411406659e+29
2.477787899307635180e+29
-2.491718033401123874e+29
-5.059101330720734395e+29
-7.431133379454805258e+29
-1.462060093827224693e+28
1.364173992071850675e+28
-1.818691858909713654e+27
3.566964925340211614e+27
-2.395151456898151411e+28
1.150393736642787407e+29
3.454238345363241476e+28
4.129476974616218065e+28
5.133776699643729999e+27
1.311820067436919643e+29
-2.032957145152401912e+29
1.111180972860925650e+29
2.816089720475350339e+28
1.425986973776122574e+29
5.275794237904263343e+28
1.566516834190742606e+29
2.378152246614114330e+28
-7.666765867613676803e+29
7.296409258662025397e+28
8.065614355754042055e+28
-4.023738841770875834e+28
-2.306587997981181292e+29
1.691909986154723551e+29
1.884933509916351039e+29
-2.544695319896918113e+29
4.608380326242345237e+29
2.608335105809104151e+29
2.008030812996790694e+30
2.575291161588619591e+29
-5.732846509901107218e+29
-2.285018323494872898e+30
-3.951544399033921398e+29
2.457768340487014236e+29
1.966017947255895302e+30
-1.574696733305767063e+30
-2.729852417653997785e+30
6.025690652519403235e+29
2.103001188144522856e+26
4.417858796857758916e+27
3.302092785922652936e+27
-7.227249886618207444e+27
-8.541580803897626007e+27
-3.953028175081196980e+27
2.799611683816195290e+27
1.928626799143929137e+28
-1.473574786314824760e+27
-2.806236049713843154e+28
-6.939213209269987117e+28
-1.062467600679727506e+27
-6.591308021689562219e+27
-9.125286522785256302e+27
4.054154909836936135e+27
2.018054037185858710e+28
9.259389516809084055e+27
2.880212873236338448e+28
-8.627266493470349654e+28
3.815757958543796865e+28
1.328341138157514944e+29
1.502673697033553654e+28
4.026812166248084570e+28
-1.424207707023418454e+29
-5.552771935399071415e+29
-2.078007707362708740e+29
-5.596726453739419955e+28
-7.507434410757801160e+28
2.254650017980263147e+29
-1.589644780058290171e+29
-2.446023847325819106e+28
5.823428594638747651e+28
4.926093204457983994e+29
7.605998070236903419e+29
1.534744575888180551e+28
-4.326562362469418738e+29
2.498688766223846416e+29
6.655233597249419074e+28
-1.325435893685319196e+27
-2.555586397246406727e+28
-5.346500787848325207e+28
-1.461579658479514473e+29
-1.729157336667718778e+29
4.067643186620894319e+29
-1.355048566087351728e+28
-1.134104266366837895e+28
-5.295244285652753644e+28
-1.064500097952485965e+29
1.531055827982810113e+29
-6.592206543372187292e+28
8.244948532760697480e+28
1.677967187145791209e+29
3.873455673352488957e+29
2.641583455157881073e+29
-2.457907999178981364e+29
-1.463403099785419707e+29
-6.273827756601937329e+28
1.406653210664494421e+30
7.034279255971466699e+29
-1.674636835340675505e+27
-1.585163095573941779e+29
1.304566373684130423e+30
-7.376390275467837104e+29
-1.923616370576199951e+30
1.102944975573787717e+29
4.076149068593891591e+29
-4.357161493951680103e+29
-5.670058783429329222e+29
-2.120384874002337190e+29
2.262112843969733019e+29
2.563630301726150407e+29
4.125278003111787390e+29
8.016447315179557646e+29
-2.850348994816702966e+29
-4.013441671537476545e+29
-2.602608988735854394e+29
-3.003060371069647843e+30
1.381918681422952489e+30
-1.011243959889483323e+30
7.764010934315254586e+28
4.495289395524471438e+29
-4.324381564421382718e+30
7.407927380839151105e+29
-4.247665144696258324e+30
-1.146766826247101727e+29
-3.105917170306711223e+30
-1.372080368889692830e+30
9.711211978299751345e+29
9.081311102815463651e+29
9.282640025352774652e+28
-1.223040729179962715e+29
-2.819907755080989733e+29
-4.655219580530109468e+29
-2.324381403281022447e+30
2.258773480154198829e+30
-4.137105922385519176e+29
-4.093543098698397964e+29
3.609570009340990257e+30
4.379229712331250958e+30
4.871111268977522962e+30
1.195088137823939223e+31
8.597050820328609763e+27
-1.164629235851683293e+28
-4.904442689021031860e+28
1.217489672705091937e+28
3.197099023759836821e+28
1.787750689742159377e+27
8.316932655263835669e+28
5.109590655830882843e+28
1.406324626032505125e+29
2.710393790618437153e+29
-2.468602035995754194e+29
4.210368548586450727e+29
5.010890962227375174e+27
-5.020858847608352869e+29
-2.353203756738421071e+29
5.582405261867407205e+29
-1.999188733304094067e+28
-1.313134863506688407e+29
1.585031134138129694e+29
5.832586947804741930e+29
3.308077336866068022e+28
-5.549122426044382837e+29
-7.024266579478960780e+29
6.557142557095372629e+29
6.311012479889766575e+29
8.998674955780577355e+29
6.914994072059312126e+29
-1.332750792118419837e+30
-1.276718905049792287e+30
2.832580101862144278e+28
4.167574340078239586e+29
8.025586819544718822e+29
-1.778029823320391279e+30
2.976929471363717279e+29
7.189021656074506628e+29
4.104527811271858332e+30
1.388206502632432910e+30
-5.020082077552303986e+29
8.203600935457599752e+29
-1.527513326403920852e+30
-2.031262089715537389e+29
1.742830020304153244e+30
-4.307451120927449357e+28
7.545869498068228355e+29
-1.310423307991911000e+30
9.733321393876947597e+29
1.307643182803179563e+29
1.755743990665006611e+30
1.100188230216748781e+30
5.778618361314225399e+30
3.130178899491119330e+30
3.774653242904485074e+30
-5.970598371315182145e+30
-3.093775918813008128e+30
2.191394454869753988e+30
-5.736444716030416531e+30
6.183005938220414620e+30
3.697385537853073067e+30
2.021250750521781535e+30
4.199769148163149244e+30
-7.203202461408274719e+29
1.058481829990641540e+30
-3.066265226194808440e+30
-3.822047890545358807e+30
3.557215992788726300e+30
1.575538640537337401e+30
-3.689536042629822917e+29
1.042079246055451192e+31
1.983515210574987808e+31
1.081408085367747111e+29
5.791199804213877371e+28
-1.195639334362413711e+30
-1.937886117037400153e+29
-1.600075121940997120e+29
2.050879053318281342e+29
-1.783222057964965305e+30
3.847962838431443721e+30
1.559057629174212592e+30
-1.704319595692533537e+31
-6.701982989114540288e+30
1.224471080266025356e+31
1.100766658808170712e+30
-2.292877691946026287e+29
-4.812384917549384739e+29
-9.333395765351229640e+30
9.765814331102990887e+29
-4.616740986329112940e+30
2.063826647021553998e+31
2.062872486210409624e+30
-7.062178207869593419e+30
-8.024939800358773588e+30
-5.608591824927738247e+29
-1.151685596667496437e+31
-2.415269054161844471e+31
-9.062381152453016639e+29
-2.309845077597045260e+31
-1.857431832356483666e+31
1.205045410211728756e+31
-3.023958501991371568e+31
3.183062880574222341e+29
4.130997663387613003e+30
-1.666508286931309686e+30
3.024018012653277366e+31
6.194355453247936042e+31
2.175859495985868876e+30
1.337652086869564010e+30
-4.086860589474599450e+30
-2.743111376692881467e+31
-5.342715176468575232e+18
4.253965825348055859e+20
1.400748675730880070e+21
-2.671644849247923732e+21
-5.492555991047957643e+21
7.351105784116873789e+21
7.201007846672524798e+22
5.674886538086001829e+23
5.470418437154818458e+19
-4.876108869086183686e+21
-1.005656281219041801e+22
-1.238633747731483208e+23
-4.870218054759143577e+23
-1.180918420665148436e+24
8.881750796237108287e+24
-2.398051510417178416e+25
-2.314553181100825169e+22
2.901474538341230916e+22
-7.747794183048114943e+22
-6.874580142934209730e+23
4.548684796422062227e+23
1.111128210276617496e+25
-3.326516417645219253e+25
1.126207878470824446e+26
-5.309416238354516043e+22
-1.331413377245166657e+23
-2.774355299647324632e+22
-3.842148085768128712e+24
-2.384159302275027505e+24
-1.757917991851819157e+24
-7.047495224658145246e+24
-1.614413462313164975e+26
-5.103068254284412616e+26
8.708676064323599073e+22
-3.529849667286741958e+23
-1.417801668945577962e+24
-2.678369852219355631e+24
-8.183237662851056942e+23
1.721187626458029777e+25
-1.610849165383045195e+25
6.411484958130483322e+25
1.828753933209756434e+25
-2.099123777781614916e+25
5.767037675558061038e+26
4.514822536626685189e+23
-5.180631323857010872e+23
-9.288672780291752560e+24
-2.481438027861821919e+24
-8.668139491690576559e+24
-1.470935782264099214e+25
1.426871610531861412e+23
-6.751744755583155617e+25
4.069145007468143547e+25
-1.157423390211356833e+26
1.769739348427030496e+26
1.803520003214703680e+26
5.226173705617502841e+26
-1.181138780877221823e+24
-6.676828675600137872e+24
-3.910272005098171271e+25
-4.896697829853821076e+24
4.524741571065892336e+25
1.505910362973846401e+25
3.994026225044387969e+25
-4.409308156885337089e+25
-4.066163291322610476e+25
2.693532844044234671e+25
-9.906649325195148312e+25
-3.752548037359122731e+26
4.305297565435830191e+26
2.060694086096663499e+25
-2.617457555312026732e+24
4.807126057442306976e+25
-1.201545189725813765e+26
-1.982525748883760392e+26
3.096122464786895739e+26
-2.906488334732838543e+26
1.085900026886699481e+27
5.204845766068022371e+25
-1.726693543924699693e+26
5.642865051810207313e+26
4.757439255811922657e+26
-5.566587843222362070e+27
2.277064262535305285e+27
-2.840786840022624355e+24
-2.882886195968982454e+26
-5.888597437376426516e+26
-5.334514574905415584e+26
5.002751618456463807e+26
-1.024794416885138572e+27
1.235235157676132715e+26
1.110981552542331537e+27
-8.811554265494172613e+26
3.579915607077272722e+27
-5.069547852722629069e+26
-1.224405554962343999e+25
-1.040406968645453873e+21
7.728019387679705242e+22
1.224532736716859108e+23
1.562693500425889802e+23
-1.042702518697586086e+24
-5.742112003283257341e+23
-9.437903254269615250e+23
-3.152902506306470937e+23
1.279314319737161521e+24
1.051775320779120819e+25
1.994116389629267383e+25
-9.059213643938688244e+23
-6.535435383082424813e+25
4.479483977576045580e+25
8.694413619560553529e+23
-3.961076216541215493e+24
2.255791246777837205e+25
-3.220484865921456721e+25
8.434385289613807495e+25
-1.048079888191430303e+27
1.591971573112584542e+27
-6.813766769956832317e+23
1.792955066056770119e+24
3.141303911602488153e+25
-1.363686861812834738e+26
-1.163783996780573036e+26
-7.512737764001997564e+26
1.808111787627117073e+27
4.865548371555042486e+26
-1.145799598140654286e+25
-7.517317823113496640e+24
-2.492787607367128184e+25
-3.853026634976167222e+25
8.663734917793914542e+25
2.240804711988720551e+26
-6.644483538657624264e+25
-2.049839526906335732e+26
-5.431075142397148128e+27
-8.131574563824557567e+27
6.065511299528552079e+25
1.503279436089521571e+26
-8.126046297643302574e+25
2.507418803522378442e+26
-9.028167971475831722e+25
-1.439864623255960914e+26
4.923888551039908696e+26
5.634454289013191210e+26
-1.155554360995463930e+27
-1.602742396136862862e+27
1.921519807758078495e+28
2.991711191504338782e+28
-1.824235198750436675e+26
5.093786776128575528e+26
-3.286735909332612077e+26
-1.560070547868188372e+27
-3.685420449363831111e+26
-3.135289852786279800e+26
-3.903784672821425918e+27
4.508462446371925938e+26
3.296121636629980224e+27
-3.637507731208194317e+27
-1.223665235430327522e+27
-2.303676270650775138e+27
7.422081384439528157e+27
-8.906224999971039913e+26
9.880252132518207084e+27
-3.769364617517905306e+27
5.187627795609962536e+27
-9.381360544633660845e+27
1.271932285072839440e+26
9.486254942933816150e+26
-1.085344977004005458e+28
-9.729858958896447996e+27
-4.677814306876412720e+27
-2.892160524762752039e+28
1.804990398636347142e+28
-3.983338719565908194e+27
-2.091107494856913926e+28
-3.566486404462217035e+28
1.524065594880888333e+28
7.570821212087576639e+28
-5.441686749397192639e+27
1.920265825137607393e+28
-4.200145346454669073e+28
3.482910599063430550e+28
-2.521909499803003398e+28
3.057283941105864794e+28
-1.598054892417752989e+24
-1.240727135473338483e+25
-1.429072204472347903e+25
-4.246600248232516570e+24
3.606801699212556448e+25
-5.169736760810948508e+25
-4.184972571739729240e+24
-8.147590665109352961e+25
2.540308666670588866e+26
-9.159391897231203451e+25
-1.770229594488756671e+26
-3.723427114162984529e+25
-6.103444637041813608e+26
2.875587829654235216e+26
1.870629491391811123e+26
1.653822770036057286e+27
1.467035667645902831e+26
-1.298073859589727900e+27
-3.408170045545830138e+25
7.469488247285718709e+25
-5.003928570459927487e+26
-9.753992279900079852e+26
2.704725067695424780e+27
-4.570212571672786635e+27
-2.020485259932352578e+28
1.862493752638571982e+26
-4.038682147439189450e+26
-2.258558535168160699e+25
1.106235207062425695e+27
9.264194445164665959e+26
5.952715338343472353e+27
-1.728018315479248568e+27
-5.814560070625379411e+27
4.998421421836223472e+28
-1.595360867682138135e+26
-5.867451004469748894e+26
4.909262056070673830e+26
3.326784943767384276e+27
-2.455212795177792301e+26
1.783515651057816763e+27
9.700940703625019247e+26
-4.889000167625077472e+27
2.580646445316314922e+28
-1.145195201156539219e+29
1.567219781584954672e+29
-2.645276912900282832e+26
-1.920612198616120467e+27
-5.712410028010138987e+27
-2.477978817224227785e+27
-5.081440937029086451e+27
4.525327803199654766e+27
-3.361125822883169487e+26
1.710561575304486415e+28
-2.978620147526498209e+27
3.376644462897190805e+27
2.298340308343776568e+27
-2.270015475315405646e+29
2.554920617851669384e+28
-4.038303706796715720e+28
1.930271912233710455e+28
4.809347332838827217e+27
9.796371232457958043e+27
1.442990457124278648e+28
1.433120256536195570e+28
8.833548767633952291e+28
3.518376891552447153e+28
-6.732896425788031138e+29
1.096588929824179119e+29
-3.262399702542288860e+28
-2.523052186203930879e+29
1.022707065873874981e+29
2.531375900939116220e+29
5.671199370781989706e+28
-3.236108129889998958e+29
-2.689395842113008474e+29
3.174337756653401405e+29
4.909633430397671601e+29
-4.460784333626715639e+29
1.573911889301887196e+25
6.076871432385060808e+25
-2.004155113535435882e+25
2.247366412501768154e+26
2.737045993915226492e+26
2.479366985143667835e+25
8.416234131651859552e+24
-2.889183208974940156e+26
-2.185090642293448602e+26
6.426766171697516586e+25
9.762582029410407939e+26
-2.698923372835346419e+27
-7.102728883527986051e+25
-7.619162687294589317e+27
5.021095471803521013e+26
-4.535021708827912992e+26
-9.022997867030526446e+26
6.478919146977089359e+26
-5.445245006215389013e+27
4.162757930263705954e+26
3.348413703967030035e+26
-3.375280690866190592e+28
4.333189673554362843e+27
2.057964703297825336e+28
-2.259703761039320122e+27
8.246393103361965502e+27
-9.126144952632698476e+28
1.931633924207414370e+28
-5.450093560719709556e+28
-2.371782085073588738e+27
-5.565522073314694008e+25
7.217206007659584679e+26
-9.472974017083121945e+27
2.342348966218894266e+27
-7.388780255113813024e+27
2.602090890741586050e+27
-7.634573496394251735e+27
4.354104522272658369e+28
4.697609255654287045e+28
2.441464228311785267e+29
9.360730545656964563e+28
1.745906348756131931e+27
-3.032435235138711575e+27
-5.755005064014223516e+27
-6.560032534690950456e+26
5.873198685711372703e+27
2.605856154353953289e+28
2.400246779459785644e+28
-4.285548912181224716e+28
1.242483916529369263e+29
8.693371287173215371e+28
4.211401292583832239e+27
3.890358582144068145e+28
-1.306308575066176680e+28
-1.759223156336639003e+27
-4.018169116405182030e+28
-8.989494982825349615e+27
1.855524069901829863e+28
-4.237775707459473070e+29
1.950953499256239152e+28
-1.108399753061297068e+29
2.739985000015400752e+29
-1.139749241024326130e+29
1.242193020939135232e+28
-6.532210866242615487e+28
-7.515807795134075360e+28
-1.220388062740510860e+29
4.113215515013096464e+28
-6.099260443164196878e+29
-1.235559654361209888e+29
-1.109422730280778504e+30
-5.068577290704143867e+29
-2.466129704780074703e+29
-2.767303097874575624e+28
-5.766000890753348074e+29
-9.345302745999031847e+28
-1.830492344442631137e+29
-1.198980153566683167e+30
5.563145622795505014e+29
-1.655992536466773902e+29
2.190907333443457034e+30
-2.975234851040931979e+27
-1.471890818244894341e+27
3.505809533948907872e+27
2.925055513522306928e+26
1.088031240687460647e+27
-6.223108856896853363e+27
-5.612794818652414986e+26
1.129218314462059222e+27
-2.255595831080199761e+27
1.065490047187978564e+28
-1.298316018911514128e+28
-7.170510072582438042e+26
1.250544437439237638e+26
6.757416486629419056e+27
7.380655952813163889e+27
2.507623427049804706e+28
1.087804082124162654e+27
4.339963554400197893e+28
3.042033487984878228e+27
-1.910808268488232492e+28
-3.412788646598243440e+28
-1.391786329028412982e+29
4.587906163118416864e+28
3.318099352018052620e+28
5.183194856508968635e+28
9.100523773157086482e+27
2.549442927182202429e+28
3.874473368078440434e+27
-1.574955899072407627e+29
1.066694399330253533e+29
1.830319892797880711e+27
-9.640261344197951282e+27
1.909842861231015487e+28
-1.006953366189501921e+27
2.409890478389003939e+27
-3.677067350340620415e+27
-2.423410312782446148e+28
1.580623162153369736e+28
-9.271847548595737461e+27
3.278981442678790771e+28
6.375609278301390076e+27
-1.618997402277468509e+27
7.835917539193352666e+27
-2.397234357589972008e+28
7.168554452146539157e+28
4.675732385751720401e+28
1.415525698908006080e+29
-1.166070951994783963e+29
6.460865481776463729e+28
2.012236789538585518e+28
5.785080044377153589e+29
8.550049153487457794e+29
-3.287387342507667424e+29
-2.083605784144141036e+29
-1.475041467911118921e+28
9.165161057029070271e+27
-3.350470476041736453e+28
4.576847834025631193e+27
-4.989550830023373241e+28
-2.231693125753107785e+28
-2.479377535686933805e+28
-2.506244235984885259e+28
8.455051188315976987e+27
2.615126747023868203e+29
-7.389582996320486133e+27
-3.474093078176054682e+29
-1.428381846821633174e+30
-1.072641375497702599e+29
2.578704527082998336e+29
6.836273943790793814e+29
4.485469081355376348e+28
7.139400809208323153e+28
-8.163381213262926997e+29
1.065837431034644096e+29
-6.733068095694811465e+28
-2.179078109137749363e+30
4.678893116135334876e+29
-3.695296332114156330e+30
4.575112377047406208e+29
-4.562562649626489787e+29
1.902361737011312895e+29
1.602728207694432329e+29
-1.335202737357452400e+29
7.468645544424771486e+29
2.444393692491814303e+30
-1.821710479466134822e+29
-2.987557597149680821e+29
-1.909296300030559029e+28
2.329576927761654557e+28
1.405430805211337283e+28
1.204262213822004939e+29
-2.641399324985802060e+27
1.599386706385339843e+28
3.073054248106448940e+27
-1.986326834489642068e+28
8.214089820421602466e+27
1.423229183741736583e+28
-7.849808239892850733e+27
-1.547095574707102932e+28
1.683758201534036975e+29
2.539627921592025488e+29
4.475041038182885923e+27
3.061408647538658731e+28
2.191496148569247380e+29
3.502603447765048176e+29
-3.745611119522951236e+28
1.144627663584726435e+29
-1.247446454225723532e+28
-4.669731822703143919e+29
3.031194153853290943e+28
-5.398104601759187734e+28
3.141805177374022480e+29
-2.349885186809900790e+29
5.004097945780217880e+29
-4.519858932263138804e+29
4.527179051775326168e+29
1.390234438150985099e+29
1.499062563766595111e+29
2.804378252068125968e+28
5.948161330273891221e+28
-1.627355677518153988e+29
-3.371264109771801268e+28
2.636415651890440531e+28
-4.883700823238116621e+27
-8.576209112538342763e+28
2.823242232232924110e+29
1.893429043992775792e+29
-1.082120213566338448e+30
1.391850842300511546e+29
-2.055613905995172110e+29
2.222815017279294809e+29
-1.630826607648247776e+29
1.452638453282523171e+29
-5.571770173397994782e+29
2.690423675642015345e+30
8.582282239928104640e+29
-1.240702941073604058e+30
-2.212594472142058747e+30
2.785612446740308958e+29
4.983047915269504308e+28
-3.785518209367135258e+27
-1.199226062396469858e+30
5.593589060211799809e+29
-1.011642341499209535e+29
-3.471259379345815457e+28
-1.222978633832967961e+29
7.899308422614461324e+29
-5.324360366134006980e+29
-1.726545776258916340e+28
4.388515030624911547e+29
7.290305827079360942e+29
-2.393169076068916165e+29
1.111325370808428404e+30
-3.438023621171148286e+29
2.072945742773707701e+30
-3.695768606478378806e+30
-2.813568667139310534e+30
1.907077810844520705e+30
-1.639972934768027805e+30
-5.673899589742307994e+30
-5.724537308170864104e+29
1.999612443801878377e+29
-9.569927524846547491e+29
2.699389900556458064e+29
-7.993663685998638416e+29
-1.795790812410799288e+30
1.227391989557209139e+30
2.707835047835335164e+30
-1.257448681036677440e+31
2.051119272834039545e+30
4.872554946229637940e+30
5.316189314820723786e+30
-1.841896040667132044e+29
-9.489141455593720293e+28
-2.454878306878775268e+29
2.110011611419899370e+29
2.128481642567194368e+29
9.580498282673122363e+29
-4.637258342715683486e+29
4.150990998720075711e+28
4.992658975136019947e+28
9.936746882510878248e+28
-3.477018612186940461e+29
-1.086588279055149930e+30
1.910617582976660398e+29
-3.570450553447494429e+29
1.868434081165267853e+29
-1.482970210150095958e+29
-8.627466826769666235e+29
-1.037576891902158020e+30
5.200022464698578556e+29
-6.116873919884105207e+29
-1.808337241397870709e+29
2.044090875702410279e+29
1.321016799591193463e+30
1.544026222280818593e+30
-2.521562321148270429e+30
-6.725473290507384474e+27
-7.557357297643263235e+29
1.942313974081182516e+29
3.171101208942671663e+29
-2.195612996089779953e+30
-5.126511846409995160e+29
1.625945516170272730e+30
-2.656372471247242280e+30
1.320301337022571216e+30
2.556382976914808121e+30
-1.953447185797667301e+29
-6.889791909537942554e+30
4.886974931893198860e+30
-3.013676580744604504e+29
-4.326478706268277771e+29
-8.542998483857236348e+30
2.306935355096011935e+29
-4.463000944351895390e+30
3.898995807464161268e+30
-5.292897622602385110e+29
9.234356200130853686e+29
-9.663629558457391555e+29
1.374942980311527392e+31
1.973428314341746625e+30
4.780504178993354826e+30
-2.145312055025113596e+30
1.055009257287752900e+31
4.591463436045393932e+30
-1.058685662842587098e+31
-1.174444044908263742e+31
-6.794546034756482727e+30
6.477896674564195964e+30
-1.059518008978299615e+30
6.363861714285468175e+30
6.638486327768425791e+30
7.690064958814683251e+30
1.860371197061270393e+31
4.011577119321744787e+30
5.823107334201290276e+30
-6.397864804037679976e+30
1.804185180827006709e+30
-1.745739608839421768e+31
6.687567596580938973e+30
-4.186291778446059604e+30
-1.576493843598217940e+31
