2.582626018717017600e+16
-1.848046691730240512e+18
7.143396362571713741e+19
-2.040812115545056870e+19
-2.707682815119197471e+20
3.869967506381108937e+21
-5.712100476138395009e+21
4.772446628301625727e+22
-2.235439478565240077e+23
-1.157119141665354138e+19
9.178471911696764109e+19
-3.184248007226976371e+21
4.215464903522867007e+22
1.042267118996731315e+23
2.042244614132600091e+22
2.322258423643932669e+23
-2.581725981857806471e+24
-1.895397256198536760e+23
-1.571922291838048666e+19
1.971816679172559602e+21
7.968861830614317269e+21
-6.771962543775043446e+22
3.142289430296546603e+23
-1.642819305173562520e+24
-9.158936699389727222e+23
-2.093015931281530025e+24
4.754456720849500782e+24
6.434404046302897766e+20
-2.809196518102918811e+22
-1.807297499643718402e+22
-1.612430206884361127e+23
4.410418904173453488e+23
3.819445727954988035e+23
-3.722436481585821971e+24
5.443394874884696398e+24
-1.194768118669342564e+26
-7.737240615354540554e+23
1.171727772232288043e+21
-1.933031152306765672e+23
1.699211897863715192e+23
2.398291921423444591e+23
-2.841989422050347584e+24
7.169522558479472546e+23
2.487291128122501354e+24
-1.049134939306361828e+23
-3.772426748635491986e+23
-9.462756785737980512e+24
8.873968707128574028e+25
1.796712572338429427e+26
5.478511729815238738e+21
1.334765024194241269e+24
3.378584116566762252e+24
5.937369814372955852e+24
8.290129335918615887e+23
3.135874672009495940e+24
-6.786189924101109460e+24
-3.350128708176254574e+24
-7.191990504907494446e+24
-1.635734574053199866e+25
2.019907702227672413e+25
1.176075451634942660e+26
5.757964893707879988e+26
9.296901940807804143e+25
1.206826298296068211e+22
2.314749927000698257e+22
2.920390004000357985e+24
-2.386026687838010287e+25
3.858581142724674476e+24
-2.011385401415374152e+25
7.724832889082933708e+24
-1.223568480228973048e+25
3.420771845513570921e+25
8.343025508386436947e+24
7.510470935579678644e+25
2.338960491527485973e+26
3.320618610143879307e+25
-6.213581927728241728e+26
-4.694707513083512726e+26
4.235357088688304554e+21
-4.515818068243021562e+24
-3.437926508363198867e+25
-9.489857009114426227e+25
-1.175729405877044156e+26
-5.110102625411741412e+25
2.310286700580637629e+26
-5.338348981706748507e+26
2.431912554704028543e+25
1.360789668420819181e+26
3.914513775582135596e+26
8.106570558786421068e+25
-1.806905624589568246e+27
7.475055934964538279e+26
-3.138641834722761973e+23
-1.281318164749481739e+25
1.689047634053649933e+26
-2.000789772590232180e+26
3.055080256191823542e+26
-3.051734233319003072e+26
-4.235885404808854057e+25
1.615435250737473212e+26
7.594148713608691785e+26
-4.089236395867456481e+26
1.116572267247321367e+27
3.841666486505699682e+26
5.293916361405904090e+26
-9.232334996326949847e+20
-3.729499697089305641e+20
1.274781501184034000e+22
-5.797254050347853912e+22
-2.689012379359069078e+22
-5.751792138830004900e+23
9.244392301047683062e+22
3.792110406382998310e+23
-4.887604211008916890e+24
8.297186432002760636e+24
-2.178785156491068310e+23
-6.817353027517829368e+24
-3.393738505058266592e+25
-1.220343286308664656e+25
-6.816865314503757379e+24
-6.960219749947491641e+25
7.917536519446553690e+22
-1.546922432563598236e+24
1.683609649243688559e+24
-3.011339987111727128e+25
-2.430632656604740927e+25
-6.375492381476633050e+25
-7.049515799660830212e+26
-3.956108881435579396e+26
-9.500790685574810787e+23
-6.711738460138370033e+24
-8.142911686160779995e+24
8.794464394608838622e+25
-2.003184588610272559e+25
3.239968470621565558e+25
1.876832084316426775e+26
2.835126904995065889e+27
3.097527601623688238e+27
4.156505204450820438e+24
1.959338561738561284e+25
2.323439193240146989e+25
-6.423173698174043172e+25
1.194537460962264979e+26
-1.423772669313939115e+26
-1.280703708291784692e+26
-4.272496989079375000e+26
3.870198694531466014e+26
-5.428239168921193818e+27
-1.560771607881602766e+28
2.797247438707208549e+25
-1.156328068301372492e+26
1.377516748937310432e+26
1.524166644834139815e+26
-2.297286319787835172e+26
3.029796524687013087e+26
2.685830332766092808e+26
9.057302065295457092e+26
-2.163067377561979144e+26
6.401978593673811813e+27
2.729237548031869436e+27
-2.307838938431199190e+28
1.873330382116462324e+28
-3.141997691903117474e+25
-1.728366860758820746e+25
-4.233643443080535121e+26
7.396659909416962482e+25
-3.002864589417579563e+26
-6.796112443204541589e+26
-1.193853874107144197e+27
-1.000324815605114590e+27
2.443427845966999890e+26
-3.114695872693292479e+27
1.654127990078650241e+28
-7.242979060832992096e+27
-1.972171818128794916e+28
-3.181471535960119147e+27
-2.161321470952554350e+26
-8.213774795637743106e+26
-3.582673553629378368e+27
4.268472494798604743e+27
-3.345707744390090194e+27
8.659867034660296753e+27
3.588196537141027250e+28
1.727072402348731190e+27
3.790139034577630832e+27
-2.468385479981823842e+28
5.387324150409906607e+27
3.822878176024369720e+28
-6.517263116675536192e+28
4.668513080115690978e+26
-6.158704183772439184e+27
-1.217146262603136688e+28
-2.424191178075638930e+28
2.546953478510049874e+28
3.935699634231192972e+28
-6.812981147336066213e+27
2.247023805334221348e+28
1.898233052021063586e+28
7.750715628727894069e+27
-6.911670789629977707e+28
-4.283032116314075186e+27
2.362922837594367716e+23
-2.737261250999508156e+24
-1.960805960359352417e+24
-4.789591145930874914e+23
6.444937186509850052e+24
-1.983671971368998643e+25
1.081660669618608318e+25
-7.263535640257023412e+25
1.146923168718987188e+25
2.633015648531805734e+25
-1.126854951131256770e+26
9.266248107289648248e+25
2.123653056325260585e+24
6.372031213489486927e+25
2.028944898789421253e+26
1.890069778768229125e+26
1.149750411859775437e+27
-3.142026094572826771e+27
-1.779660170294703798e+26
8.716700354725234572e+26
3.516724450498131453e+27
2.540335389284378439e+25
6.796730377405584154e+25
3.012452460010500370e+26
-1.798021498080914849e+26
6.768837328876286476e+25
-6.650321255522987275e+26
2.919619483903222936e+28
2.045425209747906708e+28
1.037679694730003228e+25
3.253378907180417233e+26
1.081237802848335385e+26
-4.566386883780814636e+26
-9.112645465134396641e+26
9.562296948814113452e+26
-6.159757605751370021e+26
1.862163488931535848e+27
-8.271435729281947468e+27
-9.203458398112886990e+28
2.814637257636141394e+26
-9.165501752929254978e+26
-1.722258152859423494e+26
-1.291242450683381989e+27
-7.116633466879281504e+26
2.479673145487641610e+27
4.500089192839891532e+27
-3.365708493312609597e+27
-2.169800335210486125e+28
-4.003285946097089408e+28
-6.800156251402449909e+28
-2.765455079985232017e+28
-3.529240689438354642e+26
-1.503663226275255376e+26
-2.799518858538986223e+26
4.309800434716563065e+27
-3.050658825938793072e+27
1.985566609196372052e+26
1.843696557974590407e+28
-1.201143552069641999e+27
-3.355610717498832487e+28
5.450604819045020056e+27
7.511314552196905740e+28
1.867366877690546071e+29
2.629443814103595779e+29
7.416838232142588695e+27
-6.098800482563991200e+27
-1.756443206033445211e+28
2.136457625671660919e+28
-2.249103023689844635e+28
1.753263571167020353e+29
1.424290817618355105e+28
2.672420839633402185e+28
-2.342400477567748387e+28
-4.914204296805710287e+28
5.484541219339062273e+29
1.889915271452851884e+29
1.916656594446175664e+28
7.752798527064578352e+27
9.593589952567799977e+27
1.648123229593471921e+29
2.986716796815907220e+29
-4.308258326932604617e+28
-5.038700930311278162e+28
8.191051225576664915e+28
-9.421724934810838824e+28
2.281127384902936064e+29
-6.591298963059908611e+29
-6.993047687937124339e+24
-3.423698954904355673e+25
1.449357621793912538e+25
1.382514392457978254e+26
2.221717146709590429e+26
1.508079418065503305e+26
-9.472397283766942924e+26
1.754869777704546818e+25
1.155818536750078306e+25
2.115986563545307268e+26
1.049998846737489634e+26
-7.068554928177582416e+26
2.887979433819313720e+26
-5.641840296354268880e+25
5.798116943530588737e+26
-1.125040104487286462e+27
-4.826428495607460529e+26
-1.438229540155148772e+27
2.625785023908753492e+27
3.202879716965453847e+26
-1.334629413538299152e+27
-2.717142208088123386e+27
1.047108759022990390e+27
3.451660145443460815e+27
6.621102824167202224e+26
2.236596519646015830e+28
1.184807172746250755e+28
-1.771978289841370437e+28
3.177447098790606162e+28
-1.745604707473900202e+27
-7.107896440107716614e+27
-1.122946389040772241e+28
-4.734968833541857527e+28
7.026157739581444663e+28
-8.125743046226724245e+26
-2.708256582065745331e+27
-3.862975193881486826e+26
-1.016545416581645749e+27
6.858312894390015033e+26
6.952742679285166998e+27
-2.494868227059316201e+27
-2.703011331354391491e+27
5.993555822502666191e+27
8.762771446605091882e+27
7.658345509910708649e+28
-2.155794015494315156e+28
-2.379611452920004547e+28
2.284608842013372559e+29
-7.909422955609747584e+26
7.790861444032845104e+26
4.268488221670596814e+26
-8.634361663070052405e+27
1.014852749342526684e+28
7.273494815488423026e+27
-1.319201325544354594e+28
-8.720676769290633472e+28
2.106721810966329119e+28
-2.507603286893968841e+29
4.899916684367973191e+29
-3.136217580659325767e+27
-8.510743666392660923e+27
2.076824810911461768e+27
8.828153502102813098e+27
-1.560093824545118080e+28
-1.184798231989642115e+28
2.293287850011918061e+28
-1.920027026154888278e+29
2.719475061254305838e+29
-6.577632721348808310e+28
-2.897230406991199663e+29
2.856414239883646485e+29
1.155209036520970687e+27
-2.427644692717377256e+29
5.011414229725290538e+28
-1.184826667707415627e+29
2.126366124650533459e+29
5.203378719274826050e+28
2.692054686326163383e+29
2.421602124177668603e+29
2.368535959307852718e+29
-2.565529832035519578e+30
1.219951754461561055e+30
-2.923867228706923555e+28
2.301227014037656256e+29
1.885641830096977270e+29
6.109403963558006700e+29
5.987591560767710955e+28
1.721693816528579678e+28
4.596801591018618685e+29
1.383026522072925682e+30
-7.767715271806681942e+29
5.827566467181338706e+29
1.140713188970273687e+26
-8.080602043264617109e+26
1.092797813062550721e+27
-8.616478901100601515e+26
6.497490047947125386e+26
1.735755191905033208e+27
4.495069287274238354e+27
-2.086397331432553984e+27
-4.863835988120985017e+27
-3.298925044502793841e+26
2.402290533109309519e+27
5.154805443487099753e+26
8.992232892593668092e+27
-3.276541969559595806e+27
-1.405245238158872488e+27
-6.856543626088552458e+27
-1.372470756883374735e+26
1.859177450017278330e+27
-2.667466212472340771e+27
-2.283932064614829365e+27
7.737527810496071009e+26
-2.347428779443062154e+27
1.747568917192038083e+28
6.389019283479883170e+27
-8.342102676187460578e+27
-3.839259786415479180e+28
1.368289464325725451e+28
-7.891240993990610401e+28
-3.219209545048423585e+27
8.691741367260618774e+27
9.030473346883469251e+27
2.840745275133171073e+28
1.332258033465066605e+28
1.833700228404417668e+29
-3.274174832298788617e+29
-3.509462452278872344e+29
9.748796648968916845e+28
7.976969330410248483e+27
-2.059971282743293329e+27
1.556433514823784098e+27
1.196590880123354473e+27
-2.189488538053879747e+28
1.602958561036824407e+28
-1.761256928984723557e+28
1.560898159422489407e+28
-3.118869328658077608e+28
1.692953626648994447e+27
-4.132303211191545096e+27
-8.165992952854605204e+28
8.230938950263049263e+27
-2.750361158924461942e+28
-4.307419165521550075e+28
7.820760895755548840e+27
4.978154460324316551e+28
1.582770659512618516e+29
-1.417204069490700898e+29
-6.817408239716822564e+28
2.319395143700435654e+29
6.225138233086408620e+29
2.543613174082483798e+26
2.732007594038553529e+29
-1.243979913913650649e+29
2.570922995148212589e+29
3.439105677083131581e+28
-1.146080363078068912e+28
-2.164921601738345874e+27
-8.409090537050223527e+27
1.628775756615075896e+28
-3.869270606866427458e+27
2.363345907101929044e+29
2.111566051697198588e+28
-4.531954103981220557e+28
3.791519377998438287e+27
-4.650719462754461942e+28
-3.775188788341045103e+29
-1.046172234048749602e+29
-5.467214407897240076e+28
6.451935508444167853e+29
-1.242814294213228180e+30
1.373199426455895521e+29
5.165952091604603986e+29
-1.342988360800241378e+29
-1.688681671988683055e+29
3.451242322951945415e+29
7.717252438859191188e+28
1.084305350931441057e+29
-4.597114807075357938e+29
7.219064602557637372e+29
1.702222899439962690e+29
1.547988889139081490e+30
-2.207418650626002774e+30
9.341215739910360465e+29
7.627763468250910440e+29
7.035054664295773346e+29
-3.210048030941619782e+28
4.977275560728684280e+29
9.172266186447622699e+28
5.313718108908379561e+29
8.927448921127710096e+29
3.636457197171262906e+30
4.331856092441440641e+25
2.844154902742919184e+27
2.454444392717563091e+27
-1.645007401989390730e+28
-7.380136300238868851e+27
-6.174977339939868045e+27
-6.663459376054845300e+27
2.339295322104463574e+28
-2.595457624786436124e+28
-2.561759870571246635e+28
-2.439059712518981542e+28
-2.504770655463112306e+26
1.382742139021254237e+27
4.850686519205078817e+27
1.864698662056939185e+28
6.596243381771269084e+28
1.929153443230941077e+28
-4.462856216479435660e+28
-9.625413371670018563e+28
5.519999810463533721e+27
-3.167536453001276487e+29
-1.151071141083057515e+28
5.777394460730828909e+28
3.286366657697361571e+28
-1.299044294921870977e+29
-1.943803260455860942e+28
2.988680348933388590e+29
1.608692066085223377e+27
4.106428355284983026e+29
-2.275232696818284553e+29
1.616631893615133178e+28
1.461965648466943215e+29
-5.964073169435694639e+29
-5.430475661199632054e+29
-5.554422120044848132e+29
-2.873809235765632472e+29
-3.210977736309759364e+29
-4.614921773994870417e+28
-4.975615137418038634e+28
-2.636058167559241453e+28
-1.973192806759716966e+28
3.563757269309191251e+28
8.253866412674333523e+28
-8.871368751434864031e+28
4.440877695127662573e+28
-9.392604959767086316e+28
-2.945910838910481048e+28
9.462933197024662729e+28
-9.682424671990170242e+28
-1.528982193135178528e+29
3.948284283088475154e+29
-3.935351337161351340e+28
-3.413281312516921646e+29
-2.468656694718389933e+29
3.656226858088536590e+28
1.354791736281817975e+29
9.003390566132107673e+29
-1.403619320244028522e+30
3.132765920738790667e+29
2.021734183221742281e+30
-1.319954991384770074e+30
7.491762488342846740e+29
1.506170916908691222e+28
-6.781527003711099888e+28
-4.434579699935310922e+28
-1.493578932226124831e+29
2.083360611972116233e+29
-8.744326237187053924e+29
5.145603636806229142e+29
6.052577094249500912e+28
1.662639152297350801e+29
2.710176438558865689e+29
8.893741047634854470e+29
2.933082615802982432e+29
1.234095280975361950e+30
2.861801883216910601e+30
1.489437650000687102e+30
5.750473882838385129e+29
-9.422218520963716139e+28
-8.678825080506872600e+28
-1.282053304489445304e+30
-4.171694923520029957e+30
8.690054231577944659e+29
7.957774389162739111e+30
2.966352494451496176e+29
-7.235347689084951205e+29
-2.052323154928566807e+30
1.913732700226002056e+30
-9.307449697529049755e+29
-6.162316827708219174e+29
1.192729392640192735e+29
1.098895109447220403e+30
9.732232037663736889e+29
1.340463569326524170e+30
-1.575780536609474054e+30
-2.812575455653934275e+30
7.956718374942306439e+29
8.223945475437725101e+29
1.826337436548160013e+30
-3.623351405900450341e+30
1.660433933077945915e+30
7.883270093756540410e+26
4.622747075340102118e+28
3.296410402673072546e+28
3.622119169239755926e+28
1.358760182705247324e+28
-1.420435395026151090e+28
-5.463272189965274633e+28
-1.934189873565645446e+29
-6.304628878984246341e+28
-6.348926699622292438e+28
1.551991839596290734e+29
2.992411831534043777e+29
7.328417982187163070e+28
9.027498095517498352e+28
1.222547559941321295e+29
-3.999914321036824592e+29
-2.679094013636485151e+28
-1.190127411123882202e+28
-4.018156112509267007e+29
1.114738211579338684e+30
-4.543315928610045838e+29
-8.174644218771715976e+29
-5.348650452318262458e+29
-1.416048751704542557e+29
-2.840988654692485168e+28
-1.646379695393239208e+30
-1.028131394932632216e+29
4.362531375849801758e+29
-3.309040364775897404e+30
1.638973695298358500e+29
2.436379232946464426e+29
6.369342197053805373e+29
1.244635268838750003e+30
1.372470675242059557e+29
-1.828444359176145405e+30
-2.664383928279555037e+30
5.991219641791956168e+29
-1.975123753330677103e+30
1.033427278696173191e+30
-7.789508457332522264e+29
8.415669674715635388e+29
-2.712654848202252811e+29
-1.417385300380061123e+27
-1.245908065185501964e+30
-1.608282255690015265e+30
1.454696266242869541e+30
3.105591714345996600e+29
-1.257404460117145010e+29
-1.812562334453587275e+30
8.421775497742887032e+30
3.528179566975347732e+30
-2.371617625220714419e+30
-6.397881124191451438e+30
-1.023080440075734343e+31
-2.195642277220194922e+30
-2.901527921396477986e+30
6.930639223024098386e+29
-3.775169230190949692e+30
-2.055975885128908323e+30
1.977305843132796595e+30
1.995928731099477923e+30
1.036594865049551524e+30
5.492112277380721424e+29
5.139674711441470014e+30
-7.949972079461850728e+29
-5.708449977751193404e+29
7.546463525609774437e+30
5.209475393711360633e+30
-1.251636044521922372e+31
1.277565835797563036e+28
-6.038476909280333545e+29
-2.502817395403300595e+30
1.431923495970710171e+30
-9.267659567401262980e+29
1.351505042173902695e+30
1.502396032611054276e+30
1.899603480961686901e+30
-1.111248396679418708e+30
-2.309060614000662744e+30
1.173119356073094969e+30
-2.626853221485621098e+30
-5.723458150624214314e+30
-1.747438045230655292e+29
-2.286847751022456657e+30
-1.387371593439640353e+31
-2.918478490149326708e+30
-1.434077698565804061e+31
1.147807345962505440e+31
-1.432870180867323721e+31
2.892081894094192005e+31
-2.769708773972084770e+31
-7.844368157664762986e+30
-1.080046139001975960e+31
-1.752297699923798042e+31
-1.466216559225492272e+31
1.616275413726726905e+31
-1.647221246705593330e+30
-1.833899918388879919e+31
9.787429805942381756e+30
1.326661205991768772e+30
-6.883949203209488774e+29
-1.431433533022672177e+30
3.947028572257380759e+31
2.325861424691373108e+31
2.918316029462415154e+31
-2.065135152002748641e+31
2.715330049858953078e+31
1.994443744039270121e+30
3.402767517025260544e+18
-4.899074429119653478e+19
-2.995448885172983562e+20
-9.323332002872337367e+20
8.410007741343669944e+20
1.399646951459245785e+21
4.467678854324542243e+22
-5.105714449170779079e+22
1.806896473412149576e+20
-6.768079914163681362e+20
3.344853198405290164e+21
2.158889219418367617e+22
-2.616288781572659447e+23
-7.100658064371714150e+23
6.718850336460199952e+23
-6.842524167345528535e+24
-4.270688747138956394e+21
-3.177488847874122318e+21
-1.229621227414395562e+23
8.226255434395025618e+22
-1.834693764235132139e+24
1.401940025596616253e+24
2.990321169417483448e+25
-1.503267707965978094e+25
5.706997757804510026e+22
6.913003550551750738e+22
-4.101801830896027409e+22
-1.449264959823494844e+24
-1.545140321412704025e+24
1.187766505658255803e+24
-9.361486288730540655e+24
-6.946551809043025090e+23
-3.087853273595185862e+26
-5.314456397768638333e+22
-3.563714315906079554e+23
5.619658323546241468e+23
6.674236300438803118e+23
4.898836776141927639e+23
-1.842685746775918385e+24
4.428847820842035466e+24
2.988366404149585964e+25
-7.937723417130096080e+24
5.527632352867560842e+25
7.457836568628559302e+26
-8.025582634959441494e+22
4.644625236056339760e+24
1.253220612050694009e+23
1.679073502826481293e+24
2.866150663666241267e+23
-2.478814005747396858e+25
1.467138557814174424e+24
6.194559753064206901e+24
-1.228241134034271320e+25
2.442424420374050381e+25
-7.011189458982298779e+25
-9.616371039131945520e+24
8.062365988824076489e+25
-7.624971735756475623e+23
-5.362432811757046826e+23
9.316132303784565753e+24
-1.831067853694056680e+25
-2.004729659467447167e+25
-9.774471803890150958e+24
-2.312127715650891724e+24
2.901363889017757085e+23
-5.745481146774000339e+24
2.458200636744040525e+26
-8.637145454448456370e+25
3.904473211557040067e+26
8.721560933401065550e+26
1.455975860810585298e+27
5.370108713388179357e+24
-4.528467954383450030e+25
1.924225136580241047e+26
-1.505228149597716089e+26
-1.088786929162933655e+25
-2.886729049793737191e+25
-1.223305811740486938e+26
-1.488325834206492051e+26
3.198357219425620672e+25
1.221353871779857246e+26
-1.031278706722645501e+26
-1.322196580961331161e+27
-3.698904237447886698e+26
2.046054434286470387e+25
1.828872825695087928e+26
-5.112481760525441870e+25
-2.350361483923327776e+26
4.763559368019318676e+26
-4.724632518507152207e+26
-8.425173342312816759e+25
-9.783290193966409101e+26
1.106791987402470825e+27
5.870806743868344911e+26
3.868342918894475806e+25
-8.345609428195728774e+26
6.261256204166280878e+22
-9.538174149070288637e+22
1.073840730650456107e+23
6.149107888623877882e+21
-9.726121127244207017e+23
5.489436006513655950e+23
-1.415757900272468515e+24
1.814557832202772999e+24
3.490329833165531350e+23
-1.979080102914965654e+24
1.888498688471254381e+23
-3.104458944002217880e+25
3.081290083070999365e+25
-2.777516572370430509e+25
-8.766573810938138539e+22
4.616839673230335949e+24
5.907219534599541758e+24
-2.757290467256164625e+24
1.109381510662169899e+25
-7.958439624463589683e+26
3.429098602163730869e+26
6.116216899155616732e+23
-7.059857234575197303e+24
1.649342764939421261e+25
-7.443981879700219832e+24
2.424733874273305174e+26
-2.421245953065468995e+26
4.953536894417436751e+26
-5.943395774549653563e+27
-3.749297666119635835e+25
-3.643133276059858224e+25
-2.012048336845844216e+25
-5.214705801922324513e+25
1.669617573719075614e+25
-1.764531044197601864e+26
2.271255584582969149e+26
1.172456425213310777e+27
4.221690669539432610e+27
2.515341904690982926e+28
-1.651386129197269470e+26
3.228915760264489799e+26
2.861163616087458506e+25
-2.231892761589696371e+25
-3.531524020028932100e+26
1.324880871848177974e+26
-4.435024859353372060e+26
6.846829838974832166e+26
4.050034435855895130e+27
6.883092584795597811e+27
-1.026685261398120416e+28
2.925313572374845684e+28
3.858817709286416807e+25
-1.794020669878267743e+26
-2.027297681715335112e+26
-4.614671652839370112e+26
6.286153272655801463e+26
-4.265487657438581950e+26
-1.935543443469350754e+27
-6.534833875735654085e+26
1.153643280648239623e+27
2.747498633685027619e+27
2.904020522639356790e+26
-1.713115510866650170e+28
3.268752569961145970e+28
-2.420517821566081533e+27
2.551640589256974061e+27
2.971826479351926313e+27
-3.990145326562195115e+27
8.954627707823427313e+27
1.026529226572650008e+28
-3.285338007692183610e+26
5.152243241491556211e+27
-3.205420667276641837e+28
1.114162097792578401e+28
-1.409279462618183751e+28
-8.853371396078790400e+28
-7.615875051929582508e+26
-1.396920859524122969e+28
-1.380702773096605693e+28
-2.453109032286374210e+27
-1.953533705867850719e+28
-8.441729614968525038e+26
2.193983474821848158e+28
-2.602386765093424094e+28
2.675608278908695266e+28
1.129469178913744741e+28
7.211982388297381802e+27
3.118504367632367795e+24
1.504163831039223879e+25
-3.194495559940666288e+25
1.162682127481385982e+25
-2.092476662581934549e+25
1.777521839137362622e+25
1.644033628039302119e+25
3.186455170314799759e+25
1.231297925166323587e+26
6.322070173291729997e+25
1.374641988791410557e+26
-4.880952709183736710e+26
3.783849117525176537e+26
-1.024807095366180872e+27
2.609492822406746283e+27
3.892782681199856811e+26
4.307961664233592695e+27
-1.190934359178030884e+28
1.269257925300301264e+26
-2.194314735702428301e+26
6.442665993290164894e+26
1.290090294306934650e+27
1.898730105882809465e+27
3.605099331287865773e+27
1.452720548400656890e+28
-2.664172602831121541e+26
2.816726802120400411e+25
-2.713615202893529759e+26
-9.690401144501968152e+26
-1.578391582202570277e+27
-1.491670854184385704e+27
2.627699550701187996e+27
1.647237678822271537e+28
-9.616127233196309653e+28
-7.385429472319798608e+26
2.224679260439878670e+27
-1.478599563475220451e+26
-1.686255994968700895e+27
1.354898428242871363e+27
-1.462813916478070626e+27
6.635243602083312033e+27
-1.241667545505739557e+28
-1.582149605973795985e+27
-1.426940599482572903e+29
-8.701281487507149129e+28
8.136952946504346150e+27
-1.593707476812696392e+27
-1.487032834597190063e+27
-1.435163579478203352e+27
-3.963960138306946854e+27
2.182750798359830655e+28
-2.729180459698836504e+27
-6.965836224841629815e+28
5.965722581503718467e+28
1.062415695291168836e+28
3.636889134917086152e+29
1.875754615179772851e+29
2.102252755830140325e+28
-4.228883975914484586e+28
2.829750165394782428e+28
3.239358874514024302e+27
-5.213932475358145005e+28
1.931873726393924141e+28
-1.843027875266170365e+28
2.187303018701273568e+29
1.051932518582322529e+29
3.457987626830820334e+29
2.863586878555885286e+29
8.140345231232100718e+27
3.300864935561693483e+28
-9.055019661026627586e+28
-1.279626440251446424e+29
5.992805709258919193e+28
-2.615327474610382302e+29
9.377733696898804931e+28
-2.516465454203872608e+29
-2.392443642881265463e+29
3.825857849779215936e+29
-1.124393372356353879e+27
3.078879660585449394e+26
1.822235350639687481e+25
-2.920002833320789098e+26
1.818547981437487617e+26
-7.687841854276597860e+26
2.085162481164271759e+26
1.427643716319709331e+27
-1.658693014703812393e+26
1.214588032777188069e+26
7.383800845159621027e+26
-9.526556096161225224e+25
-6.607319314266617783e+26
-3.247403986028002443e+27
3.311753264368938594e+26
1.051545863254672507e+27
-3.412329750633527307e+27
-3.663368401583276642e+27
3.364510157070408091e+26
8.164827613895484015e+26
-1.089652571427986756e+28
4.979378810564970087e+28
1.139772888513423180e+28
-3.300152889779707515e+28
9.408009070400696185e+27
2.657870645625582293e+28
9.494416719341517324e+27
4.482484101509607654e+28
-1.086143695455273496e+29
-1.278223590889668243e+27
-1.016190193933668289e+27
-6.975534739703488635e+25
-1.352335964212010946e+27
2.475210341535926972e+27
-7.231604137885387148e+27
-5.995360423696200988e+27
-1.650409541354727460e+26
-8.847771544713356973e+28
5.549475289502004304e+28
3.436873188599469743e+29
6.537407813480618947e+28
-1.960359895193316778e+27
1.053675577132650708e+28
5.165917738818322488e+27
3.725248285895274729e+26
1.255455272789136974e+28
-4.162324461400865147e+27
2.263047696891600616e+28
1.085491410753539197e+29
-1.564312955495939392e+29
2.705008521981166298e+29
-2.654784533023020734e+28
2.300661601163815997e+28
-9.833534827316186038e+27
-4.888873508419266330e+27
-1.020755711594149955e+29
-1.401752255038518250e+28
8.327685230367345405e+28
-2.972885519091760771e+29
-9.631351967561720731e+28
5.441802878165179426e+28
-2.259267778394412676e+29
5.024143077878627403e+27
-1.438492099265677719e+29
-5.365567708253026101e+26
-2.081285236047818370e+29
-4.094930613807727173e+28
5.360554555845923519e+28
-1.780734241759989738e+29
1.193913126650257054e+29
-2.778921810311124377e+29
2.508333182058758552e+29
3.131872671725858614e+29
-2.819721519484108720e+29
6.819543924506271457e+27
-1.229633916812899939e+29
-4.113595659763124838e+29
-2.195268785716160039e+29
-1.203880345065833832e+29
-2.413613060631304272e+29
-1.718112432539500415e+30
-3.056699588556389592e+27
-1.220330090622609055e+26
-1.170363119239425120e+27
-3.194086189073902823e+26
-9.266375661265172493e+26
-8.617450418048685512e+27
1.304797548018285684e+27
-5.324046490659134832e+27
-1.215322923228281782e+27
2.349293796575714173e+27
3.298237529356686794e+27
2.742478117860169680e+26
8.115850575295498523e+26
1.522226685619714688e+28
-5.058472148140137472e+27
1.799471084579210303e+28
3.590672114507070811e+27
-4.380108189020914698e+28
-2.696256780402647995e+27
-1.295592084052842319e+28
2.850786681956575438e+28
9.904596360286638094e+28
6.945253640165486728e+28
5.135336004432040106e+28
2.243975571766968739e+29
2.635873430329094346e+26
-2.778556347810988443e+28
2.768203531629461008e+29
-1.975313517504176689e+29
1.077884074758430771e+29
-1.378776560831150332e+29
1.160874815021521796e+28
-1.262264774747625618e+28
4.847755401735533542e+27
-8.732568847015906856e+27
4.574537383909219588e+27
1.016531910366747598e+27
2.961537845479060764e+28
-7.428985712096598751e+27
-1.506268532703567579e+28
1.121197812774941006e+28
-1.255553075573358369e+28
-1.456986184108654236e+28
1.455766919460810185e+29
-1.065993513455392317e+29
-3.950258991362458876e+29
-2.320598547353489390e+29
-4.469120890254140211e+28
9.385123478048093265e+28
3.356978874276653794e+29
-2.238899943535006711e+29
-9.800844438890637338e+28
6.060148997163209502e+29
6.903665750431599839e+29
6.091151767098522983e+27
8.203219514499403329e+27
-1.986201560009340536e+28
4.034862826588097499e+28
1.347107077934607318e+29
3.642393235349772439e+27
-2.851702250161273677e+28
-2.595089481258246913e+29
1.058585315426058230e+29
1.697934290315627997e+29
-1.541739377160816355e+29
9.032668813484957743e+28
1.139483227768188618e+30
-1.480684610956850262e+30
3.302420412891847568e+29
6.352128262456591196e+29
1.310713385321156844e+29
-1.702638435168588359e+29
-2.823246261917577683e+29
-1.203880787261854035e+28
-3.354177082975618456e+29
-3.360361929484414858e+29
-2.985181995784096801e+29
5.663715210081366205e+29
2.026324775427705360e+30
-3.995575189814324195e+29
-1.306261990815114615e+30
5.542709172720593263e+29
-5.491331070421392364e+29
5.145740569903747079e+29
-2.289972532075637720e+30
-2.066807005020968107e+30
9.078691854149864236e+29
3.224996746698888735e+28
-2.712719088350167765e+28
2.103449264171191545e+28
-1.052133056736267549e+29
-1.625518737477816175e+27
-4.082914936622705790e+27
-4.284453058328385849e+28
3.042313316260684986e+28
2.754273239969707573e+28
-4.425343265582192466e+25
-5.501473500017806901e+27
5.051375333393375938e+28
-4.086173741612722744e+28
7.030475656382853801e+29
1.638762129131341992e+28
9.573376206570953070e+27
2.381832312900495797e+29
-4.149424947428996408e+29
-1.720206396336191585e+29
2.196880889918820016e+28
1.090041339035617788e+29
-1.383436976457811643e+30
-7.082217102443945844e+29
-4.649808521496344697e+28
1.180324581190782904e+29
-1.008592700695930411e+27
-1.235855838822339619e+29
8.603722938625267691e+28
-7.753243292603906973e+29
7.391680571300777882e+29
3.684217117924431926e+29
8.511069131445918269e+28
-1.842749586683830068e+29
-3.281902589101723216e+28
2.982916059624272562e+28
2.629526348127589622e+28
-2.018396176860693331e+28
-1.393229548157920208e+28
-3.311296480899570459e+28
-2.140438519598414842e+29
1.030004342678676122e+29
-1.162590110360897633e+29
-5.451434202351608520e+29
-5.045397495947351324e+29
1.623618218361153169e+29
1.377648445925202740e+29
4.195707045978255333e+29
1.053159932766173191e+29
-2.202182925823698906e+30
1.593861070391863065e+30
1.950028959178704748e+30
-9.480127659420498056e+29
1.225193308939079559e+30
9.296294774245071430e+29
1.128817550803922258e+30
2.544388243956234417e+29
-7.363482661188215457e+27
1.751815095032172865e+26
-6.807310793598749272e+29
-9.753346192851034844e+29
3.516946138406227018e+29
1.554485736154584288e+30
4.211536205917860165e+29
-6.289985952245629545e+29
8.151308165706834154e+29
-4.102001446902909278e+29
-1.399025703503408282e+29
-7.896867421977797866e+29
-2.280081163708150058e+30
-2.949835159893204378e+30
-6.102389156105384243e+30
4.069903646941229343e+30
-3.633220318138257737e+30
1.083311061481043516e+28
-6.495283006200215290e+28
-7.328947311825255361e+29
1.885000116684358839e+30
-3.141945936476496111e+29
2.471124835139973887e+30
-1.053281825662954936e+30
5.567516406615330385e+30
-3.134147823531245389e+30
2.889058818413053024e+30
-2.562009057580740220e+30
-6.294662105241622327e+29
-1.049088993541961288e+29
-3.313491100894371678e+29
-2.432728812941057482e+28
1.232461779875042206e+29
1.230817901314816532e+29
7.159737496538740486e+28
-1.419780417621960508e+29
3.154319794098906311e+28
-1.202242327120463956e+29
-1.325151807957721733e+28
-4.427861975755499476e+29
-4.390756274867117372e+29
-1.128066001026939742e+29
-1.046915654844101272e+29
-1.452272249998772196e+28
-8.304599124919714988e+27
1.938573858405016061e+30
-2.607269152433567043e+30
4.577059481367663604e+28
-4.074094733506251156e+29
-1.206472668050970785e+29
4.641734069500762781e+29
6.295448487760834588e+29
5.012095821009262778e+29
1.222269265863475057e+30
2.960785371411123483e+29
8.044405109975130744e+29
1.604907416800064917e+29
1.725316564398805736e+29
-6.086368521314389564e+29
2.414331795056382012e+30
-6.920963494331185248e+29
3.878628133740416802e+29
-1.438663380453494746e+30
1.538794710815127333e+30
-4.811146454396382205e+29
-1.999030124013347109e+30
1.526135767585539129e+30
-3.399469338625630060e+30
3.607690571131468576e+30
-5.037488561469564541e+30
1.352978581963921323e+30
2.236436208425858330e+30
-1.433814446793501551e+30
2.068950143488427352e+30
-3.428011937121041832e+30
-6.505676757282881638e+29
-6.878123560227313004e+30
4.163868135903745545e+29
3.354503876989065520e+30
7.806243512002499970e+30
-9.744466189608251836e+30
-1.062592251168060585e+31
-3.620848351405135534e+30
3.005965746004924641e+30
-3.337477774644710882e+30
-3.720033457681106088e+30
2.781891066898841184e+29
-1.851139855153233890e+30
-3.968460968344214342e+30
2.278476503568355795e+30
1.421387375411576662e+31
6.847590833450494902e+30
-9.224856416518933127e+29
3.060843215234082301e+30
7.090183387448921688e+30
3.961700184076455632e+31
2.853297815941866747e+31
-1.761614528619365181e+31
-1.227840329789463398e+31
