-4.822280794719772800e+16
-1.993056098346756506e+19
4.033922301906772296e+20
1.275502367828482982e+21
4.250130552914418598e+21
2.376526096726047588e+21
-1.856135118036339052e+22
-4.088031220039586467e+22
7.039750397715089772e+23
-7.425569483828104397e+19
5.225752143582906286e+20
1.290608487090012501e+22
-5.536737188472198424e+22
2.531869463763211707e+23
-3.257721998265007735e+21
-4.948252964305945714e+23
1.807955778214100350e+24
1.100050300957465972e+25
4.245632723546636288e+20
-4.030614479078514754e+21
-1.161026042591242407e+22
-9.849879213792056207e+22
-6.487049381846428030e+23
-3.780379383219362627e+24
9.077878568454368608e+24
-3.478734548988799260e+25
-2.309116715540743106e+25
-7.520587810627990323e+20
-9.983660204037879575e+22
1.140235014549842617e+23
-5.836393420427493166e+22
2.275837241293075135e+24
4.953565870240956525e+24
-2.445299097326802734e+24
1.908345509224969069e+25
-2.278884557353807592e+25
3.205764473177217543e+26
5.637483583050191208e+21
-4.584949332445790491e+23
9.599098555247817466e+23
1.975708233019675554e+24
4.591633952609286211e+24
-8.369686615394106946e+23
3.333425256311794684e+24
2.644920588571912144e+24
1.648494133275182566e+25
-2.864422285817099955e+25
1.351859210053067113e+26
-9.869240449633328589e+25
3.838356190528565936e+21
-6.543987204347245017e+23
1.902188445899362339e+24
4.694455183547506486e+24
-4.493218785126431255e+24
6.612122021555050327e+24
1.025075623092878856e+25
-4.510862779044564287e+24
-1.713583496317376898e+25
-1.473260336877828234e+25
-2.803963160149380032e+26
1.795688125946719099e+26
-3.710639946098663806e+24
-9.282195045095874989e+26
-6.985612666454273740e+22
-1.986001091118755322e+22
7.213050654353892307e+24
-6.511350904866039476e+25
2.029870761173371663e+25
-6.643405617215021110e+25
2.215565801596741763e+25
-5.529526757215037160e+25
7.110329340906067903e+25
3.553936570997915481e+24
1.616194944594610647e+26
8.595483128200082481e+24
4.839843785716715045e+26
-1.086927187503133302e+27
3.374099426426035598e+25
1.339830428636424815e+23
7.824317232356907140e+24
1.935224463693995803e+25
-2.877603401002915806e+25
-1.692659130915975876e+26
1.664482948661792907e+26
-2.755535657896102284e+25
7.730813171556841426e+26
-1.387639589561825058e+26
4.954828927196324103e+26
-4.570613868507948268e+26
-9.696416490864883912e+25
2.314631073321128435e+27
1.172325646267459016e+27
1.182628118377853178e+24
-8.156245227191292686e+25
-1.876413321829785771e+26
1.363187907926059838e+27
2.764752196928668478e+27
-1.016488668350230805e+27
-1.939747928911764821e+27
-1.172386459572318669e+26
4.531362869829165922e+26
-1.309141164522975133e+27
-1.100218117756295041e+27
4.793710614905602349e+26
1.432017902569571349e+27
-1.426367921004628673e+21
-1.612299355448911331e+21
5.951845051587778052e+22
1.863406119382383099e+23
-1.037486738290050849e+23
-2.680514848277053991e+23
-4.825731296510368452e+23
2.025960784380609692e+24
-8.558195560106541292e+23
-4.195259580904619370e+24
-1.377604981220725496e+24
-3.001214385701183943e+25
1.994763840193427667e+25
9.771808775566682699e+25
-1.703737153589862223e+26
1.101857526281246185e+26
-3.308430084212396088e+23
8.328154293813059885e+23
4.642642552138820221e+24
1.157056581402837051e+25
3.917380034938701648e+25
-9.345679385722901123e+25
-1.532288961601225425e+26
-8.883536632466329437e+26
3.437111830304336114e+24
1.092930849982427429e+24
-4.509194719575429863e+24
-5.893793324688027194e+25
-9.535851404076488253e+25
-1.807866753164355076e+26
-1.098675801760557837e+27
-4.036775910399471265e+27
-4.151331107853838900e+27
9.011139214538518651e+24
3.919685368835862307e+25
1.315186569621618473e+25
-6.194634657691066614e+25
4.692947260625239592e+25
1.093009762100219912e+26
-2.127955803367030552e+26
-1.499525445004607498e+27
1.033653135052395625e+27
9.470133145331358753e+27
-1.038918849953077719e+27
4.244300093881118014e+23
2.142273596351344348e+25
-2.632062136549878907e+26
-8.986017448317814875e+23
1.398112867269685410e+25
-2.522350065111804630e+26
2.023900658248429042e+26
-1.166495741535882519e+27
-2.794551304426584501e+26
1.158011291624452106e+27
-9.747067802605269999e+27
2.109693688696235048e+28
1.249799032226451462e+28
1.592461127464307323e+25
1.477989859619641900e+26
-1.553514388057044036e+26
1.799007947179015870e+26
-6.319567454760051552e+26
5.339242848042055617e+26
-8.983643658646781535e+26
6.455783600070906359e+26
5.442512653968367689e+26
1.686757700236191748e+27
-7.939547833504033008e+27
1.590592062638369214e+28
-2.649872046857944990e+28
-2.274784110791587257e+28
3.055131480303935392e+25
-1.851493967184330006e+27
-7.540770334284814786e+27
-1.363928707473953922e+28
-8.361058596059473591e+27
-8.101455368397300181e+27
-2.230870703342465585e+28
-9.161959760302674470e+25
1.732338636072242658e+28
-2.318222485926548327e+28
2.426561449036022624e+27
-1.913904114053966396e+28
5.871529327905791045e+28
1.403209719202635117e+26
-9.868381610349454022e+27
1.706995359191488115e+27
2.747170773274381656e+28
-3.348614344260672515e+28
2.107553486694838915e+28
4.322189449014407425e+27
3.778658190103587182e+28
8.099735369277324479e+27
8.995392790705722760e+27
-1.726679126215039867e+28
1.825211250194242401e+28
-6.751914313027436937e+23
7.791655158988455270e+23
-2.960791248354687253e+24
-6.442741307719634576e+23
-1.752781220696729097e+25
-4.213106856342205709e+25
8.619942553664509964e+24
1.583261742104478628e+25
1.086858619675152972e+26
4.604488115068044823e+25
5.618281418659206141e+24
-7.745342883014629322e+25
2.770396511388603867e+25
-8.409570279869481793e+25
-3.060532551475403160e+26
-2.868796591810811763e+26
-1.001080706888964687e+27
1.936696267146319819e+27
1.066852124784404865e+27
-6.042936604622893409e+27
9.779038304325117948e+27
6.580659715105366411e+25
6.561449534327372999e+25
1.294528873008987937e+26
1.938470319225883389e+26
-6.121848885806532523e+25
6.316584923785311197e+26
9.548214871657737238e+27
-5.364274213781477529e+27
-4.510136617230110230e+25
-1.141865843909569087e+25
6.465028001832722936e+26
3.033560038813378801e+26
-1.264340866184463061e+27
-3.413092661931139226e+26
6.088764979910470763e+27
2.820578343146866066e+27
5.018409723815767911e+27
-7.650783188542674567e+28
-7.589688201547021077e+26
-1.422571551100226562e+27
-7.943605017851006557e+25
2.732581099198460276e+26
-5.480405030968246616e+27
1.277676628514154028e+26
-2.997628793427634340e+27
-5.716321518087109429e+27
1.319229586586775507e+28
-1.623190643887763251e+28
-2.108130772382837970e+29
-4.640369308644832145e+28
-1.445173549892223676e+27
-5.994361052572913313e+27
4.209193778281520213e+26
-5.133187346258344555e+27
-1.300362704007896354e+27
-3.407272482476410145e+27
2.534799091350852637e+28
6.059481983871665534e+27
-3.168285758149730299e+28
-1.004797248690860831e+29
-4.288886248558288532e+28
-1.178508743658687939e+29
2.615084168380562694e+29
1.104363313361367688e+26
-1.705804673762796557e+28
-1.162820535492106372e+28
1.100058257392900973e+28
2.862425541415241814e+28
6.225355021267159767e+28
3.202383733450945289e+28
-1.175199565468003261e+29
-1.165487924827765161e+29
-5.402012802604717279e+28
-4.243444025882267880e+29
5.905912426945583880e+29
3.250342540451587378e+28
-1.694670899337549464e+29
-1.945726138886846757e+29
1.828474238802194834e+29
-5.850141472134508742e+28
-5.403940970421505983e+28
1.203456805139664483e+29
2.431392038441022776e+29
2.670582523353184348e+29
9.012134707226175473e+28
-1.152001201761300779e+30
-1.914569735818737130e+25
1.979209505519499060e+25
-7.101737540740717319e+25
2.367206432417151932e+26
2.245955037737430347e+26
3.381549405737752676e+25
-1.475080939566030290e+26
4.394522720040885082e+25
3.716615028987062284e+26
7.099011703165821571e+26
-1.096402256063788750e+26
1.447023864520099215e+27
-1.354427431575911930e+26
-1.601719558998476959e+25
3.959556621187688347e+26
7.995213413404905352e+26
-9.410853191095693174e+25
7.664764071323492419e+26
1.071410863577284233e+27
-8.190313313033003106e+26
-7.865288847645806570e+26
-1.969574484524939265e+27
-3.050252640453794795e+27
4.132727472077944231e+26
-3.761943780454103957e+26
-3.246765502585958179e+26
-1.157894387691074114e+28
-4.472764917620401720e+28
1.972657690092720142e+28
9.563889793193024348e+27
-3.303544913984560808e+28
-1.065231141723458563e+28
-4.698999120472260222e+28
-3.188812953203383670e+27
1.281189582277423729e+27
-1.246764667802402493e+26
-1.222792200959816124e+27
9.617313060890833505e+26
-1.233274724426090227e+26
2.499490698018853613e+27
-6.124320891184887943e+26
-7.875094048852368666e+27
1.083106954314140034e+28
-3.133872726303268232e+27
7.292813527586974353e+28
5.472671255070667916e+27
-5.439104806974094845e+29
-1.114899406439018677e+28
2.485485775025323495e+27
-1.053064205725215313e+27
-1.388391917126975028e+27
-7.168136109717454184e+27
4.137947183024366818e+27
-3.105769024970540670e+28
-1.251510401303812622e+28
-2.115771570074078319e+28
-1.020322558644766642e+29
-1.242978930450418628e+29
-6.114427679613918485e+29
-2.162267020940845220e+27
-2.657383542355470217e+27
-5.093206574315160102e+27
6.688037433133453750e+27
-2.789611690164026092e+28
-6.130012767721806037e+28
1.757593058010049577e+27
1.184215996766384608e+29
7.568712381965520078e+28
-7.695890655124318747e+28
-9.412392670206533857e+29
7.153894285209551293e+29
1.047612768096792011e+29
-8.215750410767415468e+28
-3.864088276251823767e+28
-1.093054675355368405e+29
-2.583577664060402556e+29
7.396200019310144119e+28
1.211615656437992381e+29
2.101537146107376250e+29
1.781345678658172571e+29
-6.654609276293866057e+29
-4.572346606656247769e+29
-1.955965015488435932e+29
7.605312605791529872e+28
-2.996396599814181321e+29
-3.806380919223610323e+29
5.219602429459580426e+28
2.757854848012386641e+29
3.316857439321366144e+29
4.739498053976232194e+29
5.207400025361211065e+29
-1.906370857251338664e+30
6.460845959603379397e+25
-5.464166195286508218e+26
-2.356843853942353902e+27
-4.613318420211945713e+26
-1.366235148076024111e+27
-1.756732030012990925e+27
-8.011069956302612713e+26
-3.197756245090367932e+27
-1.838990977343819339e+28
-4.904317405910864910e+26
2.217531866301181179e+27
5.662031298931393252e+27
-5.041205752211842432e+27
1.891691972953880197e+27
2.549321460324634102e+27
-2.563609410933650283e+26
6.079610613249620001e+26
-8.622108328446958019e+25
-5.017853659722612515e+27
-6.094022359234627400e+27
-3.538783743602853181e+27
-9.146631739727739268e+27
9.720248294274079134e+27
-2.242723020154760910e+28
3.448869977848243401e+26
-2.375539053081429647e+28
-2.091713603912472152e+28
-8.417986754802239943e+28
-3.297074628544940051e+28
-5.266773993230393607e+28
-3.280583771357699781e+29
1.748103811528106310e+28
1.556482317906661080e+28
5.359407855467250633e+28
-1.859914222628653861e+29
6.065926117542805579e+28
-1.527237059834554781e+29
3.553416615936316441e+27
1.777325008883234068e+27
-1.447975917155473043e+28
1.710982108358808584e+28
-3.111451915775774216e+27
-2.741596049769594530e+27
9.110917510916816856e+26
-1.472766034990700560e+28
-2.785539140907856856e+28
3.567142414251444989e+28
-8.564673020148824786e+25
4.837368280778842557e+28
-1.211577922887005376e+28
5.225530556992659020e+27
-4.774544050340683492e+28
4.795867458034620937e+27
-4.490165388161124403e+28
4.804580125088050128e+28
1.863838405917899620e+29
-1.869208110051991902e+29
3.879391431766120797e+29
-6.167985644561644086e+29
3.318862702520582162e+29
1.968425210517813305e+30
4.042285580073883915e+29
-8.655689290679682991e+29
3.478407943350967448e+28
7.432151404775703372e+27
-1.083903468498551375e+27
-6.891716701970758984e+27
-1.166027697360743904e+28
-1.139652713512544188e+28
7.532219637516073827e+28
-3.089697802630861641e+28
5.193820861552586873e+28
-3.398409371874516763e+28
-9.606833485523036953e+28
2.430107777867216356e+29
-1.154600187689351377e+29
2.382099404118726476e+28
8.927473850042088555e+29
6.410349639404523709e+29
6.349616783776318679e+29
1.057719097549303093e+30
-1.961320067267216872e+29
5.146057135653853057e+28
4.402296470800485539e+29
4.625876692215391895e+29
-6.490117998911596222e+28
-3.026336509459669666e+29
8.640596100860308279e+29
1.504046844750296706e+29
1.052040528381589320e+30
-8.558498771995364209e+29
9.726144899107079681e+29
-7.517209010474980135e+29
-2.334282000407027478e+30
-5.613333472767738149e+28
-4.182466259234593566e+29
-1.165895138776781861e+28
5.891724746070988855e+29
-1.796069556703426707e+30
-4.794885448907440422e+30
-1.018168751319340145e+27
-2.215635250044531266e+27
-2.599284440161009424e+25
-3.989848711645770508e+27
-4.814187307147944216e+27
-7.453433720820175078e+27
-2.226926616798372676e+27
-6.776178514982253075e+27
1.234181141134543175e+28
-5.545881240811459972e+27
-7.815141613583737376e+28
-1.159372520745077975e+27
1.272388349072465586e+28
-1.340002593883493287e+27
-4.976367903212418085e+28
-5.462285085233226240e+27
2.440279892546692213e+28
-8.718751118978384747e+28
-1.450283495605979977e+29
1.300075525460092983e+29
7.489229011572475139e+28
6.163318197654896865e+27
-7.913454731570465058e+28
1.542091195430702273e+29
4.649725334577790608e+29
-5.316040882836653149e+27
2.914626679161352229e+29
2.246956502841804979e+28
1.328561491220882251e+29
-7.395416804332290179e+29
4.841276800871961818e+27
-1.473076047382282183e+29
-2.380834910879887037e+29
-7.415307531611474948e+29
-7.413090291325279248e+29
8.417341602931258010e+29
-5.855675330524579345e+29
-6.997245092149394371e+28
-3.821551617531657551e+28
-3.200340229697543522e+28
-3.345069921822129011e+28
1.129486947588811475e+29
1.616364387494740381e+29
-6.343614812355429195e+28
4.873307700657192577e+27
-3.753212142970005882e+28
2.515301730792963757e+28
1.619484078678149247e+28
-2.211821385273788147e+29
3.291188890786055025e+28
-2.774542472999019194e+29
-3.577762984598205329e+29
2.226792342109939351e+29
-6.583555262436893991e+29
2.207413219868052766e+29
2.881878138666432064e+29
4.987825192595228131e+29
1.679971836472024297e+30
-1.866661409230309161e+30
8.088550769626329452e+29
2.209727361763319305e+28
9.039120728989488090e+29
-1.131992811371296694e+30
-3.982641763291711449e+30
-3.432525777432340531e+28
-7.097987110576799688e+29
7.601740139550395807e+29
-6.122593376348213083e+29
-6.451935707992747923e+29
-5.778223403821091165e+28
-1.001238863333779676e+29
-1.017513922379691882e+29
-1.598455004501016612e+30
4.689900499230361927e+29
1.239771235304996052e+30
-7.458449909690436617e+28
7.689567093183211033e+28
-5.096948716284914704e+29
5.678004437321191204e+28
3.814822204551731056e+29
8.233324892922041091e+29
-4.410456020981752714e+30
4.501891784114975179e+30
-7.265875756863857720e+29
-5.423755767880563345e+30
-5.008444466935241031e+30
5.041917839405237903e+30
-5.492805786265730098e+29
5.180265870748437036e+29
-1.303061435719542626e+29
1.275741229519386127e+29
2.569242456037004349e+29
1.696256005392280163e+29
8.957336296262499984e+29
-1.903077072776444281e+29
3.255341287849743312e+30
5.983822034868036134e+29
4.444583272317135758e+29
8.201721636575455605e+30
1.643495953470261603e+29
2.053362494254287445e+30
-4.973190640050611490e+27
1.514329868900150395e+28
4.638364961144676690e+28
-8.526626849948630249e+28
5.803878681569125797e+28
1.113998831486313460e+28
1.067950123658320020e+28
-5.936336962019813167e+28
1.127021391616208462e+29
-3.764552734782653526e+29
1.138227452042537036e+29
1.908318087593576010e+29
2.621358249399542601e+29
-8.252884486046082743e+29
2.494464127993109173e+29
2.399147298449142813e+28
-2.884753121360883721e+28
-1.854605003328614910e+28
-1.390186895057340123e+29
4.684992958934946722e+28
-1.583801855343450124e+28
-4.734263382833613833e+29
1.985335535112212625e+29
2.599121375491443677e+28
-3.054272590141531159e+29
4.342144538031611328e+28
1.136054588560734909e+30
-5.281133506625616881e+29
1.039614398720622627e+30
1.970637681621530029e+29
-3.537576385172212804e+28
-1.696930260636797931e+29
-2.239578549498697117e+30
-3.041527043088617505e+30
2.212518309607223866e+30
-1.814076408432374986e+30
-2.944133661282858457e+30
1.683211743638467348e+29
1.787428875801468830e+29
1.952481841333208747e+29
-1.049816939706935923e+30
1.406619795576715075e+29
-1.233883791777588016e+30
1.221115284930290991e+30
-9.513719115345055681e+29
3.320121245839279778e+30
1.161717132504015246e+30
1.181103835378209525e+29
-7.006305387423979745e+30
-1.436137613081198069e+31
2.390127454745519954e+30
-2.655668964475207711e+30
9.617137585141703734e+30
-5.186546253546537815e+30
-6.321819007112156593e+29
-1.170054354391136386e+31
1.147503010124674498e+31
-2.626008609639898391e+30
4.502111333784152952e+30
-1.204000230567958732e+30
-4.117430960849349563e+30
3.145568769046391269e+30
2.979183145686492646e+30
7.096298939750814927e+30
-1.760802556422625375e+30
2.474081890468191889e+30
6.052270786978607627e+30
5.486322262367020372e+30
-8.580487076333390951e+30
-3.225712421462598254e+28
5.556707546713448644e+29
-2.706856711759177877e+30
-2.647282624302494607e+29
-1.283603997231232493e+28
-1.758222264305460713e+30
-2.599497282323652542e+30
-1.617390739114267910e+30
2.057470086766998194e+30
8.085270495392009875e+30
-1.739489677945563081e+30
3.412648543202077786e+30
5.425897429101479105e+30
1.783310254075295759e+29
5.672549179891563192e+29
1.195809686352916964e+31
5.736166334522074458e+30
1.589908224278129342e+31
-8.166380001736985803e+30
5.654121555115613356e+29
-1.048522930766693668e+31
-1.533822197759626467e+30
2.104272176620704351e+29
6.898101661336332212e+30
-2.793815965299804192e+31
4.752656645733736480e+30
1.081587789647207469e+31
-2.047036669415296361e+31
-4.921359867775835903e+31
2.050160308500255778e+31
2.690200741563551299e+30
8.773893233503350819e+30
1.280518486022967754e+31
-1.977268298611955098e+31
-1.679340848534585142e+31
1.681201131405722061e+31
-5.430571200054163979e+30
-7.310679654203605130e+30
-6.202879632041056670e+30
3.580219330179518464e+18
1.710339755729969480e+20
9.163508609824768655e+20
1.313746553695768412e+20
-8.868333830420186530e+21
-2.229718627352200610e+22
1.245189753198794527e+23
4.135471681484816992e+23
1.825827340975998566e+20
4.105464641644348310e+21
-3.381430266947627804e+22
9.708334366075226423e+21
-2.114111711143051185e+22
-2.507722719842830786e+24
-1.042962812170251761e+25
9.492360905876036244e+24
-8.399393513185935884e+21
-9.869154598883984146e+21
2.153664456696158287e+23
-1.555135652749842147e+24
-1.145234495373822027e+22
-2.957508455106237537e+24
-4.995270240064639180e+25
-6.731035537098908803e+24
6.128359091168401477e+22
1.676457579018557514e+23
9.473814334614020712e+23
1.859105274551705723e+23
-3.056665835196486227e+24
4.531064562227159232e+24
2.677975561199800980e+25
3.112217013916320353e+25
3.307918330214189328e+26
-1.419291990646307800e+23
1.730996775424943540e+23
3.200846929879107583e+24
-2.331722628016482309e+24
1.174259041211186500e+24
-1.011675914743695464e+25
4.727103287377595537e+24
1.996684903403033952e+25
1.200023674698820959e+25
3.036405127590414746e+26
-2.019944344649227898e+26
-3.163008235274481424e+23
1.770784927010188547e+24
-2.396750494634587439e+25
3.008749973166502493e+24
1.522018326155547659e+24
5.348575425576906435e+25
-3.650742462935846810e+24
-5.926895403507157354e+25
2.607556472224784506e+25
-1.738734518900558916e+26
3.208987680152326755e+26
1.517891810137253134e+27
-4.518623985655726129e+26
-3.016549402618241112e+24
1.660538202445310009e+25
-3.097261639922195211e+25
4.587323866460404530e+24
-5.962595948823966009e+24
5.685261799954587492e+25
4.323242951331051969e+25
5.908939079615863092e+25
4.022047690952568339e+25
2.606606734582254372e+26
-5.522119116812961867e+26
-2.775268715755434282e+26
2.301170581249186027e+26
-1.396021250499217592e+27
7.925262968071179720e+24
4.191249023435662231e+24
4.159627707114119746e+26
-3.670256798730143047e+26
2.094441723418456769e+26
4.001418772539296179e+26
5.193263267511995294e+26
-1.178475734410544702e+26
-8.460138352437065060e+25
1.201523254132609150e+27
6.272557229395705153e+25
-9.852203405831333873e+25
3.701436715459974452e+27
2.125038971306619019e+25
-5.178952544984019742e+26
2.393047802689778430e+26
2.125188908925863838e+25
-4.350496897479623797e+26
-4.811371218071759082e+25
4.748932668338680225e+24
-5.697889164905070533e+26
-1.545609245249348868e+27
6.112911216615247553e+26
-1.538286482310023035e+27
-9.967435779801328580e+26
-8.933081971281599922e+22
-3.332656789344643082e+22
-1.057484714681387010e+23
-1.344074075463570030e+24
4.242965043749045509e+23
-2.280698971946650444e+24
1.850694840382622989e+24
-2.000342512193058804e+23
-1.097979213324669728e+24
1.199608038482844962e+25
-2.442785038655847604e+25
1.986963022669172140e+25
-2.073407218070882499e+25
-3.955917225434465994e+26
-3.551347467833455181e+23
-3.722289982896711668e+24
-8.812501228540206978e+24
-8.866629546158562252e+24
-7.566247694758898328e+25
-4.406643007976697860e+26
1.722456747625376534e+27
-9.343045912900360955e+24
-6.072502657804097292e+24
7.231056820017982171e+24
-1.305921974593991836e+25
-1.119772754642738518e+26
4.335752891187258655e+25
-1.977083097113174545e+27
2.181867563419653666e+27
-2.207353633175440309e+25
3.707801495990434179e+25
-3.833605030746641030e+25
8.202389985098839006e+25
-2.019563785707977695e+26
-2.086337399701263114e+26
-6.260926480823937618e+26
9.379513722234168477e+25
5.546239701154377282e+27
-3.482789862408490678e+28
-6.369987400826074694e+25
5.248709339589503998e+25
-9.165269078012464661e+25
-7.979344204020964570e+25
2.712298888303825766e+26
-1.912537139531306325e+26
1.160350456125028035e+27
5.883236455229703602e+26
1.579923335857052882e+27
-2.888583904014396707e+27
-3.262203569249077729e+27
1.022041944903124312e+28
3.229894119990109078e+26
-1.017843027885159451e+27
6.132238961735255036e+26
4.798823065924951050e+26
-1.846918022004148991e+26
-2.910861027156059610e+26
-9.975528040895284654e+27
7.210763432408036730e+26
-4.701275559508395493e+27
1.115197041237666008e+28
-9.443434029651779330e+27
-5.094408488538340394e+28
7.256279971504822993e+28
-2.919907858844159735e+27
-4.625948421622364502e+27
1.672005320419659789e+28
-6.904128955467240289e+26
-6.274837445244485213e+27
-5.342863693523126288e+28
-9.738096463035543305e+25
7.339023110661835015e+26
-1.377288252547533004e+28
9.567738910196997864e+26
-1.335010639870296703e+28
-2.055591555331686579e+27
7.628672931559830246e+27
-8.529343621440461217e+27
5.715280718803520049e+28
-2.763983655930554546e+28
-5.914051017277085343e+28
1.285439113141939473e+28
5.962570280978100453e+28
2.845180698441948917e+28
-2.501350598857299213e+28
-2.757782106191856016e+26
-4.349875225361510498e+28
1.156260302904228084e+24
-1.116762627364770819e+25
2.374419741714370237e+25
1.800583274149087875e+24
-6.822603097568026063e+25
1.033022437989283575e+26
-1.507859088577405326e+25
-1.089319399554897284e+26
1.590004035770140493e+26
1.469630393854479970e+25
-4.913371286566231148e+26
5.250146758992726602e+26
1.470780618510686769e+26
-8.906407351161087205e+26
6.737857505376319582e+27
1.434854665555448972e+27
-5.550742157249839376e+27
-1.264149038105665127e+28
-8.105730342127507285e+25
3.440891947874392371e+24
1.615487369300546378e+26
-8.746352996322183124e+26
-3.697302807470073711e+26
-7.615551666022395077e+26
3.563091322147581048e+28
4.129629757633000751e+25
-6.295952467948574175e+26
-7.239185406072709961e+26
1.084603327329419439e+27
1.037451208274891220e+27
-4.649077353323864867e+27
-5.374321396185364755e+26
4.663376107262276532e+28
3.281703718322491829e+28
-8.141259937291737780e+26
9.370330677089161316e+26
1.130118764916460238e+27
2.442039765645323982e+27
-1.868205973470800188e+27
2.807645380340638294e+27
-1.137837420101605768e+28
-3.723468780591537978e+28
7.241639278909804789e+27
-1.458417000546187897e+29
-2.338871530546276101e+29
-1.345575056492035617e+27
1.104729694220461241e+28
-2.087285310872861526e+27
1.193590283880572730e+27
-4.694892876127018493e+27
-1.276707089467513059e+28
3.230211288229423649e+27
6.588269745454858977e+28
4.665941948670250154e+28
-3.742944257305335846e+28
1.428605029194991596e+29
1.587851953024595960e+29
-2.357544023471897559e+28
6.001076245531257594e+27
-5.717799113308175950e+27
3.807027076865304650e+27
-9.044674279048645328e+28
-6.192204726492499830e+28
1.420456707222067587e+28
2.014327520152116575e+29
2.083288489617001846e+28
2.600905265738459664e+29
1.158481458629319147e+29
-6.820678981398609175e+28
-2.590367957178558492e+29
1.355098310567154025e+29
-3.488626317957963482e+29
7.214911622707649258e+28
4.326581075453302848e+28
-2.620065595822321164e+29
-2.547533353057805066e+29
2.938820892589684902e+29
-5.431834532912842409e+29
-4.489153926844795029e+25
-2.880871801800772521e+24
-5.668049832237081695e+24
-2.358252369205567149e+26
8.923086082315621207e+26
9.454484891468707031e+26
1.877522283179906012e+26
1.321046679199117421e+27
-1.075970912842404591e+26
-1.695780138098464601e+26
6.288383537879857978e+25
2.136937639071611871e+27
1.949089652989311514e+26
-7.679138783125850001e+27
-7.777575265443411533e+26
1.849051277550457443e+27
-5.683650622547425584e+26
-5.174924710754114181e+27
2.024231516969033501e+27
-1.066030404823136235e+27
5.388475927026887424e+27
-7.721782010650234274e+27
-3.966271142004121072e+28
1.772833556394605847e+28
-6.117839911473017782e+26
3.339778101166495084e+27
-1.019997271208628830e+29
2.905449888217779663e+28
5.686573731098191617e+28
-4.043328284571088330e+26
9.180373757388334567e+26
6.216154301252968553e+26
3.704062202054312716e+27
-2.549291997342942440e+27
-3.213563015476378681e+27
4.131413665997707352e+26
-1.581578789656899709e+28
5.369005351929751325e+28
-7.090947340685265374e+27
-5.041544536793347919e+28
-7.155582305336840415e+27
1.232928249506911713e+27
-9.559750733491897179e+27
-2.722560312831883838e+28
3.557407347968523961e+26
1.490592589955653734e+28
4.780233304835565716e+27
7.433084983773758481e+28
-1.946992743256264458e+29
-3.250681525243070522e+29
1.046566764399013640e+29
-2.248899268711070204e+28
5.895825959302308931e+27
-4.207915540223637604e+27
2.583178131040988967e+28
5.065415528894830253e+28
-1.174050092331395487e+28
-3.603449599687475860e+27
-1.018274999491638049e+29
-1.152822705415046566e+29
7.366335996935520901e+29
-2.620723563402260432e+29
7.888259878814705037e+28
-3.329484250089594756e+28
6.894337317288322283e+28
4.149879068700153761e+29
5.886291957329712391e+28
1.865818153300099571e+29
5.114091167509932887e+29
-1.286431679381176195e+29
5.052426319740112205e+29
-1.182743519392507660e+30
-1.105728581345062588e+29
1.142474984371196269e+28
3.563020203163628408e+28
-3.431626948007658848e+29
-7.364776892979606237e+29
-2.159421623318550253e+29
-7.547143042946906171e+29
-1.316650219848464742e+29
2.405289465678383201e+30
-6.899132324167262861e+27
-2.060734756835927517e+26
1.873096119264772101e+26
-1.446120994587769110e+26
7.292950250224036560e+24
-2.896262515588142407e+27
6.962492632007710112e+26
-1.133671345417751125e+27
3.958357415451586867e+26
1.358885152677278428e+28
3.310018244842430292e+27
-6.326513807935268916e+26
-9.918261776325312699e+26
5.510924183672980060e+27
-1.930289081354906170e+26
8.899908566376651549e+27
-9.429744000182651516e+27
4.237116881534829212e+28
1.040222531848352277e+27
5.672170475560882756e+28
-8.427770129103091371e+27
9.544116756877109340e+28
-1.495838921342449975e+28
-4.328617537773189592e+27
4.276682220200181625e+28
1.766754933100523499e+28
9.324805688772278367e+27
-1.113903626734228936e+29
3.901020161994175005e+28
-8.777850860025243844e+28
2.269371562187374984e+29
-4.914113225444831507e+27
-1.338795756389413153e+28
-1.941815949755458905e+27
1.233146548547305732e+28
-5.679544731520825539e+27
9.770739404123912382e+26
-2.918548858575809089e+28
1.576374993209956541e+28
1.970203824149335236e+28
3.410866188880737862e+27
2.172916401765038931e+28
2.437664565869626185e+27
4.316730428016268296e+28
-9.833815849152980215e+28
3.307149810443254077e+29
-1.204532194082836876e+29
9.202646279017520111e+28
-1.224767652553551377e+29
2.958785790542165800e+29
-8.267884633688458729e+28
-4.035735018438597592e+29
2.842910033427342066e+29
2.652265102653169133e+29
3.186738072335151139e+27
-1.309727392860701795e+28
4.140565573131099691e+28
-5.268867913323703915e+28
1.150329505306465598e+28
-4.409414918674253493e+28
-4.068631868315240618e+28
-1.644774690947071187e+29
-1.019125448336049847e+29
1.975617980699833495e+29
2.940760547009959734e+29
1.986880387602851622e+28
-3.821143749290738193e+28
-1.505203323815728584e+29
7.311675877486497426e+29
2.444990668981806405e+29
1.086621463365048970e+29
2.283360648421167654e+29
-2.745973750058608849e+29
-3.119905329582494259e+28
-2.601996284861793204e+29
5.221094135833138702e+29
-1.920238566688650414e+29
-2.025671860392536759e+30
4.274645169565025265e+30
1.661358913823170018e+29
1.938866190921677213e+29
-5.343981275102947488e+28
6.321019225213229591e+29
4.345084618837724621e+29
-5.952375214274030954e+29
-1.151999534958603355e+30
-1.985901965818051389e+30
-1.392571534674667816e+27
1.022430737796166678e+28
-1.927767771132919062e+28
1.753107112035024610e+28
5.402710741091831339e+26
1.099942638937368008e+28
-1.012242231774320140e+28
-3.623594523346354571e+28
2.267970441854690919e+28
4.195053194742397214e+28
4.203275842941994677e+27
-8.454248747747282161e+28
1.287526049024329785e+28
1.090224169798082104e+29
1.808268971341186902e+27
8.441520126541653730e+28
-1.098513079872199036e+29
1.782644074725789586e+28
-1.389766586832584087e+29
-1.165823855188549385e+28
9.946207233440291995e+28
7.507721893571655747e+29
3.663216519890840123e+29
3.790271978580010175e+27
2.811805200100000100e+28
3.420806543353731300e+29
1.776792429473797581e+29
-8.743779355129396879e+28
3.350442898273586923e+29
-5.566985179149401064e+28
-1.709527957673624278e+29
-3.791008614961119154e+28
-1.029758696616217740e+29
1.466175308301909351e+29
-8.643640593223628806e+28
3.708920333323370009e+28
-2.705842081871053636e+28
2.033155076938242072e+29
4.607009610384334081e+29
-1.600557137279703131e+29
-3.089694792909700799e+29
2.993314737041988631e+29
1.790905177379571359e+28
4.474579668372421910e+29
-6.251760360516966355e+29
-4.153479812145753236e+29
1.087424472042667014e+30
-1.599182268182001271e+30
4.356366466520918744e+29
-1.209867828658003151e+30
-2.622852765507088501e+30
1.075825473594185940e+30
1.978871698646506116e+28
1.089589028492580818e+29
-1.686908035244589882e+30
1.899065228111708393e+29
1.449942411060710520e+29
-2.734478203634936341e+29
4.459763413851368842e+29
-7.826737331891472016e+28
3.773360657634006156e+29
7.672299698786624809e+29
-1.807098973945735346e+30
-1.856315991414192237e+30
-3.021178098736682201e+29
9.287342675170287761e+28
-1.299379044027625759e+29
-1.151101135485769639e+30
1.758410693574209446e+30
2.149386752324102125e+30
3.133262434645288634e+29
8.814976671945708647e+29
-1.853962433504175945e+29
-8.199225559162559207e+29
-6.540444471675151167e+28
4.859256889849521767e+28
2.320939488036631694e+30
-1.565364433678639967e+29
6.663104575224693521e+29
2.257092259739189021e+28
-6.528198185646146035e+29
6.689877619216934472e+30
3.532111476147585424e+30
-6.089910290443511827e+30
1.416447061830096180e+31
5.441406248354195190e+29
5.278388264541934412e+29
2.554130784916995831e+29
-3.701142825414790358e+29
-3.440148983207098892e+29
-4.178413574984309797e+29
9.171734247118261781e+28
-8.998355491945753454e+27
-5.002415624916053365e+28
2.268242686941755251e+29
3.254859099255285460e+29
3.956180137391411429e+29
-4.114407575377779582e+28
-1.644211540183255836e+29
-1.551768319164541331e+29
-7.562517326600826901e+28
1.864100283258818807e+30
2.203737413625345958e+30
1.714535588060755531e+30
7.069946000024196618e+28
-1.134567010834522542e+29
1.643370460438527047e+29
2.199455821395786450e+30
-1.407392732434665907e+30
-1.297639210273619074e+30
1.586198999139446617e+30
-1.288668692313123555e+30
-2.851903191597043567e+29
8.504660300286001974e+29
7.868574439797897738e+29
-2.106350514356104960e+29
1.208241544276914291e+30
-7.499967637997982211e+29
1.017561755467616906e+30
9.365559874945897798e+29
5.471270350796812227e+28
-3.879350164143945007e+30
-4.409671253193909668e+30
-1.849919110492484228e+30
1.296202884158050461e+30
-2.711526413297396770e+30
6.184020262983675498e+28
5.608343396889184352e+30
-4.902545504959821805e+30
-5.388363422469112236e+29
1.275131442587524807e+30
-1.297498531418327604e+30
4.281523837198521403e+30
1.205267088697676800e+30
-5.449001763495657931e+30
-2.288824803801256009e+29
-1.875970874702711118e+31
6.550229250037719307e+30
6.592567207554522164e+30
3.940871287581447725e+30
-3.985522542000056302e+30
6.510312584873830276e+30
1.014420174140413577e+30
2.149644189638020086e+30
-1.377431673430858074e+30
-3.011376066817994405e+30
-1.806766754497998680e+31
4.764944013228056677e+30
8.214636859491629305e+30
-4.043801736738845902e+29
1.293202576846798780e+30
-9.969715191450875407e+30
-3.077530517475226373e+31
2.992512315920981435e+31
-1.822941319907811659e+31
