-1.802587140597257600e+16
-8.706074090079692800e+16
1.784637919660135547e+20
1.247232555155657064e+21
-1.967374385135408906e+21
-1.406477947867939471e+21
4.999978536546861056e+21
-1.573680682879167800e+23
-1.701300284579176230e+23
2.293372241136304947e+19
3.034980998303723028e+20
9.882343742685029859e+21
-2.662259057626991034e+22
8.796553890165747509e+22
-4.908862626127473227e+23
3.064800669985436923e+23
-4.489085398401811296e+24
1.614740396738606894e+25
8.505857429019710259e+19
-2.988367391178074096e+21
-2.047013787385524021e+22
6.608772692218690404e+22
1.558076639769774659e+23
-3.610323424697069565e+24
-1.102765367417914868e+25
-2.771229414255503522e+25
1.714137788981113109e+26
1.686953874479766045e+21
-5.590155284035480532e+22
-1.217038597962793988e+23
-2.029404693752311500e+22
3.412105990073445347e+23
-1.560431805061787592e+24
-7.845824455202282695e+24
1.660218407935868457e+25
1.045907861870972304e+25
3.094079007050789392e+26
3.582551978811352678e+20
1.341980782484888465e+23
4.112682562380862430e+23
-1.741164679020408398e+24
1.174318628081585875e+24
6.982862103105141096e+23
-1.499598546187877609e+24
5.066881340257349323e+24
1.664761759591583467e+25
1.757690952570234791e+25
-7.558140719893856636e+25
4.807723857401994743e+26
6.928813026134722609e+21
-6.126415236177041860e+23
-1.650032034027847996e+24
-1.828421339988203108e+24
1.669037043856909999e+24
3.407038829352134117e+24
1.728268856419193646e+25
-1.981604851447676052e+24
2.498211362516916914e+25
6.489229153401831827e+25
-1.703874230362408394e+26
-1.705902995085020839e+25
3.847157829199507978e+26
1.134314095525834644e+26
1.369070421380175181e+22
1.601886307389327968e+24
-7.661034623626581161e+24
-3.668237170761050221e+23
-1.109844827896493791e+24
1.565463609952978849e+24
-4.530360704294992015e+24
2.857667867481266832e+24
1.031291318527434416e+26
2.230293867135359312e+25
2.233815807203311495e+26
-8.176486888005195917e+25
6.467191432056632418e+25
5.646345398577174696e+26
5.752162147056456102e+26
-6.333983907083214851e+23
-6.690662523589555944e+24
-4.913718384678269274e+24
8.143295359150884987e+25
-2.504169351776798363e+26
2.665080579074246472e+26
1.301322204780828110e+25
3.298242759279452537e+26
-1.146341474406348504e+26
1.048030580797320192e+26
1.096433860276109991e+27
2.024693080066568244e+26
-6.171353706172214635e+26
3.850549613532503113e+27
-4.301505662995415517e+23
-8.050546269870567673e+24
2.237225212689383933e+26
1.920033598429388968e+26
1.325751934633647077e+27
-3.438747609767809543e+26
-7.739249569390808048e+26
-3.759453764399123367e+26
-6.346541709882223051e+26
6.979011522844991179e+26
-1.131199104645178776e+24
-7.754601078456942931e+26
6.377984161752478358e+26
7.542484859380079002e+20
-4.528606526026234724e+21
3.392615393557225669e+22
3.022634175831198191e+22
2.850649366109056643e+23
1.964950830324273853e+22
-9.138413224225407312e+23
1.568395434582869679e+24
-4.650858071048436654e+23
-1.533722513475437882e+24
1.086296741921067532e+24
-5.097725756069412442e+24
4.112385853112506923e+24
2.128398417929332293e+24
-6.275836565103346273e+25
-5.147444104781466559e+25
-1.818983319426541447e+23
-4.336505924397472133e+23
-5.831975427488764404e+24
-2.572708338607338525e+25
-4.302469000443945822e+25
1.128317462572275675e+25
-7.514230349664262834e+26
-3.572850877726432094e+26
2.881685155854201595e+24
1.707011159314988649e+25
1.900704322081124091e+25
8.474735877615433105e+24
-2.437188601648162323e+25
-1.475699210662383751e+26
2.383034422046590499e+24
-2.417732816480362082e+27
7.056337493563489706e+27
1.991723950878719599e+24
4.757124445947369582e+24
-2.043328028684373217e+25
-8.523489996954832782e+24
-2.388487309204437019e+25
-3.252860749614310642e+26
3.673811249027515686e+26
-5.210115191904491338e+26
2.242960620775727408e+26
5.617961103864680156e+27
1.116471281447767137e+28
-3.978879060240012417e+24
-9.157964521811983471e+24
-7.702175388405170693e+25
-2.618912689696581010e+25
-3.605657942425444830e+26
1.000913858268245606e+27
-3.079613106570466160e+26
1.606775290861844731e+27
7.334141769270996528e+26
-4.721983769741772696e+27
5.822744541299200293e+27
3.721031844792592159e+28
-2.722291077187239989e+28
-4.701437989002271006e+25
-3.810246862717710992e+26
4.790701277248278413e+26
5.775822557523258859e+25
9.627186618474291541e+26
-1.135739324461768777e+27
2.795921229940874848e+26
-2.384695237558742205e+27
1.538175720939781265e+27
1.944380000914072167e+27
-5.939200613368906407e+27
1.552634773349657746e+28
-4.465040106893140896e+28
-5.965565191603752959e+28
-1.675165934386219911e+26
-4.240211727894802348e+27
-3.097448687062533467e+27
3.249187457256913434e+27
2.716550838293694080e+27
8.355416264038302330e+27
3.152287520694577374e+28
4.718156606977028751e+25
4.670418488505314741e+27
6.742118712040902879e+27
1.116901615462534952e+26
2.695548995725657191e+28
-5.098609488217692818e+28
-1.189165129459902914e+26
-1.696944008713296789e+28
4.820193839378793334e+28
1.102920151011297944e+28
6.960211158723065780e+27
-1.166550080452119646e+28
-2.201323729897853609e+28
4.472275052620066584e+28
-3.957731522328291991e+28
-1.531231120356491696e+28
-3.375542728227146545e+28
1.792902704075151365e+28
8.762112577397840885e+22
-2.465942699163127176e+24
-2.520291477877346869e+24
-1.229412003685108061e+24
-1.806735529961502788e+25
-1.460555461557539024e+25
-1.127520716398191400e+25
-2.902720209726969717e+25
-4.435036451960149253e+25
-7.188521781339533261e+24
-1.533790368423885515e+25
-4.356095026089600078e+25
4.397445495047646052e+25
4.180710932860283746e+26
7.182066356241173533e+26
-4.362174481896899930e+26
6.503349989666246447e+26
-1.518900299672368094e+27
-9.273963754523440634e+26
1.370005063081432566e+27
1.301457913556579840e+27
-5.993724184449335098e+24
-4.132784245130481812e+25
-2.179334864269959865e+26
4.075853265709617688e+26
-7.179008977080270591e+25
-2.241365593281861509e+27
2.332432823264126756e+27
-1.366252522134475136e+27
1.897040363100018419e+26
8.728024073065986157e+25
3.482567097176633853e+24
6.101146609603189433e+26
-5.872915216415574246e+26
1.284967683596401121e+27
-4.415755984963814547e+25
-5.069979050264741484e+27
-3.877385487996497593e+28
-6.510525019839628256e+28
-1.272460731367388329e+26
-2.559671974127950831e+26
1.740177135706994985e+26
-2.928719689846551441e+26
2.867478061627529191e+27
-2.898957640696243352e+27
-6.799787592660338279e+27
7.225676715275160717e+27
3.479029019811625082e+28
2.851338966697450606e+28
-7.804758036236675252e+28
7.951182798676336092e+28
-5.723313287787797178e+26
8.529904623620247843e+27
-7.381085342094667919e+27
-7.773232095098657880e+27
4.313579926508832698e+27
5.184483893112041342e+27
-1.879686434075004332e+28
4.184627887261468982e+27
3.798860807383441820e+28
5.632492510486995227e+28
-8.263343466446996369e+27
3.318999794316444442e+28
-1.158896427987948867e+29
-7.264735964313230707e+27
-3.119076793475922264e+28
9.545305363908291693e+28
-4.066719677646965340e+28
-7.973451595376477194e+27
4.809564038637432526e+28
-1.511753161460953353e+28
-1.173641756114593949e+28
1.263294389694878028e+29
-7.131571110644602324e+28
4.981916300231664453e+29
2.936080126674409949e+29
-1.103863937592311483e+28
4.978426678622754768e+27
2.029030691835310784e+29
5.340519007797820753e+28
-6.725565242013744408e+28
7.248225837933477278e+28
-8.756177910447553929e+28
-1.751758175140675438e+29
1.134826996207232228e+29
3.144999208031067290e+29
7.102469491064884359e+28
1.622864953614847349e+24
-1.129938225763590713e+26
2.207715399335794263e+25
1.988043574368631735e+26
2.781854988513644705e+26
-3.142663243570581692e+25
-9.393584881899939172e+26
9.292046010591441451e+25
-1.916207611723373886e+26
-2.564191848547773961e+26
-4.625222855911419046e+26
2.264400150338071067e+26
-8.709137840974541791e+26
-1.040402943938896192e+26
-1.097360165644110736e+27
1.523452089339537407e+27
1.015166449967825249e+27
4.198440974529092023e+26
-8.663647749422824302e+25
1.411351975312971187e+25
5.082016851926235186e+26
-1.265240618823369646e+27
-2.888794401723762609e+26
1.638161465255290416e+27
6.816906669121981877e+26
-9.322567497438403801e+26
-1.311018857360387089e+28
3.906732892967023267e+27
-2.629817944455931305e+28
-1.519131125733048010e+27
-1.817309876121059533e+28
-2.646254675315870187e+28
8.139928776172438628e+28
-5.044448680685271161e+28
8.344282054042741229e+25
3.404006259423701073e+26
1.900604104330434322e+27
-1.349495986069204647e+25
-8.877806819031742955e+26
3.670209105813611269e+27
-1.064481989080233450e+27
1.494568470185141657e+27
4.750623461384746956e+27
-1.710822601509054753e+28
5.643007546664889607e+28
1.559789335366010865e+28
-7.366076901239528124e+28
1.882545137689351775e+29
2.056112531495121448e+27
-4.225992301062388177e+26
1.703899709986004140e+27
8.312967615574157797e+27
-5.153826689226577273e+27
-5.802156054194131852e+27
-2.787436697104968691e+28
3.054201782727048124e+28
9.469157174572637593e+28
-3.711382673914295549e+28
-2.524049839334661198e+29
-3.661946093190023390e+27
-3.784942109127925931e+27
3.176809579165363570e+27
-1.219447607856077118e+28
-2.550761746179316132e+28
-1.208109359793721504e+27
5.463596587346412607e+27
4.502623032391695830e+28
-1.250854367793335453e+29
6.979759104239451632e+28
-7.767261190141297695e+28
-1.100460749528368311e+30
-1.044932986540403151e+29
1.586257565280619194e+28
1.164413267456456731e+29
-8.261348494412691763e+28
7.172636119046034336e+28
-1.078382167816607841e+28
1.020521975986787665e+29
-3.526175023408307326e+29
-3.056816943258713881e+29
-6.032622157254494027e+29
1.916461671551759554e+30
6.929674860374039080e+28
-4.991569019829050057e+29
-9.846788230545601083e+28
-3.886835232663880262e+29
2.292995093480961076e+28
3.241965313640013591e+29
6.711866214376437883e+28
1.060999005544618029e+30
-1.048602951802312216e+30
3.608479659494588936e+29
2.781019048922619290e+25
-1.037209589594712198e+26
-7.207327712605956009e+26
-1.765329220558883934e+27
6.021937494344251780e+26
1.024598794654768043e+27
-3.484987811288643244e+27
3.332710792884293802e+27
-1.439985807180025019e+28
-2.401130414966355724e+26
2.757607581349413196e+27
3.850578508447460585e+27
3.973101500621079108e+27
1.417919137450358559e+27
-5.242285959534661600e+27
3.524142099415847017e+27
3.726378070568505890e+27
-5.413581256160348073e+26
6.899647714025367862e+27
-7.391666420433753905e+27
-1.521022308741498767e+28
3.105246696673549550e+27
-1.120387800809198812e+28
-5.485981223186028216e+28
1.136508055853254753e+28
1.472332684895936400e+28
-4.174389483151032996e+28
-5.052009245513910692e+28
1.042427119086381839e+29
1.447904322020744334e+29
2.160419861977429424e+29
3.399213172446939361e+28
6.601398526338209275e+28
-2.651609820552677430e+29
-4.362647859008021596e+29
6.492047925109803621e+28
4.416447855607326228e+28
1.464599218306387809e+27
-1.564865775302285630e+28
-4.908233384720274273e+27
2.374747020113678453e+27
1.762243874345188238e+28
-1.214725603626640624e+27
2.229440614409032378e+28
8.330391801345790297e+27
4.799978821162406341e+28
-2.210854999444738206e+28
1.238707570126768161e+28
-5.856215979309436463e+28
3.559740583348248868e+28
-3.881015214058241500e+28
2.077448684740238908e+28
2.695522579796247193e+28
3.442293993725565828e+28
-4.411317470030942117e+28
-1.859047149841242717e+29
5.059165782902258016e+29
1.738779224671714627e+29
-3.511251774667829618e+29
-6.005230560521737140e+29
-3.064348630364133955e+29
-7.535947448885735132e+29
-1.259641212061963987e+30
-9.539807005829622509e+27
-1.566260703162751989e+28
-2.041959955248739695e+28
-1.106376543909035845e+28
5.457059793797480508e+28
5.748215762657007190e+28
-8.102200227843851786e+28
2.493133399968325043e+28
5.496751435522719773e+28
-6.400131296112859700e+26
-4.948126552332542796e+28
2.320429398802037477e+29
-2.644270183983319092e+29
1.016849717885062311e+29
-1.090827520774625750e+30
-2.885812179334171049e+28
4.700736975103923132e+29
-7.544857161359522829e+29
2.741577054523267726e+29
-1.950354711663518938e+28
2.864207854281910401e+29
3.467260240129669114e+29
-6.160517674474236579e+28
1.722192444037898302e+29
-1.484824345645473863e+30
-3.494219233095320173e+29
1.399357404569470936e+30
2.521203515939348727e+30
-3.392486551117241867e+29
-1.354855123147674389e+29
-1.414957582663326054e+30
1.684866766039577068e+29
-5.356982137036823523e+29
3.281578833819399080e+27
5.938097673252884437e+29
7.090264588790519642e+30
-4.980991405460406976e+29
-2.569527620340507879e+26
8.245660880252551208e+26
3.957521043586906213e+27
-8.018149054460562690e+27
3.751905618202648771e+27
-3.356727738796598380e+27
2.194451819913684381e+28
1.118250906810086843e+27
3.845960647576307774e+27
4.312972646197210172e+28
-3.577189254286158851e+28
9.150729494263404759e+26
-7.534854312604239498e+26
1.887852843929291489e+28
1.401023146860766644e+28
8.918556070109723676e+27
-1.337923615634653222e+28
-2.655301000416884096e+28
-1.791249978554910031e+28
1.381417440007511437e+28
-2.096294604730398209e+29
-1.703461483014489732e+28
-1.601786123779712306e+29
-2.389725874882352669e+29
-2.356223600062033220e+29
1.152257844203427431e+29
-2.278935412155061327e+28
-1.395765211946363054e+29
3.223955650128063319e+29
-7.880637543775331034e+28
-3.498980410671801415e+28
-1.778703889468206079e+28
1.060382234137127961e+29
2.689877389665753104e+28
-7.923838213286359337e+29
1.240954484525372518e+30
-2.161563180166554901e+29
-7.822566877724744399e+28
-1.170853218932480185e+29
-3.887110787003692844e+27
-2.025256015510851048e+28
2.335093883479547089e+29
-1.586098187056527956e+29
9.356298385380848498e+28
-4.575700135774368802e+28
2.437015472776286054e+28
-6.571006589069553530e+26
5.065755277257170847e+28
-2.741028675213794276e+29
-3.165581011692006512e+29
-1.683493621158094292e+28
-2.237064900083789547e+29
-1.147578154354056560e+29
2.681163972027652238e+29
3.740411307337107838e+29
5.092834426633778200e+29
7.534828546117372408e+29
7.181484248317218370e+29
9.331401918465351232e+29
-2.009198982050085531e+30
3.537698816831424041e+30
-5.806423618008952451e+29
2.913097287731388472e+29
1.498862820667994715e+30
1.447184998694039724e+29
-3.291566183147140238e+29
3.167926673404901321e+29
-1.268671783683813953e+30
-2.168953527366076047e+29
1.669720610995130086e+29
6.608581902436701316e+28
1.393079583534514570e+29
-2.728425042909774621e+29
2.889812899372902501e+29
1.369918987518082952e+30
-4.725604122074086689e+29
-7.097464317127238031e+29
-1.066156922096792567e+29
-7.642514751850036320e+29
-9.997476884364792586e+28
8.424294698267658783e+29
2.094726603474218225e+30
1.201874901822747739e+29
-2.379889339646626139e+30
1.233977910248481199e+30
2.821118711819678999e+30
2.399688572782073227e+30
-6.888977304498065230e+29
5.782703082868244810e+29
1.544374291615632294e+29
5.003835761421028403e+29
-1.053628424168514423e+30
-9.512536713634552995e+29
4.519309083781279849e+30
1.990675850356893335e+30
-4.338022873851423598e+29
-9.778513421352994526e+29
-3.037301680101627706e+30
-3.651655259084446425e+29
1.624423156833748017e+30
1.935844494006997398e+30
8.658003830367951045e+26
3.869679379156865518e+27
-3.714812484913724563e+28
1.967176104671134351e+28
-1.273177355758816752e+28
-5.460245961812819083e+28
-3.807902726188611907e+28
-5.766598176035910992e+28
-1.234176755155229360e+28
1.173255118863407197e+29
1.662669132910105517e+29
-4.798448395714679262e+29
2.435181790529415333e+29
1.512240497485049181e+29
1.448083610909560216e+29
-5.439000559901565475e+29
-7.783853688901739829e+28
2.986544899966276717e+29
1.859079487418009187e+29
7.444409508401779590e+29
1.065025894451832823e+29
5.871698435428948447e+28
-9.377604508606975019e+27
7.079429051661352448e+29
1.568733234670537905e+29
9.165143042156988728e+29
-1.224612891404124079e+30
3.453734335470888587e+30
2.869255801443415971e+30
5.552130162557631896e+27
3.287273095026801744e+29
6.710593091510253699e+29
1.021042956590418251e+30
2.880136417551407902e+30
8.784920816433834982e+28
3.179870701565937042e+29
1.352344566941026909e+30
-4.102203669382599244e+30
-2.585022623767083936e+29
4.154610490521108198e+29
-1.492495666015170455e+29
2.496677798091481073e+29
-1.179306461626196965e+30
3.750645379221464772e+30
1.287334555300681197e+30
-1.772844143698050529e+28
-3.738644534560654672e+29
4.494374353401644756e+29
-2.239411804182665905e+30
2.643315457357905756e+30
-3.625054704529401240e+30
-1.767285735352441235e+29
-8.688906286685555537e+29
-1.241165637503844168e+31
-4.066398823513061601e+30
-1.835039570758035942e+30
-2.456369078330063014e+30
-1.681701964471458320e+30
-1.436713148642636489e+30
-4.903714278135914606e+30
-1.884268189172302774e+30
-9.309026118224156521e+29
-2.573298024392388578e+30
1.256221180554130818e+31
-2.231892638984435454e+30
1.237231882310429500e+31
-2.154723667765246153e+30
1.791858632600035127e+30
1.593808230976868896e+31
2.710250713002864887e+29
-3.517585570330512287e+29
1.381624911426185011e+30
-1.118261311310106308e+30
2.233438282594764897e+30
5.076831883697797771e+29
-1.605143957492646772e+30
1.504397947276650771e+30
2.496593435153798689e+30
8.469466967098506445e+30
8.450818116805266581e+30
1.082131111804655438e+31
3.616936959250908314e+30
7.323193388755320036e+29
7.051656858998008488e+28
3.163816896724210386e+30
-1.282828502126329639e+31
1.226410706854214749e+31
-1.435321243567219326e+31
1.434565903643784677e+31
2.774675315289408986e+30
1.876550485630701026e+31
1.068009675157144612e+31
1.174083077659357103e+31
1.708973737581338333e+31
2.909308500440231154e+31
1.032202595153489221e+31
-1.834161593053919483e+31
5.922351896299930254e+30
-8.498346872445966199e+30
1.266004258063778568e+30
5.114453388598321857e+30
2.574235029775490077e+31
5.562162850715008694e+29
-4.083359863283715214e+31
1.605519274175394083e+31
-2.302498511854607328e+31
1.008040647254363549e+30
2.238232192456540611e+31
-1.858434668352450816e+18
4.551947911136441958e+19
-6.574886328383930368e+20
4.163392829894544589e+21
-2.780631391079159562e+21
-7.437302025882527859e+21
-1.634882547785134821e+22
7.286775468824685288e+22
-2.393984848817143808e+20
6.611964266429301129e+21
3.379291242408987486e+22
1.317497160756228878e+23
7.022413064170480494e+22
-8.282118289460348815e+23
5.603306001295909251e+24
1.512197955226408210e+25
-6.095485453878519923e+21
2.239937066737369455e+22
-1.398739126228255045e+23
4.841270590415823490e+22
1.534840493486280540e+23
1.586175732595627404e+24
-3.797566515394346061e+25
-6.683689584212624332e+25
-6.543905663327215708e+22
-9.205082606529971130e+23
6.182145219371944148e+23
8.204339994467526456e+22
-2.362018919386663661e+24
2.107437159665432103e+24
-1.110767889056842112e+25
4.513240365291065219e+25
7.758412905911087194e+24
2.065730496306179421e+23
1.052012556819758777e+24
-9.991803887446399291e+23
-1.037904210477209486e+24
2.328523014792872251e+24
3.014784900343902396e+24
-2.428740519357233351e+24
-2.338307747059027927e+24
-1.893524060213774247e+25
-2.298872032488976965e+26
-4.270975321094809293e+26
-2.962040652049278032e+23
-2.132683472293558024e+23
-3.487630757574828953e+24
-2.449337681360160802e+24
-3.927629716154469367e+24
-4.130054693104990783e+24
7.460073723123037817e+24
8.588061135302828900e+25
3.087239749226882008e+25
5.750670821423455005e+25
1.209895106664222095e+26
6.915418400191792697e+26
-5.657729798261207381e+26
2.125897137295833963e+24
-2.202393128137490359e+24
3.481987092632495938e+25
-2.667582115803605249e+25
-1.284489316804838258e+25
-3.489650908294794150e+25
-2.723818600929335329e+25
-2.389256946867070271e+26
9.581180328053346803e+24
2.551828941654710617e+26
-5.348713437571529317e+25
-9.883142805622879636e+25
7.353346909118865532e+26
-2.065769362034783892e+27
-7.490320456204334079e+24
-9.421812920407646609e+23
1.543256363781873566e+26
-2.131160184087012470e+26
1.369632372109025353e+25
1.061930512687592456e+26
5.541240104268578554e+26
-1.314144236427895085e+26
-8.624982675925049000e+25
2.197382812552316302e+26
1.791634098574074620e+25
-6.168142171865763421e+26
-8.061898011646077612e+26
-5.816238360974400957e+23
1.790413623527153461e+26
8.894561386891271553e+26
-9.723371842035985194e+25
3.162398149981723390e+26
-1.110958834266985103e+27
2.702173479681734975e+26
-9.463883872706560898e+26
-1.141900990635072545e+27
-3.348327066633207311e+26
-1.261048227113564806e+27
-1.060459542370114232e+27
2.254461983003954591e+22
-8.921262918295498418e+22
2.096001751129309525e+23
-1.096310764920123452e+24
-5.151050768309975400e+23
-2.009375638223681632e+24
-1.002206129726443777e+24
4.862151884130011408e+24
-2.459593967564792707e+24
8.348990082446513293e+24
3.944643343847457057e+24
3.382343255352791217e+25
4.644949006187253956e+25
-1.091399025343587804e+26
-5.606783500073927757e+23
-2.274977310168620848e+24
1.429705620296076392e+25
-2.258555990571141156e+25
-2.407365932938547229e+25
-2.824347120500070931e+26
8.861763390826367044e+26
-1.088101522793746960e+25
1.558870300597358033e+25
-5.267164815058924598e+25
-1.832262796370171538e+25
-3.675429479594299493e+26
-5.591266980363106305e+26
-1.145219565052998818e+27
5.304794690540631734e+27
-4.285044181988269263e+25
-1.889179218382386572e+25
-5.405438720881507807e+25
-2.627068157530984522e+25
1.894852012426896823e+26
-2.667743308272882161e+25
1.369833313700226441e+27
-3.955845015078696355e+26
-9.405228198051765825e+27
-2.463900529254023774e+28
1.309713850838516176e+26
-1.271509856372143773e+26
1.798454856332131035e+25
1.223539244938833279e+26
-3.354362148046759236e+26
-1.028080066902737661e+26
-1.455280879622628845e+27
1.074224175261870823e+26
-1.085290115703232529e+27
-1.675952298050693254e+27
-2.285707726284546604e+28
2.507711069969270004e+28
2.238072641507636056e+26
-1.616181665280915478e+27
-1.313044631115001655e+27
-2.011961872626212096e+27
5.011221521120499777e+26
-1.160963654716400220e+27
-1.864536835762434617e+27
-1.153025747714057905e+26
-1.622798073260279275e+27
-5.183000246358277301e+27
1.920819727567489085e+27
3.967558864739072864e+28
7.023726611945156749e+27
3.374868557309367207e+27
5.024185254729981482e+27
6.869581827122631276e+26
-1.031809736010258507e+27
4.727348398399893957e+27
5.505776942830930830e+27
3.236508927265425440e+27
2.203042420875670724e+27
-1.724228865661638221e+28
3.259586904998136143e+27
1.091499332984730720e+29
6.839914345425124866e+28
-3.281444473042066031e+26
4.389700132483110764e+28
-3.897768400335439380e+28
-1.626669336895108348e+27
3.045274450559515448e+28
1.279908424908582438e+27
-2.792121753075401209e+28
-1.093915760479638043e+28
-5.164354093070247906e+28
-2.487898688857606495e+28
2.268543158020388438e+28
2.326444476403988847e+24
-2.863696055166950353e+25
-1.192814626264820275e+25
7.650018487199704640e+24
2.710091191271108067e+25
-1.138465897434909539e+24
-1.886069276459644670e+25
-1.165327607009340562e+25
7.180587379261224413e+24
-3.862755930686407601e+25
-1.368836868351238221e+25
1.137021985955737175e+25
3.449560791183473498e+25
-1.432714712432512118e+27
2.518749151745325665e+26
8.206385668675425890e+26
5.723094656082534209e+26
5.679809131146350831e+27
-5.045418931479390346e+25
1.385628240678109610e+26
2.771105753135549385e+26
-2.237961005736476309e+26
-4.938257793225433515e+26
1.223669297075944422e+28
1.400098524468045597e+28
-7.781565365484765646e+24
1.028236039037971143e+26
-4.962149828416522189e+26
-2.865231226058726993e+26
-2.546678479363830335e+26
-5.207897454410113157e+27
-2.670857551482338740e+27
1.805974061620658800e+25
2.348296749830513560e+28
-1.778857553682301515e+27
-1.805969557770169262e+26
-8.966875126939318758e+26
-7.843571275088984576e+26
-1.249401019454083297e+27
-8.947066043844025660e+27
5.869139967675946896e+27
4.890589411050218471e+28
1.816668110602059152e+28
-1.526258500807770299e+28
-5.309506298179421117e+28
3.170916484625897902e+27
8.109173072247133572e+27
-5.771139721976636502e+27
1.710624632472464968e+27
3.225245967998467005e+27
-1.135186811538708963e+28
-1.295726553482960159e+27
3.942801523762567327e+28
1.111565199267759328e+29
2.075788144698220432e+28
3.022066219727835976e+28
-7.330450782999913260e+28
-9.407884843612237984e+27
-3.245674605565335390e+28
-1.631842164998422691e+28
3.029190304578985420e+28
2.094216012948101242e+29
6.908176533207923863e+27
5.770383804215046674e+27
5.886030891717369681e+27
1.188399889033957822e+29
-5.422697228236859432e+29
6.074423573045831667e+29
1.467416564281234114e+29
-3.806193521411416721e+29
8.074110693186866461e+28
4.318999303082279178e+28
2.390143766678212224e+28
-2.096868015161541595e+29
-1.395409001752569264e+29
3.594444055540215192e+29
6.274824372843783566e+28
3.671481840987918862e+29
3.243442991725278423e+26
-3.478274079412748684e+26
7.684045103466833099e+25
-9.837583975694695034e+25
4.258668658816927909e+26
8.715500840597784629e+26
-3.117295027754189628e+26
-9.341158870962798808e+26
-4.077537171963257785e+25
-3.397009012141623806e+25
-2.361528904397497281e+27
6.981755413025404302e+26
8.198391839337150181e+26
-2.041142272299587043e+27
-8.345700434874039985e+26
2.043445056295773694e+27
-5.861640009610857443e+27
5.891651330043966159e+27
-3.101923375035528472e+27
1.695766230280325895e+27
-6.131499433032696633e+27
-5.273844792712333172e+27
4.456752278673606823e+28
4.603805942166092274e+27
2.659376032789720090e+27
-2.363480619001932030e+28
-2.347511956407470834e+28
7.561758664986040858e+28
5.718335325264405640e+28
-1.822504880203576925e+27
1.209784808638531897e+26
7.997892001610087916e+26
3.667578791542441089e+27
-3.865329958213781090e+27
-1.259666446332097138e+27
-3.975792887708066931e+27
1.055460334402983513e+28
-1.526081208891014683e+29
4.758411643766526654e+28
6.752071032143870000e+28
1.009582799823548511e+29
-9.898032494064099485e+25
-9.594490663602249770e+26
-2.776532105512059418e+27
-2.666213885484006244e+27
2.508154332715653932e+27
1.085243264287474541e+28
-2.017769635158224931e+28
8.527196587470558740e+28
-1.621502106132510380e+29
1.554755451554716258e+29
7.423751822123859285e+27
-7.215193524565026776e+27
1.226885972293782020e+27
8.901719734019224870e+26
3.680421232117618355e+28
-9.173978345387757331e+27
-6.640854593328377799e+28
-7.001016952716884387e+28
-1.810876308271577017e+28
1.938730525399698960e+29
2.949361621243024437e+29
9.221571534800467367e+28
-6.675427012640283609e+28
2.260319873695068382e+29
-2.772323757027462531e+29
4.986526659544679124e+28
1.031633555002025695e+29
-4.289491735655370587e+29
5.533146255004819665e+29
-7.550985480196132796e+29
-5.884937969903464083e+28
-7.015932672825913168e+28
2.657563400608211222e+29
-1.969320131764112896e+29
3.376114197833615308e+28
-5.548446936678645306e+29
-1.124453085673231182e+30
-3.825271606389428978e+29
2.672291599268266966e+29
-8.978223764653612914e+29
2.478258010991028745e+27
-5.188836781513403814e+27
1.783168267876958904e+27
3.613947826280694487e+26
-6.514885985400957718e+26
-2.401233631071314478e+27
1.388154202183171289e+27
4.540649976624080864e+27
6.366598862981820671e+26
4.727993996117154323e+27
2.159637731702329636e+27
1.273747770908877049e+27
2.063762563093429325e+27
-1.257253820184183261e+27
-6.718150871935494085e+27
1.802888154598227654e+27
6.362547617057379955e+27
6.689554004258907289e+28
-3.728989035729510617e+27
4.023169468241995521e+28
-2.376895364893107226e+28
2.861247380859200744e+28
7.444813795787100019e+28
3.390373394111370712e+28
-5.423594257555461280e+28
2.025219556835284757e+28
-1.568406874192308283e+28
-1.848399693449595241e+28
1.201634020679440213e+29
1.654866902925343202e+29
1.333528696039477612e+29
1.670936913146043801e+28
-2.824142606445094650e+28
7.546613088409252473e+27
-3.740518479490033491e+26
-3.084768029566115287e+27
3.406369529550770634e+27
1.495735337041742612e+28
5.873801094711742878e+27
-2.384372052381809216e+28
1.202986615525799831e+28
-6.684810157923707863e+27
1.288642875688685439e+28
2.172319764072791967e+29
-1.042493893277104505e+29
-1.200481675486971104e+29
-3.671825617467361292e+29
-1.740723226892983364e+29
-1.346092757376235991e+29
-1.389175393576268886e+29
-7.378212912719705724e+29
1.276182443204439685e+28
2.401939944513439437e+29
-5.580874252888449339e+29
1.688020974603934963e+27
-1.685755891784813454e+28
3.348862836673364355e+27
3.028520764212166622e+28
1.341175659957327382e+29
-1.525289547518840396e+28
4.346865238870284205e+28
-1.196954019034836487e+29
-1.953164927627924106e+28
7.428804940939593146e+29
2.584300636181364385e+29
2.949828438204891865e+29
2.196027917768166712e+29
4.689308258476823947e+29
1.663502771090644723e+30
6.240919960593827728e+29
4.080787985582886571e+27
6.852539241006120517e+28
3.184800579261947542e+29
5.420528504169317260e+27
-2.408206736847477037e+29
3.200330521902086826e+29
-3.089207132790070444e+29
1.290542196768318286e+30
-3.580690171851765587e+30
3.328865895720398033e+29
1.177808547224637663e+30
1.905578813679063145e+29
-9.728364506086607628e+29
9.651137278029687773e+29
-2.832791415230863938e+29
1.149864239637132948e+29
5.316698914234721951e+30
7.055069738393250274e+27
1.817623759854769588e+28
1.573141273527167353e+28
-1.760863000245572430e+29
-1.849507723080988852e+27
1.094817730327047679e+28
3.147563707769007804e+28
-2.378548961054792493e+28
3.450307633959780267e+28
-1.913388803091473717e+28
1.382487371031259557e+26
-6.796305605253889967e+28
1.674878645082164146e+28
9.552238865368356715e+28
1.108011512904945461e+28
-3.677738163057913981e+28
-6.251913574452917079e+28
-8.467853475893989331e+28
5.619873205683593428e+27
-6.598185394940178095e+28
-1.192309432961996302e+28
9.607653490823842982e+27
3.113479708210286951e+29
1.386530956460533431e+28
-2.531815446283846120e+29
-7.324846515618787942e+29
-2.576244448037008451e+29
-1.709794440336255677e+29
-4.845979736379274079e+29
1.934501133868248373e+29
3.354695837345169598e+28
-3.680272466868938346e+27
1.181951920291271257e+29
3.911179890022968940e+28
1.250460225341217267e+29
-1.939348396348263783e+28
-1.031469635310459266e+28
7.821647744178051227e+28
4.872703839666891261e+28
2.453333382050173014e+29
-1.160748004795685478e+29
1.183398242248898901e+30
2.164938724181695663e+29
-1.656091818095681186e+29
-2.219328657108717571e+29
-2.599163435158400099e+28
7.058187588601885152e+29
6.638354622335358080e+29
-1.021574134518396857e+30
2.022842617601254554e+30
-1.447144121322677213e+30
2.404909516472871726e+30
-9.243327815714940508e+29
-5.836995165646517925e+29
-5.588159555838316865e+29
1.324434389328837377e+29
-5.760713897633367254e+28
-1.863208721380085189e+29
5.440759228495046676e+29
7.615748688397357453e+28
2.771271273338397359e+28
1.726308480235367410e+30
-8.572358594150834065e+29
6.610544961350819450e+29
-5.178004386840433888e+29
1.023412049604927719e+30
-3.844829590794127694e+29
-7.875996814688233154e+29
-2.300151405440067569e+29
-7.264966731465053171e+29
6.911676163040044683e+30
3.288570252296022054e+30
2.289208160904910598e+30
7.652590533255365370e+28
-6.284574360078683882e+29
2.448225263640024864e+30
-5.625365716470852345e+29
-5.064928970576434151e+29
1.105931163619333349e+30
1.752387084994979016e+30
-4.573655529862206784e+29
-1.537803592603499638e+30
-8.831524156886934108e+30
6.651244293249684660e+28
-3.703041212450393270e+30
4.773105304608746398e+28
5.335456856338497714e+28
9.194445632373727199e+28
-6.157103670503974832e+28
-1.819994674246170724e+29
-8.310807212788582509e+28
-3.764028193065782273e+28
1.055925801787981534e+28
-1.959860413789795817e+29
3.643803041533046750e+28
1.483751129877205930e+29
-3.883786448604724948e+28
5.328843258686619671e+29
-6.837386743957995982e+28
2.130556430723225481e+29
1.696748028215341275e+29
-6.224875802175442334e+29
7.252356227711405259e+29
7.052778554217434522e+29
7.297108478593381845e+29
-1.062396916517531358e+29
-4.261569005092838444e+28
2.124780845777356212e+30
2.789674136666331505e+30
-2.174007135385716627e+30
-5.594315385668868792e+29
1.503024998879876830e+30
-4.628633055696323676e+29
7.754158061869911337e+29
-4.577509107587542186e+29
-1.542608388219533625e+29
4.594609055785780151e+29
1.653516230749910356e+30
-5.290522104503198763e+29
3.663549280760530907e+28
-3.679801951371919034e+29
-6.115746373572069025e+30
-4.143083675048782715e+30
-7.128004298437772934e+30
3.165200188589843436e+30
1.016662533968911130e+30
-6.572065565976542905e+30
2.318178309110470655e+30
6.783133559824344584e+29
-3.275165011102734118e+30
2.223575282505271149e+30
2.354569840510530344e+30
-5.705056769742118451e+30
9.506261017183680351e+29
8.411778709523146471e+30
1.016894144240388204e+31
-5.938835490629488513e+30
4.121281851567330850e+30
-2.101833413227843406e+30
4.448109979404990437e+30
1.055023903206163715e+30
2.702139837794809917e+30
8.239820455280622833e+29
-4.606663044628326350e+29
6.806442228095909245e+30
4.635877390976171945e+30
-9.658057418248236345e+30
-4.737139482602878487e+30
9.227040445874515404e+30
-4.313375256124998964e+30
1.031986687622839219e+30
-5.108170921403965848e+30
-1.722116021219249778e+31
2.462381117459375747e+31
-1.225165638034104973e+31
