-7.679640355538040000e+15
3.708174021207129600e+18
-9.567438470238114611e+19
-5.038117691329743421e+20
1.905100916558922777e+21
-1.197219887827031949e+21
4.135924919714495594e+22
-3.215744524094295297e+22
-4.201230299108921993e+23
-2.696842569392907469e+19
1.976019330849149420e+20
-1.351416973379133768e+21
1.520314960593235109e+22
-7.768029269083374486e+21
2.352321412314283261e+23
1.988356190774221729e+23
-6.812292061807438369e+24
-1.704744296674738940e+25
-2.426293411825774100e+20
-2.975157644638466081e+22
-7.576690892429064143e+21
-1.227632431702923752e+22
-5.973832714115435672e+22
-4.865277508392787246e+24
-2.589817242318912296e+24
6.828891114770058428e+24
3.620840506660877802e+25
5.006594598266330808e+20
1.260723797544749142e+23
-7.793699171418255403e+23
-6.803135634244351977e+22
-3.872519383362087273e+23
3.359533324579115073e+24
2.239912311180585209e+24
6.587316165581349287e+24
-4.539990388126649505e+25
-1.701299400306205195e+26
-1.331541757418173104e+21
-5.061439499846146599e+23
-3.166460710881219429e+23
-1.392842435072529881e+24
2.604061147817374617e+24
1.813261959717867886e+23
1.050916921469364022e+24
-5.721914076687737215e+24
2.692186153535031207e+25
-7.533560477468842476e+24
7.300717317868396200e+25
6.915339112790474493e+26
1.039756293099951751e+21
5.568572067253378854e+23
-1.453944606522712808e+24
8.947488425110037229e+24
-5.411930401516879918e+24
-1.220417331324978441e+25
-5.252301593379389311e+24
1.273626289501681489e+25
6.182248784898784913e+24
4.162047399107826248e+25
-5.545458294804054820e+25
-4.178214030914079390e+26
-6.521171602160914981e+26
3.609302511008781205e+26
8.586331881333178604e+22
1.466007580000924396e+24
6.884635984842508997e+24
6.034434115507058941e+24
-1.246214643152217699e+25
-1.574732216656979210e+25
7.068966152824503753e+24
4.073997351865554326e+25
-3.184416085681003749e+26
3.829309926293110136e+25
-4.428067693597799412e+25
-1.117656863090244190e+27
-3.737295876025221871e+26
3.781171884211974896e+26
-1.202870717908543241e+27
-5.298461498341770605e+22
-1.065521464890815403e+25
1.073890381713992838e+25
3.481495142292558387e+26
1.226970636212787186e+26
-1.496677819304391088e+26
-1.111374602949898742e+26
-4.853139745679257672e+26
3.221927640494099264e+25
-9.676217299517774321e+25
8.211012658421345167e+26
-8.005036014480279865e+25
-2.408538082503989107e+27
3.304579704201477291e+27
-1.680763796385705339e+24
-1.474842062973535093e+25
2.604856169189063242e+26
1.108638170050475096e+27
1.052299129666125771e+27
3.481872793753009944e+26
4.323401540338102658e+26
-9.436452557824103367e+25
-7.801284411707588922e+26
-1.564382268065344762e+26
1.320565880082858604e+27
6.152143930745755364e+26
6.245315283456758109e+26
-1.631565896805644501e+21
7.447090662670421983e+21
-6.018759104181587201e+22
-2.596147893299336582e+23
2.230173464479228221e+23
-8.619824191185776280e+22
1.027533173219682054e+24
-2.029448083812503299e+24
-7.027648080801719449e+23
-5.837501882084915518e+24
2.093925442885853829e+24
-3.689953306651957645e+24
-8.591024511734140555e+24
1.317996930692910022e+26
7.491859694167405971e+25
-2.416770880648278419e+26
-1.602396287993902971e+23
-8.712090226110917708e+23
3.930522370916380177e+24
2.032340661954954381e+25
3.926577516900878104e+25
-2.113460471878729062e+26
9.532639253642542871e+26
5.317411916934163838e+27
8.046082821270950841e+23
7.764184558566044661e+23
-1.281484386947897917e+25
5.579660558896789290e+25
1.282969101779309820e+26
1.886261862607681309e+26
-2.039704274897651349e+26
1.868849467497822974e+27
1.979854127869459228e+27
-1.349335994192433142e+25
-4.183190495040888511e+25
8.026410118272659860e+24
3.181863041578517626e+25
-6.590193914490164212e+25
-1.594644584194246019e+25
-1.437860147185077349e+26
1.035778774667844202e+27
-1.690837634222408017e+26
-4.350427799627359244e+27
6.723764372398290258e+27
-2.051737510712658880e+25
-2.347502302669148839e+25
-6.725434379737085027e+26
2.051964668034308800e+26
-1.321798704569925409e+25
-5.965965045388559828e+26
-5.376641301201916741e+25
-2.208367405840106948e+27
3.826236547411770575e+26
1.029609988070960587e+27
-2.212403406979619454e+26
3.428968421877852678e+28
-1.653019350093461255e+28
-5.203568358581810421e+25
-2.328892696299464143e+26
9.599447846961090421e+26
-1.403357522786681792e+27
-3.346562656384191482e+26
1.811693577755814352e+26
2.348253461638407709e+26
-3.590250971127488618e+26
-8.737918144739653987e+23
7.395069846731276001e+27
-1.029906037683597390e+28
1.084270520850356551e+28
-1.675888647482382573e+28
8.602469754868719362e+27
3.402222486698187941e+26
-1.373277786576928894e+26
-3.473490191397894518e+27
7.534717494360492249e+27
2.981635527435405812e+27
7.628522350815563093e+27
5.006558205413858468e+27
-4.930004245382870577e+27
4.502334087673996626e+27
1.847827709740376139e+28
-9.573311764735692514e+27
-6.428100315410748666e+28
-1.393462161148123311e+29
1.402011511665858197e+27
-5.951838942134666284e+27
-1.428729359722117318e+28
1.246263198614755626e+28
-1.012973226143569350e+28
-6.609007208362479623e+28
-6.999053387480187197e+27
2.831757116236769105e+28
-1.559713482636647716e+28
2.668017936018112103e+28
6.515130542505562800e+27
-5.790348773064770969e+28
-2.657402320536265493e+23
5.034776864482774535e+23
1.041154454342252206e+22
2.591266122382981531e+24
5.009322350515477482e+24
-3.662407673046012478e+25
-9.761350696820305316e+24
5.357851891418968516e+24
5.176113757982133898e+25
-1.082356805111331533e+25
1.275138158543637254e+26
1.361735582430292133e+26
-5.529688898011641759e+25
-9.865193100678167384e+25
1.458905391505966648e+26
-7.983171614210548305e+26
2.346093617018467098e+25
6.162931700868397704e+26
1.196185908256405700e+27
6.158929147944280047e+27
7.644110579659443315e+27
-2.570370847261129060e+25
1.415686569671441177e+26
2.153549691514694234e+26
1.007168594703690290e+26
-2.602405685328809062e+26
-5.512080788704774140e+26
1.562507043287999085e+28
-4.398239718793117767e+28
-2.305958368284760256e+26
5.972344739531164553e+25
1.610031618099998390e+26
7.429891077323556756e+26
-2.489672245479192757e+27
-1.190218718031687816e+27
-6.411841530717244799e+26
6.937036310522335850e+26
-9.646565953851056880e+27
3.705188338202270523e+28
3.466295110032870470e+26
2.385364056303859392e+27
1.725009964093691666e+27
9.865703498970776773e+26
1.830218345653313278e+27
7.588016382940912393e+26
-5.514114859678676586e+27
9.660219410062389834e+27
5.757686124452155340e+27
-1.176817150706807024e+28
-1.875470483203416733e+29
1.345917216905164681e+29
5.750049423232939134e+26
2.989516971834626901e+27
1.402637583741758166e+27
-2.560400179587084698e+27
-1.009912917465298309e+26
7.178644943559749902e+27
8.061753397667920169e+27
5.809867603031264138e+27
-3.961241301908970595e+28
7.178646222691772257e+28
-3.714747869312627996e+28
2.984314374882920784e+29
8.931336039755886134e+28
6.698647619731864825e+27
1.064410661524711998e+28
-4.505542739767964838e+28
-2.356818046603306136e+28
5.951124890842777900e+28
3.778440590678771390e+28
4.248873225145150851e+26
-2.381413429714863082e+28
1.571980673328893016e+29
-4.873518961457558153e+28
-3.031019990151375472e+29
6.730380842350438318e+29
4.209720036660692221e+28
8.096313625755528812e+26
4.955947683258448902e+28
-1.793993350418031606e+28
2.421165383353953710e+28
3.637905957457269626e+28
-2.639018956343098703e+29
2.000840947652435253e+29
3.154888277848491525e+29
1.882085655454505623e+29
-6.565379569714017650e+28
-6.098455144551072462e+24
-7.549610609345271243e+25
4.941770601907440037e+25
-6.393183504402053618e+25
-1.179347593389550648e+26
-3.667130215671129022e+26
8.058888865842661990e+25
-3.993520499362453047e+25
7.771276388499412389e+25
4.441942706865491458e+26
5.974120590340371592e+26
-1.705616006737710958e+26
3.018615788380069949e+25
9.028617771461803025e+25
-1.157616531829962381e+26
9.052118199634855245e+26
5.985833097515989482e+26
2.821069315411537362e+27
2.453490314045471613e+27
-2.174738695929902044e+26
8.161918032093339901e+26
3.378124368549913392e+27
-7.074490772735630609e+26
5.278442921802812036e+26
-1.927109093125958907e+26
7.539791460982522285e+27
2.606721247766468448e+28
-4.510095468521440299e+28
-3.119985782366799394e+28
1.735177295595218284e+28
8.590236095453631402e+27
-5.289066338368672777e+28
-2.117905405362475781e+28
-2.979896270343144337e+28
1.125286084146291920e+27
-5.677238017182534880e+26
5.698157475808226350e+26
-2.522390772221688783e+27
-7.667440450089950292e+27
-1.049085949702778940e+27
-2.552890349713538309e+27
5.300782616371379422e+27
6.773329314434946343e+27
1.532481888592591893e+28
-5.129265107819903349e+28
-1.024387894159304431e+29
-3.540057449931512721e+28
-3.325667430019011549e+29
3.752312801439448385e+27
6.546449200109033461e+26
5.783223724158495210e+27
-1.346039689717868202e+28
-6.542685828140238248e+26
6.805967164051083122e+27
9.404055295541382281e+27
1.894569129987126358e+28
-1.315545574962572890e+29
3.003244876075096594e+28
-2.022884697205712005e+29
-8.323284009352682042e+26
-2.801739482564931886e+27
5.167198697063489781e+27
2.787344372209457025e+26
3.491247832192053602e+27
9.501129561801901548e+28
-3.417491608253346638e+28
-8.894162196321468052e+27
9.067165707876127127e+28
6.451028564321680263e+28
1.806984397134971514e+29
3.961421585583110060e+28
-7.993248318786779893e+28
-8.378102194584121974e+28
-8.080880154205507066e+28
-1.688353957877474946e+29
1.831482126029068252e+28
2.730780953746632702e+26
-5.461122874379469221e+28
5.177951455619865899e+29
-3.001835787667852321e+29
2.405240552869712979e+29
-4.737056079563270453e+29
-8.400420098056169869e+28
1.329977338439941410e+29
-4.993374471954809496e+29
1.673645838018541260e+30
1.729226046432549846e+29
-9.916326134023185336e+29
8.214611200122481021e+27
1.036039185681115538e+28
5.809517528172630809e+29
6.897676143516337664e+29
4.800874625858740982e+25
2.250411342508044229e+25
-8.671844608046241852e+26
2.899074815996337741e+27
2.042810746043211845e+27
1.424372761119088776e+27
-2.571488893397474144e+27
-2.150123000769409890e+27
-6.164772304545019450e+27
-1.670142413686703171e+24
2.252766024350496492e+27
2.314848284694127530e+27
8.164073808145845170e+27
2.322159734301428787e+27
-5.809932125757320272e+27
1.169406381431744027e+28
3.651955926697590117e+27
-1.167090456860895050e+26
8.121397821053279059e+26
1.238893028678250754e+27
1.954225265779139607e+27
6.121650520595643855e+27
1.764064143911191638e+28
-2.396313601596990009e+28
6.151885964002919047e+27
3.800142410344067110e+27
4.044860038548430705e+28
-2.134315113134872438e+28
-4.740277990565040670e+28
-1.177940694164817102e+29
1.482630030374153552e+29
-2.152193857910495944e+28
-1.134941234645107263e+28
4.130110834764094079e+29
4.571468729938174329e+29
-1.346463377549492236e+29
2.461373389065925612e+29
4.341131383401914916e+27
-1.034499672666166739e+28
6.588619187055356116e+27
6.989196552398199871e+27
1.364040406201993751e+28
-9.598765829796159352e+27
-3.266067951072290913e+27
-2.870696683468864181e+28
1.223378562669122536e+28
2.607667158747228389e+28
1.636313903540411257e+28
-2.105794584797639522e+28
-6.604351413264960078e+28
4.357947999345364995e+27
-3.898768514694660241e+28
-9.524055015409332153e+28
-2.293528655741182309e+28
1.177939399915204668e+29
9.141767869865229560e+28
7.829553821799921802e+28
1.725172788001105723e+28
1.958754719495185499e+29
-2.630074712299333019e+29
-9.523008241759718598e+29
-5.997621273207338409e+28
-3.628108628228524435e+28
-2.019456806067344431e+28
-2.624938858726707670e+28
-7.586701949173856518e+27
6.592921766914361160e+27
-3.353578984440921668e+28
-4.642446847690351456e+27
-7.147685140775613512e+28
5.166006096739752209e+27
2.313577975710626435e+28
-2.016732975438817400e+29
3.156101947883487540e+28
-2.759587450805558255e+29
2.674113444070259017e+29
4.412952354015641431e+29
-7.204003896883117521e+29
9.542316559709780734e+29
1.632425179941868405e+30
1.219395552135613228e+29
-3.160889070592832998e+29
-1.499365925663018434e+29
-1.713298418816515031e+29
-7.442907455980564856e+29
-5.416850669807734434e+28
7.033248623718049012e+29
-4.484955130530613013e+29
3.761937314079273147e+29
-1.393676448211894352e+29
-1.376212303270647856e+30
5.175156497749245982e+29
-2.831595140633651693e+29
1.904584181051492997e+30
2.472652060668097196e+29
3.568650198840112440e+29
2.671390866245308815e+30
-3.648277753246463637e+29
-2.314166166904256739e+30
-9.949394082333780682e+29
3.400999341674254374e+26
3.308122149939139641e+27
9.995990134832065348e+27
4.008057491163752460e+27
8.637786285866805800e+27
1.991974595542236794e+27
-4.638160459511465377e+27
-4.683870472104229994e+26
-6.763532394606915719e+27
-1.564652966402370210e+28
-9.337386244004350393e+28
-4.055613692673292062e+25
-6.716055533130113345e+27
7.029722734925701116e+27
6.439573800822280953e+28
-6.203196801118921557e+27
-5.306240598471701051e+27
4.393791058113270766e+27
-1.283426393031455188e+29
-2.243538098082708248e+29
1.596090450086279613e+29
5.862279079548485419e+27
9.168275652270281073e+28
-2.913731477735419619e+29
-2.175882599802597702e+29
1.775194049773913208e+29
3.107849492216881963e+29
6.447137233359274711e+28
-4.425763216452917229e+28
-3.066792760680671800e+29
5.004581768079151274e+28
-4.971391255963651092e+28
2.004672345823044588e+29
-8.658642688116469284e+29
-3.988999722243135833e+28
-8.838248961186381452e+29
-6.093224647593368628e+29
3.776936474431323098e+28
4.152852427774349276e+28
1.353412713480872822e+27
9.664531691168705940e+27
-2.110111875489661535e+29
1.279445300672718354e+29
1.014897241242838713e+29
-1.162031226124244799e+29
1.356694297351966944e+28
3.311968455704694048e+28
-9.100669931066013354e+28
4.927566274739512971e+29
1.769939948557308543e+29
2.403618516189956357e+29
-1.437734841195550652e+29
1.998053277793916691e+29
1.510458145931716173e+29
4.611314704345752457e+29
1.219302073776898890e+29
-1.432603384769297375e+29
-9.225096340127576643e+29
-5.395627499480111544e+29
-1.451953578173215458e+29
5.087728019667410274e+29
8.041359823451264903e+29
5.066329933587050434e+29
1.999010497841994189e+30
3.203270603671906404e+29
2.764206131411136595e+29
4.463227936706691703e+29
6.109853865348744916e+28
8.043499848017317735e+29
-1.510074971974184259e+29
7.006349184311920989e+28
-1.993065110019548422e+29
4.299722075685459582e+29
1.020147016814201278e+30
-2.735874726456743115e+29
3.400094499830169312e+29
-4.974834740895783262e+29
-1.238764335870675672e+30
-3.949753329774520719e+28
1.183142668228432225e+30
1.357094093325568275e+29
-4.476325143097767408e+30
-2.604241545598662292e+30
-1.299268847827629548e+30
-2.073334358875074232e+30
2.351825475219703174e+30
-2.200222093224800586e+30
-1.902808216207401404e+30
-3.133892161810208341e+28
1.282670254024093606e+29
2.313169847868908854e+29
2.464068748833123156e+29
-1.449349890613274483e+29
-1.405177604393113726e+30
-6.784599285248920070e+29
2.797137778306158890e+29
-1.683331701445698211e+30
1.465264542899548960e+30
-7.486407580214789202e+30
-8.548035345882312828e+30
2.307142020915307397e+30
1.981308568539223308e+27
2.330040943131478849e+28
-6.411898845130888920e+28
-3.526207187647881955e+28
-2.785957222394573350e+28
4.965455361434715755e+28
-3.742979043470032711e+28
2.860569823319747750e+28
-4.862815746915170200e+28
1.173836171186805932e+29
-9.973092334927466625e+28
-2.910487513180340096e+29
-1.859802171339791440e+29
9.750574856333203153e+28
-3.089681504500102677e+29
-3.962872861315139056e+28
-1.396385186884980496e+28
3.366998858039723208e+28
1.872008299487588025e+29
-6.080826554595206164e+29
9.792272393612997723e+29
-6.856542391834307972e+29
-3.878703963656832543e+29
-3.580412687896747900e+29
1.254973723838453206e+29
-1.342650402267698620e+30
-6.041312570676902624e+29
1.486672817443996687e+30
1.350515019898922874e+30
-1.635831394644728164e+29
-6.081274814039498811e+28
-6.572258704579466198e+29
-2.321662069134356120e+29
-4.872749089503518900e+30
-2.338444795348740391e+30
4.391399681187193176e+28
-8.542484514630067863e+28
1.476693170241389980e+30
-1.100931208382015733e+30
3.551221231362637297e+28
2.213114626580791317e+29
3.610507300069889153e+29
-1.060797529364782261e+30
1.306236464277113777e+30
-1.233329694283080482e+29
-3.141898715543727574e+29
-6.719327107402495948e+29
3.412480357765894328e+29
1.478263038611593136e+30
-1.090147375520660467e+31
1.124453533528115266e+31
5.815274424218007984e+30
-5.090342711614845740e+30
2.034900777970934768e+30
-2.702976681140987983e+30
3.918145171720382908e+30
-5.695076517932127587e+30
7.146254450371110562e+29
1.742221805389723789e+30
-1.516482414035665617e+30
-2.506161188645857894e+30
2.485793019751986999e+30
-3.056790341756988189e+30
2.276072017155731578e+30
6.422683686553644006e+30
-9.122066742700388561e+28
-3.011637936009856248e+30
-6.805796946365085945e+30
1.651937384718730657e+30
-6.063237002410380077e+28
-8.505945192390590663e+29
-1.312475070114070557e+30
1.148800474608551371e+30
4.199120981493000504e+30
3.809190250985697267e+28
6.777632331893451004e+29
-8.304678695607987857e+29
-2.155445553344702672e+30
7.753743844583298516e+29
8.224913203853178437e+29
5.659304620676287832e+30
7.230651490065036635e+29
-3.768374602879138246e+29
-1.551113803813831563e+30
5.638872628924998673e+30
-1.245027211433867359e+31
1.050599174524087383e+31
1.423013971434343996e+31
-2.469961524545026818e+30
1.674900383129921535e+30
1.491977452414059319e+30
-1.060232808230059302e+31
-8.839717698961242822e+30
-1.818800235846455601e+29
7.714278299666543815e+29
-1.426739559585374067e+31
-2.185294298177664596e+31
1.711774693731954936e+31
1.289060072835873438e+31
4.024640666991516395e+30
-3.579564955865182144e+30
1.058569155476348299e+31
-9.932074629385409490e+29
-1.828329688583464053e+31
-1.547598190202660461e+31
-8.280472353825658501e+31
-3.911712191073976087e+31
1.286902650488282786e+31
-3.314412790841350144e+18
-2.783637757959759462e+20
-1.108437513927446626e+21
-1.967841676527484273e+21
8.107314652963551314e+20
-7.937216839961698894e+21
-6.505492369201270725e+22
3.704268222950228969e+23
-6.026816687872755630e+20
-1.866647247551797291e+22
-8.435590058012311133e+22
-7.491640238494172421e+22
-2.067634819785141151e+22
5.219886714164258380e+23
3.257123037362289629e+24
-6.719189118758525287e+24
-1.706684196003305960e+22
1.056735075101998213e+22
6.904731067141172127e+22
-4.013239665992364406e+23
3.417237700316535131e+23
-6.758979947044271961e+24
6.222373763978144303e+25
1.168196718265671522e+25
-4.565675041555790954e+22
3.160693698251227167e+23
-2.921288206075204343e+23
1.357845131615652209e+24
3.523897288339978461e+24
1.686840505427484312e+24
1.495576449159599161e+25
4.101020628010706322e+25
-5.131251122098283828e+25
-1.635120910386795957e+22
6.029824272441752504e+23
1.034762559632223626e+24
1.924915783950968841e+24
1.635825297756706340e+24
-1.313128163515723208e+25
-9.806210495515681681e+24
1.482670047589578442e+24
-4.126350186381674254e+24
9.073414499853192555e+25
4.807226501947898117e+26
3.751904288010137418e+23
-4.273218389383993272e+24
9.014775587558758457e+24
6.266871472122629445e+23
8.841224237255175166e+23
1.557917469113563512e+25
-6.261897755872418555e+24
-1.254260344357191438e+25
3.107216159969499043e+25
7.425698290443080615e+25
-3.077389639814293595e+26
4.678268330433307882e+26
-1.618608844898503996e+26
-1.418059183011671570e+24
-1.147424679485189587e+25
-4.806681544948745952e+24
4.019823494366878089e+25
7.216944569693476010e+25
3.394468530507869283e+25
-5.646015240243450730e+23
-1.726675782114603992e+26
1.410625085059180544e+25
-4.854524919570411668e+26
-5.197633873319535814e+25
-8.272649113583093760e+26
9.324512650043013684e+26
-7.242695661687591849e+26
8.252054680915748569e+24
2.206920604336178135e+25
-6.659143488701836030e+25
4.601366328722252879e+25
8.924553042615687892e+25
-1.855624970701893002e+26
1.108739035822920276e+27
1.864335029931748742e+26
-1.871872474660373290e+26
-9.704230026407195181e+26
-1.087393779275038609e+26
2.027276669032779146e+25
2.928771785351879785e+27
-1.650348139854835062e+25
1.652680812263410751e+25
3.058746831589413874e+25
8.567008723331902602e+25
9.314452719231405709e+25
7.871920703448678149e+26
1.529205988927304244e+26
-7.514870715977507624e+26
-1.162722522716759682e+27
-8.212183930757849347e+26
2.283041046558795571e+27
-2.353217716070479422e+27
1.357662338227316038e+22
-1.530916679123132073e+23
9.376203702433467282e+22
3.370895079102948049e+22
2.692661948133788185e+23
-7.039822138324322385e+23
-1.906092129269589406e+24
-3.194533276181781245e+24
-4.536205486051371048e+24
2.544649687713203962e+24
-2.748018087970120121e+25
-7.999758067849993271e+25
-4.272388361122564987e+25
-6.125730681246572654e+26
-9.457044295010528935e+23
-2.852590202228321609e+24
-1.002763783736377290e+25
5.810755698240764331e+25
-2.751490843045681506e+26
6.974025926206061526e+25
1.746162330835744832e+27
-5.382515533886838148e+24
1.922506959282024523e+24
-5.277756982299213942e+25
-3.803910402022204685e+25
2.880154786587571716e+26
9.506106791475765842e+24
-1.035628733466673802e+27
3.261958248145909603e+27
-2.207887716540532975e+24
2.413923318019857274e+25
-1.721723393959013906e+26
-4.150936575060704712e+25
2.665899382382171062e+25
-2.732592374666323101e+26
-1.275287664562384291e+26
-1.748414376416360885e+26
2.666397613615561891e+27
-6.036964988686462164e+27
5.032830826686579975e+25
-4.305026831074623900e+26
-3.263467609721722261e+26
-4.227654719701714251e+26
5.231302655666945668e+26
2.318419447367286343e+26
-1.740942678530453643e+26
-9.238953544093633391e+26
-1.699783627906331238e+27
-1.026381452770843128e+28
-5.469546960644999630e+25
6.456218502586174396e+27
3.449345358830432257e+26
8.638627641089121375e+26
5.361964155659183947e+25
-1.734483359736813995e+27
-1.726540395051352723e+26
-2.015737211736492062e+27
3.562584896047584046e+27
8.909098351407209089e+26
-1.055579311414331311e+28
-1.077759417618507172e+28
3.806482879237211626e+27
-1.097645711958809570e+28
1.636951627217396469e+28
-1.595142610700459411e+27
2.210125068113125461e+27
1.834426248842998099e+27
1.396349709878319158e+27
-1.405915494233715403e+28
3.020789637856370411e+27
5.566630209235871426e+27
-2.807545236889850233e+27
-3.352465753444454815e+28
1.587741769102562536e+28
-9.421791498483435033e+28
-2.120532107320236553e+28
3.353363718472267921e+27
-3.351147874747316618e+27
3.908097683710612563e+28
9.886425689344909567e+27
1.023109840674141007e+27
-3.195736494113989921e+27
-7.355798325771444777e+27
7.828486649210738622e+27
1.571187902522391610e+28
1.559079741349869660e+28
2.537233219302740939e+27
4.045855991838540531e+23
2.560421086799754335e+25
-3.820097033485510197e+25
-2.322013005109042791e+25
4.163906349740293851e+25
3.204321760337852177e+25
-1.790479781448918001e+25
2.331036496982694974e+25
-6.932437659699483629e+25
-1.445815754085009804e+26
1.404992236713026505e+26
6.587830491254992245e+24
9.843942634232184304e+25
4.248945686533474121e+26
-3.730681554042703961e+27
-9.307920528482319478e+26
9.709631680971960104e+26
3.635685458302168321e+26
-5.115041156532861257e+25
-5.179680436966612143e+24
-1.199419551347429398e+26
1.235588080777193920e+27
-1.485712649632912748e+27
-1.371009168851542104e+27
-3.148875135691749665e+28
-1.269631780995301974e+25
1.107941033527045010e+26
1.472581810792859760e+25
9.935826322188634465e+24
4.838222952076698743e+24
2.451670054882671586e+27
5.318971512316873819e+26
2.343262333991106094e+28
-8.987813997180874575e+28
1.239575654468023914e+27
-1.229892187012795030e+27
3.129279015708569818e+26
-2.023229456868026129e+27
-7.731257407316972741e+26
-5.331550140107667702e+27
-8.146801999832758438e+27
1.665120496365007792e+28
-8.189366973352291599e+28
1.064796627023506033e+29
6.275506167449740508e+28
3.425981258766770256e+27
3.643661328791614114e+27
-1.831580273224558883e+28
2.228880457822171363e+27
2.697361535324777666e+27
5.396673758088541586e+27
-4.285984653177137570e+27
-2.224257157143083162e+28
9.981457834898295448e+28
-1.076784759299323343e+28
3.229084350542147824e+28
-8.245872326042165729e+28
5.497367788552244464e+28
5.561091384054634350e+28
-6.609725394582415052e+27
-2.677350355394140012e+28
7.986979149003869436e+28
1.658678015574266577e+28
2.001443045877015784e+28
2.030726920579625785e+29
2.664727052999177853e+28
-7.823580233315985154e+29
6.916070036329284093e+28
-1.692392231954770514e+28
-3.392664173185887730e+29
3.987311930251339437e+28
1.248193135968050064e+29
-2.517798108067042762e+28
-5.351759459500330603e+28
-1.101675413102456200e+29
4.384726381853711673e+29
4.557010241248215589e+28
-3.544011128164186328e+29
1.729133454245220076e+26
-1.016920381175018478e+26
-1.919908455327111607e+25
-1.558885431385855175e+26
-3.952155981391382556e+26
1.257174300757403597e+26
4.203937416609129931e+26
6.041442362830093306e+26
1.316067767432635992e+26
-1.326354743290432249e+26
3.074301358796649732e+27
1.755521442488458660e+27
6.844250924890126372e+26
-6.564741615460582635e+26
-3.661344224749930577e+26
1.328557076290984317e+27
1.371952082656144298e+27
-3.484668866767854355e+26
-9.452160588197642970e+26
-1.607671391513260322e+27
3.634606469463810022e+27
-1.456107238866605774e+28
-2.095643769040818363e+28
-4.091872439864438248e+27
1.284456365509619176e+28
5.512227343152364153e+27
6.308791496159221389e+28
-9.370571598934138931e+27
-5.594593351265223061e+28
-1.473734927891180379e+27
5.544515394102217107e+26
8.636870111648050661e+26
-1.618161101998644125e+27
1.547529475431423673e+27
-2.689640198463209233e+27
7.677567787923413155e+27
3.040222345847946616e+27
-3.874346637891827453e+28
4.147623153840582678e+28
8.614506028201779963e+28
1.205791483051795146e+29
7.273485882891057793e+26
-1.806307129127538714e+27
6.047500342205268348e+27
1.271736041238127898e+27
-1.949078978699004228e+28
-2.073825671594181150e+28
2.775920174875810860e+28
4.315496068560931317e+27
2.032087207388820021e+29
-2.398806389072328377e+29
-1.883353860076505074e+28
1.741297700111606738e+28
1.093820431496447500e+28
-3.129595645938947204e+27
4.183354497776559096e+28
-5.782602783470347036e+27
2.034325626667008231e+28
9.549308577257675466e+28
-6.252760130944671804e+27
2.515074130663627411e+29
3.636331021375658868e+28
2.176677503248002775e+29
-1.955537862791872567e+28
-5.362693656034950601e+28
-1.636493983171793487e+29
2.192441269903419737e+28
6.697024110576054863e+27
-5.948556032722721391e+29
1.672529590782681042e+28
1.760171040113802958e+30
-1.789859555491145538e+30
-2.898695809169516773e+29
-4.186269594045737029e+29
-2.313474505532415089e+29
-1.578360983778072860e+29
-6.535798208197893357e+29
-7.228723375119413675e+28
6.396434439536587470e+28
1.372672445458153082e+29
6.076116901065247559e+29
-6.111354046191096065e+25
4.042908921617300364e+26
-5.132960307850345611e+27
4.803187480765194573e+26
-7.856832940073770105e+26
1.333411498789242643e+27
-5.979278720827012970e+27
-1.856900590514379037e+27
-1.830039222257770481e+27
-1.155562473475065066e+28
-6.139707497515426099e+27
1.577005984703339594e+26
-1.167424457498244480e+28
-3.803318049801912020e+27
1.558296415371311655e+28
-6.493850362773376600e+27
4.819078916098089861e+27
-4.959634833966483755e+28
-2.773699066109086839e+27
-1.542396273184792933e+28
-3.783486384903420053e+28
-1.183158188221054436e+28
-1.649735620398329241e+28
-3.387709711873907336e+28
1.237418244991755193e+29
7.965946330038992871e+27
4.706908347946101584e+27
-3.722369732382175278e+28
-3.320053746234972103e+29
-3.994619549994378505e+29
1.420410551425602836e+28
-9.410756921137050402e+27
1.032358788598081937e+28
9.096334271004894376e+27
-6.633607513176870542e+27
1.051600566772785795e+27
2.916232377464333624e+28
-2.779506255884065373e+28
3.763837237331928024e+28
2.210419694833314483e+28
2.314155816256305624e+28
1.737943522545906098e+27
-7.641188926087510330e+27
9.496427784255381172e+28
7.963549735587284675e+27
-3.430461183822380953e+29
1.058442743220159339e+29
-2.006053225842462621e+29
2.368722209373854633e+29
5.983989353680443415e+29
-3.864866985811893335e+27
-2.796790072882730756e+29
1.698038580493193783e+29
-1.193662135979148831e+29
-3.196740563555593656e+28
-2.015663365320840134e+28
1.961383287568205713e+28
1.125612015154265631e+28
-1.290894948182064672e+29
7.819234226602545392e+28
4.150093561849638414e+28
-9.795146247164809893e+28
-5.011488160962982990e+28
-2.974664790991192443e+29
-1.862176440009487912e+28
1.155540780180940473e+29
-6.940395354939001946e+27
-1.631664273425988491e+30
-1.756166588958756224e+29
-2.874086295777453093e+29
-1.814991649920097360e+29
1.693805095664300096e+29
3.402950970601927743e+29
-1.096065404400912610e+29
1.024145823098948538e+29
-6.716570508432870696e+29
7.156856143232636550e+29
5.948099049677501532e+29
2.604634487677018388e+30
8.297881862846097432e+28
5.403322287426700978e+29
-4.334839742862452891e+29
1.757888108159636833e+29
-1.238534373488910090e+29
6.103733291513132832e+29
-4.164962848006828843e+29
-2.281524074813593551e+29
2.189950180007821801e+28
-1.593986069132532919e+28
-6.398299296802964879e+27
-7.299032882898222158e+28
1.979090089093526104e+27
1.395622763777618927e+28
-1.642334000876891172e+28
-4.107016694258598900e+27
2.722301136193501560e+28
1.366950193796150985e+28
4.856375350699927121e+26
-9.478995322440643058e+28
-4.402784809422198157e+28
-2.403785858298869135e+29
-7.298084239856618041e+26
6.257476269674556238e+28
-1.726694198598104263e+29
-7.417582339051099489e+28
1.321797582645032831e+29
8.877510736798825251e+28
6.107583900286574554e+27
-7.784071925847880891e+28
-4.810351471371533976e+29
-3.971821642745146787e+28
-1.953262145723855659e+28
3.603205351260820284e+29
2.361936714331910261e+29
1.655495981719392566e+29
-2.509547144268021753e+29
4.978473044623293085e+28
7.686093941304144172e+28
3.352822851248283789e+29
-6.067173789926617960e+29
-4.658168520275717927e+27
-3.212371766986320408e+28
5.170205572977872377e+28
-1.415544186060416339e+28
4.763541492277621382e+28
-2.931165603219390429e+29
6.833175286656706608e+28
3.851623921221900807e+29
-2.804054289339361219e+29
1.737324454268134005e+29
1.059446099167550525e+29
-9.754138698659208530e+28
-4.855645242460164129e+28
2.880748541867880752e+29
7.926147789748862314e+29
-1.513451354687007734e+30
-5.536923403495594803e+28
4.778483759557431273e+29
8.861068311146777582e+29
1.655742135909666777e+28
8.539018344196446635e+29
-4.208565015666197332e+28
-9.687772695963386950e+28
1.214983918119125513e+29
1.113297939364287715e+29
-5.693322782015550824e+29
4.238085301749876557e+29
-2.694931654736654507e+28
1.220894198034699269e+29
1.412419472390074464e+30
1.415666437430967861e+30
2.170362995549403913e+30
-2.609133084562085147e+30
1.067018734498359147e+30
1.740945406557457903e+30
-1.037177421679785592e+30
-1.208016803039248024e+30
-4.987626586856682877e+30
-7.081712750056823567e+29
9.564707421538897461e+29
5.635595548129636110e+29
2.428798153820451872e+29
1.270091284430834380e+30
-2.996042788972324542e+29
3.177078288665382248e+29
-1.155035183386944407e+30
3.346266004066519360e+30
3.015789240470325318e+30
-4.396753261077838237e+30
6.836995733047950554e+30
1.017245813003711970e+31
-9.164628281925791190e+30
-3.221385218941643948e+28
2.744808509352205226e+28
3.430347136691027112e+28
-6.589225277494574119e+28
-1.168791014339063621e+29
1.576327907029025305e+29
2.104995830130056890e+29
-3.720169417109738617e+26
-1.297476141638175561e+29
-5.804748380065599682e+29
7.053531080308886650e+28
4.257472467241630282e+29
2.452868134586448520e+29
-1.417984951548334035e+29
-5.788876669927963611e+28
-2.153401017837139642e+29
-1.952680598804386500e+30
-2.194225538170815314e+29
8.513016997931633482e+29
-4.865787226269240829e+29
2.154943724532566292e+28
-2.426911518411144692e+29
-1.726687097759024749e+28
2.709212695087527602e+30
-1.802874992194938681e+30
2.887605007507250492e+30
3.073082311003322783e+29
-4.075684115379536948e+28
1.666825687200230800e+29
2.067958768281285229e+29
1.016145425905114592e+30
-4.099687335627444554e+29
-5.541378916996032413e+29
-1.559556353262474953e+30
5.998245785461905066e+29
-1.755176507952469879e+28
1.384987870772843328e+30
-1.496250770217183223e+30
-4.819818151983899078e+30
2.329247899506980447e+30
4.183459932320159924e+28
5.990413258052636016e+29
-1.810778922330344852e+30
4.400670920295538333e+30
-1.719118950226177974e+30
1.260072114978205148e+30
-6.048656592227254283e+29
-9.962574333987424130e+30
1.308450430761922215e+31
-2.685880702004631965e+30
1.344249063760325967e+31
2.462178886657083857e+29
-1.648997231595590739e+31
-1.749086339981880735e+31
1.123823724775748186e+29
-1.229147125727487793e+30
-1.803148343648726222e+30
-5.240205553284220526e+29
-1.437358641174616513e+30
2.440547859544333133e+30
-4.751393567831322723e+30
7.030147539704180563e+29
4.776232183884752589e+30
-9.345994698881493866e+30
6.347692558206757412e+30
-3.935378728442241123e+30
3.433137459974934426e+31
-6.821125065764297329e+31
5.375112841319690603e+31
-3.798507254958293268e+31
