-9.956624170193560000e+15
-1.376356119498969088e+19
-1.354664072723108823e+20
7.345671908045630996e+20
-4.748867194511957164e+21
2.107939600713925001e+22
4.484488198283095074e+22
3.682305146650220508e+22
-2.720880455778682326e+22
-1.776640765633890714e+19
2.454031549143259546e+20
2.145663879688718909e+21
2.358106143063168097e+22
6.393230018377730438e+22
6.808710626055755189e+23
4.865909681224930243e+22
-2.572482697408043465e+24
1.143295841954879934e+25
-6.960250111929548800e+20
-7.692751585822565728e+21
3.161492494387167363e+22
3.222087042683235792e+23
1.009099878062937090e+24
-1.706607649012183621e+24
-7.783651784664797896e+23
-3.617931876570316934e+25
2.118749487274907105e+26
1.425167805359807529e+21
6.556843093989697939e+22
-5.627470587677523648e+23
4.674009667319684064e+23
-1.062291435201552485e+24
-2.313838161846200265e+24
-1.789825900214189817e+25
1.381940970988936882e+25
-6.018743237661737646e+25
-2.800244072225013130e+26
-8.786220587204424499e+21
-3.951271609695749160e+23
-5.965546754519106222e+24
3.048232688363168323e+23
1.268887424967736851e+23
1.125346131599745478e+23
-1.264809313600442848e+25
-9.296809951843647903e+24
4.464528457366722920e+24
8.963592851594984722e+24
1.255848318181632158e+26
3.834754611998457372e+26
4.984969749019974697e+22
-4.487587116051062420e+23
2.642599307655237186e+24
-2.289409555900930095e+24
1.250174696869106851e+25
-3.154244691106244097e+24
-1.163387439694278715e+25
8.193206277569094510e+24
5.326449268886524284e+24
-7.074804146016410900e+25
-3.270767080832390875e+25
1.628761338074310211e+26
-3.451312917938259970e+26
-2.116206747023329054e+26
7.326359467316423426e+22
1.110588623895830949e+24
9.315630086337832956e+24
3.226211193158539206e+25
-3.555028591820320549e+25
-1.014881643996928858e+26
-7.705329546857371899e+24
-1.598183668850317471e+25
-4.281773522996882569e+26
1.494573464418257667e+25
2.282531808955067539e+26
5.591644218427073063e+25
6.765034737181397755e+25
-3.696168607640799257e+26
5.837224668184239273e+24
2.196349468746412657e+23
1.182120944662351925e+25
3.822673193143036150e+25
-1.200518441606230036e+26
-2.172226124931760764e+26
7.082620652173709208e+25
2.861518347959895896e+26
1.362196934404004047e+27
-9.667637120852284480e+25
1.262100034394487150e+26
6.684556839301693206e+26
-1.262009841077764380e+25
1.175060684225754402e+27
1.272926749249725943e+27
3.686749951436412420e+22
-3.786460883858449968e+25
-1.082711767680070781e+26
3.189899599018298347e+26
-2.600812539703598610e+27
1.166118470593143654e+26
-1.176845575584199113e+27
7.378805744618939982e+26
8.123316041857989776e+26
-1.049203708802476108e+27
-6.564361131302572501e+26
5.531846815805195261e+26
6.328070534897332340e+26
-1.958170484448960184e+20
-7.927069722796548424e+20
4.609533782037238907e+22
2.284443192141279134e+22
1.820039982994237497e+23
7.863315293319254791e+23
1.034910712996269342e+24
-4.375044476460253147e+23
-6.623310763429595311e+23
-4.666494527185482863e+24
1.781342709909799827e+24
-1.220645206333315722e+25
-4.746115903486584691e+24
-3.804601658591807546e+25
-5.859008668842224414e+24
2.324167556435790208e+25
-9.655653928559898211e+22
4.369027474667512414e+23
-2.211599216098273376e+24
-4.648601317207275985e+24
3.846412034419250349e+25
5.419047218925072530e+25
-8.927800481404595237e+26
9.886519943241642439e+26
2.158350035898412491e+23
-9.816819256442342668e+24
1.058035066233071408e+25
-1.899604560514588584e+25
-4.199154459055044710e+25
-2.327919612535132100e+25
-2.045937965953012901e+26
-6.748644933974999336e+26
-1.543328271175353444e+28
-4.341487308379671935e+23
-1.106009378699452108e+26
7.524985132687464870e+24
-6.292712586937431410e+25
2.537345317676682097e+25
1.725245298305017081e+26
1.752949791266304799e+26
-7.934947720408366173e+26
-9.813502736081326751e+25
1.834710878404264231e+27
1.053402881665532394e+28
-1.439204503708783235e+25
-1.102616089965289777e+26
-1.670716595431391390e+26
-1.850601334844372319e+26
1.662013393371567501e+26
9.474927784567433959e+26
7.339619524058582381e+25
8.076694759907053104e+26
-2.356941137722251160e+27
-2.207883080182605232e+27
-3.852412766587744406e+27
-4.042401731965130550e+26
5.737261207821308685e+28
8.566238799138688181e+24
2.976834566108281061e+25
9.716961005533210305e+26
-3.849805854951351546e+26
-6.696337540591585178e+26
-6.351928161764464869e+26
-1.556746857809731642e+27
-2.620227730892718524e+27
-6.596193070387607034e+26
4.497139403095513434e+27
-7.137837928648786605e+27
-5.843025489955671115e+27
-6.922276112483966767e+28
-3.024502494034766033e+28
1.083146549234326376e+25
5.221050234285070169e+27
9.470668896097522814e+27
-1.891770847566440513e+27
-1.422434319290283416e+27
2.303756474385906914e+27
2.452374593297581980e+27
-4.064229300540510140e+27
6.924434321296016195e+27
-2.586768491130142372e+28
2.543524049455016493e+27
-2.528987387919438394e+28
1.012835678888227743e+28
-1.428366305644231948e+27
-1.171460383805487163e+28
-9.168912234917292633e+27
-2.951230137631394941e+27
-1.597716556391250659e+28
2.288088936343623018e+28
-7.296344450147375120e+27
6.780168596749860815e+28
-5.110406048431546890e+28
4.371978849567435678e+28
-2.751529410935561043e+27
-6.898961067759043248e+28
-1.189857912019581057e+24
-2.169221826004205789e+24
2.067677045164964724e+23
-3.419267467039379242e+24
-5.168673325890678576e+24
-8.336452215069264245e+24
-9.974691460179316674e+24
1.858026994373754011e+25
-3.129512082953346891e+25
-3.217070612725855558e+25
9.316864547723117509e+25
-1.647430173698143520e+25
-9.049202032304957493e+25
-6.830985221382555853e+25
-5.507610165238422956e+26
-3.829541749494491055e+26
9.482330683465646551e+25
6.605042451459537065e+26
-4.022070279838198096e+26
2.598569672476644393e+27
1.775861042226685116e+27
-1.462594810984645065e+25
2.814071383408081679e+24
1.079779106081569670e+26
-7.934732472596959596e+26
-2.182686486826857051e+26
-3.059445227825388277e+27
1.315499308789447732e+27
2.252751857966439406e+28
1.513596298689092010e+26
-2.872866649635064702e+26
4.625670293746782985e+26
1.258945660252057408e+25
-3.460913087803896447e+27
-1.120986488412373404e+27
-2.010733736811722354e+27
4.438871050590187793e+27
1.712878834808667874e+28
-3.770165038946978296e+28
-2.591196906744397558e+26
-1.411184283092986727e+27
-4.717712544788691964e+25
-3.252129000026461575e+27
1.923670221628275837e+27
1.676766717459787768e+27
-2.312309537584215308e+27
7.239227347725502320e+27
1.148273028300255431e+27
-4.624938998399936856e+28
7.427594950413218211e+28
-1.194805453760755717e+29
-1.656342119363992209e+27
-1.297039497893056220e+27
1.984491662490573825e+27
2.743357073755204156e+26
5.567446026532676580e+27
-1.252612175489356621e+26
-3.090915033685703343e+28
-1.410195242237935564e+27
6.976088868200711291e+28
-8.357339464137626388e+28
-3.241773563179654932e+28
-1.140150877849489913e+29
-2.864879952793350586e+29
9.528539079736130402e+27
-4.567709650811698603e+28
-8.645837039430390713e+28
-1.157821891891697086e+28
-1.217002398078752172e+28
-3.644515607579170462e+25
-1.175254178752412609e+28
6.340739567230587239e+27
1.965264352782377263e+29
-7.757671913977733354e+28
-1.809411960013171668e+29
-3.188267234051861051e+29
-1.628613230152336694e+28
-7.750957308312803711e+28
5.375558520043163864e+29
-2.508278098511841587e+29
3.015153636301410373e+29
3.188827724234236089e+28
7.645298203013030124e+27
-2.850709965763557241e+29
2.803837453355611159e+29
2.221700509567756371e+29
5.179070267768195149e+29
-4.716564996438287318e+24
6.573723000259695977e+25
-4.953933693457438995e+25
-8.650973224595366289e+25
1.915773656886093769e+26
3.470631763513253093e+26
-5.465871247962606346e+26
3.541004692298131376e+24
7.041821878749689066e+25
-3.895282589484151615e+26
-6.511790664667405375e+26
7.437876877204985971e+26
-7.893523653597661446e+26
-1.592167094674437903e+26
5.213291266383431043e+26
4.135484103931467748e+26
-9.083724642081962464e+26
-3.757726981622759565e+27
-1.647756691971117184e+27
3.515832393152325649e+26
1.841514656345430232e+27
1.602064903635361914e+27
5.722809307713212653e+26
-6.130521465802412461e+23
8.824082443431975263e+26
6.108556820564967690e+27
1.269850779951264910e+28
2.823141129252236184e+28
-1.867144614685640706e+28
-2.407624909371869965e+27
2.797706156605703534e+28
-2.890727433628112077e+28
2.398749757300662906e+28
3.732335699364079686e+28
-2.443258209374445533e+26
8.200555937612822605e+26
1.154170356969661871e+27
1.118996166414227151e+26
-7.008061587229243578e+27
1.110888981187978672e+27
-6.062975003344640063e+27
6.197561157070380749e+27
-4.381986589621794099e+27
-6.581859826075310671e+27
-1.723125544750760245e+28
-8.496066711529320419e+28
-2.202635914704820368e+29
9.941006039999511023e+28
-6.536746268239119983e+27
-1.031657746530477280e+27
-7.837233606627367077e+27
8.751264296302073461e+27
-1.020029973464503374e+28
3.190789718567646856e+28
1.130070138327188208e+28
4.759996418846360222e+28
-3.900854479880410673e+28
-4.029880905822977381e+29
-1.013872269278147112e+28
-1.806357150448857371e+27
-5.192108326333759321e+26
-7.119991656518554466e+27
-1.140315742921691374e+28
3.226354540646421061e+28
-1.066820616531372249e+29
8.522331806039649586e+27
1.994180459074647442e+28
-1.984073408412462951e+29
-1.225338342662014689e+28
-3.817470098986595814e+28
1.607718088209737564e+28
1.140241451925086899e+28
-6.673493773795377194e+28
2.573661085482272724e+28
-3.179542443861315671e+29
-6.913436376495107962e+29
4.615210560695728379e+28
-1.547272233272015247e+29
2.219842561250793039e+29
2.176170509306939703e+29
1.732132292030791255e+30
-1.019076522051174932e+30
-1.438559550681030632e+28
-1.801679031214221666e+29
-2.268992242926194051e+29
7.030794283385569987e+29
2.360048925198001811e+29
3.920329204938237167e+29
1.402974348374958949e+30
2.086097915433684769e+28
4.911027628322302088e+29
-4.094083125694834745e+28
8.532628778869125001e+25
1.838337001582811705e+26
1.822893628064889121e+26
-1.525214952735429180e+26
-7.998483091025097197e+26
2.282414658475800465e+27
1.861965293295370664e+27
-9.915861080025413989e+25
-7.460179314164897755e+27
-6.690551630544277319e+26
1.070769898696006486e+27
4.600031371856932740e+26
1.293412073687144588e+27
-2.119510738762567897e+27
1.664251168660483517e+27
7.924942991212046411e+27
-9.362488013725338502e+27
-3.818986393851255326e+26
-4.590759655203784666e+27
-5.716621862669080616e+27
1.851308803322829859e+28
-3.074875005100164383e+28
-2.849313737230583110e+28
-1.986553966092451091e+28
3.336723560981878813e+27
-1.903556825955127777e+28
-4.904654903495399395e+28
3.279416726728339023e+28
-4.930239280806161443e+28
1.485354369756609879e+29
-4.943291764066722371e+28
-1.035734539380175155e+28
-4.744161140177903565e+28
2.310889346300923868e+29
1.325184966533127364e+29
2.602039588863457628e+29
4.608699376997261462e+29
-1.068301817843294239e+27
1.364540585973562093e+28
-6.719317100146757286e+27
-2.036704898379273209e+28
2.479539419210318154e+28
-1.045581724349318403e+28
-2.425080567296636454e+27
-1.132958442445699117e+28
-3.540641719508750865e+28
1.810770597611023654e+27
-5.899006121842774313e+27
-1.076287984178929158e+29
-1.888546826118244563e+28
-2.748007218250159352e+28
-5.144676471257556321e+28
-3.205902984406032131e+28
-1.060631064458236289e+29
-2.839097110614833756e+29
1.201728681875531463e+29
1.653234077928231115e+29
-3.122452141416389328e+29
-6.100375218234056904e+28
-1.289332137269827976e+30
-1.426741494576458902e+28
-7.165139437176324352e+29
-4.883955987754870431e+29
-4.927118125500595818e+28
-2.864905613546291077e+28
2.970998034716792621e+28
-1.314521698695430948e+27
1.280770145574982727e+28
-3.396259715794656579e+28
-2.183937664851418930e+29
-2.691018477621751674e+28
-4.144456436405637716e+28
1.746519778833382191e+29
-4.583600636667302360e+29
-4.898384427271776393e+29
1.714688817844107520e+29
-1.633658515521445531e+29
8.248937194759471160e+29
-1.146568798913472591e+29
7.827387160181053803e+28
-2.475338590986224674e+29
-1.738113853136621455e+29
-8.501801313357080122e+28
-3.927415102766504326e+29
-7.675478755532773368e+29
9.716001490450100037e+28
-1.411685214828353788e+29
8.167246395882020378e+29
-6.344276487522533409e+29
2.252970788990997121e+29
1.431869348373895966e+30
1.714214714503099208e+30
-9.001993138026269937e+29
4.792484228765007142e+29
1.310040076434945949e+29
-7.936175742945045160e+29
-9.460147618656960917e+29
3.208594990063454595e+29
-1.540452934327655096e+30
-1.456831817623492927e+29
-1.324284106191905861e+26
1.171406701367235819e+26
1.862320391372247238e+27
-8.850939371788545503e+27
-4.570758142048825377e+27
-7.243890511494241758e+27
-3.011564327258527800e+27
-3.277937067292549601e+28
-7.375231091162708851e+27
-2.847203431978579574e+27
-3.724050682679628353e+28
1.427448608514454844e+27
-1.245284519635854844e+28
-1.419154465435595583e+28
3.342626452905246367e+28
-3.217039487090266552e+27
9.466772182006879509e+26
-1.405048229342565403e+28
-1.844784987962409943e+29
4.086629599249538217e+28
-3.403529887635719475e+29
-3.823971346430669930e+26
-1.421223190759378799e+29
7.088460577355251965e+28
-2.259414605005339389e+29
1.682909832343474279e+29
-2.007938831049013641e+29
2.875583306140286333e+29
1.676452954454371837e+29
5.010542258382128695e+29
-1.400721717556330030e+28
-7.355921142290615317e+28
-6.049575194112607133e+29
-3.565033093539002876e+28
-1.367297352119536172e+29
-3.572187330844167657e+28
5.581120091829910246e+29
1.611837156220135412e+28
9.126635736724607395e+27
4.305467890814185942e+28
-7.090827483271052954e+28
-1.224086542771001615e+29
8.368174296105362561e+28
-2.658088574155818201e+29
1.054013619361946684e+29
2.632227077263133349e+28
2.346460664403860329e+28
4.909469761908833142e+28
1.203372106369150883e+29
-1.655670528620441842e+28
4.399904292840697934e+29
-2.846045530537547841e+29
-3.509703476838118308e+29
1.124967271214286172e+29
7.236667554283670421e+28
-1.172459425880636543e+30
-1.979472903336589288e+29
-2.257100703024430805e+29
9.115095799312709866e+28
-1.392757686323760138e+30
4.085868502033711726e+29
1.005938609758961332e+30
-1.446470021554999176e+30
-2.024719145225269528e+30
-1.321158722589659592e+29
-2.666359486941749757e+29
-4.887043523843217269e+28
-4.685713078205523582e+29
4.892138385503959454e+29
2.406793981924808783e+28
2.256164044238856781e+29
5.194284981957960656e+29
-1.777161569343959531e+28
-2.022442353687470242e+29
-9.153779126202134464e+29
-6.222519443897988154e+28
-7.835858570499327453e+29
-9.390636779680340041e+29
-2.900739019070324436e+29
-3.578944648518260492e+29
-7.312247737339276484e+29
-7.046124701061203455e+30
2.643904464220022636e+30
-2.223228174093312842e+30
5.059359679008764149e+30
-1.471663868361650647e+30
2.818371284517249287e+30
-1.424152777023908646e+29
2.311936981005320491e+30
1.522921269476576958e+29
3.327685724212751556e+28
-1.698829203092420904e+30
5.402815773038871092e+29
1.497595948196406570e+30
-1.564768664334849961e+30
1.301064385214743233e+29
-2.065981496397155592e+29
5.465438323327070981e+30
4.032347879356592433e+30
-2.020660294539187055e+30
-2.477252250856884637e+30
-1.109273007383760523e+27
2.680189584068872753e+28
-7.197982321748816662e+28
8.945693534403379948e+28
8.605895672732586731e+28
-2.451793886465774661e+28
7.649814536348548478e+28
-1.064065442307736296e+28
1.152061184793291961e+29
4.915588795264443937e+29
-2.403528583553127845e+29
-6.462341911321054760e+29
-7.478210987788415623e+29
-1.501025287809853759e+29
-2.605710707729220969e+28
3.091604535572425588e+29
7.224685783885531783e+27
4.943066397401300307e+28
4.643696506590818809e+29
3.820494523416379597e+29
-2.959600689882479715e+29
-3.390233779750807914e+29
6.825448669959702279e+29
-2.952100759187935986e+29
-1.066854929129489826e+29
-9.226337567416007849e+29
-4.631906957098762907e+29
-9.998992453276274759e+29
1.052971290855044245e+30
-8.959775863497476968e+28
7.503600521577554162e+29
4.192165489694749651e+29
1.447579845481069749e+30
-1.301630596517354782e+30
2.163131597991284043e+30
1.712036386876607533e+30
2.766199529078999061e+30
2.542963052509133756e+30
-8.578292844551045919e+29
-4.441433022108185983e+28
-9.547272367683720668e+28
-2.341467952305964784e+29
2.703148017564640766e+30
1.896957460924874957e+29
-3.955071869173677129e+30
-2.267413748105211136e+30
-1.447550330403603838e+30
-8.190795363765022411e+29
9.104800992614288109e+29
1.073032368533662225e+30
-2.488270893709688596e+30
-7.602594881400826957e+29
-3.228647085787633519e+29
-4.091155766568036392e+30
-4.088042251205483826e+30
-1.142251958446827655e+30
5.988276603830209087e+30
1.694640974768997505e+30
-6.010003196512565924e+30
4.131147243393863724e+30
1.144118292334036282e+30
-2.833305219800792666e+30
8.627005344235090426e+29
9.768199487084896244e+30
-9.716587315977609953e+29
6.260595229713478672e+29
5.728122451172139928e+30
1.095826103030532759e+31
-2.616469408696170704e+31
1.317691527088395570e+29
4.924195719560263913e+28
9.814385940754011681e+29
1.382477942310486728e+30
4.360856555334130778e+29
-3.863591020977196744e+30
-3.312977388529523521e+29
-2.237907403209247037e+29
2.163010286846167921e+30
9.779360046701183442e+30
-4.381330148402357446e+30
1.329029601378691055e+31
1.115000879106376655e+30
-9.624857679921305350e+29
-1.421947338453514360e+30
1.373630865939114730e+29
-1.294172200884308907e+30
6.959676738677617775e+30
-5.489408007991181491e+29
6.324779189851806679e+30
5.780862907956413669e+30
-1.051274900029283324e+30
-5.869880293903403991e+30
7.570410551421917125e+30
3.251782789920068097e+31
1.211371108206611493e+31
2.642804059633743244e+31
-1.983832999316581751e+31
-2.690401018657045259e+31
3.681835515707473246e+31
2.277706996610767526e+30
1.203289641421480159e+31
9.610347847828179419e+30
-1.546166401179081890e+31
-1.330074607749744487e+30
3.552077292802333064e+31
-2.683212587660041269e+31
-2.283317737422812610e+31
6.152089327460214084e+31
2.325024169993555149e+19
9.403965175245969408e+18
1.586279773193123135e+21
-2.454064617656136237e+21
1.279622976419194837e+22
2.243756085067717804e+21
7.499229944261042504e+21
-9.148138891910878069e+22
7.020722838314518118e+19
-8.183582979207667384e+21
-5.684535194431241008e+22
1.329695205427121477e+23
-1.572468401584722212e+23
-9.996538120984849075e+22
1.231770717835415731e+24
1.088567594945614657e+25
2.093589973342415435e+22
2.894193698451136446e+22
1.601723632057777106e+23
9.985402748742710749e+23
-4.263818744339277841e+24
6.820074333491105492e+24
-1.308416626205181168e+24
-3.776489576744496479e+25
-1.550633579172589302e+23
4.164113697243340934e+23
-3.942352810143513492e+23
-1.840820007992387699e+24
-2.376088603764487151e+24
-1.757947899123958995e+24
-3.179806067870840293e+25
9.390206527813600301e+25
-4.467303175058510708e+26
3.590644918513149957e+23
2.152489124507207734e+24
-6.919159431100790137e+23
-5.546752630769603974e+23
-4.555360014237542019e+24
-1.675273075385160979e+24
1.331710946439054878e+25
1.873520894159417359e+25
2.405398345211012782e+25
3.379732656266405716e+26
2.559254321285647210e+25
7.953796726549928980e+23
-2.727646117883913137e+24
-2.115360921629154025e+25
-3.383325779037162769e+24
-3.942613860792206969e+24
-7.565172944021252282e+25
9.875782575584875171e+23
-2.238860140692896899e+25
3.545517062530545320e+25
7.721412124328665448e+25
-9.545682791710783255e+25
2.887350597341202792e+26
-9.160581495466795481e+25
-6.836597383688942120e+23
-1.597406766239886562e+24
2.516615350651358870e+25
4.840858136410109415e+25
-2.493531280620340540e+25
2.567519117986977458e+25
-1.431056171160349939e+25
-2.038815078289051933e+26
-3.068186966828013813e+25
3.386396810421773281e+25
-3.270930913447330116e+26
2.565600976979964966e+24
-9.884328452838356258e+26
-9.387683194892822218e+26
-2.109108288356669492e+24
-6.484441437296577340e+25
9.155415729879138865e+24
-8.829369248780537903e+24
-3.936802855060396917e+26
-5.449651386850560860e+26
-3.115639717668069550e+26
-5.812422187696471555e+24
1.723342518083785850e+26
-2.311951738575329497e+27
-2.509332004837048933e+26
1.770001817341668453e+27
-5.706786805232139781e+26
-4.392184186897036382e+23
-2.217829498140380814e+26
4.950863707493509369e+26
1.029317922572433286e+27
-7.096698736466551058e+26
-3.088136047953782563e+26
6.563791743916091011e+26
2.435163397319869812e+27
-2.288308116520332030e+27
-1.135121823817767124e+27
4.363013809364201342e+26
2.129842957326804410e+27
-6.355154867952037344e+22
5.990714175037293095e+22
4.551191156320946147e+22
3.673336554143303892e+23
-6.655634907747637401e+23
-2.621200329637605790e+24
1.730194511974919202e+22
1.867400747741575960e+24
-5.659797786758452861e+23
1.148528094014433965e+25
2.676944137878447683e+25
1.057993858243889609e+26
-3.014654191987452366e+25
4.667317767279884820e+26
1.055819811144823963e+24
-4.033242463377845618e+24
-1.841760522832340545e+25
-1.237209872424027063e+25
2.870718803956166805e+25
-5.602566534032610731e+26
1.807075851244434624e+27
-6.030690097500343432e+24
-2.623932703797869496e+25
4.496029404961580257e+25
2.448712780764721690e+25
-8.193143174933351503e+25
-5.332486900506848359e+26
4.386402814547303808e+26
-9.483563596219260326e+26
-4.607614284353412011e+25
3.782631321646060400e+25
-1.769400450316281969e+25
2.976479345040593541e+25
-1.842192929360074623e+26
9.001600826615758682e+25
-4.758903826490065060e+26
1.824425769884910033e+26
4.712570046792028025e+27
1.747598879282323249e+28
6.006845179259549490e+25
-3.547372121136731592e+25
2.178759788301430176e+26
-4.515406824992576321e+25
1.186490483474075652e+26
1.627849568899298734e+26
-1.809844098464146676e+27
4.360576369681457897e+26
7.746344224317796007e+27
-2.441214151062382768e+27
-3.039416657761951973e+28
-7.057565632933748375e+27
-1.602325395532883050e+26
6.818545579185808341e+26
6.139114504225215567e+26
6.704033122817287026e+26
8.242909141070850794e+26
-6.358806700184909865e+26
-1.178855668779168803e+27
8.838476801762560324e+25
1.398760202687948306e+28
3.306769188323237650e+27
5.098377131843849354e+27
3.284202674254139513e+28
3.228583627462208761e+28
-1.672452473136602221e+26
2.264447064415518701e+26
5.070245213339669916e+27
-1.481473711627820561e+27
-1.320134466236661772e+27
-1.519686158296678031e+28
-8.511504078361855294e+27
1.291079307369537215e+28
-1.796790648796300321e+28
5.569532892312566377e+27
4.133143757255474629e+28
-5.202254443282535013e+28
-3.654858055473153332e+27
-1.792051901683824853e+28
4.410521506724474894e+28
-3.416215795237877197e+28
1.802715629254987364e+28
1.116382926644849921e+28
-2.957891453880975356e+28
2.381990536210956387e+28
-3.434936666311518900e+28
4.633805840035722228e+28
1.957566458939638403e+28
4.592219125634750038e+24
4.019373234533235021e+24
2.329591048638861791e+25
2.437515320838357440e+25
5.864126427251549656e+25
1.042853698783473097e+26
3.482303002651563042e+25
-5.994350544136727029e+25
-3.756569019627575865e+25
-3.021458267020012929e+25
3.071306424587229989e+26
-7.133187329858566803e+26
4.054411664100499648e+26
5.519307286810423285e+26
-3.790452458401722739e+26
-1.306657859616012752e+27
2.536624347286608779e+27
-1.880397293562701399e+27
5.426482545440319347e+25
1.463328071752535240e+25
1.019618020911424718e+26
-1.901409399590369613e+27
-1.508149987475171433e+27
-2.644895299841044963e+28
-7.029104207567167421e+28
2.365977953538394315e+26
2.691821575332793740e+26
3.735285053230647773e+25
1.641542708857834276e+27
-3.051220556162193046e+27
2.638809131051685927e+27
4.701824601386252602e+27
-2.481006685314437554e+28
7.792528971434879546e+27
-1.876426181679186021e+27
-5.321883562143020024e+26
3.226550763680952638e+25
1.155558814459937641e+27
1.345150306834001107e+27
2.343583872323694107e+27
-9.795935758309511729e+27
-1.119739480462707321e+28
3.053770999817231109e+27
1.716514716251624104e+28
-4.206419193643150456e+28
3.808850021358116483e+27
-1.831985486133394675e+27
2.523418382990025442e+27
-4.338772663080093735e+27
-5.093646216482540018e+27
6.481670517655213725e+26
-2.636002928233068838e+27
4.176225254171823012e+28
9.333981713969967991e+28
-2.627500216893926122e+28
1.545817322368138900e+29
-1.677344281117699838e+29
1.301490617879381960e+28
5.169580675524807833e+28
-4.725094074174117220e+28
5.868150866919718855e+26
2.171774631438514671e+29
-3.007015857007119970e+28
-6.893001571798637276e+28
-4.975744102453018337e+28
1.072271370786631091e+29
1.358859090379477250e+29
8.890499737131714530e+28
2.831433998663954292e+28
7.283524856475886567e+28
2.011711550804381845e+29
-5.175997853800408739e+29
-5.913521998699107387e+28
1.271831033687181208e+29
-3.111077205236018124e+29
-2.661349449617530800e+29
9.025579346582226277e+28
-6.202607527010530712e+29
2.808070687284441171e+25
-1.099645662020853583e+26
-1.687679348305914917e+25
-1.217103988025274779e+26
-1.136473236489242194e+27
2.172126398745686571e+26
1.334276913436387537e+26
-6.678253821380131704e+26
1.804257080604320164e+26
-8.529965745875207256e+26
-6.599349291098822967e+25
5.285851691511040306e+26
-9.092549434547702535e+26
-1.691107696986874179e+26
3.689173224542986606e+26
2.209200970088172275e+27
6.963708772032018524e+27
-1.122536872033162405e+27
3.882128468055121504e+26
-4.577581549062390259e+26
-1.283319203532207000e+28
5.959216813560358554e+27
-2.481322733158135016e+28
3.710485207703618283e+27
1.414141133178955581e+27
-5.172996038485387159e+28
4.831239598534269734e+28
-5.703211191093307341e+28
5.536378230796862806e+28
-1.587107929653877900e+27
-1.119059432605422337e+27
-2.353866764303397695e+27
1.135957154120801072e+27
1.905991666157706366e+27
4.319956190155539866e+27
-1.661813303033410826e+28
-9.578887373670098449e+27
1.544161342928794496e+29
-9.825439336773688896e+27
3.353845751986724233e+29
1.415728147219727427e+29
1.347302719706135960e+27
-1.672159899323471040e+25
-1.533658606338123905e+27
1.075886583356208311e+27
-1.035259062777465305e+28
-8.074153432732739819e+27
2.733146939968804889e+28
-3.823837111280201202e+27
-4.489032437342063754e+29
-5.019323670457191636e+29
-1.948296411323231215e+27
1.140149272244084721e+28
4.729542923334372700e+27
-5.798949687744112581e+27
-1.747885317018456913e+28
-1.709598569964196844e+28
4.074203317814681373e+28
4.394171005437171632e+29
-5.774979349736421375e+28
3.963256971973068782e+29
2.074234974516013608e+29
-9.542970077774018997e+28
-2.634349874073577251e+28
1.308532661262768672e+29
-1.398777053211946220e+29
-4.320282378852667723e+28
1.061750077514835464e+29
2.152258832075940389e+29
1.938157988601047694e+29
5.969569960399817139e+29
5.075325734569651135e+29
2.586776375659646349e+29
-1.393774002190840424e+29
-4.330873299122951979e+29
2.102597414964947624e+29
-1.660983040219462989e+29
-6.149306788259254761e+29
7.077293273365064478e+28
8.327855384441911962e+29
2.289438732168629793e+29
-2.107871221260805412e+27
5.914596362477018248e+26
-4.556182819082804796e+27
-1.697438063348958768e+26
1.603639315897350829e+27
7.160061614264304760e+27
-6.501808044172063808e+27
-2.283904943384088916e+27
1.015512903322108829e+27
9.103477695173496152e+27
-8.075462229118551191e+27
-5.655648118362540207e+26
1.963823700257661900e+26
-1.234533428840470014e+28
-1.290785167019340441e+28
-7.911613351262491999e+26
-9.113101227612986088e+27
8.827089383148726402e+28
8.563027333793129347e+26
1.231922875260290739e+28
-3.559320282791091540e+28
1.893776515317586941e+28
1.400957456472189849e+28
3.745898230660543322e+28
-5.108009942069665864e+28
6.312998777209931187e+27
-2.202837086490922845e+28
-1.623669867786598693e+29
2.755147337901258320e+29
-1.224558836055059519e+29
-2.656526710846090230e+28
-1.729751370496814056e+28
-7.422009231385637818e+27
1.433882832888841722e+28
4.827687281546126541e+27
-4.513257514119179923e+27
1.477717701144175508e+28
1.408583817799169664e+27
-8.093736566933437754e+27
-7.476209680503239376e+28
-2.354822730456543382e+27
-9.646990403391475841e+27
-1.513240304953976128e+27
1.247555716067342056e+29
4.713429286603310740e+28
-3.003376694575907973e+29
6.644120364770879247e+27
1.334873804382356641e+29
7.113398655656044896e+28
3.621397629082086089e+29
7.987784662365160054e+29
5.666723286525505854e+29
-4.760663012506347925e+29
1.610637974840339865e+29
-5.861820196692248397e+27
1.996174913866670006e+27
4.297270412456255479e+28
-3.494434166793901922e+28
-1.929735462767351482e+27
7.798781235750580543e+27
-1.542582020892771311e+28
-8.070757117176463376e+28
6.143916413584302029e+28
-2.538039323357682474e+29
-1.322731775379073198e+29
4.279818371300262834e+27
-3.172606746170674059e+29
1.226163162362414278e+29
-9.037624538694381146e+29
4.761149685489638057e+29
-2.422897489933485289e+28
-1.893543288497986887e+29
-3.529327759049911775e+29
-2.201855098619723105e+29
-4.821704044447440919e+28
2.502905922567619727e+29
-8.084918151879884058e+29
4.499463039052184254e+29
-5.500171232436815534e+30
1.816263064916617023e+29
1.245966483300451161e+29
1.219580508521551668e+28
-6.174156504052070132e+29
-8.553017836891701598e+29
-2.013572120818042643e+30
1.011320955060948381e+30
4.907172594868798143e+30
-1.446395111559717570e+28
-3.422870154498470468e+28
7.664335885843753112e+27
2.783374386149576016e+29
1.951836540309190512e+26
8.181367011974903647e+27
5.579850776825652744e+27
6.002096818120206819e+27
-1.281300342127030363e+28
1.400672615958720339e+28
-2.016719671564679097e+28
9.020576607772346788e+28
-6.193689359837022071e+28
2.007408500997070817e+29
-1.193767391765002789e+28
-4.748055088560935493e+28
1.548064543889765093e+29
-3.663364513839482525e+28
-8.165667794950226521e+28
-5.771972919743627117e+28
-5.627306446405849641e+28
-2.119085577332498740e+29
-2.360136225571770171e+29
5.235220441171998966e+27
-1.352201275786552527e+29
-2.793961888520734505e+29
-5.182996429488129170e+29
-9.187550680141033347e+29
3.497642649400346303e+29
1.880036936929077021e+28
2.668319160645244895e+28
-7.033985039435327439e+28
-4.363621839029043382e+29
1.497323978579237061e+28
1.906020611510273733e+29
-5.576189364800910676e+28
1.673427815671283375e+28
4.199316988086738199e+29
2.660552967619806070e+29
-1.034120582422201359e+29
-6.664025035686343808e+29
-1.967776856062179192e+28
7.265376738734500840e+28
-5.200349615839875965e+29
-4.256915799504689904e+29
3.000451479377318467e+28
8.995697558872699773e+29
6.146478540205344608e+29
6.884009156815046966e+29
7.882828286869157495e+28
1.349582367173326164e+30
2.304476929940119868e+29
5.255798146473784370e+29
4.883965111560414042e+29
2.326152346991976378e+29
3.951327974542197482e+29
1.468321735161792381e+29
7.880436977225104397e+28
-6.049269188367005632e+29
-1.518332267907244328e+29
1.387386985729718838e+29
-3.258715967069366894e+29
-1.788042275109878485e+29
-1.918722262794390335e+30
7.206044503056494180e+29
9.298997979006622181e+29
-4.042228360447943320e+29
-1.112868217066982271e+30
3.130506503730490784e+30
1.138789279936058113e+30
-7.328509105513848181e+30
2.065586132353695513e+30
2.371165925231417558e+30
-1.755789100420470316e+29
-2.824052475239918453e+29
-5.237074881676834552e+29
2.865113595618080626e+30
2.439528026919674709e+30
4.482746754918329238e+29
-4.987682604164728143e+30
8.576393803152714630e+27
8.529737207851620583e+30
-1.293157293900813018e+30
2.120710527789348988e+30
-1.862306673594511879e+30
-1.850665576849478309e+29
-6.468405901101818277e+29
3.002588302639634790e+29
-6.174569215932866327e+28
-2.069262472912848387e+29
-1.027999949280081581e+30
4.098714324342745521e+29
5.580334473435819071e+28
-1.698251518472198516e+29
-2.349423949252686286e+29
6.070515843920881520e+29
-3.150515437473129791e+29
-3.313191870221268596e+29
2.234964327878882189e+29
-1.110019956756530801e+29
2.502950907452934094e+28
-3.208448913845643618e+30
-2.284344033172633136e+30
1.162099689308189760e+30
1.015680266814946240e+30
-2.465329283210523226e+29
6.575051196903660359e+29
1.615578815123266080e+30
2.385667353630447578e+30
8.288054485460992357e+29
-8.567730668365504190e+29
-8.597310488016559201e+29
-3.048224733472897747e+29
1.756774906068512638e+29
-2.976804582413603432e+30
-1.364232925321099652e+30
-1.069213859835263739e+30
7.382647928261608273e+29
-2.190828949011840940e+29
-1.318794770986966814e+30
4.553004878485576445e+29
-1.109551721164301835e+31
8.255414941001013780e+30
-3.534499556485399334e+30
1.940094800287577892e+30
-2.582484112353534015e+30
-2.261291676803271483e+30
4.080043853751252707e+30
-6.094446256071518440e+30
-2.803658299560301613e+30
3.124211052731915693e+30
2.735910680146714868e+30
-2.007087127239272922e+31
3.939140970471680097e+30
1.157105907375075230e+31
-9.713024525083983658e+30
6.859407674994708026e+30
-1.278523233114301356e+29
-8.444432004584333501e+30
5.505525454206921810e+30
1.347320281167158516e+30
3.889328312769456191e+30
8.329622443010764768e+29
-3.906939669627737213e+30
-5.177964332345787968e+30
1.111608942360569708e+31
1.513422915723340075e+31
3.765175834036829254e+30
1.110350515561794783e+31
3.018270551814158782e+30
4.878741595946242426e+30
1.678428862407209652e+31
-1.587431674192260722e+31
1.190223436852589569e+31
1.257919714323541414e+31
