-2.492954666058209600e+16
1.738113635394305843e+19
1.192489083030283878e+19
2.466227220493968343e+20
5.628472753812245840e+21
-2.246989528574017405e+21
-1.270609917609886142e+22
-7.190829866636946702e+22
-9.889837223604785796e+23
-1.474538288507057152e+19
3.365856050083322921e+20
4.129814970593821852e+21
4.000895472049608406e+22
1.285390514634430926e+23
-3.279822208023980954e+23
7.848906808817525761e+23
-7.793423675932038736e+24
2.750708860831324371e+24
-4.086833095079357972e+20
1.938368966361345530e+22
-5.299345633174290956e+21
-3.908081421633783836e+23
1.556351764559193350e+24
-1.798350167101173861e+24
1.168201338053815900e+25
5.120724216621062017e+25
1.261585703212992219e+26
1.240850518503713669e+21
-9.232494615003292867e+22
-2.964963193336660419e+23
-3.263504705399357922e+23
-7.712821204381722099e+23
-2.187138320488718072e+24
-8.167514268360076754e+24
-2.664255066895221468e+25
-1.739744006651372912e+26
6.109752803306420976e+26
2.578237062881350359e+22
-4.505496829498526532e+21
2.059817073816696762e+23
1.897865982222840185e+24
2.148787362488921367e+24
4.330528532644170318e+24
4.888393229691860761e+24
-2.545928344429425805e+25
-6.998067890505343600e+25
4.780340192463190218e+25
2.241131510063267794e+26
1.667077222134428016e+27
-2.825239502025079233e+22
-7.383147216738429730e+23
-1.241049867181707624e+25
2.329717367850288371e+25
1.533947059760449112e+24
-3.144876406830563239e+25
1.858261740589663214e+25
-2.457964921857507127e+24
-1.082164261354648907e+25
3.537471253162166822e+25
-1.011730182864196277e+26
-2.943791392036337309e+26
-5.757342158790920399e+26
-7.193255565347228341e+26
4.336877297152086036e+22
-3.842581710285093323e+23
-1.074464730873898738e+25
5.537995674765917402e+25
4.562795918335400234e+25
-2.749145171046678195e+25
-1.393250148153755872e+25
1.867128898542219247e+25
-2.310775659975199127e+25
4.473224876968218954e+25
6.462928100939517317e+26
-2.927160527641324222e+26
1.788414231386970186e+26
2.182923810723445650e+27
2.321015885077858092e+26
-5.482991273351106160e+23
2.531723194914241568e+25
4.104507438162696843e+25
5.852522629102546654e+24
-8.586630324257401189e+25
1.008897381276308049e+26
5.584565871527505707e+26
-2.334322920714548669e+27
-4.426666735845222676e+26
2.475580372527105809e+25
-8.014118412435797498e+26
5.046328892074205885e+26
-9.164929643330917637e+26
1.583740038178075490e+27
-3.139022294564170757e+24
-8.065843525897140124e+25
-3.077254358883448320e+26
1.812491485635340331e+27
1.549623726325178517e+27
-1.875962500023538192e+27
-2.858210840843257020e+27
-8.776188014760039981e+25
-3.523577037797201315e+27
-4.836665131116281999e+26
-3.389012514287502461e+26
4.559224900276975425e+26
3.032033003372711320e+27
3.332287445084123169e+21
-1.217814137932516793e+22
-9.623179852060234351e+21
1.853303936466243845e+23
3.729650804444213386e+22
-3.820080052772272247e+23
6.595555866222814025e+23
-3.345374987561229852e+24
2.974129140604008822e+24
-1.104809012033293407e+23
3.680726897046466494e+24
1.349207137462234212e+25
3.403906066894356785e+25
2.221538336791712387e+25
-6.069486101492230879e+24
1.544489551298216834e+26
1.476745563716604270e+23
1.180264200881568618e+23
-4.163616634469821102e+24
-1.968813902635563456e+24
7.333171583344187724e+24
1.074457507930515091e+26
-1.699131662794393684e+27
-4.978462750559775453e+27
-2.624919148219382857e+24
-4.849956049687829482e+24
6.672753904911657743e+24
1.671285293312100699e+25
5.558548154867428600e+25
1.131134974194706984e+26
1.060051672459182644e+26
2.131422039697670233e+27
-1.185988606861889035e+28
4.546050349710509303e+24
2.280885271605995581e+25
-4.104489633656308231e+25
8.267817370586811136e+25
1.877382725119357911e+25
-3.756024538580342231e+26
2.577938175223515240e+25
-6.225617080126541892e+26
-3.366076966185251240e+26
-3.989845639236176969e+27
5.515058501775098908e+27
1.638516232242821231e+25
-6.273995112422704361e+25
-1.007632084834472164e+26
-1.831955622023786007e+25
-3.495339897282502108e+26
4.543593594451287335e+26
-1.327207243324144289e+26
-6.605153904746830714e+26
9.327381629235346807e+26
-1.963221744451788979e+27
-3.496206008808059730e+27
-1.191745342666406555e+28
-1.085543380600900134e+27
-1.003902688639909488e+25
2.888902793065077275e+26
2.019843476158100443e+26
-5.207924456575911136e+25
-2.412697645894609902e+27
-8.309806060154325456e+26
-2.249312034683839681e+26
1.500436881057387233e+27
1.641689458776413390e+25
-3.327830734048731038e+27
1.278743181090433958e+28
8.785501822780972483e+27
-1.363516026804472564e+28
-1.801169180482444261e+28
4.575104978106570817e+24
-1.381726401389923158e+27
7.505154106901311634e+27
-5.881492863132679302e+27
-3.501230296216185691e+27
5.611631782419344007e+27
-1.462552614407991130e+28
1.432730661910507122e+27
2.071061330321710929e+27
-5.743842081554785288e+28
1.342337540584463735e+28
-7.262369791244977594e+27
-1.589394727689727940e+29
1.366234053572826831e+27
-2.894934930360993434e+27
-3.265090376343992628e+28
1.576007752938691948e+28
5.751176336801825312e+27
5.638647820402877615e+27
6.198212000117851067e+27
3.123709601750183965e+28
2.695825759527058691e+27
4.492339914293782813e+27
-4.666234816161976238e+28
3.486138814570245274e+28
-1.781870316845309257e+22
-2.269540817660812854e+24
2.932332864771397800e+23
2.878458029966658925e+24
-2.922825273295065475e+22
-2.035944453755456302e+25
7.052274394283204204e+24
-2.963970609099602228e+25
-5.824473237260959013e+25
3.986171022589120422e+25
1.483902817331571152e+26
-3.036457559901390394e+26
2.912160521017071111e+25
-2.253494227272758792e+26
-4.931772365713579348e+25
-4.535613454985146922e+26
1.671691965047347291e+27
2.426469730370548115e+27
9.411349732860581597e+25
-2.457001981534134620e+27
-9.622430390026775796e+27
-2.447284406759907686e+25
-1.518941474138391663e+25
2.771446586654340549e+26
7.640039788984998072e+25
5.343802421328028948e+26
5.088957587663947785e+26
2.295392421352696568e+28
-9.617826329153609486e+28
1.243296507164128625e+25
-9.220894456148947558e+25
1.674332148636562840e+26
4.117471025406509351e+26
1.039949041144639687e+27
-1.770649288826250308e+27
1.786259075254960359e+27
-2.075496955511846952e+27
-3.311539113259369620e+28
1.552692951860020757e+28
-3.294444586733046563e+26
-2.586810214393323842e+26
-6.635068749709952134e+26
3.263135293885265679e+26
-4.862256658043080263e+27
-5.071256568847478333e+25
6.970980973889850029e+27
2.967279160660724011e+26
-1.542476549218931974e+28
1.687172883105916894e+28
-4.764960944223011513e+28
-2.664169840424281460e+29
1.575638519916265565e+27
-5.956297541380692923e+27
4.069357361042906489e+27
-5.609548679495315084e+27
-2.702243819280991002e+27
4.103480591299928835e+27
-2.416040349881046079e+28
2.943047743557354485e+27
-2.367635758313719153e+28
8.653614847319386113e+27
-6.575813123688752475e+28
4.484408654716049764e+28
-2.913427748476837958e+29
9.825392025397941329e+27
-2.086764688955777265e+28
5.093601573267265371e+28
2.269107337554439764e+28
-2.855877682967059634e+28
-8.544184691135936571e+28
2.151069812501984220e+28
-1.203043988527055541e+29
1.079662817623285307e+29
-8.115197719775372420e+28
8.222112363439250229e+29
-7.964498056407201950e+29
6.962811504655966514e+27
1.312009715237125106e+28
1.556235216728242704e+29
-1.226911688421624208e+29
1.529993061336453239e+29
-2.242193370058200514e+28
1.526252342385176609e+29
1.081014048461173867e+29
-1.800450675546254240e+29
-3.248812479667036537e+29
6.609876495005212667e+29
-1.371240183996970234e+25
5.420470078167161362e+25
8.887865140829624040e+24
1.301786046182981340e+25
3.011223805659028342e+25
-6.229376957478550109e+26
-2.126651298980024139e+26
-2.268660195902820230e+25
3.158662007692064679e+26
-6.020429389870356837e+25
1.152417471468516554e+27
4.058091329676921470e+26
1.391202460963453797e+27
2.339343215017318490e+25
1.720966721258736861e+27
-1.063031915051941424e+27
-7.452384106902304133e+26
1.395179827983387958e+27
-8.444745349557891880e+26
-1.331287065699125095e+26
8.724592701872749489e+26
3.614685957797427868e+26
-6.891978680170877722e+27
8.084587260204532203e+27
-2.739355960971544516e+26
-6.222091501275741660e+27
-4.940254791218357048e+27
-1.055935225024927602e+28
-1.333881987507901869e+27
-3.448470574357638523e+27
4.146758236606549138e+28
4.054316348667229023e+28
1.030890295184286270e+29
1.084531867633802140e+29
-5.352301372700988536e+26
1.335802735507125671e+27
6.751504293854821132e+26
-2.717746249881444807e+26
-7.896045245265458575e+26
7.184385657939141696e+24
-7.777303941029826208e+26
8.076763597946590284e+27
-1.080011498587912515e+28
-1.257960655344338820e+28
-3.366019331492188880e+28
-5.858030982494309700e+28
2.576235011756412566e+29
-1.536785712388256836e+29
3.491262125727891313e+27
-7.419910565525297768e+26
-1.898589936280792279e+27
-2.922744209580731211e+27
1.602590980082870409e+27
1.572441643116916908e+28
1.366699279504277985e+28
2.349878812093402522e+28
3.604228920265648355e+27
-6.802638668890726303e+29
-5.015664595944693472e+28
4.860563572802570031e+27
-1.532922591905250520e+27
-2.151448197518847705e+28
-3.475817874811893725e+27
-1.417162662577740253e+28
-4.130824272535761452e+28
8.138685911307030078e+27
-1.212677028742558975e+29
3.221135813829276144e+28
3.605137264579609691e+28
-4.484270002623851382e+29
4.854964929478077423e+29
-8.186359183750076430e+27
-2.462518455177604327e+28
7.162448911243071645e+28
-2.676651325367713921e+29
6.909473491959628459e+29
-8.690150610386303726e+28
1.512221775404446922e+29
5.935781231151051855e+29
-3.716295526901914744e+29
9.810880131563148258e+29
-2.987807432928012789e+29
1.366222419776417930e+29
-1.587506402118858606e+29
2.191758521899229524e+29
-6.403194838614447888e+29
1.818498459454161449e+27
6.442552736624803387e+29
1.557685418763827096e+30
5.686216512114320291e+29
-1.955065241312213187e+30
-3.653907597755299765e+30
2.214395319687419555e+25
-8.512483125256457836e+25
-2.638243204454535716e+26
1.073400556871568182e+27
2.130456512682523042e+27
2.809471598739370850e+27
-8.026710855904676153e+27
-4.612667834503523708e+27
-3.768247271555384550e+27
-6.068671162553688086e+26
-3.232941667616450432e+26
-4.241881506401981227e+27
-6.227492596673578773e+26
4.071832351783369868e+27
-8.187777299239394601e+27
-6.518509319465480952e+27
9.192360285152813840e+27
-4.062763969619894194e+26
1.742345345581402219e+27
-7.464325814855182758e+27
1.458507417386724974e+28
-3.549389485872408221e+27
-3.804841449276456645e+27
1.675870838675487902e+26
6.777905850224834267e+26
1.223165839545723074e+28
-9.797972839257363983e+28
7.231721094129289883e+28
1.754734443635676332e+28
-3.842721193654113966e+28
-5.826065993438227935e+28
7.529935334829824753e+27
1.562016164935632317e+28
2.907236107594437011e+29
7.672658789212126880e+26
2.384586882294813351e+28
3.668031003509106954e+29
-1.018482013875846091e+27
-1.677974114573466244e+27
6.198723667238605977e+27
-2.351436418726158573e+27
3.057170703186384409e+27
-2.369758179678581476e+26
-3.989302589884018883e+27
-1.864120787224989456e+28
-3.671921239296429487e+28
8.763058678850085457e+27
6.687874315813023181e+27
-1.295901801072146438e+28
1.821406888965766919e+28
-4.289209354387083308e+28
7.236326182542909785e+28
1.962152822062225469e+29
2.723794478490875708e+28
1.251150463755003138e+29
-1.226084920626859796e+29
4.000174054383067062e+28
7.677714051104537889e+28
3.073386730350260952e+29
-7.476800772367197721e+27
2.869957483845182490e+29
4.503648313525264008e+29
-6.084451250630994733e+29
9.653961797894847019e+27
-9.420343675508124112e+27
-2.579016347293054805e+28
1.380232839239398783e+27
2.336359060953122923e+28
5.470815310832491328e+28
8.196512726768333157e+28
-2.567988364077753630e+28
-3.810740095452975017e+28
-2.061448605275593004e+29
-1.056650290489774402e+29
-1.721655140338188959e+29
1.107785186592911120e+29
1.381971961897434438e+29
-9.554127529450126443e+29
-1.083323651295297096e+30
-1.376365370256282792e+30
-1.415936339818107527e+30
-6.425266653028988640e+28
-1.138117794453390552e+29
3.818458484396623232e+29
7.498300970464784273e+29
-3.841611065009102817e+28
-1.192287429140380421e+28
5.968773299788862531e+29
-4.175655754851499234e+29
1.979665293530825056e+30
2.354813060808562281e+29
2.703242501007167250e+29
5.530047024544522616e+29
-9.453319959895802385e+29
1.488794034545611993e+28
-5.319307846686943632e+29
-1.348405483734185448e+30
4.931731257286566521e+29
1.286609984090409864e+30
5.745260283196727064e+30
-7.659697144246978997e+26
9.518587160607591268e+25
-6.860172809192995748e+26
-6.996050944269058112e+26
-1.541045681432835832e+27
-1.393832703141279044e+27
-2.140289557391598001e+28
-5.496614973763071846e+28
-8.873206623261463114e+27
2.462339487682475985e+28
-8.306817318001084569e+28
-8.260180251691906705e+27
2.333096515835128347e+28
-5.779049253268204851e+28
9.185752227047661180e+27
6.499199643440570493e+28
6.846320006509467218e+27
-2.511939890874253182e+28
8.941505467559544291e+27
1.451205159866584504e+29
-1.954770333159014646e+29
2.557342883314339367e+27
7.395973806603603068e+28
4.331471290207509112e+28
1.741522251658371910e+29
-1.658727528731737574e+29
-1.851042691494053283e+28
1.612646824789179427e+29
-3.008647421469593290e+29
1.242697206418983895e+29
-3.700971699715953887e+28
1.646114466503386088e+29
2.629262606286844245e+29
-3.806262742196252252e+29
-1.085006822991165918e+30
9.721804735842072065e+29
2.141541699447853768e+29
3.695185122334603986e+27
3.523230557105607165e+27
3.944208012415532975e+28
1.137320478956417016e+28
-2.286335136334915504e+29
2.186173925177233419e+29
-5.727396153161606978e+29
-5.765881619226686709e+28
4.822952767209096269e+28
-1.142393791704116701e+29
6.843545554242704701e+28
3.460079976897305222e+29
3.704972139672238522e+28
5.732480867392112914e+29
4.479358468295697648e+29
1.945939826454278329e+29
-6.616156639371126789e+29
5.739936461018078285e+29
4.445273029739468301e+29
6.520893001885861260e+29
1.117656899476040499e+30
3.904507249937440165e+29
-1.458541721032386837e+30
3.745462834216970079e+29
-1.230549432488645384e+30
2.336033610756485207e+29
-2.576615703012169599e+30
3.345680017579671681e+28
-7.254445251915110800e+29
4.317263748588620813e+29
3.237443603078495364e+28
-3.674653061326400762e+29
-2.907295344832982872e+29
1.118762522829461339e+29
-1.792421555889594089e+29
-1.088580615201871386e+30
1.137379877078592562e+29
3.164647755681916377e+30
-1.537224734605730356e+30
7.429275185873758248e+29
-5.141351631893544966e+29
-1.799399644208387052e+29
-6.721499673281143110e+29
3.806623641778741376e+29
-3.913135415863145857e+29
-2.842594711078145401e+29
1.784986840409159304e+30
-5.568393913263542061e+30
1.228941921894690566e+30
-1.522933804347719258e+30
1.974173890403332403e+29
1.575772816305902261e+30
1.000729519382136363e+29
-3.681363076816938732e+28
-8.310270747356303151e+29
1.219018595557347777e+30
1.024166512751060418e+29
-4.412733515079100816e+30
2.216632276947158420e+30
3.396834123924230048e+30
-7.420522445566555698e+30
1.917813569783034020e+30
-1.290702939358900708e+30
3.892733736394501822e+29
-1.847095514368765100e+27
1.872060590752682248e+28
-6.386869085972394832e+27
1.514430068669911069e+28
8.260798252992968414e+28
-3.535724092242214622e+28
8.610686154131990180e+28
1.026514353402625740e+29
6.837195087267153246e+28
-1.713262418351791912e+29
2.830934225137047344e+29
3.029159146484963455e+29
1.803061066752207308e+29
3.483743229668868015e+29
-6.078426571821760774e+29
-5.292626232067197643e+29
7.249862172332474982e+27
-9.772644650610272209e+27
-5.163721873801864351e+29
-2.052391001664708060e+29
-2.140796077133581914e+29
-5.365655946270570085e+28
3.566556516465473015e+29
-6.658506891356765015e+29
6.065561701360894814e+29
-9.083117619923675117e+29
-1.419044635517814996e+28
1.029619548687722899e+30
-1.932715031490634473e+30
1.944386595999672894e+29
2.941115452520882995e+29
-2.199096143567690144e+30
8.021708891884195509e+29
-1.483425635662501142e+30
-3.844902704714551954e+30
1.422860715883961442e+30
-3.673281189168434585e+30
2.664678197336773286e+29
-1.461664540557065454e+30
1.761841109883543099e+29
-9.434096657368738528e+28
-1.439756043804084442e+30
1.513105463765569647e+30
-1.046583226534444118e+30
-3.971112364087354653e+29
1.329997850027552371e+29
5.260064591787766187e+29
-3.030748045784984132e+28
1.445863816486183121e+29
5.692873076624046992e+30
-3.497150133462126431e+30
-5.580947004342635555e+30
-4.441047965380409408e+30
3.041103608878195175e+29
-4.276632695302667606e+30
5.410322301107663867e+30
1.604890770542334554e+30
-3.139449082412258524e+30
-1.936156685283838056e+30
-1.858729696843102353e+30
1.684413591245462127e+30
-1.321770418708860149e+30
-1.253985879653878805e+30
1.249804459996694608e+31
2.992381557031803052e+30
5.403296274240385411e+28
-1.372993715070711548e+31
7.005903873312133947e+29
5.987200209230303379e+30
1.043098052870913714e+28
-3.235283247832223071e+29
-1.453276740045944569e+30
-7.869965642892701805e+29
-7.002527905630989581e+29
5.249863941192606019e+29
-1.319937347095724196e+30
-1.588394297784698902e+30
-1.171778915726480869e+30
-1.925679878392713939e+30
-2.984662476154632272e+30
-9.473371663228195892e+30
6.902574765354915968e+30
-1.795164635416653197e+30
9.035282763568133438e+30
-1.035566562529526311e+31
-1.231724492156089872e+31
2.177602800205846629e+31
4.093019884915557155e+30
-1.378640887734589426e+31
4.116694838944694140e+30
-5.760978444728738256e+30
-1.218550983017458016e+29
-1.663654556321321141e+31
1.279583378926124740e+31
1.346838477918302581e+31
-8.229459786083923702e+30
1.353960839310386636e+31
-5.008031428599607567e+30
3.753399901792090291e+30
3.332041601350404574e+30
3.434889260520117815e+30
4.126960129012037029e+30
-1.342832488533039094e+31
-1.064377826479294164e+31
-3.142902448181397091e+30
-1.981374846546784059e+31
1.138748194825093195e+31
1.409264282521927969e+31
1.528141126638381875e+19
-3.501578392085957837e+19
9.844408110015161303e+20
-2.573717909934906540e+21
-1.935891077654965649e+22
-5.095229797601563273e+22
-3.837983640279726634e+22
-5.782050310434103021e+22
-6.392562689961198879e+20
-9.297698074676390003e+21
8.814364422806529324e+22
-6.781020698422296130e+22
-5.657148433657589169e+23
-1.011949150016672864e+24
-2.222049986829178880e+24
2.425833915901565747e+25
-2.542590799640356454e+21
3.222924942994670250e+22
1.478319956802804405e+23
1.314862821350037611e+24
2.346394197639527561e+24
-9.041450549923507423e+24
-9.498910875025348021e+24
1.078693307643452444e+26
2.222262184168814029e+23
-9.661750324764904176e+23
1.015934057327421943e+23
-6.697168055857134143e+23
-1.998933533413941608e+24
3.666249570599797527e+24
-1.107610888356906825e+25
5.330607362804319283e+25
-4.535423727274254749e+25
1.057290654905898981e+24
-1.461950835162581563e+24
-2.892316789496514079e+24
-3.737899281416181934e+23
6.901220928855448087e+24
-3.677211241408183759e+25
-7.051644703749757047e+24
1.637820736816768842e+25
-1.210370330970669530e+25
-3.949717485600691887e+26
6.468698555554171089e+26
9.181314139811434337e+23
-1.351051087318928535e+25
-2.247394448841777780e+25
-3.067701033717524731e+24
-7.841727071065283190e+24
-3.640925716107092283e+25
-6.615490210231884603e+24
-9.141797537631237983e+25
-3.305802458141904343e+25
-1.236415948849207286e+26
-2.587336492900937818e+26
-2.025586703194475884e+25
-7.473531939438719860e+26
-3.449499243211026608e+24
-1.652204461952791558e+24
3.159738433433062774e+25
-5.004202528943595064e+25
-1.334258209547703004e+25
6.632936258078790043e+25
-1.351314776911653155e+25
-2.244769066630373835e+25
-7.336162360056062251e+24
-1.112940971715155122e+26
1.194076582945849253e+27
-1.485681764153370724e+26
-6.176243100156023261e+26
1.608404808059844189e+26
3.068212458513476503e+25
4.056025103602396402e+25
3.760504274232426295e+26
-8.547602124573008591e+26
-5.313143909177586061e+25
-6.085363465132673148e+26
1.531682881057860666e+27
2.033036082910796887e+25
-5.351677629660553462e+25
1.558475785462217946e+26
-3.972562702323003678e+26
8.257785381636121809e+27
-8.434854540793095828e+26
-1.864650046183084313e+25
8.551940937533143147e+24
2.508455396284992199e+27
-2.303016212581192364e+27
1.452134940689962812e+26
3.180884925299088378e+26
8.874272696822165478e+26
-3.610545432314552849e+26
-8.796236901812839821e+26
-5.200792247261495383e+27
2.442446940324744993e+26
-1.238097310197203532e+27
-4.946505845317760660e+22
2.358964792015771927e+21
4.049816595726919176e+23
-1.322709683920981719e+24
-2.842947078136055443e+23
-1.441933286644010350e+24
1.887937570682404866e+24
1.057384637066044072e+24
-5.728845448840330275e+24
4.796054842596751321e+24
-5.409896964003061572e+25
5.328248963586853031e+24
-1.110927212114080345e+26
-4.283787237109687959e+26
-5.987896993727185211e+22
-5.223345971524281741e+24
9.412822821101473465e+24
3.110709032957768961e+25
2.831439247265794263e+24
7.641603658786351466e+26
1.700226602163745425e+27
8.122883810205111092e+24
-8.963239059029209066e+24
-3.818492990973273243e+25
1.225526672573129171e+26
-1.210500229898113127e+26
4.311175764118193596e+26
-3.589886082407298903e+27
1.728603805388099899e+28
2.332169752317350382e+25
-1.265500857013973991e+25
3.425067317899669692e+25
8.313277894696010731e+25
-3.813065529110817331e+26
-4.926040697165132157e+25
4.373755560887484018e+26
2.246199694528012102e+25
2.379906802534534177e+26
-1.888320612611356024e+28
-1.022744730706659615e+26
1.728269938352695512e+26
4.678705884400128207e+25
-1.733423880951826303e+26
-5.487621346464718850e+26
-8.944820023122242766e+25
-8.272670854801580469e+26
-7.432498544390196504e+26
1.145860291033485004e+28
2.202500242268217315e+27
-8.610840503813523838e+27
-2.248737878556870662e+28
-1.628007991797932451e+26
-8.058046407744859020e+26
-2.100053567495679309e+26
-1.224779867106086147e+27
6.066573668236940645e+26
-3.489914823984708444e+26
4.796717972087110302e+27
-1.772895954734581479e+26
1.990450439256283418e+25
1.184405764589004834e+28
6.414135012660243006e+27
8.834880888235188390e+27
1.980806421445081056e+28
6.948236562422435166e+26
3.871832585759409787e+26
8.432595122107864938e+27
-4.166606466363264942e+27
-3.375131808029675721e+27
1.580900336197805389e+28
9.161496835436230204e+25
-2.343016471422225370e+27
-1.523943421146475373e+28
9.656640212667200681e+27
5.721112121764316347e+28
-3.029532723811171067e+28
1.632338572959274364e+27
9.546000841062164023e+26
-6.848407083420557258e+27
-8.890326858022376017e+26
-2.367601353911447206e+28
7.862677735522605703e+27
1.328042684486381090e+28
9.087640324674762648e+27
1.755059809242160405e+28
-2.215411363196708937e+28
7.683095790803543240e+28
2.336863013818402861e+24
-5.634283918602045286e+24
1.737371742092837985e+25
-3.463884063540308622e+24
-3.285945985232212832e+25
1.108982369351615241e+26
2.996506154717898355e+24
8.445165893192439499e+24
5.688102084371353134e+25
-2.614319053249544008e+25
1.436664132456294410e+26
4.241414910562689149e+25
-2.807527298295218157e+26
-5.897886726861707609e+26
-3.101671512757228811e+27
-2.214691703913671833e+27
-8.503896881269835973e+27
7.482398643561429393e+27
-2.501590039338558840e+25
-3.777734604566393247e+25
-2.809775662290742677e+26
2.753569097008343856e+26
1.705174234510433595e+27
-1.549830109650956993e+28
-3.922006323265884056e+28
-3.300054822785086316e+26
-4.290104390961618200e+26
-5.508974389592213256e+26
1.423981555577484827e+27
-2.194352593938586528e+27
-2.344110359433100106e+27
-2.069548319038214126e+27
2.102264442533418179e+28
-3.325997033613818684e+28
1.085663475406465884e+27
3.015187468315905519e+26
2.102095320008911650e+27
-3.473459610855916338e+27
-8.557061980985783293e+26
3.136027847915195299e+27
6.610823322831733550e+27
2.208925291519492280e+28
2.155851211709141472e+28
1.892846860254155578e+29
2.495607002768345845e+28
-2.900919514772126628e+27
2.046978796117042232e+27
-5.188631660322355274e+27
1.322266245946157063e+27
-1.765373899652046640e+27
1.296777113127072250e+28
-8.562203519834182212e+27
-1.256704323145458043e+28
1.015032367089144130e+29
8.169519770645763750e+26
-2.961671779382969808e+29
9.373845598009519397e+28
2.711256518143519428e+28
2.062843299779329845e+28
-3.194768665802981830e+28
4.296922094819228174e+28
1.525084830352577403e+29
1.728373820742810758e+28
-3.244315608669654089e+28
-2.906837464961066596e+28
-2.031078318398299513e+28
2.554732372534910513e+29
-2.634751894821469950e+29
-1.454979766721575492e+29
1.476003605367840328e+28
9.766694366982091227e+28
1.042438382042688139e+29
-3.096336354528727043e+28
3.572644936181044649e+29
-1.839308412690605560e+29
-1.014692917587671697e+29
3.232382803017746330e+29
6.953070461011171411e+27
8.976722213173661929e+25
1.353658651449500828e+26
3.732624021249257626e+25
-1.902934085010118174e+26
-8.470752530246822651e+26
-1.046787487018808252e+27
-1.895970777450105532e+26
-2.134263498778386752e+27
-2.081730646948420249e+26
-4.596416929787477191e+26
1.813724788874036161e+27
-2.694068098258887153e+27
-1.250527678954521303e+27
-2.387844880487015904e+27
3.845688086113607298e+25
-3.185602732781083645e+26
1.293813732145310027e+27
-3.524095954942730583e+27
3.868416087332877677e+27
1.458684819566919129e+27
-7.697455852504373207e+27
-1.059654468431778954e+28
1.150054711858320589e+28
5.253110139689870316e+27
-5.100863853676010906e+27
4.510293864347334456e+27
-4.188136503524656635e+27
5.466055229417717260e+28
-3.784464096939635093e+28
8.638968147597246223e+26
-2.463721403812186783e+25
6.039848850490255243e+26
7.510238424090122487e+26
2.205930702451880057e+27
8.773111990604437846e+27
-1.698035200486611570e+28
9.303220581827196494e+27
-8.483757380140792219e+28
-6.014828743821262811e+27
-2.673523450815820850e+29
1.258581109054100933e+29
-7.341964401839110761e+26
-1.334123051066008763e+27
-4.231885044573579708e+27
2.425914280747203578e+26
2.052591181631841871e+28
1.480186893844800699e+28
-8.886665214494865446e+27
-5.915575952997485251e+28
3.674605665430463589e+29
1.138944085771946410e+29
-7.500422044070718567e+26
-4.250340852280833613e+28
-1.348153691080831204e+28
-2.187384171256466185e+27
-5.503978123444799144e+28
5.621873702265061427e+27
5.389616668582988352e+28
-1.107500529048526394e+29
-2.765286958657598186e+27
-3.547102877522443381e+29
-3.591821859368498134e+29
1.026916851521859903e+28
1.035071872586668805e+29
4.186268347616435626e+28
2.506783906935581730e+28
-2.568420927550639724e+28
-1.445426231248179433e+29
-5.669508144069665009e+29
-3.750146799636779019e+28
2.023252767679957765e+30
-3.105412576028936703e+30
2.974772265996257843e+29
1.595605221313061909e+28
-8.692130936769581719e+29
-1.199918444341572773e+29
-1.916514719882075503e+29
3.124760091151185331e+29
-6.713113767142171931e+29
1.423337164959424652e+30
-2.354241927042732868e+30
-5.006165494317276210e+27
1.980196007458382475e+27
8.956328717905043216e+27
-1.740574098379579445e+26
-1.474306718200866358e+27
7.333127859154612497e+27
-2.602282781225399526e+27
4.566146028398173478e+27
-2.536039285125969221e+27
-2.245107618467175351e+28
9.597889503892323588e+27
2.341105637456438264e+26
5.984269934884918900e+27
-6.468815859614040298e+27
-3.998032361972015372e+27
3.594054893940074186e+27
1.283825195709859396e+28
1.354171711014970417e+29
-6.393709155017586957e+26
2.553910261054161592e+28
-1.641018484618046251e+28
-3.584141622845766675e+28
-8.230617753842542863e+27
2.954291317601599108e+28
3.577358016813448253e+29
1.737797640984362295e+28
2.291754963610982791e+28
1.023199514909587188e+29
-1.504716004596035783e+29
-2.676244366599770610e+29
-4.197609414637735588e+28
2.113011053558009998e+28
-6.539986585362975845e+27
7.047100568630338810e+27
8.111050147603245136e+27
-3.694535263114530636e+27
1.264939283192471408e+28
-2.136730547360947211e+28
4.668830971630988869e+27
2.728835310125690696e+28
-2.526383103082857829e+28
-1.691666458413255148e+28
8.890817047351515516e+27
-4.521669062105957998e+28
9.012498424462654977e+28
-6.829313418296777887e+29
-1.077126162447975003e+29
7.595057116207005901e+28
-1.348028463454965435e+29
1.090386075875856842e+30
4.104167558673010675e+29
8.429396868057990733e+28
1.529882142683390358e+29
1.042897699812111040e+30
-7.407122689716452467e+27
6.795947327566192612e+27
3.330666563473748663e+28
1.662009364491602498e+28
3.177620825106139827e+28
-1.858641916851642633e+28
-4.293909019861236077e+27
9.288886989673756600e+28
4.570011166077717392e+28
4.050512137726923591e+29
-1.201104723129847639e+29
3.492010750172204603e+29
-1.654654886392543495e+28
4.664807981579098245e+29
7.827798316592507338e+29
-6.897612455319949884e+29
-7.031757401008346658e+28
-4.156087390896562614e+29
-1.052717898333329845e+30
2.094305717492574299e+29
3.865574236963131593e+28
-1.539422893256972253e+29
8.889129768001923292e+27
-6.951279507120082165e+29
1.707741460931318365e+30
-2.550706158766534675e+29
2.076305691943517173e+29
2.323224102832560701e+29
-4.363285348349545782e+29
6.330129005170863180e+29
1.143375518127983894e+30
1.646759944946393773e+30
-3.994058783569680121e+30
7.615679191234117484e+27
1.645880872971796014e+28
6.639189900902652591e+27
-1.015714118300500968e+29
3.944539904123128143e+26
2.563835367531908932e+26
1.191833336047069019e+28
-1.449197178916212925e+27
-3.399464136542688636e+28
-1.925026544858174852e+28
-7.693273364938933024e+27
3.829252582827598628e+28
-3.660579255326956024e+28
1.290124220656360085e+29
1.113151631933419336e+28
7.440434665727696136e+28
-1.879435204136272872e+28
-6.429541452660497749e+28
-4.833947694484227376e+28
-1.239098607520909940e+29
-5.517515804361628965e+27
-1.339731786865157547e+29
-1.128931535681430449e+29
1.261974041080258243e+29
-5.241159453432437424e+29
-4.669250617909405002e+28
-9.343848019480229270e+29
-3.033307428232699769e+29
-2.503213420169018425e+29
-3.829490272798634317e+29
-1.419696737082229468e+29
8.499083793941865901e+28
7.228058460766771538e+28
1.288465126629725224e+29
1.494755643197439712e+29
-2.424636879478422040e+28
2.357616368672060833e+27
-1.079790829707349396e+29
-2.240037352958670659e+29
8.192891005081085340e+28
5.927792712418474953e+29
-4.702007434419238380e+29
3.329183461142230991e+28
6.228460117670502509e+28
2.266421454671477474e+29
-2.545850992881501613e+29
-1.666483909845356832e+29
1.162772758093112599e+30
4.093080208028850612e+29
-1.867131600483529148e+30
2.153355333052100816e+30
-9.598070217737258328e+29
7.830135967546050831e+29
-9.991512159071221453e+29
9.892296546813885242e+29
-2.455701650874668670e+29
-9.711488990817349168e+28
1.353343388160908878e+29
7.168080659697471340e+29
-5.373267157930781087e+29
3.777257729474203543e+29
3.859800800444857753e+28
-2.072173464293471475e+29
-1.104143782466307541e+30
6.998647712983713531e+28
-1.331520563612572293e+29
3.632155438351855045e+29
6.579037579129985353e+30
1.881904102038383859e+30
2.603336111016547566e+30
4.513217777071287245e+30
-1.242314798293321641e+30
8.222788421697333929e+28
-5.779943867335509161e+28
7.291358286915359441e+29
-1.041284565421752723e+30
1.545174239643464616e+30
-5.572857738351505764e+29
1.119913403007219987e+30
2.571399033530759718e+30
-2.284665619078655752e+30
3.541277734045373831e+30
-2.421166724685052367e+30
-6.645738139828691380e+30
1.217468459177600004e+31
-2.325135407435395697e+28
2.276929531092826444e+29
2.361146095484386191e+29
-1.357322908594649982e+29
-4.198363130049609056e+29
-9.390909948878549300e+29
4.734310378347324600e+29
-1.995305416644134687e+28
5.729949349544368094e+28
2.180124880984248150e+29
-1.862721667542277438e+28
-2.165481528618937097e+29
-2.045470943379480765e+29
-2.351621186909215670e+29
4.771829374632337885e+28
-1.217098388111183825e+28
7.029853788929342622e+29
-1.404241201193772500e+29
-5.916409770980498215e+29
8.677655194766097599e+29
2.240502493510506990e+29
-4.854489759408320362e+29
-1.952728577791005977e+29
1.238091453460585247e+29
5.899682032425157497e+29
-1.703822620895885888e+30
-1.879089588599703654e+30
4.752700973039834271e+29
5.637017725932069418e+28
1.688763753902514191e+30
4.234844722389916124e+29
-1.045137745756099252e+30
-1.692112196184515777e+30
1.185465438962471271e+30
4.349157546677161565e+29
-5.271298945686564076e+29
-5.471683665468371623e+30
-2.075401715403385231e+30
-2.883250687441615762e+30
-2.019275856311078103e+30
1.718071059238108836e+29
1.124153887353174136e+31
4.498958683437695086e+30
1.127682695775349351e+29
2.038068532592593082e+30
1.331593743236719672e+30
5.324347188366606989e+30
6.029118935959780908e+29
-8.392219702870818381e+30
4.409455560110716225e+30
-2.052604083337245880e+31
-6.159393470356593088e+30
1.480543838118188617e+31
-2.502321830255249477e+29
1.172597964394590157e+31
8.235921059859757586e+30
3.509909245740497410e+30
-5.781173899748380573e+29
6.056389887026679291e+30
-7.007765830367745425e+30
-1.090177323848901971e+31
1.586223848968846044e+31
-9.017700743059751345e+29
-2.899862068230346065e+30
-9.491593712381111961e+30
-3.578717377499751167e+30
5.224543155110513792e+31
-1.660805336698512912e+31
3.748027681044551983e+31
1.294276731475862062e+30
