-1.599938510797698400e+16
7.278243655910482944e+18
9.015039662895872410e+19
-1.597909581363325829e+20
-2.667277719342581023e+21
8.896819051863737631e+20
4.103725145838492058e+21
-5.725552845890590343e+21
9.489635907854533657e+22
8.622832736846109696e+18
1.069913542117164155e+20
6.687713000772867195e+20
-1.582497524827848232e+22
1.760178627858642250e+23
-1.956631196266255929e+23
2.537041267085575518e+23
4.567849365197747642e+24
-1.180008029307143595e+25
-1.329333190976825590e+20
1.531897051980863059e+22
-2.998005000620065004e+22
-3.803557329321388199e+22
1.482079408783018668e+23
6.578030936772588402e+23
8.765039749814013657e+21
-1.181812116826321910e+25
-1.964042420407405358e+25
-1.225199727333221335e+20
1.102621811161913570e+23
2.089081904479115695e+23
-1.301468207010002502e+23
-5.661162453557789673e+23
-3.292841352367308255e+23
1.004645251224104799e+24
7.621249263239010479e+24
-6.009234609336329480e+25
-6.000873518956953871e+25
-4.826573533263083602e+20
-2.182067689529067407e+23
-1.492439138036463467e+23
1.804595443855837188e+24
-2.033529735662887665e+24
9.399612485510896099e+23
3.205799475600325454e+24
1.071567894629718256e+24
1.833291860107382136e+25
3.499106461319620445e+25
5.899337454640367109e+25
1.728722892540580768e+26
-8.377905235102200234e+21
3.569960544817008251e+23
-5.021716320679443762e+23
3.676408275019709435e+24
9.169312760727141456e+23
3.767577209099424956e+24
-2.232199426297201737e+25
-5.018174116003980425e+24
3.896465989585663041e+25
-4.122753902391592140e+25
-8.233435577134053332e+25
2.818478472155495303e+26
5.995160112912831675e+26
-1.030833096202803348e+27
1.920494885732055463e+22
9.744693516413672798e+23
1.814468072237359818e+25
-3.325272783739337605e+25
-1.436363460115228292e+25
1.833233166243576495e+25
-1.153050140405390637e+25
-2.671841827158701683e+25
-3.046217144077297104e+26
-2.626616476542117608e+25
-1.248826790700444227e+26
-3.997930622746297992e+25
-2.530282064140415597e+25
3.227258117905628479e+26
-8.689374277914148893e+26
6.892813264674061550e+22
-9.590858240308888730e+24
2.061986557620388545e+24
4.354032102066438244e+25
2.528753568591267785e+26
-1.589326465787021829e+25
3.174367898948322365e+26
-1.098290906860314621e+27
1.786221465801904490e+25
-7.341497266969316863e+25
4.539784254156108457e+25
5.016405596507717819e+26
-1.163105516743219626e+27
1.782074356854654349e+27
3.977464245778632829e+23
-1.177567200074784709e+25
4.703972407556022201e+25
-2.314524398171870490e+26
-2.575457110160683682e+24
-8.226769120441805455e+26
8.803746623834113889e+26
-2.050455487442441463e+26
-1.088234213918243993e+26
-1.394251470022726573e+27
2.101513286741252040e+26
-4.375062788834669833e+26
2.023786680394277115e+26
2.077274618782091837e+20
-4.974139787896137187e+21
7.077694918772329441e+22
1.349624975101233170e+23
-1.788998200260525797e+23
-6.135438399370821255e+23
-2.932924528225499291e+23
-1.687562488060650503e+24
1.373381220229368525e+24
4.310705897092637350e+24
1.001392215170198087e+24
-9.685086540887610131e+24
-6.457381842736224934e+24
5.290778168364915105e+25
-6.389947220072822556e+25
6.097930664998710410e+25
1.647076272072422410e+23
-9.623072082277604472e+23
-9.394649355583065852e+24
3.159745643503000972e+25
5.215315607123817114e+25
6.177478898700073448e+25
-4.943486535877498793e+26
-5.373757282266576397e+26
1.179121384603147846e+24
1.712360396715595412e+24
8.246286612971601562e+24
-2.160103593907213771e+25
-1.073371813571371577e+26
-1.006296103859632514e+26
5.694507549874762067e+26
1.463771056865921219e+26
1.976826462697279921e+27
7.371272781203948322e+23
4.082743524446769692e+25
-3.990256585268164240e+25
8.798678639144218072e+25
-3.342621508336448716e+25
-3.127558324278223976e+25
1.303572303758963813e+25
-1.099477190217860085e+27
8.070105394153723231e+26
-4.905192269968466954e+25
9.296527840101281819e+27
-2.982889056322949036e+24
-4.610191138296417586e+25
9.391173954398102880e+25
-6.738857276613774989e+25
-9.870485315965725050e+24
1.536591246000507812e+26
4.909342522971093742e+25
-9.252113702120525119e+26
1.264469291778401443e+27
5.837995516286382863e+27
7.900097517698793658e+26
-3.195752244983572311e+26
8.602218614575542562e+27
3.615091316171952429e+25
3.526989175636806520e+25
5.530541236337858562e+26
-1.648637742791196822e+26
-8.696427303812575504e+25
6.730104171696714692e+25
6.372909888847247379e+26
-3.329191655235695826e+27
5.158324741714800982e+26
-2.214130073396363135e+27
2.877049585733715158e+27
-4.626571094481139320e+27
2.166138342389267541e+28
3.540616357181536606e+28
-8.224558783127760381e+25
-3.724037694111672298e+26
5.019978344576967451e+27
-9.356549841533857840e+26
1.202991479988266628e+27
1.259108875009962478e+28
3.140792744744488179e+27
8.233404497809806832e+26
-3.391971793870280854e+27
-3.969571953882838229e+28
-2.269404439722242236e+27
1.090226682261721733e+29
3.165174272284380717e+28
-1.198921661481705645e+26
2.570113168072674629e+27
1.332040685494072538e+28
3.169644452528006426e+28
8.917121908945381173e+27
-1.930618530095014178e+28
-3.698914608318862486e+27
-4.071688704914895842e+28
-3.942926470881602630e+28
-5.030212452265956361e+28
-3.359756204037631614e+28
-7.224764172781536369e+27
-5.638627881139275710e+23
-1.248828138433917753e+24
-5.770030570255802851e+24
1.391872363595669661e+24
2.143767478730411590e+24
-5.477085644896620381e+24
2.728046674904793387e+24
-2.671749803949945485e+25
9.785933193110805413e+24
8.860654114509695926e+24
9.697576517954890675e+24
-9.081699324358468713e+25
7.491371416274883337e+25
-8.233633107771257477e+25
5.952056211548723394e+26
1.787733952129737253e+26
-1.642617119029240056e+27
3.560155962368352958e+26
-2.374121695158676894e+26
2.413611852858907414e+27
-3.823401747299720468e+27
3.725107299741669623e+25
1.474026823757084190e+26
2.824064212212711286e+26
-4.065782648936059366e+26
1.555459688752727031e+27
1.933004254461634217e+27
1.468369195963114231e+28
-7.343864899188976192e+28
2.963687842968704639e+24
2.529670043593736016e+25
-6.557738012866520663e+26
-1.693809376763885376e+25
2.295031807749006180e+27
-1.079042674759020885e+27
2.592905525964802846e+27
2.550519662379585796e+27
-7.795132951464055450e+27
-8.738018688196926848e+28
3.719913275331902112e+26
-8.457478970371470237e+26
2.133639058829033515e+26
5.122479393643529902e+26
6.002056502097814910e+27
-1.045650179516482911e+27
-1.177498628990177656e+27
-1.200051721004127255e+28
2.513393248388603735e+27
2.609111064162836923e+28
1.005235392156027943e+29
8.914099225770493624e+28
2.465825495986011077e+26
-1.614478672705289181e+26
2.659297444965482995e+27
8.356889044634568439e+27
-1.026142866248956246e+27
-1.877907584328238653e+27
3.749247777696040168e+27
3.839964622879159480e+27
-2.244612086195467713e+28
3.201559563924559257e+28
6.473405475560487639e+28
-1.505464991711011625e+29
-2.499661352156340222e+28
4.262521862287697362e+27
-9.836857905133700996e+27
2.886398204383621276e+28
1.791180267117010935e+28
4.422115337731347798e+28
5.509625104700367217e+27
3.036212339784655047e+27
-3.590477402400644694e+28
5.913604991178535865e+28
-9.271570351964822569e+28
-4.054200723708800254e+29
2.699822198245627542e+29
9.222797688487906027e+27
2.241075023182422248e+29
-5.783003341127985547e+28
6.324881429840592487e+28
-4.163236322992486225e+28
7.256176194693967458e+28
2.067775111040094237e+29
2.628392110770311962e+29
-1.505385410614838873e+28
-3.215960611501220601e+29
-9.450363930436407347e+29
-2.970110497479711900e+24
-4.792136959153195247e+24
-8.844278261719860710e+25
-3.977746634876256748e+25
-1.495752766678088045e+26
3.146525041961454955e+25
-1.356750815893233811e+26
-1.928230109079508895e+25
2.473976918425897876e+26
6.619169943286027886e+26
1.890594045527155689e+26
1.039606700286627893e+27
4.260625227389999879e+26
-3.094132388194436260e+25
-5.806903335218866836e+26
5.224057900425395807e+26
1.413576644148600372e+27
-2.146468948541235413e+27
2.091311051825563230e+27
1.490583721592804153e+26
3.711497119834471769e+26
1.574700786223680589e+27
1.785900356998008429e+27
3.635271620651109117e+27
-5.097853641705607329e+26
1.394203076582127852e+28
6.449236146221629575e+26
7.360900840023109584e+27
1.637600694284632430e+28
-1.404405070714117237e+27
-3.432619179329349063e+26
-3.031103611395028487e+28
2.427445661237679605e+28
1.985484120593595473e+28
-1.473100793202910370e+27
-1.132792358352687971e+26
7.294699384430007095e+26
-6.955059102447347215e+26
-3.310161559820871522e+27
-2.895662682711643468e+27
-5.151899636639443479e+27
-8.131621497025594133e+27
-1.609811486257840489e+28
9.026184188949289282e+27
-5.098413880379850551e+26
2.773684037028796372e+28
-1.384400220166589819e+28
6.799929761034628691e+28
-7.456162466360231694e+26
4.051947590745073828e+27
3.862147629543543694e+27
1.129564134345563366e+28
-1.694211902243841968e+27
4.916548582009765077e+27
1.420806591139195945e+28
-1.759946063610262893e+29
4.900027558531513790e+28
-1.764009526866188113e+27
1.818340666745862121e+29
3.209515436131891097e+27
-3.494796701634261576e+27
-1.613857805065973145e+28
-6.533777099668158682e+27
-1.709649544120865406e+28
6.604226000309921800e+27
5.466196522314782958e+27
-1.571125592029635657e+29
3.344664680979173975e+29
-7.888420951002687254e+28
-5.543464557997201335e+29
4.653046210770771881e+29
-8.513995821519602468e+27
1.105780238694610304e+28
4.503539470670004896e+28
2.405256508306346389e+29
5.353009192371353945e+28
3.705168656929634512e+27
-1.882648394777444111e+28
-8.512298183728082968e+29
-2.137805185905038324e+29
8.898829846230560333e+29
2.093905730476356028e+30
6.114071476525578907e+28
-2.065994762184823053e+29
8.749299447080322148e+29
1.063593110669198776e+29
1.112690849848604607e+29
1.159389195944041644e+30
1.185831531964568369e+30
-1.621226005508994490e+30
2.334619597172857745e+30
-1.716135187340544865e+30
-7.863551099547419798e+25
-6.220737127076971407e+26
-1.483909596738086570e+27
-1.908273844299639586e+27
-1.393716174498698276e+27
-1.094253415103607774e+27
-6.953665115640031503e+27
1.111694072514295451e+28
2.237476350814235856e+28
2.920497317256854301e+26
-2.902500871226448799e+26
-6.346643234474958451e+27
6.687443457735098846e+26
3.511050162342961452e+27
-1.579335618121823619e+27
-2.042183152639049542e+27
9.590013884374343888e+26
-1.389646162663923800e+27
-4.381092206523651995e+27
-1.112454110328422468e+28
-1.050155713129184460e+28
9.415836429826866182e+27
1.688889174576446780e+28
8.729944286585838553e+27
-2.365564270979417808e+27
-2.369712238014726922e+28
6.086173862970199274e+28
-4.916142551973459601e+28
1.410716645598875313e+28
1.438393055213708288e+29
-7.286610644264880521e+28
-1.525713139673732119e+27
1.077116303998332799e+29
6.952993161464596645e+28
-3.427054909859077549e+29
9.491086087919324726e+28
1.038748434643786058e+29
-1.028387209055202276e+28
-5.320559856232051918e+27
4.244472602279686367e+27
3.793394923614596129e+27
6.904449972710186960e+27
1.005014116861883959e+28
-4.724206545418189698e+27
-1.967401361388007837e+28
2.142931086043109614e+28
-7.947306095952825901e+27
1.211419421036262994e+28
2.735932929030486987e+28
2.665433267967338010e+28
-2.829728884995706467e+28
-8.438159685833321972e+27
4.436686175348093614e+28
-1.831530228541520846e+29
-5.277149590722991651e+28
-2.924521374187305229e+29
9.539395308460938458e+28
1.010892004355715388e+29
-1.162989498590258566e+29
4.274718927677603161e+29
4.863701779756365918e+29
-5.228055586921316529e+29
-1.017142075161246029e+30
-1.284546102710643109e+28
2.173014258893226820e+27
-9.267842540568136632e+26
-1.258785295803431074e+28
-9.891133432229131003e+28
1.885991337054630557e+28
-3.631108599471958472e+28
-3.038072967224618404e+27
2.051126294995563000e+28
-1.393828133230321786e+29
-2.144999777004909171e+29
-2.917896687416263830e+29
1.391510809597682221e+29
8.365440412010161764e+28
5.774697873853460866e+29
-1.392125520864371842e+30
-1.764665167743281378e+29
5.579887361674475434e+28
9.651095421894983665e+28
1.451060059075471343e+29
1.550208752177110838e+29
3.324168944934419838e+29
-7.045941499058465930e+28
3.699608004085950254e+28
2.906646821963378755e+29
-1.427888474533054236e+29
-2.258898422950798855e+29
6.922758586165773565e+29
1.345276192155551793e+29
5.635258261558940080e+29
-9.062670730678447220e+29
-2.745351427578405274e+27
-5.957446937513286904e+29
1.191619067077561142e+29
-1.529329361069531825e+30
3.540103881918494855e+29
-2.940401485814298114e+30
4.633849907218602153e+26
-1.761010281726485206e+27
-1.126064279755236661e+28
-1.408468469190139183e+28
9.391484969836340004e+27
5.429633371211493233e+27
4.282365522482997691e+27
7.746938600697953267e+27
-1.469850811122531216e+28
8.530274195281001640e+25
-2.907924889695288878e+28
3.803602326165946905e+27
3.289675190393494279e+27
-2.740000400787511480e+28
1.089436724780251789e+28
-1.327196907810894252e+28
2.190627185719498095e+27
-2.228403413902817754e+28
-2.578537778272604294e+28
2.063709153431520345e+28
-1.869294329506265070e+28
1.345502900646871734e+27
7.962904562274452447e+28
-6.007630992000805471e+28
-1.629508419522108121e+29
-2.202873422308362990e+29
1.989894364228208841e+29
1.638221104640396237e+29
-4.230213943728648278e+28
-2.151879519526115804e+28
-1.481549119678807947e+28
2.406830563732953573e+29
-1.605650695449767857e+29
-3.920492861136629801e+29
1.138951522940627541e+30
6.084796245885326999e+29
-1.408981060969513303e+29
3.902297343483778022e+28
4.223611518074070661e+28
2.495518191221272791e+28
6.784008680495359285e+28
-2.696242287741001582e+29
2.151529963955651696e+29
-1.814019724313370498e+29
5.324556295434780422e+28
-1.073456027900018390e+29
3.949846927049211004e+28
-4.909327525930064903e+28
5.798777941770682250e+29
-1.002325077932920385e+29
-7.553646242468156524e+27
5.280810312921177218e+29
-2.428977954444548160e+29
-2.934327908410754226e+29
1.665550898106087458e+28
1.332588052307742720e+29
6.316504981994838620e+29
-2.655454752526740139e+29
-3.956224768589134640e+29
2.354002809908873710e+30
-1.413941082344234961e+30
1.023111866203141857e+29
-7.667286165624282064e+29
1.124596904619236708e+30
-1.576360357153544325e+29
-1.409017799117444089e+29
-1.691171587418144754e+29
-6.549815574511628726e+29
5.238278908745776182e+29
3.858755554504746552e+28
5.491603939107368855e+28
-3.686763454100519954e+29
-7.841132397729709821e+29
-7.209044435482686322e+29
1.720790642497590399e+30
9.027379915863295468e+29
-2.579908784304353564e+30
9.771911056864353964e+28
-6.517624856535686253e+29
8.201775529546951030e+29
9.053134322000022869e+29
-4.475144757547998064e+30
-1.930124352824084143e+30
-1.999800394084220070e+30
4.362281222713995988e+30
-8.686706712277332078e+29
-1.804094756186295031e+30
1.516325999408708789e+29
2.436780499948171434e+30
1.569045997763619693e+29
-2.016764169204499262e+29
-1.694096652471976678e+30
1.145934637104631390e+30
1.515060304078255872e+30
1.927123137697998903e+30
2.280214314457039767e+30
3.655015695878928225e+29
8.247000074095444957e+30
-2.373528006571221252e+30
-4.807908462947556115e+30
2.525250354811717181e+30
-3.000179509893106610e+27
-5.554096391494359089e+27
7.135743928418613644e+28
-1.452103602917167651e+28
8.787884233314731676e+27
-7.122596431214110055e+27
-3.923486226349717572e+28
-2.423513067633134363e+28
1.835978159752365436e+28
4.977818113248113819e+28
1.697557144660369019e+29
3.192856401751841507e+29
7.022545369201698980e+29
4.504144687677643746e+29
5.609564978791270193e+29
-4.597236512208253980e+29
-4.554661796835518103e+27
-2.822567078781833388e+28
4.944319103964993225e+29
-6.029358331140991276e+29
1.192036033366567233e+29
1.048009834785576310e+30
4.869862403559674256e+29
-6.225476306309981908e+29
1.339111310312391617e+30
2.615553636146264932e+29
1.564519916074687078e+29
2.357996894007221568e+30
-1.624208857076311597e+30
1.399112895846753630e+28
-5.241281558165134027e+29
1.489576397325509638e+30
-8.790257053239398725e+29
-1.750987898760918543e+30
-1.273997917185100691e+30
2.964961103855165184e+30
4.166459286115322426e+30
2.130547168863619584e+30
9.704108340021520939e+29
3.093300271921673914e+29
6.098421043894899623e+29
-6.260008175813254388e+29
3.314967976897958466e+28
-6.930133089954991307e+29
1.416589837047712270e+30
1.405534895837096785e+30
1.455392723720123210e+30
-1.610509969915393016e+29
2.310876218682766430e+30
-3.004497553077142435e+30
3.206152975486524294e+30
-1.237347494702446038e+31
5.908504620392657649e+30
4.171099002356232483e+30
1.147623858926161523e+31
-2.006761865262925717e+30
3.772102472324648861e+30
1.779879594626914016e+30
3.051479552415071875e+30
-7.407429981248194867e+29
1.151371847872065351e+30
-1.428107625697808490e+30
3.462008351114785529e+30
-7.503573506364936633e+30
-9.777841592509372132e+29
-8.791718925862477801e+30
1.142108897128919030e+31
4.610244418755817636e+30
-2.368768565961217030e+31
-2.776731918576138918e+29
7.171342476762606334e+28
4.185132316383340614e+29
2.361656344492152993e+30
-9.634934176870986854e+28
-4.360591713603254881e+28
-3.049267465003041137e+30
-1.434222944154963000e+30
-2.909670687686297108e+30
9.785733988686870715e+30
4.834175324130592142e+29
-3.533223011065810887e+30
7.742610947389946334e+30
-5.710906102495710142e+29
8.049372508968607581e+29
-1.298300223231424299e+30
3.492216861026386703e+30
5.958526359737385544e+30
4.972040039050056352e+30
-4.360104657081584318e+30
8.213997902433480328e+30
1.849783289251083284e+31
4.239985010131810813e+31
1.098101143260825483e+31
-4.786866199239135296e+30
1.939573961248786579e+31
4.268189566607187725e+31
-2.155128724871529220e+31
-3.855400025581708219e+31
-3.054780687662791502e+30
3.019931999851401092e+28
4.996990515798286756e+30
3.114891734690918785e+30
-3.935806440460033967e+30
-3.404209676696299586e+31
-1.785376238801882717e+31
-5.341083583393192776e+30
1.174479664476933381e+31
2.340005056732437693e+31
-6.240955036850676736e+18
1.331232890353788518e+20
-6.075278184785326899e+20
-2.439509385798541640e+21
-2.470667134635591598e+20
-1.259014318659566620e+22
-3.183597571831638052e+22
-1.549435996456814327e+22
1.135972159474722816e+19
1.821386261759062966e+21
2.909161962312368443e+22
-8.015369459644179153e+22
-3.185706590728619326e+23
1.001546804335212075e+22
3.578940244870452019e+24
1.270696616398426237e+25
3.127144907022720303e+21
-3.465470712209890869e+22
-1.291145370414443114e+23
-5.072475070302362093e+23
2.200064122922745293e+24
-6.681819884270215720e+24
7.146131127292496854e+24
1.146322641079959909e+26
-7.397359253551360613e+22
6.381362777303425011e+22
1.828293251927326211e+23
-1.345954770164588007e+24
-1.101261039567414952e+24
-3.078362460336360903e+24
9.997421666656225335e+24
-1.243058970239942998e+25
3.869855621006519924e+25
6.506313812212468154e+21
-5.350751495069777013e+23
1.061275920225070398e+24
3.283235726404432616e+24
1.134718120203571379e+24
-1.286248433371320787e+24
9.519763348653365923e+24
2.810430471061216675e+25
2.929604121202632423e+25
-1.811260900197985655e+26
2.814370318237505896e+26
5.979666346883871901e+23
2.117227544243976345e+24
-6.131906585158688784e+24
4.687764592798020814e+24
-4.197731601568203140e+24
8.261926354176267214e+24
8.431945760262096406e+24
2.030102133291145322e+25
1.254309518084878118e+25
-4.914033359025731124e+25
2.599242191508988930e+26
5.050184736285877888e+26
8.259298582727964294e+26
7.733538297465579126e+23
-4.642517769838692919e+24
3.272457758777594235e+25
1.720990193893549186e+25
2.309554809142828567e+25
-9.217502766957460304e+24
1.654511902368258573e+25
1.753756863635170438e+26
2.385466488540965857e+25
-2.218708804407825723e+26
1.367035000793223989e+26
9.925232407203376443e+25
2.163405808426576595e+27
5.783250780733482569e+25
5.615460028343198945e+24
-6.597855872099853409e+25
-7.530066930851994126e+25
-3.992420713745203330e+26
8.633079553961720046e+24
-5.223037287021847667e+25
6.160770033005764730e+26
1.034644174743503489e+26
-1.638673776111546048e+26
3.505786628672369376e+25
-2.781030234281699049e+26
3.338865081969761136e+27
-2.064468081027473269e+26
-3.664561138764610628e+24
6.167504710274365320e+25
-3.430450371556274096e+26
-1.344211590339069666e+27
-2.124697994944988880e+24
2.307952829561322905e+26
2.059695787034146876e+26
-1.620918879562905806e+27
-1.442990276726858652e+27
-1.564759584634006165e+27
-1.641937346910743034e+27
4.872122993390588825e+26
9.893692258526072668e+21
3.001617810221074638e+22
-1.948734721456444340e+23
-2.559351164089317290e+23
8.042714500592010527e+21
4.725049517414951451e+23
3.295485217560755123e+22
7.942322054693730006e+24
1.072689967793333141e+24
-8.091025466107829634e+24
-3.516703664102214760e+25
-6.708421469923965906e+25
-3.322135263555359627e+25
1.088395323198108395e+26
6.136286899575879117e+23
5.664272726799029388e+24
-5.162335685381298720e+24
9.687859779693949997e+24
-2.650950226413973607e+25
-1.878355257322382883e+26
-1.229612927277007655e+27
-5.321889075778782327e+24
4.623366951231277115e+24
-2.958794317700783301e+25
-4.137967727066264117e+25
1.436185278158906880e+26
4.500296262456766710e+26
-1.382760894629382847e+27
3.044283277693899385e+27
7.620725931039672314e+25
1.221245880878098202e+25
-1.263150782042894873e+26
-8.252394694831134162e+25
-3.305030965053091871e+26
2.263629273502177490e+26
2.488249386491393476e+26
2.777426779926472230e+26
2.592609354252993081e+27
1.686940939711921325e+28
-7.397102201963864903e+25
3.206170989524768717e+26
-1.294419742185890384e+26
-2.383311758398516406e+25
4.828805604371098659e+26
-1.516133074294670867e+26
7.787417165487158097e+26
3.597151550237247984e+25
-6.044822362989575134e+27
8.335333256983448388e+27
3.158458694315757742e+28
-2.503556314223696208e+28
2.646574428393539937e+26
-4.522625671844261283e+26
-4.762382272431882219e+26
-2.527845095374118370e+26
-5.226709281827397013e+26
-9.776500864232150610e+26
8.098572272725984583e+26
3.817341460369582177e+26
-6.399555557276702374e+26
-1.005978350358642195e+28
-1.140683973339457584e+28
-3.411965211586615106e+27
-5.633094971331710738e+28
-1.799988461937558710e+27
1.033569624122672158e+27
-3.068803813651494134e+27
9.135196676400854071e+26
-5.380473759097617489e+26
-4.959064305148292629e+28
-9.528239992946423172e+26
-2.726706251630999598e+27
-3.232124769054850708e+28
-1.435779993385512754e+28
1.415693960256880619e+29
1.704335814978925624e+29
4.191399770254517141e+27
7.616773036278154235e+27
7.580711903822743335e+27
-6.308527528675954247e+27
6.086251470143927068e+27
-2.256606682914725935e+27
2.595039812231974786e+28
-2.977927450488058845e+28
-3.736621827392809708e+28
-5.108318385648409041e+27
-6.356477230063991605e+27
-4.424615404641342108e+24
1.639555208256685287e+25
2.360193298879837666e+25
-1.267938576151291107e+25
-2.725407382583792831e+25
2.265791555761124262e+25
1.730853719578547681e+24
3.362580510044915049e+25
4.576866998328881282e+26
1.310545372892757434e+25
2.210388262955736487e+26
-2.136461307950936842e+26
-1.178764153249753300e+26
7.448140929207801460e+26
-3.017534908475868141e+27
-5.640851979877891800e+26
3.750420522777436252e+27
-1.344824569837574144e+28
3.026732454482343087e+25
-2.938931460797935160e+26
3.879320995535368857e+26
-1.492889583682043613e+26
2.149151279952079994e+27
-2.727889515737053935e+27
-2.608554851514650766e+28
2.069789954736621547e+26
2.990521251290941885e+26
-1.615801533028704178e+26
5.894232609657657093e+25
-1.287658454980420957e+27
2.368451525673913119e+27
2.671509808296500599e+27
-3.644548122950421502e+27
7.342067374943465890e+28
-1.591416147477434859e+27
-2.162968025263584450e+27
-2.418041383768393758e+27
-3.915848415330263353e+27
-1.935351446084118009e+26
3.307109114210422959e+27
1.234819014672886769e+27
3.002138777410835036e+28
-1.412815754543314495e+28
-4.320463759420826312e+28
1.680315516936125930e+28
8.060084317523241107e+27
-2.219600630407088535e+27
-2.576820184015042893e+27
-3.224108454203177412e+27
-1.146645339048267515e+27
2.138164206740375178e+28
-4.261122421299949009e+26
-4.059966777778010421e+28
3.868692025229695857e+27
4.242642839434555811e+28
-1.265910552942569180e+29
-1.628297681078318083e+29
9.305798192996753700e+27
2.844278478785987393e+28
1.322097844062348740e+27
-2.543126685579011386e+28
-1.828662374869502239e+29
2.447705864804797163e+28
-1.842115935784156895e+28
4.431309265783898985e+28
8.872249450515339579e+28
-6.784653200547357424e+29
9.459681675459294085e+29
-1.315458977950550204e+29
-1.419928030910933091e+29
-1.865257368348523439e+29
2.975335306193508657e+29
2.690399110816399749e+28
-5.870681590357648959e+27
2.289589064687406418e+28
3.821316335741992694e+29
-1.485488869489762300e+29
6.938976010014810784e+29
-4.339439874758550143e+26
1.499052461439190903e+25
6.616893247204544584e+25
-1.411470527924031759e+26
-2.942990909798436565e+26
8.375321050465977765e+26
-3.849746626296191443e+26
-2.395897616919627690e+27
-2.030930932574432760e+26
-2.598787323325123220e+26
-5.854215705182110369e+26
-1.354936824616183847e+27
1.227076052706810404e+26
1.917990799868850748e+27
1.519204634119048280e+26
-2.871768522771505423e+27
5.852522054407929355e+26
2.375541553634956091e+27
-1.674341453817820771e+27
2.008125307717396676e+26
6.401355076085051210e+27
4.415848885850081827e+28
-8.762144708221174045e+27
-4.645871176129109716e+27
-1.370110985305642292e+27
3.188076225204664563e+28
-1.534462120490536533e+28
-2.065689975555973566e+28
3.526886517891548022e+28
2.365243133357161025e+26
-1.455485160317837761e+27
4.603137714318338978e+26
-5.501225401415072724e+27
3.071247870505863228e+27
-4.703240607412377354e+27
9.092173046164953641e+27
1.508110625703115022e+28
2.627644256352964452e+28
1.435887836428023944e+28
2.333925267658873425e+29
-6.467408340748790209e+28
1.664711735922603293e+27
3.889092334127008526e+27
-9.078997212194808250e+27
4.356348794657278605e+27
-3.452076324112065090e+27
1.667912745777539324e+28
-3.756617244990340249e+28
2.766203448515204535e+28
2.397566061841575357e+29
-4.042000363980437816e+29
-7.005957708091545498e+27
7.540098386410184308e+27
7.410005152235949943e+27
6.128944323820464858e+27
2.848627252967021252e+28
-4.714651141864845236e+27
-4.229815283607608755e+28
-2.490795079897235100e+28
8.337290162438469233e+28
2.242641746583832979e+29
-3.024229698303726861e+29
1.693480005372843710e+28
-2.743784161047469966e+28
8.743361890602718641e+28
-3.113959444955938994e+29
9.982165363567786323e+28
1.351803465849592156e+29
-1.687222315281756775e+29
9.845829812375515217e+28
-1.548654180218346641e+29
2.501261285335712611e+30
1.541447285975951547e+29
2.207374851530462788e+29
-1.158988622117753034e+30
1.070004401077891474e+29
-2.192405137617690859e+29
-5.724841554893178058e+29
-6.136388460959183532e+29
-4.506723763750343503e+29
-1.540104444668977054e+30
5.425987757174068015e+26
3.789116115109739554e+27
1.218730855340078565e+27
-6.419985707658502355e+25
1.094799531551768796e+27
-1.103264966019702355e+27
3.332521100001999174e+27
3.011645462229477772e+27
1.792384799902010562e+27
-2.773590413423515536e+27
-9.941813908268986489e+27
2.716915083559209612e+26
6.585052604814115232e+27
4.369213765749051135e+27
2.485467040633025458e+28
7.372355794593398105e+27
-1.738280760853713555e+27
-7.228761181263746976e+28
3.668038747740503630e+27
9.028576321625232221e+27
2.913108059190451205e+28
-5.129417038069140688e+27
5.155577755450251898e+28
1.932804178600356762e+28
1.411127172708496518e+29
-4.457871527155194735e+27
1.750433037336468964e+29
-1.495795955444987719e+29
-1.627668298934994246e+28
-1.064848869853864140e+29
-4.759275955914071919e+28
-3.575712608281936273e+27
1.529795335787397608e+28
-4.022160645655534127e+27
6.209081902529367531e+27
-3.638683098693310676e+27
1.357872017148248755e+28
-3.157408726006688451e+28
1.307437403491462796e+28
8.152974748022898700e+27
-1.322589328677636310e+28
-1.230394977629620492e+28
1.578136306309649720e+28
1.339600794830115803e+28
-7.162708292929686130e+28
2.744251772336752859e+28
-1.609544512189819824e+29
-5.017682720169236628e+28
-4.336822360211853433e+28
5.430841810757409447e+29
1.511990457323262052e+29
-4.486398925964716031e+29
-1.006720956373720736e+29
-6.580314235016123874e+28
-1.415732222715583021e+28
-1.485479982091961606e+28
-2.997850820467496102e+28
-2.352513819026943445e+28
-1.343712558913720136e+29
-2.731561204470287740e+27
-1.271781082545494994e+28
5.007176939492336802e+28
-1.334632862229466660e+28
-7.088400510691651719e+28
-4.459522623699105199e+29
-6.701883034277304179e+29
6.396460963183338766e+29
8.207014584248772439e+29
-1.032481375473597608e+29
9.771104259658049753e+29
-7.304426010242805884e+28
8.789579164366537705e+28
-6.493924158258412198e+29
3.119083046125523097e+28
1.891779682704993686e+29
-1.165824499037961709e+30
-1.013460382626463276e+29
-1.769268107149825665e+30
2.832943074946549756e+30
-5.003427241808170093e+29
2.965139299375761955e+28
1.117369185943614425e+28
2.950170734978593055e+28
1.619761499463303897e+29
1.339251511099972724e+30
1.103926686061329050e+30
2.253710848325612062e+30
-3.407002460273889151e+28
-4.362010176569916662e+28
-3.637254931529376942e+28
-8.400356212019088031e+28
2.120113671138779154e+27
-1.012199526479964179e+28
-1.998279578650992917e+27
1.061959127196106669e+28
7.070871805306460510e+27
3.351417093349337823e+27
7.054978002621446042e+27
4.751025298488058797e+28
1.843803436794499299e+29
2.969805498815458353e+29
-1.910448549125819447e+28
4.080583738651687209e+28
-6.775444300310887216e+28
-4.091826505300489650e+29
-1.233989521553802757e+29
-7.744281328980323854e+28
-8.153067491818867354e+28
2.076630362696640091e+29
2.981905253099124309e+29
-3.863399131376254733e+28
1.876435563513368382e+29
-1.672955337689275420e+28
2.134542500066592545e+29
-1.750593023053149531e+29
4.911499038897350302e+29
-1.549008257495046425e+29
-4.785507700715451629e+28
-2.179002996582086885e+29
3.007311678424378773e+29
1.329690005396701269e+29
3.602753028386645268e+28
6.562069365479889792e+28
-1.398653122537256769e+28
-3.674845504513962484e+29
-3.575687986702772912e+29
-1.227768623783500110e+29
3.645343971384991178e+29
-1.068810994802101613e+30
-8.867378761908884699e+29
-2.854889274840398068e+29
1.275064421683726229e+28
-1.413353941131975379e+29
1.148980863742981669e+30
-8.272323092582733507e+29
7.026815657824947169e+29
4.954401623887147203e+29
-2.723759351599074770e+30
1.920741603833292237e+30
-1.113474816472812272e+29
-2.232751369106653760e+29
-6.812009850423836642e+28
-2.328120734350049328e+29
6.841946955651719840e+28
2.796483300236718026e+29
3.034595978112345129e+28
3.861043081849976885e+29
-1.439246102081083512e+29
-2.066791066063361729e+29
2.457291899843550536e+29
-1.407193759840788410e+30
9.385238271805484923e+29
-1.691646150358644152e+30
1.740064228575979468e+29
-2.952085336469329444e+30
-2.764437950896298165e+30
-3.964358371866209377e+29
-1.310309250076545073e+30
-3.248764583706197821e+30
-5.580972981338651502e+30
8.619897981376685165e+28
9.779710826207118961e+29
3.075687884320922045e+28
1.031367149905952156e+30
2.079706000969463550e+30
1.255759115793816346e+30
3.082752460912634314e+29
-3.464563533801527946e+29
-5.598746631732550815e+30
1.730058256360206115e+30
6.591114062669262780e+30
-2.495582164269445853e+30
-3.050327094212845352e+29
-5.574303698005682548e+29
7.174075093868717745e+28
1.967729495309012546e+29
6.329758162618140968e+29
4.533563999904594283e+29
-4.326013244695876777e+29
-3.374416610669008961e+28
-1.944155299003890239e+29
9.561332880688981853e+28
-4.791316757132737051e+29
-1.481046982723396874e+29
2.140082829662951790e+29
6.936352577521353612e+28
2.538585237656520602e+29
-9.031359384072580875e+28
-1.723074408369482269e+30
-1.492975545678500970e+29
-2.071551427932328623e+30
2.025520435576016115e+29
-1.393755167360669289e+29
2.862657865590945208e+27
-8.974999635512691730e+29
1.569686839198050405e+30
-2.012048567085379193e+30
-1.444543840654376064e+30
-3.841676622805668240e+29
-8.118408458537245084e+29
-6.894962502980364678e+28
1.485691165146855339e+30
-4.335101337126656665e+29
7.847425017955455959e+29
-9.213078157043851248e+29
4.544116686405921893e+28
-4.318785216989515844e+29
2.903885230709803185e+29
1.073001385331719770e+31
-7.837352166503525452e+30
-2.116144014861979471e+29
-6.823320357330032413e+30
1.814333997559874272e+30
-7.966162224144610546e+30
2.609011741295419888e+30
-1.976604241712741245e+29
2.097798574527511443e+30
-2.057030045364961166e+29
2.035103311379550443e+30
-4.611877088831132117e+30
-6.698870601393835109e+30
4.175721346420259196e+30
-1.200062399323857962e+31
5.294535423707027897e+30
-8.206993966173506455e+30
-2.075160162605082965e+30
2.891650221378466320e+30
6.308950661486707945e+30
-4.993950480709830509e+30
-1.463487852889228557e+28
1.007812041671274677e+30
-4.811868905168669905e+30
5.208939138852875320e+30
-9.382742593001795467e+30
6.012565111268324405e+30
1.849361313749257491e+30
1.116126989607540027e+31
-4.088326745350097037e+30
5.051466059086439874e+31
-4.333319935020424059e+31
-8.084647317256525706e+30
9.092686199386777672e+30
