-1.126745163732190400e+16
-2.516856966920979456e+18
-7.712208143296387482e+19
-2.092214967039292539e+20
-1.201281920400101999e+21
3.859796557878085550e+21
-1.012306951062786408e+22
-2.744622765884285387e+21
-3.536394151453396461e+22
5.380798805746181120e+18
-6.626400247590174720e+18
-9.186147209446672040e+21
-7.715484878830452500e+22
-1.880592714613964637e+23
-3.720824089744108589e+23
-2.002794944690373725e+23
8.231514004347359435e+24
8.961343826361120077e+24
-2.718686498133501215e+20
-4.632489382646972940e+21
2.010288318515085994e+22
-2.649609175607137010e+23
-3.985889608588463765e+23
1.398173060791068906e+24
-1.877954215488695732e+24
-2.229946765383201454e+25
1.599936170871224969e+25
-1.066482901963306041e+21
-4.788190086154919346e+21
-2.374293685129087518e+23
7.395113665056754190e+23
-1.405981001223247919e+24
1.477103147635809102e+24
3.574909136840121553e+24
-2.638516115670836319e+24
3.678926651602170319e+25
-3.816543877572298209e+26
-4.954957133298790302e+21
-3.876984588958364661e+23
9.459479263309791463e+23
2.805624901843710263e+23
-6.869830261004789162e+23
1.458821681323330725e+24
-8.930860165773676868e+24
4.610263794311068297e+24
2.849879150700420594e+24
-1.018989941955621687e+25
1.129677864884856903e+26
4.326445987068617458e+26
1.071275420443258913e+22
-4.554823128374529470e+23
5.157987291805762284e+24
2.154965322796175068e+24
4.436620006754410211e+24
4.919951625387973766e+24
3.048571101454127519e+25
2.401409801420222914e+24
5.210391331802220524e+24
-4.069301975631177668e+25
-4.815517661810816085e+25
1.807435601270683061e+26
4.841303348388138997e+26
1.147288136391822257e+27
-6.209183686540998056e+22
-1.744449778732260053e+24
-9.661390012607466622e+23
4.011824912666854844e+23
-5.504140330001026991e+24
-7.765350369777654161e+24
-1.352519741739948158e+25
-6.611986533115216150e+23
2.956402415395505950e+25
-1.787646030870615914e+25
-1.535535910791190590e+26
-8.006843446398552303e+26
5.133083778331733485e+26
-3.317159884271657049e+26
1.408080035519738206e+27
-1.918891590634973849e+23
-1.750449259252667796e+25
1.714645303303013735e+25
-8.879182414992342264e+25
1.291419155574308645e+26
-6.276512276083642681e+25
1.515511191957021823e+26
-9.675378522239613607e+25
1.442155792901949796e+26
1.293071562129916110e+26
-3.384926458380657192e+26
2.508977640391266030e+26
-5.889943814764126488e+26
1.733842884064724611e+27
-9.306101424107088710e+23
-6.860807419516823001e+23
-2.782278693781711813e+26
3.167296306178233849e+26
-1.342209621558706140e+26
-3.092048259695311119e+26
7.049592564926378379e+26
8.392818141706498299e+25
-6.976089287394938159e+26
5.580681597233811681e+25
1.518447125193214115e+26
4.963205119542202657e+24
3.684987576191766670e+27
-5.767786482013609656e+20
-1.424367881852238692e+21
2.378811698065822450e+22
1.134848542411502691e+23
-4.272118797278289854e+21
-4.130883455760360811e+23
4.785055880202873628e+23
1.909996173274497092e+24
-2.024765222616545056e+24
-3.577009846757747858e+24
2.221601369586929058e+24
-2.436305635016694252e+25
2.287328896787741135e+25
6.950706884381596064e+25
1.360884385271021358e+25
1.523983480653762087e+25
-2.987644579689985600e+23
-1.120190473458135119e+24
-4.063934964570962757e+24
1.979850125036741119e+25
2.172319690610968806e+25
2.353168185444630464e+26
1.323699861907687188e+27
2.810702356129191764e+27
6.725153820065889769e+23
-2.790841628632381821e+24
-3.825097364527734246e+24
8.865856015635247879e+25
9.115676665175511849e+24
-4.310846787821947864e+26
-4.147300743819420031e+26
-2.664964794952102703e+27
1.104348295734164610e+28
-1.986844183458055094e+24
-3.338658058219317783e+25
-3.977862201824202832e+25
-1.809323564718112608e+26
2.354917178224041921e+25
6.061502025249785013e+26
-1.502328535526428100e+25
-1.114642869686467449e+27
3.728396474329799540e+26
-3.011972256377029283e+26
4.909050945600542760e+27
-5.492792067442308654e+24
1.177794388633956314e+26
-1.081439406896335962e+26
-7.766474586259308421e+25
1.186382210630274101e+25
7.614207213075584536e+25
2.275123432097398819e+26
-1.150608260090287359e+27
4.295239533609370997e+26
3.030928636458672638e+27
5.467970142157993148e+27
-1.053565160872478285e+28
2.661853394679162563e+28
-7.083956086114903109e+25
-2.050542729662864807e+25
-3.213488136526993248e+26
2.613916534157964791e+26
6.267777233085025954e+26
5.798241168211576854e+26
-1.121703884480408952e+26
-2.145897362166741566e+27
-9.573922266496000874e+26
-5.696861518435521775e+27
9.850492860849498133e+27
-2.517769724367597699e+27
4.210377209120960632e+27
4.019952302930253521e+27
4.667576255449147757e+26
-2.132988233466601487e+27
3.551323591765032410e+27
-1.211315820361986031e+28
1.200847569465783236e+27
1.052535570063591730e+27
1.176995874281230862e+27
3.573906567153155623e+27
3.582327990737849872e+27
-2.473076811070940256e+28
-1.297642146540071312e+28
-2.585697339210176126e+28
5.689640977062268585e+27
7.482732576051962831e+26
-7.937305226540297520e+26
1.521680984510739660e+28
-4.215686470482674846e+28
1.244041347657063164e+28
-9.396074264656694108e+27
7.758007397817673500e+27
-4.696233911256675588e+27
-4.106192806479411945e+28
3.401078811312362058e+28
5.354577291289496374e+28
6.767462215995970442e+28
1.147692411440769008e+22
3.996356543602195996e+24
-8.772861975103474657e+22
-4.965807706991124692e+24
2.695669751617639607e+25
1.685601829355312114e+24
5.562907810873597227e+24
5.636806590957964095e+25
-6.908638763877698586e+25
-2.145280812550489032e+25
3.246583460356259797e+25
3.075165932509679548e+25
1.027566257877025544e+26
6.215935052736640227e+24
-2.461986799511169864e+26
-2.082654920434962163e+26
2.334284296628813181e+27
-5.848282520676405977e+26
-6.637212020394939335e+25
-3.326041313562264227e+24
-1.118211516441331463e+28
-8.600831991337388857e+24
-6.445242794123066894e+25
-3.123750070763742814e+26
2.096884021810959405e+26
1.619764960733743652e+27
-2.263309289209971812e+27
1.594896699722429613e+28
-2.811564693155069582e+27
-1.518225101733951386e+26
-9.555070620908732872e+23
-2.000428642704438461e+25
-4.131023051695266976e+26
-3.229626352087323040e+26
-2.773741003959279875e+26
-2.800259091620225036e+27
2.623107038596636638e+27
-3.691253828502106339e+28
-2.136312636396383400e+28
1.094688183552357598e+26
2.319879320108968964e+27
5.881287735580183794e+25
1.760150333983435000e+27
7.237465335278755155e+26
6.011039546634904935e+25
-2.932683841460784219e+27
9.600548991459633128e+27
-4.084774478657164667e+28
-2.612109173105903186e+28
1.759108087719597000e+29
2.261273707106944011e+29
1.863820911011869862e+27
9.998934727421703252e+26
-2.916033192022028728e+27
6.385387228769907809e+27
-1.365412808361754143e+26
3.002366953768772412e+26
-2.718927237558574804e+28
1.166351589149210910e+26
-8.113938979550819221e+27
3.524454195956480486e+28
-5.120986631912950119e+28
-9.835481885734500741e+28
1.302008552997069813e+29
-1.753975165957554123e+28
4.036417737066921461e+28
-1.073957109269083937e+28
3.298018835024140414e+28
4.685955124086658931e+28
-2.076444134964276536e+29
-6.645345760034404655e+27
4.093562704210157121e+27
-9.185497729029889341e+28
9.311181391361549202e+28
-4.065216732446375665e+29
4.917931874534110982e+29
-3.485183681680650406e+28
8.299866041745256925e+28
1.284821324573297231e+28
-7.122699203626110028e+28
1.802139037966666822e+29
-4.312621830235061048e+28
1.697336340881139903e+28
2.568501115846670115e+29
2.808354077535334372e+29
-2.889153347549615019e+29
-3.809246611822621854e+28
-7.846396568071039248e+23
-5.362004889417951969e+25
4.221672318741604332e+25
-1.993789062691899216e+26
-1.653385971376452577e+26
-5.659276421673008678e+26
3.740184485919094757e+26
6.654596061705747824e+25
2.704722145144203268e+26
9.522900426154624296e+26
-1.858556742102434140e+26
-1.231317189757237023e+27
-2.109842560466167625e+26
5.551143577702788927e+24
7.316089824108307349e+26
1.692281929219057386e+27
1.370154373886995296e+27
-1.221104125973406869e+27
-3.043254637045779837e+27
-5.957188438334747057e+26
3.579087784577190720e+26
1.828994609702563203e+27
6.828486797012533372e+27
1.271110496875306207e+27
-1.454941135698343021e+26
1.817581326739959607e+28
-3.262767710158172437e+27
-1.624146932374951543e+28
1.993202149467301816e+28
-1.745603790991074216e+27
-2.253909405917899652e+27
2.828394665561908200e+28
-5.920999388839194540e+28
-5.658242458863459642e+28
1.225849869875142923e+27
-1.206873719114884896e+27
8.844941677066802190e+26
-9.017231921857198451e+26
-5.262655046728876222e+27
-5.914935240832277842e+27
4.943738176877779068e+26
1.596514747885371868e+27
-9.393363426179563754e+26
-2.145963834473782113e+28
-5.934838578611569145e+28
-8.326142241670621398e+27
2.713949833492541412e+28
-3.502907014959437629e+29
-2.140854215525754145e+27
-2.574620782630309019e+27
-4.314054707625496431e+27
-4.204500872578671076e+27
3.399899110968503016e+26
8.069480985267479069e+27
1.335073709717165059e+26
-3.435071291013158305e+27
1.401045898950984940e+28
-3.898209342527078057e+29
-1.077214582947746092e+29
-4.149722096603584953e+27
-2.376876604218707762e+28
3.087201387098698964e+28
-7.083682433347380018e+27
-3.427860477672670070e+28
-5.156617831217449244e+27
-3.397642096586624182e+28
1.085355310954853900e+29
4.502464260031843587e+28
2.333856406016384345e+28
1.090413297284102905e+30
-1.071092572867035698e+29
-3.949354709035192305e+28
-8.992490992118730094e+28
-5.493856240034614316e+28
4.121937763856765019e+28
-8.794943991957335701e+27
-1.426027796709958014e+28
-2.330766704839619948e+29
6.018527945912231851e+29
6.201201463276162046e+28
-1.189583257113920875e+30
-6.028964402363880389e+29
-4.732890600978454835e+29
-4.117707660505943590e+29
-2.749659599011326149e+29
-9.643345599297496466e+29
-1.034288423292039820e+29
-1.289447863759914791e+30
-2.014033205435204733e+29
2.208560008660787485e+29
4.279884129088918597e+29
7.974859431224802916e+29
4.611120645666402487e+25
-3.181355049616221840e+26
-1.127924788588454987e+25
2.831266381106638537e+26
-1.485354313356871013e+27
-2.632691566213840257e+27
-4.607298705939384830e+27
-1.082968556044826282e+27
-9.824165660239105612e+27
-4.403180919434547652e+26
-2.071507335154682210e+27
-1.499313133071962001e+26
1.166052387429505274e+27
-4.528658688903795845e+27
8.661164528851300435e+27
-9.166407995732299951e+27
-4.564556603433130181e+27
-9.436795843811256595e+26
3.515756174565210881e+27
8.072910984393184648e+27
6.743792910666930899e+27
4.920593736133460061e+27
-4.404337236075989937e+27
5.594731765179399583e+28
8.279175199643158450e+27
3.472639769800801799e+28
6.632555196274446023e+28
-3.038850717851306832e+28
7.248208686341192033e+28
5.303854843714720688e+28
-1.283201460720337365e+29
1.818989251113711594e+28
-3.818334047363565885e+28
-1.885111947143138049e+28
-8.818468749840682016e+28
-3.025695946417121482e+29
-1.569917805519217552e+29
1.634218589554812486e+28
6.015432678718446122e+27
-7.399046395749276726e+27
1.217577865368127182e+28
-6.647092199074436102e+27
7.434733839962687450e+27
5.831928148962438047e+27
2.685499810749902284e+28
9.218682806382118484e+27
1.023328069874909187e+28
1.235930742594120984e+28
-3.137204530811528533e+28
-2.673317745437505002e+27
-3.590216856717222381e+28
-2.904270727159373240e+28
3.526155789853190380e+28
-1.076369097055867652e+29
-5.998697570985362846e+28
-5.493509647104360720e+28
-3.031633071014757229e+28
-1.542719165383556241e+29
2.525771655004010766e+29
-1.721173085576487905e+29
5.660526202630975435e+29
1.188336656939546622e+30
4.417303494984300687e+29
1.842871147980597251e+28
8.443559730072320956e+27
-2.502907989596495888e+28
-1.409726313994609765e+28
6.035492357446104051e+27
1.613525884036430776e+27
5.886999575763434592e+27
4.875333857450958356e+28
-4.920969014332051277e+28
1.686540433308049097e+29
6.526104180227954726e+28
6.497245559704543939e+29
-2.166647910602997046e+29
-1.708708495435203633e+29
1.918157323977197320e+30
4.245987096417199549e+28
-1.468855908054675629e+30
-3.596213765029404247e+29
-3.106299525298645342e+28
-1.683526714881410379e+29
-2.544545035650534581e+29
-2.537801916133447331e+29
-7.038737388157476591e+28
6.474429184201300959e+29
1.461386782305951570e+30
3.116179253410590878e+29
2.670728048036232352e+30
1.718553019288950623e+30
-1.088127999226725336e+30
-2.710728018039682201e+29
3.929858057633974345e+30
-4.970471063165822139e+29
-9.527368150160641215e+29
-1.531014286918361013e+30
-1.044279929898418047e+30
-5.670359463316613487e+29
-2.283711176341412470e+30
-1.046831058187550358e+25
-2.238009519618380103e+27
-5.270021481575489226e+26
-1.302819748433069570e+27
-5.910927516932254463e+27
-1.281660998136972348e+28
-2.614588640347467191e+28
2.151581630315391801e+28
3.694062140191517465e+28
-6.760184682875148236e+28
-3.641114652515125833e+28
-5.969670291606757542e+26
1.762644671322682517e+27
-6.517515262109800256e+27
2.302621054252558164e+28
6.160600571470244834e+28
8.637591964483893417e+26
-4.197688744854411895e+28
5.420299610087405417e+28
2.972848886997995108e+28
-1.721429605011522336e+29
7.070155959366112692e+27
-2.936960017297714271e+28
6.216892134938673509e+27
1.490512432116277247e+29
2.365076406936126767e+29
-1.555337495970889323e+29
-2.482551584456619037e+29
-6.555824987584158761e+29
-1.183086059265088491e+29
-3.987577612902833902e+28
8.625369430651036201e+28
7.690356871832296353e+29
-3.511796685597998812e+29
-9.123369994986374424e+29
7.018271636950039922e+29
-5.562184166249621539e+29
-1.009169868865895582e+29
-3.901389000290592649e+28
2.025618882894787054e+28
3.202840990142218495e+28
-1.990915865108740758e+28
-1.772942159661013683e+29
-4.223397879332674462e+29
-8.086213649573343399e+28
5.383874032947650709e+28
-2.993690914164946363e+28
4.267786428742758509e+28
-9.421539437194145152e+28
9.626194444478297725e+28
-3.013958487298068136e+29
1.692179146310946120e+29
2.326256860467929108e+29
-3.569679005033549917e+29
4.913605794553307652e+29
-4.166729834900045636e+29
1.515981148098382777e+29
3.240043306247708635e+29
1.653603493355922184e+30
-5.700325119115402422e+29
2.055671509292416175e+30
1.623194631329767743e+30
7.439099653605188111e+29
3.288999554213338523e+29
-1.459867552152029817e+29
-4.115912051523159243e+29
-8.121801858113512199e+28
-7.140657429489325453e+28
-6.680021047612814956e+28
-1.176116472182991606e+29
-3.702982329264092318e+28
3.906561690090573839e+29
4.196301336524630815e+29
1.536412110580679562e+29
-1.072964228121928361e+30
-1.872945031631907029e+30
8.844380010944059698e+29
9.522563204273417754e+28
1.216699716000421593e+30
-1.146199268901298136e+30
-2.093864975326501992e+30
6.884522775044103377e+29
-6.300005489554266087e+28
2.954920670857952898e+30
2.685791394013800820e+30
-2.714485261244754896e+30
3.504837828549831158e+30
-1.544679229206954077e+29
1.709109192337718273e+30
-2.343293296663388346e+29
5.375018817713629072e+28
-7.162077326726326591e+29
-9.692665675722111237e+29
2.750388359723861080e+30
1.634129716639910897e+30
2.036241989709572761e+30
1.517180696471588962e+30
9.355505482975102889e+29
7.966668691201047108e+30
-2.064929302236072899e+29
4.967080130648515982e+30
1.296689474148284553e+28
-7.932071871711779952e+27
-4.399102265350673701e+27
1.164001159341809332e+29
-4.511543700571049811e+26
6.940571207400594329e+28
2.419111920187647235e+26
9.199465145213376692e+28
1.886783808949015960e+29
-1.030208229136361212e+29
-1.214809373724587683e+29
4.078708002914825086e+29
2.782750963756327021e+29
-7.001974193877699156e+28
-4.214813019466353900e+29
-1.115983594137034787e+30
-1.033218439105479838e+28
-3.919803096116000240e+28
-5.448552776982589262e+29
6.075262635196539926e+28
4.215058217837901706e+29
-5.471891480998522585e+29
-2.341761809295782770e+28
-2.669474757241921896e+29
-6.691564571565049533e+29
-1.130612978888949219e+29
1.266577142547792539e+30
-6.094239130792866672e+29
-3.790521933116344612e+29
8.321669345414357919e+28
-4.891161296321131747e+29
-4.078038265062787331e+29
-8.795715327688284850e+29
3.022689415612468704e+29
-5.843813985679908336e+29
-1.299916864455298596e+30
2.005665460142902328e+30
-1.733374378619409588e+30
6.706347950799372646e+29
-5.278036964947009305e+29
-1.887901723730299697e+29
8.220068868612807821e+29
2.439032878956684647e+29
3.421499702442860724e+29
-6.071077341972295282e+29
-1.862157161439762797e+30
4.493054689668832228e+28
-1.206988750963880626e+30
-2.604440356315873388e+30
9.306905042605725533e+29
5.314083547466684193e+30
6.364461070194469806e+30
-1.475770138351082913e+28
1.684790107540911929e+31
4.308444985245223520e+30
-2.122802242466363154e+30
-2.925760145672550954e+30
5.069993834920982682e+30
-1.768805922058394827e+30
-2.875475496884341714e+30
-2.989126021050317200e+30
-2.317366626023434321e+30
7.590124607753212303e+30
-1.329724777373369315e+30
-3.481456744303753780e+30
-5.424654698315330682e+30
-7.166146312507877033e+30
-1.017737123132061780e+31
1.462438151125332116e+31
5.358687073659728164e+28
-3.347606492870847075e+29
-1.870548110563797170e+30
-1.126335453615019809e+30
1.847252273497642902e+30
-9.797976415462746664e+29
-3.273133713678035785e+30
-1.311407101458062784e+30
5.251919839493517802e+30
1.656654772275930173e+30
-8.234573197880118191e+29
-8.650225575815400226e+30
4.112315110495149768e+30
-4.590467012284500623e+29
-8.379471169153650423e+29
4.149173729187025855e+30
-1.477948587009980595e+31
-4.961508430907936480e+30
-3.032810953908559814e+30
1.262418903129823820e+31
5.779873883733928525e+30
3.757926551338591802e+30
-4.089482519076874464e+31
-8.937176583715728819e+30
-1.765599032560117594e+31
-1.014328945960592532e+31
4.818947753373317534e+30
7.645600552484523875e+31
5.217353206609309626e+31
-5.402909802729509598e+31
3.348731209826924464e+29
-4.425010976753780100e+29
9.009183130603632205e+30
5.592550388610915303e+30
2.718954104931255739e+31
-1.138085054304194186e+31
-6.772801967455521399e+30
3.807681455961867202e+31
-1.348578187050071055e+31
-2.088023050171348480e+18
4.946290569204046234e+19
-3.687307464367294054e+19
-5.664021293605352899e+20
4.229579762202005471e+21
-5.837412380048170680e+21
4.733523884533014856e+22
1.489018208634240657e+23
1.639229944476287795e+19
-3.631406570453610267e+21
-2.758073931647614661e+22
1.969512490508004696e+23
-4.825410059112001380e+23
-4.379660046916929811e+23
4.031432189208922901e+24
5.044576938840100824e+24
1.765073459215008268e+21
-4.862755436521321608e+22
-2.432723231901576541e+23
-8.560309267663395603e+23
1.944022202702640439e+24
5.619075992503405645e+24
-6.722570860319874160e+25
-1.062513026509687566e+25
-1.161421583434885754e+23
3.207428358323356157e+23
-1.911980825330638882e+23
-1.238640896544282776e+24
-1.381282352005038362e+24
5.235442735464304848e+24
-1.623068202982566051e+24
8.608419469568836590e+25
3.553614391333693807e+26
2.435137228259388692e+23
-5.495904977077335868e+23
-1.378231818334957675e+24
-1.083116581691220247e+24
1.196410473090726278e+24
5.851862982356038175e+24
1.576384004163710428e+24
1.685689202623753767e+25
-1.630670460547806463e+25
-8.678454749935316775e+24
-2.949602107883526501e+26
-7.854423307856191244e+23
-4.319194109534632434e+24
-1.482308874877842523e+24
-4.603970973005933795e+24
-8.856133598480227044e+23
-1.611060863252115106e+25
6.124562054482173582e+23
-1.872980621709760755e+25
9.030629832479892574e+24
-2.928045507940407012e+25
1.812112105909376069e+25
-3.504856329439489855e+26
6.132055786998022928e+26
-3.889558321850105201e+23
-1.147349068018102231e+24
3.235740189030631004e+25
1.690251698961855072e+25
4.305459877520990859e+25
-1.146006136457812999e+25
-2.767280312694293632e+25
7.947772998606485912e+25
-1.949213739784254838e+25
-1.183669838145633787e+25
-6.165911409106172829e+26
2.607841586138935801e+26
3.898059196327358508e+26
5.891354650256865550e+26
5.183008468524871857e+24
-2.786923421618767408e+25
-2.332400204091615312e+26
-2.218911083129278965e+26
-1.452133148661283888e+26
-1.308585042998372957e+26
7.922936881638841848e+26
-1.128000773538589389e+25
1.058652973865596088e+26
3.400644870888408620e+26
2.746603000452209185e+26
-1.263338082114667617e+27
1.085067631626716688e+27
5.253173904682112132e+24
-1.734351776430797245e+26
-1.041095498140925690e+26
6.579515204349509076e+26
-9.586603487652351392e+25
-2.007501479613490534e+26
-4.949007856088311149e+26
-2.675103592968683793e+26
-1.951377919736381967e+26
3.927918118038678430e+26
-6.778508248887702495e+26
-1.949545509018642540e+26
-2.184423002301281809e+22
4.492499687111991807e+22
-3.541212982069422855e+23
-3.335823168756349728e+23
7.881074171393388954e+23
-2.131171591873134036e+24
-1.954965354318210508e+24
-5.241901642390276860e+24
2.760672171376236919e+24
1.701109388161116579e+24
4.787810566698027293e+24
-6.029528801941521245e+25
-2.361548271698127845e+25
1.779874043049515694e+26
-2.424957638935174929e+23
7.438966436603600440e+24
2.853396551673157797e+25
3.090820975478721827e+25
-8.387837905662441268e+25
1.407761604813482570e+26
-9.129256925634363351e+26
3.431350530531369326e+24
-1.338141040670483027e+25
-1.297790207755656967e+25
2.377749899484496358e+25
-2.074182959662271765e+26
2.577848700408060235e+26
8.259351818728134901e+26
-4.402941319527802641e+27
1.229903993217124485e+26
2.086923773889187028e+25
-3.046702947681524352e+25
-2.221929500885716241e+25
6.770365871532360884e+25
-5.469421063472630271e+26
-6.902297988802934739e+26
2.050061719212818600e+27
2.706099792300012044e+27
3.023794364382826624e+27
-9.435153418527209219e+24
-1.751022750734664267e+26
2.237015226396596276e+26
-5.279097619546454624e+25
-7.062737232692562665e+26
1.160713995243814066e+26
8.910656781420820785e+25
-1.711885319924534114e+27
-5.489181303587022512e+25
8.389065666850175806e+27
-1.031709501302018903e+28
7.299138725490814670e+26
-6.392063772257981151e+26
1.818212307989775594e+27
9.358387411592215102e+26
9.671578412247801475e+26
-8.555710748898424799e+25
-1.837336070921282716e+27
5.533499296061395238e+27
-5.346750971127377622e+26
-1.631774338642808416e+27
-3.627521200827717555e+27
-2.348098048132144327e+27
-1.978463522333474350e+28
3.565227899146833932e+28
-1.657958451867687237e+27
1.775392982072250007e+27
6.211237262631991220e+27
1.598456529477249050e+27
-1.861934965596537201e+26
1.349378240855674490e+28
1.589337005198217256e+27
-4.296329742373500011e+27
-1.453309329170109130e+28
-2.637729832458210912e+27
-1.141980515264825729e+29
6.429471934910600855e+28
-2.966622792763270835e+26
3.105067904364111008e+28
-2.004155177071743127e+28
1.211532658453583005e+28
1.386755666777881739e+28
-9.090602879871387326e+27
4.942542326445620345e+28
1.021756860605763738e+27
6.063415275828816858e+28
1.761021964868900315e+28
-1.853184288720437232e+28
-3.553200767403839141e+22
-9.141048686099976272e+24
6.734390375178860862e+24
-7.063711228500623135e+24
6.731289438251127765e+25
2.537209518093917105e+25
6.543642066008256012e+24
-1.780573631578958532e+26
9.959994396446607589e+25
-5.081487480751521468e+25
-1.429362579746515326e+26
-1.794181451190969740e+26
-3.632696878171587321e+25
3.845141673591963480e+27
-4.924635627984264981e+26
-5.971103121639696102e+26
5.041242850043528782e+27
-2.721255668012704179e+27
2.957651297914117101e+25
-8.303591630748761974e+25
4.154430936157362523e+26
-1.221638262063953510e+27
9.885676360172945736e+26
5.678953555367762869e+27
-2.248430272223345204e+28
-1.878198689370144633e+26
-7.758596382176415253e+26
4.062952626047801252e+26
-9.978434779429289098e+24
9.841321931668275471e+26
-2.321071373246667100e+27
8.197105710045699901e+27
1.567152381298920478e+27
1.344060129507476451e+29
1.580601249574845213e+26
-1.694357196107263222e+27
4.562782906346503000e+26
8.128007118119324018e+26
2.606398277955229309e+26
2.839327530960347590e+27
8.855451811993029122e+27
-4.545077616384940287e+28
1.167592145346656022e+28
-1.006973363478926231e+29
-1.526000978613102390e+28
-5.410975597777174037e+27
3.207067219298713990e+26
7.977066440625156641e+27
-3.492518843765907289e+27
4.029211063433226086e+27
4.189842884685785676e+27
-2.150292865789553868e+27
-3.116330853920837835e+28
3.201978484760565979e+28
1.923064243629797842e+28
2.470605170923161100e+28
-9.056978425669990159e+28
-1.082101071768367043e+28
-1.393656459196094963e+29
-3.049959396477217912e+26
-5.333747748675805370e+27
2.367533837111093012e+28
4.416168829540520004e+28
-2.380715100576368583e+28
-2.905778210848077198e+29
4.415194112649273142e+28
1.683808056439361361e+29
-8.646503771364812246e+28
-2.586376093572901513e+28
1.657342813864717326e+29
-6.511993238740661712e+28
-2.581742384128074836e+29
4.361140000208919243e+28
1.104096422140137151e+29
-2.656561700649266659e+29
-1.234907212671363529e+29
-1.837084838580155524e+29
-4.495039713094391822e+29
-1.346984194192119054e+23
-2.933587753464318630e+26
-9.349543180298505941e+25
-2.670451301689585414e+26
-1.009450060637693396e+26
2.985486816509798168e+26
-1.226036516646689147e+26
-4.942974096457892108e+26
2.498842862432785468e+26
-1.658619279611317601e+26
-7.748112309460280963e+26
7.107048142135810314e+26
-2.721734759740908428e+26
-9.764915285734241716e+26
1.382679349671721719e+26
6.054858819875374009e+25
3.603936099920337547e+26
4.076343613912218289e+27
-3.710773657122967400e+27
-3.485850561921815054e+27
1.784036959961431437e+28
-1.907033586916043274e+28
3.717320471622429868e+28
1.113681105093504471e+27
-1.248433569737908721e+27
1.139225985691854698e+28
-2.226033894343821080e+28
6.495338967302575078e+28
-7.566023855628986357e+28
1.501469695063319340e+26
4.486985105673231139e+26
1.527534810693029217e+27
-3.074735174012084607e+27
3.338993939611685872e+26
-2.350590402648154134e+27
-4.876378263800658517e+27
1.117438701731230508e+28
-1.080941087327420009e+29
1.817999185022215422e+28
-2.008932218495576128e+29
1.128311930807157597e+29
9.793903534456318838e+26
-1.296263871794618680e+27
8.785920550345070026e+27
6.813057012939180223e+27
-6.504281199672775656e+27
8.365251650473355295e+27
-2.430754553487517203e+28
9.865307554083989342e+27
2.490566619974597445e+29
2.790526317123200799e+29
-2.758495218546213774e+28
-1.385636301172420767e+28
5.006206946802049907e+27
2.744686240043838695e+28
-2.463593286704960343e+27
2.652817290503803173e+27
1.412499095672323354e+29
-7.867480762013785892e+28
-8.234229081855943463e+28
-5.188895730204956484e+29
4.285685512269914554e+29
-1.246181728938125602e+29
-5.294076103817486987e+28
3.472188845954289066e+28
3.124009652108782637e+29
-8.627184107299629214e+28
3.107906536123424954e+28
-6.984894364282492446e+29
8.820946855495085606e+27
-1.762429771294696586e+30
-1.697061994339794724e+30
-1.300067351408283085e+29
-1.531615229165396511e+29
-6.318181052116482351e+29
2.389501020020560172e+29
1.298024017473425019e+29
-1.480368888686439222e+29
5.402564874784799446e+29
6.051589505018283232e+29
-3.241755495994943281e+29
-4.108867277511254522e+27
-1.722707879697520219e+26
-8.165472820777314766e+27
-4.215007047149329164e+26
-2.213122150295016008e+27
-1.313472483323532885e+27
7.399930757619188216e+26
-1.559906743078974002e+26
3.833604603990093779e+26
7.448282439383974133e+27
-7.735979776439950674e+27
-1.963589077254576747e+26
3.392853218139962468e+25
-1.762399811444250976e+28
1.253282461077072505e+28
-3.376028242748638004e+27
9.012072133338356818e+27
7.168632891863024511e+28
4.425277079513967267e+27
-2.397573943562272384e+28
1.386160283185632299e+28
8.597382436430224724e+28
5.683392775908122676e+28
-3.135634593667253789e+28
1.121450237824658204e+29
-2.208290570102251823e+28
-2.119742987943540737e+28
1.941635493211862902e+29
-9.485290228871563417e+28
2.678787556408309689e+28
4.173238604496480512e+29
2.498710467687729960e+28
-3.374067849491328353e+27
-2.005743782857846021e+28
8.371713366096706197e+27
-7.391179965404301782e+26
-3.589228258234537121e+27
-2.758176403793042630e+27
1.066960683176517330e+28
4.243810598549770057e+28
7.501313174581993772e+27
-2.941914505877703629e+28
-2.727705259776859964e+27
-2.126254257581287484e+28
-1.002883168824993428e+29
-1.877504007033431431e+29
-1.891444265377474956e+29
1.166111942458993119e+29
1.605044193909477895e+28
1.231706174800964340e+29
6.694401418083250458e+29
-1.163962762449098136e+30
2.392104002798019324e+29
7.532257980273015259e+29
2.327439340566779907e+27
-2.977061958257920127e+28
-2.408087466639317998e+28
1.987723750500880581e+28
1.487772406107570951e+29
5.571838981774951445e+28
-3.359471570436130291e+28
-2.110959386196920131e+29
-1.372580998333811059e+29
-3.244394538064731052e+29
-3.795365411837264151e+29
5.628698213629602013e+28
3.499327368435478574e+29
-3.507051637150857504e+29
-4.265676255502989113e+29
3.907447166713750415e+29
-1.078970854171079595e+29
-5.567071402999221774e+28
-6.114345968853936340e+28
-4.604678690601233325e+28
1.821286906313927519e+28
-7.047061578128561380e+29
-3.558085534423373598e+29
6.589868250039930277e+29
-1.953152208058830471e+30
-8.568739996245292883e+29
2.942720609603011799e+29
-4.546199803022427194e+29
1.230979454590775828e+29
-7.139373689672223208e+29
-1.474282086689762104e+29
-1.766989217672041594e+30
4.696594387025431389e+30
2.320289466448426456e+28
1.195726426765170433e+28
1.198585551922674018e+27
5.694214432434244686e+28
-2.623524021746465569e+27
2.775583615870831826e+27
-1.651453870654132233e+28
1.706428137852347428e+28
2.516817326301360846e+28
-6.182259448765018256e+27
-1.323442835195160594e+28
2.586170796443144052e+28
9.872999287459735137e+28
1.147866105777954031e+29
8.576971163007393698e+27
-2.047253578456784763e+28
5.663469804636523620e+28
1.461013880344965216e+29
1.935081665602652761e+29
9.550620460344322728e+28
1.848308209369503069e+28
4.605622108277306895e+29
4.691142943672500397e+29
1.834971786990629306e+28
2.106294240202117268e+29
1.123366681488154124e+29
5.233124547433828957e+29
5.479157789463440430e+29
3.618766376375508934e+29
-3.431154721059117097e+29
-3.051422724228576248e+28
3.021444398027881094e+28
2.160223653662673223e+29
4.159505099674667651e+27
2.720323746936301237e+28
-1.839990728186110904e+27
-2.172918782772592442e+28
2.709769376298872148e+29
8.026974139887783054e+28
9.261163072314469203e+28
-2.296105616784822160e+29
1.863355754331864634e+29
-3.963196210687710358e+28
8.247566771226150056e+28
3.392670838744002167e+29
9.980801992451450581e+28
8.544220134715661666e+29
-3.326426170717305060e+29
6.746783012896116625e+29
2.776674709461045770e+30
-1.895098881418479337e+30
5.317722553533620464e+29
-1.071565076124746932e+30
-8.213700791638262970e+29
-4.263005144546027900e+29
-9.263804681179848866e+28
1.152099017234276835e+29
-1.820005244935559611e+29
5.247951867990429611e+29
-1.266058282462452120e+30
8.212803030684935354e+29
-5.897964394558641385e+28
5.857486017108212766e+29
1.465692507985144415e+30
4.792360027258232754e+29
-2.255653988136002100e+29
-4.936343668085112446e+27
9.782120967541711667e+29
-1.166814277086590789e+30
-6.139653836660474021e+29
-1.844431009455144801e+30
1.991818408741121331e+30
-3.696818762060254366e+29
9.116443305323953878e+28
-2.321832292549407451e+29
-6.922220095218547578e+29
-2.922355703966648095e+30
-1.056207132101820044e+29
-9.523988583249112395e+28
-1.519304326161531297e+30
-1.434283786426307247e+30
1.713913354005114050e+30
7.067829087784435931e+30
-1.157175989367411878e+31
5.788607785751810334e+30
-2.429844419880000328e+29
-6.356891048229190511e+28
2.008156439130510450e+29
-7.173599418584409808e+28
-3.661954426014524760e+28
-6.076219110698467313e+29
2.482694433596991882e+29
3.094503065269567523e+28
8.169052178593980939e+28
1.781279923198975216e+29
3.529542390888870565e+29
-3.477594259311366342e+29
3.817780134018856178e+29
3.637642835704461188e+29
-2.161738922100206392e+29
-8.287792817391748280e+28
1.165567430300959139e+30
-1.504810151247474966e+30
1.384386931248414265e+30
-1.494870006514936544e+30
1.864136345872189946e+28
-4.254792976872538944e+29
-2.970188712124869742e+30
2.115857016895730400e+30
2.959182919104437136e+29
9.174081538743343730e+29
-7.826890235666896625e+29
1.298707950036828743e+30
-7.189376535939309208e+29
1.592894180888380256e+30
-3.506840083384644276e+29
2.005073225329657151e+30
-9.741639017375533890e+29
-2.972184488342966036e+28
-3.926756955133124834e+29
2.173942795037226089e+28
2.174841882582949892e+30
-6.137962456200476100e+30
2.608267791329602106e+30
-3.587360476287375784e+29
-6.929140824543121071e+30
7.098998028690992497e+30
-7.302828186379786063e+30
-1.141471534679779006e+29
-3.159467752374015300e+30
-4.926773999460686298e+30
1.786497307096835372e+29
1.106073029413125707e+30
-1.091355456046592940e+31
-8.137514204025940735e+29
1.552279975473391931e+31
-6.916899229963197653e+30
-1.457226678604653231e+31
5.149775544993664809e+29
4.116429388808167965e+30
-5.445844087346477333e+30
4.175796698172939807e+30
-1.692321834249731804e+29
3.391299344781907787e+30
-4.637654165272560287e+30
-3.735873143657845336e+30
5.845560899778202466e+30
-2.117556430569171837e+30
-1.604584129193820418e+30
2.769110076334891407e+30
-4.593788795916049557e+30
1.687540386448812370e+31
-2.811160241104530804e+31
1.197918532115728213e+31
1.173891792110688445e+31
