4.013209047357089600e+16
5.259983393070612480e+18
5.119247172158750720e+19
-1.489149571238426051e+20
-5.037615369725478175e+20
1.252297230722604204e+21
-6.069274433746474369e+21
9.701299712149948465e+21
4.846376816522667491e+21
1.221114390244114432e+18
-1.302013176303607644e+20
-9.813455792570263142e+19
1.806762027443990141e+22
-5.580632828930659713e+22
2.236839556724777319e+23
3.994048698967167777e+23
4.937543399889653182e+23
-3.421503694324166017e+24
1.488451139410037965e+20
-2.586032319918796964e+20
-1.936075915262234617e+22
-1.672464150283973128e+23
2.258086166800176104e+23
1.774358514480556288e+24
2.738529146253279421e+23
2.005242473023319994e+25
4.998604378941222138e+25
8.835646201504093962e+20
-8.407685581322403709e+21
2.110770044395111160e+22
-2.061193718654213491e+23
-6.123087111270479828e+23
8.457293867133053971e+23
4.695671839095186440e+24
1.625436093626643378e+24
-1.871369984101549524e+25
-4.685130918551475997e+25
1.123303063323205435e+21
-1.053754097720368300e+21
2.419702848752749128e+23
1.591333025426236433e+23
1.325356539811120024e+24
6.966975128845004099e+22
-1.482642477850596917e+24
3.012200213628783451e+24
-9.974471686599681811e+24
-1.138274433124113388e+25
-7.230880822372704782e+25
-1.049004257090717289e+26
5.418990125288390656e+21
3.197517913218736225e+23
-3.033528123655452824e+24
-2.339670812700977364e+24
7.106282130954663483e+23
2.299349176327962047e+22
1.197154933861627688e+25
4.886184213476437991e+23
3.089736223221288885e+25
9.764776044642300418e+24
8.266894343202998686e+25
-7.418943799291863705e+25
5.003935200756418249e+25
-2.575855414568487602e+26
-2.935933614466683162e+22
-2.584983546428973593e+22
-4.100410771002654919e+23
6.094587630703913606e+24
1.950902581246509521e+25
2.574252679837862903e+25
-1.703334751485720838e+25
1.409244237897580316e+25
2.492288136765006833e+24
-5.424167484487641602e+24
7.346604874319728598e+25
-1.839585771761954263e+26
-2.048205369459356925e+26
6.372623397973576457e+25
-1.139600699430712175e+27
-4.026479996480763462e+22
6.817365483193613658e+24
4.066876861813607308e+25
5.229526322622560313e+25
-1.168213497141566689e+26
-1.774122006959550430e+25
-3.169923770957316474e+25
-2.428849509550118248e+26
-4.431451326724426756e+25
-1.457508740668094537e+26
2.767022927352398994e+26
1.119165985440512108e+26
-2.541417911151141448e+26
2.598530384890322729e+27
-5.212997373107610688e+22
-1.265482673342858113e+25
1.186915774120048207e+26
3.995711537185101447e+24
-9.798122848099299066e+26
-6.227085579419622455e+25
-6.173855838776250314e+26
1.242513338005685896e+26
-4.689821799514582109e+26
-5.311718861369130176e+26
2.109716107736162510e+26
4.731767960062595540e+25
1.288719399048833090e+27
-3.654622928797827072e+19
-2.885814402115570762e+21
-1.246407918903000197e+22
2.362763692223001012e+23
-2.930570256467057118e+23
4.019901430049229683e+23
5.381730324907067976e+23
-1.748102438931383892e+23
-3.291703463273606572e+23
-1.450883631266248891e+24
7.620635452004930253e+23
-7.061070137728880534e+23
-6.007400476944013248e+24
-1.012256705181149561e+25
1.117055420843859399e+25
-6.145975773583034350e+25
-1.424924661603916904e+23
-6.467530211385400560e+23
6.444930270429637287e+24
-2.627837758852275299e+25
2.786117725616021842e+25
-1.042056451617349073e+26
1.567847442307550277e+26
-6.029480807041236158e+26
-4.113195566455019159e+23
-1.749191304680294995e+24
-1.862980572582695695e+24
-8.001552889802803282e+24
-1.135190877035400738e+23
-1.418122830889768023e+26
3.400189951647090792e+26
8.557097237781496333e+26
9.704961743342273767e+27
6.911486995346203477e+24
-1.808934661445511982e+25
8.625646378858207479e+24
2.219593767770982562e+25
3.923008403646093744e+25
2.313703791849518108e+25
1.340153814106842985e+26
7.999670647570950626e+24
-1.244692028146274086e+27
-6.677943754228590828e+27
-2.317263278992109023e+27
1.031177328518379185e+24
-1.047152318918524749e+26
8.892261039332118213e+25
-2.780076189373113631e+25
-1.997903493328124100e+26
1.100643377494282981e+27
-3.296725188637740627e+26
-1.145270151964896608e+26
-4.815739888828566032e+26
-3.718566378374361789e+27
1.553377005226926054e+25
-1.662384036594493183e+28
-6.353461689377722995e+27
-2.315648628099750989e+25
5.888248931071068066e+25
5.817952942501492248e+26
-5.976874595644903434e+26
-5.193341815108535841e+26
-1.346432783009259893e+26
-9.625338992026935068e+26
6.118991616518352416e+27
8.043621562022667584e+26
5.259263129893798047e+27
1.646032750186288339e+28
1.012751771173358995e+27
7.633915675449755049e+27
1.357013729982329791e+27
1.922727680557062951e+25
-4.474239734980272871e+25
1.240967760129138098e+28
-1.636025872385730816e+27
-3.921741324229680436e+26
3.598075834495735655e+27
1.318691532961025880e+28
-1.558499860424182545e+26
-7.421066699394207897e+27
9.745271734913608133e+27
2.698674346125941192e+27
1.197073742305762705e+28
2.739416680405320462e+28
-2.048712075725755202e+26
9.314165058321474282e+27
-1.045008479164413777e+28
-4.716255886881238710e+26
2.395681880889863288e+27
-6.212241888819306077e+28
1.695873517524186510e+28
1.853200045710358519e+27
-3.915713757050316080e+28
-1.236939822038724647e+28
2.169417346426394708e+28
5.409135612054032564e+28
6.314973267642268464e+23
1.120419892050882875e+24
-3.580835052208027932e+24
7.805882721672271942e+24
-1.445232687149952977e+25
-5.579189198020084622e+24
-4.759412174519853375e+24
-4.475202632586926779e+25
-1.174851778537786813e+26
7.779941471862131811e+24
-5.844571704947124456e+25
1.501198930196481623e+26
-3.833150186387338243e+25
-3.919909255138457999e+26
4.522218858611040958e+26
2.193837469440262930e+26
-1.632828558697359249e+27
-2.859786587323455656e+27
-1.753281092715933300e+27
3.942206153354887765e+26
8.644023893986103986e+26
6.423862995057396664e+25
-2.329993012064567179e+26
-3.591906927261693172e+25
3.811618553098869856e+26
2.466569005615784000e+26
-4.097586326661178998e+26
-3.601253662869978450e+27
-9.365953524633594370e+27
-1.433452821453937296e+26
-3.360530902005583974e+26
-6.621706334563208402e+26
7.237816592919611661e+26
-1.620411208376099896e+27
-1.010614463497010296e+27
3.716383375037405354e+27
1.652848149442549355e+27
1.135235366316850623e+28
-2.345078772516571261e+28
5.235200541528455448e+26
9.557218221438135307e+26
5.231170745884673976e+26
3.099282993900892070e+27
3.242273797933744670e+27
-8.538557100900589091e+26
2.229905693704297813e+27
-3.843900753120814020e+27
2.744876320181781007e+28
5.162785476913193933e+28
-8.821986407052188412e+28
-5.335793297943469259e+28
-2.266858410757206955e+26
-2.102179623006751040e+27
-2.565303686908824927e+27
6.262318892456751535e+26
-3.028231466610999956e+27
5.999698167217347941e+27
-9.394470728971682369e+27
4.777193786772564191e+27
-6.358015560772430752e+27
-1.237164637061529968e+28
9.195684415770343942e+28
1.267977699903702013e+29
2.553367357447488358e+29
-1.183395568449670108e+28
4.462913175716347998e+27
3.701661278266049701e+28
2.098071053517613444e+28
2.497822364217294941e+28
7.465526725588521250e+28
-2.389031190639362045e+27
7.132224359212756308e+26
1.879903211450329190e+29
1.069955946253384797e+29
-3.057408101557641756e+29
1.132334904768445459e+29
-1.742631395669017082e+28
4.769901217906009830e+28
2.436372462515306822e+29
2.600021759772217257e+28
-5.037001892163115531e+28
7.516635672959271078e+27
-6.383450863367525406e+28
7.381581829483439028e+28
1.650065132906738798e+29
-3.994969146422633129e+29
-1.430046087199689795e+28
3.956511080171866245e+25
-1.928368282738796313e+25
3.137966910056654102e+25
2.012216960501049352e+26
2.643627043399976893e+26
3.474872280506824488e+26
4.125788036120721910e+26
-1.630315683511756006e+26
4.813855851894346830e+26
-1.728790005228747149e+26
3.615667746858898603e+26
-2.294316093081849143e+25
2.293644109578916282e+26
1.003893260980261889e+25
-9.737344245543926671e+26
-2.333057950892301712e+27
1.033591953797877081e+26
4.628343078358371535e+26
-2.283504039614658235e+27
-4.545252938800192669e+26
-2.033290947622354273e+27
-4.853885641781998930e+26
3.898483455280399762e+27
5.371733579643849876e+26
1.222700341249400259e+27
-4.370165576738407651e+27
-1.360221066938161004e+28
1.907448786245733136e+28
9.085193018913993396e+27
-1.970455701417168726e+28
2.548712878863891089e+28
-9.574102784363617315e+26
3.126151446665285487e+27
2.404101634696283909e+27
-2.074468151393885897e+26
6.902591575937551346e+25
-3.667988294008305906e+27
-4.591636503437601654e+26
-3.606861079769608489e+27
6.739585345252138170e+27
5.532350918083682989e+27
-1.302383291217584980e+28
7.024205631245962717e+26
-9.149578213399069198e+27
2.450265570754311575e+28
-2.148070531571877327e+28
-1.018694021871543004e+29
1.254653512371665628e+29
2.096208094012718796e+27
4.748893701680935312e+27
4.673218847885471837e+27
-1.937512009867219673e+27
-5.697190159203809203e+27
2.208574790366793989e+28
7.239219226540173145e+27
3.821270429143690614e+28
6.557598335350611651e+28
-4.684920189525282449e+28
-6.159132880210878453e+29
-9.504864612122943797e+27
8.236171646981519205e+27
-3.236512554840720126e+28
-1.173500284655131919e+28
-2.537992475239231161e+27
4.805855795396772464e+28
-7.314824708578447702e+27
-3.063535927860656962e+28
4.994293976221187063e+29
-3.193665586710312109e+28
-2.849777096495972053e+29
-1.311136297370410038e+30
1.462103378105829132e+28
1.503172760717903519e+29
-1.027178454320728986e+28
-5.627356216136659246e+28
-2.881077361546426989e+29
-1.337546230314370956e+28
-6.513289913828706413e+28
-1.199098114234975414e+28
1.821961628246926102e+29
-1.115254824660894746e+30
2.111974981950296661e+29
9.009465774187253340e+28
-2.725602299021311415e+29
1.558776723854862189e+28
-2.841380903151220873e+29
7.334058344301665598e+28
-6.401572777831278989e+29
1.962263132298635322e+29
1.339341240234919472e+29
-1.492498505921073147e+30
3.165942163242426964e+29
8.597951443091213215e+25
2.240611274823262921e+26
2.122702221899096597e+27
7.282514140243879418e+26
1.301208849161515826e+27
-6.453975235180727341e+26
2.329699147931995475e+27
-8.193779993192682788e+27
1.267045906291329388e+28
4.414561913633422555e+25
2.029152131898300107e+27
-1.589347081738068049e+27
4.292805435953208988e+27
-1.548186860144537729e+26
-1.706550106165181751e+27
8.848452218505657262e+27
-2.701494031592180743e+27
1.802968879561671647e+26
-5.997765669847046805e+27
-2.196577098115439745e+28
2.903738015424828619e+27
7.941721479912977756e+27
1.628420644042848691e+28
2.820522654029549970e+28
2.484566483810431685e+27
1.860432262648538916e+28
7.425005231802523487e+27
1.194753882881396432e+29
3.485215256290272232e+28
4.679866513249844456e+28
2.086369001543953629e+29
3.154176181578544196e+28
-8.709021057846614216e+28
1.586223577450292858e+29
-5.749313852933332675e+28
-2.940268839759933804e+29
-7.801771931094847983e+28
2.563375957543077910e+27
1.123447468616667540e+28
-2.701089784449349345e+27
7.919472519119200520e+27
1.096803625594451381e+28
-3.762750407719944987e+27
1.363370778185389149e+28
3.003704517473581586e+28
-3.522053348402728859e+28
1.805640319790565563e+28
-7.842879047180292827e+27
1.180809865219053048e+29
-1.139777658185203284e+28
-2.046758640881645830e+28
5.707622583520157677e+27
-8.423778756756346543e+28
1.296068689285538291e+29
1.606740858349914696e+28
2.436437279597963954e+28
-6.192946995390426570e+28
-9.318990360453943977e+28
3.956891936118961520e+29
-5.930705689417860986e+29
4.505083113107218651e+29
1.306259287159017217e+30
-3.538960094306804466e+29
-3.486356873164876554e+27
-1.101377035212615482e+28
5.044828569510873426e+26
-2.335014695621828813e+28
-6.590303437689497849e+28
-6.078104203742547839e+27
-1.241314291863324591e+28
2.314942141102904843e+28
2.578243287054207652e+28
4.514410340842814839e+29
1.208335455100275385e+29
-1.555620504535744870e+29
-2.753306883711484188e+29
2.476590488423012107e+29
7.979927191780816474e+29
3.166970719422819048e+29
5.065742274161498331e+29
-2.364076512374987908e+29
-1.320281255441647676e+29
-1.817299878104413945e+28
-2.093331055383259496e+29
-3.319690032885663083e+29
9.794903610968088984e+24
2.338375200210407578e+29
-4.386034602924679517e+29
-1.331428295840086740e+29
-1.185330032856804766e+29
2.922490062685118524e+30
5.052117290804613896e+29
-5.759677927368468185e+28
8.632850180859165315e+29
3.011851649490524312e+29
-4.064502251785755832e+29
-2.314337749511951658e+30
1.666370769343840337e+30
4.312879052878382931e+29
2.902077044422610695e+30
-1.945711649987236454e+26
3.296600239155627127e+27
-4.375766728524303225e+27
1.874219669230907035e+27
-4.601047140700894244e+27
-5.929932707367709624e+27
5.566654593752034927e+27
1.744176948291396351e+28
1.641619025644317964e+28
2.308517167809932180e+28
-2.332394187975371909e+27
1.568627530480921391e+27
8.513003082990453320e+27
-1.429435116849573414e+28
6.291601062290395771e+27
3.400510181362391970e+28
6.582577208227775477e+28
-1.484799369044359325e+28
-4.720182784794631407e+28
-3.156270221777759670e+28
2.565346527767951480e+28
4.868583678244810572e+26
4.596817830911096308e+28
-3.811946264657461364e+28
7.108368754504307842e+28
-1.069648173249715902e+29
-1.094105815983496884e+29
-2.555485185701213996e+29
6.886083813624892545e+27
-3.131056696332416900e+29
-3.099034771432785417e+28
-1.113651506953809094e+29
-1.329563554653097319e+29
-1.277550826225516724e+28
-2.206360981990570008e+29
-2.106408037124612019e+29
-7.450660368000391517e+29
7.949169048753007275e+28
-8.957631592157342319e+28
-3.422475522891266658e+28
2.789139755451041736e+28
-2.193411112752161283e+29
-1.045656524981167433e+29
2.009931803592952031e+29
9.196052237596017339e+28
-4.478552141648682552e+28
8.020305826302492278e+28
1.096353142959463617e+29
-2.479833245392461566e+29
-8.277197273213426338e+27
3.100508952386493078e+29
2.616474857512566045e+29
6.983671330734587165e+29
3.755414668859244071e+29
-2.708511599549955049e+29
-2.601065319307208197e+29
-5.894209613454445745e+29
-7.005385625055268610e+28
-6.295545576964261885e+28
4.714557153845658884e+29
1.528129896217752028e+29
2.114635531867319900e+30
-5.925601010091690785e+29
4.266092329999704278e+30
-2.245289310899498786e+29
8.553736841928505590e+28
-3.358685418347166113e+29
-1.121306092575536686e+29
6.037573174267300767e+28
-1.264358557365254851e+29
1.390779377036718048e+28
4.094355789218193053e+29
-4.712278416584165483e+29
-5.770718751064657785e+29
-2.014657261946990199e+30
-1.217712506987760978e+30
3.804113797671040005e+29
2.300953335103246735e+29
4.575322995869506906e+29
-1.001863745588002924e+30
-3.445563814092668620e+28
1.520284253753451798e+30
2.539555495065105966e+30
-6.831200648144440063e+28
-5.552124608601888883e+30
-7.472349443513931360e+29
-5.664706896363904748e+30
6.712867421929368154e+29
3.390940971192407080e+29
2.339735336388949548e+28
-2.585345627870620699e+29
-1.752612598579996512e+29
-3.124192274678007187e+30
2.738407308356617982e+30
6.850895108507778853e+30
2.005180227086562692e+30
1.505402186542751884e+30
8.149439719343770864e+29
-1.599211520785493677e+29
-3.461553907719311255e+30
1.673723388616524158e+30
1.258790689405923769e+26
8.406182982623473031e+25
6.100770446305994529e+28
-1.361921121642800981e+28
7.103048375300694067e+28
2.804291398241398650e+28
-4.656584375884174441e+28
-4.775923910107587474e+28
3.924972007669585204e+28
4.849614503342990502e+29
-2.027164391684382600e+29
-5.394275883830006225e+28
-7.995197639408456957e+28
-6.461448985510089587e+29
6.764824292355261078e+29
-1.941833888006707578e+29
7.839362156318383676e+27
1.542604036481057343e+29
-2.948024306544717788e+29
1.126872829181281339e+30
1.310104504722292597e+29
-8.225049869684374530e+29
-4.110099848339376577e+29
-4.672021666440058617e+29
-5.408295783760440348e+29
-2.591264483079217726e+30
8.405863786135531136e+29
2.050825337955863104e+29
-6.833484556892462095e+29
1.174639123745502913e+29
-5.033842230818710833e+28
-1.894996358928508523e+30
1.997848221595390452e+30
-2.470064108234386510e+30
-2.357578824320703944e+30
1.096181255825034118e+29
-2.675412271070842538e+30
2.619966945056251174e+30
4.472714459740120920e+29
-9.464067131964222833e+29
-6.591647958220318953e+29
-3.282668945950285065e+28
-3.937066158968866638e+29
-9.817638070231245807e+29
1.364257610349317465e+30
2.114162831822683598e+30
2.437736343106811376e+29
-2.987603425630954739e+30
-3.762823392260231667e+30
6.598315709129793302e+30
8.828210110952435048e+30
-2.511082670903791304e+30
3.525643253187376419e+30
3.460745048581814921e+30
-5.412929648495547799e+30
5.657819879144239309e+30
-7.618595275143721110e+30
2.872239465199598232e+30
1.654465932088596103e+30
5.114278963824119050e+28
7.848877469014003467e+29
5.822360461228074806e+29
4.766023141461331702e+30
-1.687595529723122205e+31
1.741926360509205529e+31
-1.885125373411798424e+31
3.902744118680892389e+30
4.528625668353468406e+30
-8.167308564099728699e+30
-3.777450816735491015e+28
4.766294005477563627e+29
-9.970822562690442422e+27
-2.394126369293503088e+30
-1.817028783873840443e+30
-9.694375005126986143e+29
-2.763869394608906049e+30
-2.720488741679265219e+30
4.049862153413783091e+30
-8.061792097496348799e+30
7.743029860563988124e+30
-9.004436378654873496e+30
1.184304235663909688e+30
3.323931063447057313e+28
-2.633927331793428787e+29
9.420085728693927307e+29
1.899391939597529646e+31
-6.637306545295122976e+29
8.009046898870451140e+30
-1.344781305418672502e+30
1.247266087224443517e+31
4.922464983635575207e+30
-1.030265663663990706e+31
-1.785386639602356026e+31
-7.133565991243579690e+29
-2.317696590854001977e+31
4.173087264525687951e+30
5.013880439533258004e+31
9.242560418902250134e+30
-4.117142212981381674e+30
2.143613666048426002e+30
2.471848775806405066e+30
5.148776907964779508e+29
7.037757620927522571e+30
-2.691404558535304558e+30
-2.152566020354358345e+31
1.756453269881549268e+31
-5.945393791447076120e+30
-2.034492670918569961e+31
-7.511460630459701760e+17
-4.408642822245592269e+19
-5.493593040793826099e+19
-9.710600393471045140e+20
-2.795136566178688270e+21
8.532378684992753500e+20
2.766774953874559074e+21
-1.166598892514179694e+23
1.055525265783683318e+20
-3.839452592961242530e+21
2.798343552118500098e+22
1.865474528635409714e+22
-2.947672678658346477e+22
4.169268285872597075e+23
-1.234419701191804054e+23
5.411702594182322827e+23
-2.590414163678841537e+21
-1.350334835135031017e+22
2.900452778006202129e+23
-6.085919378187276308e+23
1.704767840427494588e+24
-1.242804781275696167e+24
7.841799356030602317e+24
-8.191663362656042302e+25
-8.106612170325678359e+22
-1.973101023033699598e+23
-1.034688252333938767e+23
2.480638748774097035e+23
-1.864161133747945502e+24
1.095139804983569236e+24
2.612654444307420300e+24
-2.124493023586371039e+25
-7.195033868716741354e+25
6.359494803533167644e+22
-5.751051189674893514e+23
3.156494280419969409e+23
-2.302279073222442038e+22
-1.374437472130034523e+24
-6.202241265264884208e+24
2.109191837254235275e+24
5.636080860205323787e+24
3.729472429475265618e+24
-7.591799837113069167e+24
3.191918702036170827e+26
2.840021856974690216e+22
1.563755392966744143e+24
-2.243723174955207937e+24
-1.304452679469091663e+24
9.475555005516352082e+23
-4.967018966671551483e+24
-6.827607134344379690e+24
-1.069967615349496425e+25
2.945348764148280502e+25
5.901642381143837610e+24
-8.751619564551453663e+25
1.759067773155609796e+26
-4.914122243764303447e+25
5.569783729399593645e+23
6.757529888302297325e+23
-6.358071291529417732e+24
-9.354073418651171637e+24
-1.365330660495099426e+25
-5.510662223986266003e+24
1.565333286726756601e+25
2.300518442532000222e+25
6.978333256530034250e+24
-1.347787577419429954e+26
8.573062045416526646e+25
-5.726487612326056541e+25
-5.840459165097291825e+26
1.873139683405298375e+25
4.356633889843336859e+24
-3.324371269112066971e+24
-6.472033445182838296e+25
2.726827207035198138e+25
-5.326702492731062113e+24
-6.614763894867575428e+25
-3.120737819424116267e+26
5.825319537910554478e+25
-4.358867551890168045e+25
2.588181993505082750e+26
6.062271732810566656e+25
2.166158411814048047e+26
1.091661989540530728e+27
4.975760734267339008e+24
-5.706426470470065409e+25
-5.825157722212424255e+26
-6.273347364405426509e+26
1.516707917484153479e+26
-1.074300771305184057e+26
-1.381919167215809420e+25
9.369998002580954790e+26
-8.810166990389866249e+25
-3.339896138401966580e+26
1.693600827731803048e+26
-1.095192805816269186e+27
-3.178290061518424769e+22
-8.598811844644862060e+22
-8.847478982756168158e+22
1.308845163715903521e+24
-4.419113302447392765e+22
1.320765495392687339e+24
-1.051032900823931742e+24
5.232421421844533783e+24
3.364102287042446308e+23
-2.616946326915687173e+24
-9.522335314214764428e+24
6.572986905136754235e+25
4.796138559323022872e+25
7.013245327675243676e+25
-8.792321645167582317e+23
4.672773252610874602e+24
-4.738412934316199492e+25
-5.866063985040014338e+25
-1.231941882659299139e+25
5.986415121992901792e+25
6.276674111038730878e+26
-1.616518513430992369e+25
-1.366416641756826689e+25
6.201316806140604445e+25
5.367024728218965717e+24
5.477067548903528451e+25
2.242227109174889287e+26
-1.285515586912451898e+27
-2.206805101649479013e+27
-5.361702708863543530e+25
1.088268274351549282e+25
-2.340628054749840649e+25
-8.525668050610603457e+24
8.048041424285753231e+25
6.306716556651075286e+25
-1.407843762296497552e+26
5.575134851882603457e+26
-2.592615877489091031e+27
4.766007049951623158e+27
-1.702413627029171729e+26
1.591100442021268414e+26
-2.542587173593342129e+25
1.881885542277911412e+25
4.194813237361024103e+26
1.300983389850673709e+26
-3.485517745484543824e+26
-8.923425690227857831e+24
3.227083154025515652e+27
1.098765645867649212e+27
1.021262443409769596e+28
-1.891675555668093712e+28
-2.074050442139642105e+26
-3.628241229881096250e+26
-7.238570599755949685e+26
1.297837763791505910e+27
7.018348698973114723e+25
-1.581203932045810532e+25
-2.580239766046525679e+27
1.314275009775987944e+27
4.841841783613975407e+27
-1.061098999401631885e+27
5.623498037196001839e+27
-1.403207342858512620e+27
-2.885381509969992836e+28
1.140610714832010558e+26
-3.572364478729146678e+27
-1.941544447729053312e+27
5.435970187125084901e+27
-4.123795782640965923e+27
-4.903361150702933789e+27
-4.196027150724185064e+27
-2.639274008082186277e+27
-2.921368435413211982e+28
4.673933457711005233e+27
-8.899327554696904644e+28
7.259809061721735721e+28
-5.967881087642009458e+27
1.674574787821943187e+28
1.925768849069488836e+26
5.638087819261404049e+27
-5.986190004473760983e+28
-5.686243652371836868e+27
1.614769169741833285e+28
-2.015344945236588226e+28
4.535313429182981224e+28
2.450291078708480935e+27
-6.381182843124027381e+28
4.535549668303601779e+24
1.745899632078889442e+25
1.964079859688321313e+25
1.547589495256861362e+25
-4.065121354347414694e+25
-6.372977038594072296e+25
2.757564373239135910e+25
-2.055481372731213724e+24
6.205447512381388466e+25
1.090033871733954352e+26
-1.148175499339679753e+26
7.576050216101129165e+26
-1.154640141879706439e+25
-2.360260963379077348e+27
-1.120501858113872450e+27
5.906167729281541943e+26
-4.547797137353725134e+27
-9.663071683190000280e+27
5.415608231520128797e+25
-1.286982431233052925e+26
-1.522937575461541000e+26
5.656066155687940619e+26
-6.237975061569726977e+26
5.215007379247105185e+27
-1.372609097835624519e+28
5.943049476273469916e+25
3.978759377991075865e+26
-5.079058172566547770e+26
-2.048987522717196606e+27
-8.003930130053989054e+26
-3.021429069556545061e+27
-2.268563747762892430e+27
1.044911677606907858e+28
-2.322958843711897904e+28
8.226852875930489454e+26
1.465020343641810462e+27
8.396900857250092946e+26
-3.430928386595592235e+27
-2.987858022564821588e+27
-7.111549649573928590e+25
-4.766592404116206206e+27
2.243240059966569078e+28
-5.555589291010892606e+28
-4.217147342193127232e+28
-4.722030633641319459e+28
1.444376606107541560e+27
3.366264965858093412e+26
-1.029536533936834824e+28
3.844963336897206687e+27
-3.069997613261634775e+27
-2.076610396668966173e+28
-4.159697481840947917e+27
-7.104671940299221640e+28
-1.489398551531955547e+28
9.801233038723483248e+28
7.153426282079328386e+28
9.458303741522204598e+28
-6.472237610705422668e+27
-1.160473259729254045e+28
-1.911621578962906680e+28
-3.133597623029223466e+28
1.012510409210625663e+29
2.881204163165936184e+28
3.239813190018279062e+28
1.748269259020956651e+28
-7.617246534862119508e+28
-6.562575414237539432e+29
3.837251826481995729e+29
-1.461689358524678441e+28
3.638243887053270213e+28
9.116881780474166644e+28
-4.017146512424289567e+29
1.465468305505859308e+27
-1.846303946045476459e+29
-3.135180989812026362e+29
5.274146676183148409e+29
3.483772078737141962e+29
-1.903297331355441759e+29
-1.599405067393714160e+26
-5.018098623535227557e+24
2.804740320236457396e+25
-2.743195831896556844e+26
-5.376844030897673331e+26
3.473465754516477095e+26
-4.155192504333347820e+26
2.999609110769685689e+26
5.935835151931976033e+25
-5.257506858797139092e+26
1.572900413319289207e+27
-6.680054209222810217e+25
9.385595477261343852e+26
3.295995006505076809e+27
3.485008221882247378e+26
1.960711808090155906e+27
3.448159396621012016e+27
4.979377643647683454e+27
4.669151820320006692e+27
-6.245775430909295976e+26
-1.273908119529176280e+27
-1.613073266534065626e+28
-4.576112412959793480e+28
2.271807495649444400e+28
-1.208605783286122369e+28
-5.110544325350085992e+28
-1.622557893754982071e+28
4.205496082546406967e+28
8.420709976745081746e+28
-1.923467498013880161e+26
4.066738804279207386e+25
2.648259437213175143e+27
2.238632962812074832e+27
1.426056586487491636e+26
1.763500127549809170e+28
-6.974173328945925874e+27
9.052909120872655755e+27
1.074726660337886472e+28
1.222239859247153656e+28
-5.390812121238789148e+28
-1.448112879517664418e+29
-5.799984883370247947e+26
1.895217128991955132e+27
-5.592694189555921046e+27
7.061524118439318544e+27
-1.055967290086060945e+28
-1.814995508033453754e+28
-2.159040185763430934e+28
4.188105855544954649e+27
-1.776633441324866394e+29
-6.844002521294516383e+29
1.702374537518233488e+28
7.751418507364775457e+27
1.043696735685356479e+28
-3.567088074666110781e+28
3.646153586676027630e+28
-1.798803088135184747e+28
-2.361366770006861363e+28
9.665597475307678098e+28
2.336313133218642301e+29
1.701232254100566938e+29
9.523040569866644394e+29
4.833915460996331677e+28
-9.925929370431349552e+28
7.122782043581059441e+28
5.417478132643921114e+28
6.609268849031522917e+28
5.567542424389845065e+28
-8.286918333423569287e+29
4.759112137563972109e+29
3.197915344475248139e+29
-9.999149663237832532e+29
1.879454143377871292e+29
-2.672142579629550964e+29
-6.661021067324504625e+29
-1.341943848388825771e+29
2.389406841391491626e+29
1.409782541773707183e+29
2.299418304955866545e+29
-7.529675867954989327e+29
-2.433417429320407814e+30
3.046263596031449387e+27
-1.642278149844760716e+27
-6.222204553984938388e+25
2.506056412295164703e+26
8.357157715992263035e+25
4.923662420028647623e+27
-1.659797481391616879e+27
-1.293207712604311525e+27
5.901634719871369405e+26
1.263113090256447492e+27
-7.348564539507835966e+26
-1.186256968078839573e+27
1.306974375660652034e+28
4.805497184978825433e+27
-1.236694687784289085e+28
-1.576625136297981258e+28
-4.119005984936605983e+25
-5.968570382432532074e+28
-3.336521259552365443e+27
-1.093380398700913393e+28
4.663682258177656265e+28
-6.640708506094529600e+28
-1.531801847851840202e+28
-1.263827966120897143e+28
-1.570972919341357690e+29
1.690423379048498311e+28
9.994228333562410832e+28
-8.250675880515652207e+28
2.092149727728100131e+29
7.382204949094853205e+28
-1.367017567344040810e+29
-1.564661479955746284e+28
-9.487077910761537892e+27
-5.514550345477385380e+27
6.156000427390935879e+27
-2.838565345886860960e+27
1.013554476436960268e+28
-1.468917454892133143e+28
-3.997058997261681937e+27
3.055063402611861977e+28
2.904426835476087160e+28
-1.097887014535613797e+28
-7.343631655670088093e+27
7.731919600740547258e+28
5.673978606569231802e+28
-2.886218008217645988e+29
1.666866678258248891e+28
-3.035682553092840102e+27
-9.261658011541724192e+28
5.051392792187775869e+29
4.885007733054868563e+29
8.954468998740995430e+29
5.956889706001619174e+28
-6.071558700106283690e+29
-9.069298601715313361e+27
-1.381149527188388236e+28
2.157387270057308073e+28
5.157369102411377092e+27
4.610999591273934218e+28
1.407697185130943930e+28
1.218195260657081864e+27
-3.260935676971387493e+29
-9.314706174691904851e+28
-3.102189669405950728e+29
-2.345171113280579810e+29
4.400334256165690884e+29
-8.772691189365883526e+29
-1.335319560062737893e+30
4.143575949066136959e+29
4.750452434349829390e+29
-1.298963795895655562e+29
-5.123232360907319502e+28
-4.328859970007382078e+29
2.026587703761824135e+29
8.510328918433252164e+28
-3.974551217201885656e+29
-4.384796935621255820e+29
2.625713698863239984e+30
-1.918678395646323222e+30
-6.472194867015815000e+29
-2.442792134867972782e+29
-1.853068637926455872e+29
1.161523845307511601e+30
3.134433689612175994e+29
2.213455897075873925e+30
9.958893546719805902e+29
2.850740107459265929e+30
-7.327559391810656004e+27
2.604270828501943672e+28
-2.351429836160136441e+28
-1.848703295579529473e+29
-3.422816027162334274e+25
-1.344917073253242645e+28
4.956508856013715624e+27
3.594175206136703034e+28
-2.135002646906879083e+28
6.977677950720859315e+27
-7.288648045299415229e+27
2.193621034190902844e+28
-5.752045189854750618e+28
-1.151026082441466537e+29
6.824577685330418649e+27
9.228763371720339236e+28
1.673661125503807477e+29
-9.701857556588962616e+28
2.364693474333852067e+29
-1.342845413064852217e+29
-5.165477797842255210e+28
3.192193970838568590e+29
1.961500836074144576e+29
2.931854679795539269e+27
-4.141195095390464922e+28
3.366999294319966146e+29
-1.135220902885910558e+30
-8.482842205729487985e+29
-5.063994722163848696e+29
2.278392663294029124e+29
7.047469048228254127e+28
-4.414554174631347545e+28
6.706421198031558933e+28
-1.368193061287408367e+28
-3.788444604418323695e+28
4.999726792301591629e+28
-1.801058294479703831e+28
4.093237683615714931e+29
-2.716478084471651453e+29
1.070588260271329302e+29
9.542119221986874450e+28
8.533171812413331859e+28
3.770342415847231946e+29
-7.706656149267187256e+28
-2.212948588381899178e+29
2.807185312912372870e+28
9.506508861092750245e+29
3.787301629771121827e+29
6.475606614969448964e+29
1.159128394436586269e+30
1.659338249398003398e+29
1.730960220076222741e+30
7.958247118044261457e+28
-9.224248213142038837e+28
-5.890554169374363783e+29
-8.572223193776883404e+26
1.418634515710333406e+29
4.901076320680896980e+28
-9.523196191080516508e+29
1.073859620673547106e+30
-4.129440935754898933e+29
-1.707324723182064356e+29
-1.518357420820287807e+30
-6.169739622447563645e+29
6.604619021489534833e+29
4.858280114581840573e+29
6.903437108199929271e+28
-2.079086225973585633e+30
1.579860102742575846e+30
1.693233409426050315e+30
-1.737426196750011137e+30
-4.602691063234041324e+30
9.185432475707315575e+29
3.895138602731258556e+29
-1.999006724336249976e+29
1.252404022521668411e+30
-9.801695520344866257e+29
5.257522109270968716e+29
-2.224284644600751886e+30
-1.519747482772103294e+29
-2.028143309435179143e+30
7.563467620471626743e+30
-3.646033198780396914e+30
8.386960761942395437e+30
-9.527309227879400224e+30
-1.702662605923229004e+29
-3.824167575275532182e+29
2.467493832631041508e+28
6.833832388607971421e+28
-3.115819422170820701e+29
-1.007737793544112538e+29
1.696093119014212502e+29
-1.515019174775208832e+28
1.220635377173198911e+29
2.593812990521848082e+29
3.287218308123526522e+29
1.439619706602952574e+28
3.812931862213529592e+28
9.207244454541209655e+28
1.184217602974687342e+28
-1.610150460799795997e+29
8.319850725864774223e+29
-9.072728049681025481e+29
3.706697483859995491e+29
-6.640086349744645734e+29
-5.881883345260666307e+28
4.527818672208113120e+29
8.028380577987085366e+29
-9.090642064141608988e+29
-1.535716374717592318e+30
-1.907895526492365101e+30
-1.388165411992294612e+30
-9.499056273639319612e+29
-2.017732567353735452e+30
-7.943001267499060785e+29
-1.594884134088963802e+30
1.808976426631320468e+30
4.269708575504828317e+29
-1.973363768263482186e+29
9.522939194478710909e+29
-1.335442339828151616e+29
-1.250488360836865308e+30
-1.043046069745212423e+30
7.276698843567978858e+29
4.353953168817146779e+30
9.188553069808048497e+30
4.722996184152400802e+30
1.821826321714054925e+29
1.568932678547084968e+30
-2.560919836457272561e+30
1.088287996319309340e+30
-3.302517861059304702e+30
-3.378485563283635706e+30
-2.928621367057855506e+30
-3.624848342542612727e+30
-4.446670940693017981e+30
2.407304733920026956e+31
-9.425507618373034674e+30
-1.044287317885834714e+31
-1.700773275583580370e+31
-8.973167275085543569e+30
-6.704674520801421537e+30
-6.267532111328306913e+29
-8.630967259625122733e+30
-1.126030971282935782e+31
3.422215313427728881e+30
-1.670806363437337140e+31
3.454209975513443474e+30
-2.491291250407396337e+30
-8.308524549059805595e+29
-1.572166933202671085e+30
8.727585593848029658e+30
-1.662649541862709347e+31
-1.118737160301246056e+31
-1.270026780857962059e+31
