3.009601007588040000e+15
-6.830260352751479808e+18
-5.830830119716197171e+19
1.237191766681519718e+20
5.688577257344346358e+20
3.525077590596553540e+21
-9.460910947600684810e+20
1.247225096954929427e+22
-6.735158438112256642e+22
-1.816302346291108250e+19
-5.577136903176071414e+20
-4.413317992000816415e+20
3.888840771595066881e+22
-9.814721310114201993e+21
-2.036118500653439407e+23
-5.959682304210253371e+23
-1.709067668415575679e+23
-2.259261466568784691e+25
-1.802790305156481024e+20
-2.259577724354302575e+21
-7.764877675744775373e+21
-1.901224050739024547e+23
-9.920436466427526151e+23
1.090608090987903572e+23
8.735332071795274967e+23
-4.361609140414096825e+25
-8.959223202000941301e+24
-8.442412382940366111e+20
-2.147359119504536429e+23
-2.065330487843524109e+23
-7.665507722167178389e+22
-1.391345957625698231e+23
4.564338223437002194e+23
-3.999797682340820544e+23
-1.872353486493410344e+24
9.811465025985507434e+25
-4.886909586494981428e+25
2.253550186103040377e+21
2.334167123956076223e+23
-8.561169245632714590e+23
-7.887946498299579387e+23
-1.972808059620105401e+24
1.245833205368834620e+24
-3.762635996950390018e+24
-2.377532948519928231e+24
-6.826204890627074553e+24
-4.873904537464360302e+24
-3.745671560751809746e+25
-3.788946902184288067e+26
1.068705735149840708e+22
7.628785980144930836e+23
4.146982054576541533e+24
-3.210184403945072278e+24
-3.964193395847570890e+24
-2.635286887035886895e+23
-1.767447855558549811e+25
1.014317716165486705e+24
-1.285051136107723331e+25
2.364448522472570426e+25
-2.280503590796206165e+25
-1.439396706834030989e+26
3.501259997077792656e+26
8.250931664936500537e+25
-1.938874011429764071e+21
-3.918697320990444890e+23
-7.676225641523799289e+24
1.234420670132454234e+25
-3.278251001362557910e+24
1.803918189909499939e+25
1.637562569724369228e+25
-5.210208659912717318e+24
-1.322792603296654948e+26
-4.523219907767664961e+24
-1.396091215285657718e+26
3.153803553133411744e+26
3.370208019982481656e+26
-6.709511374756710040e+26
1.124873163430249489e+27
7.199321303610712864e+22
9.245221688607640985e+23
-3.738412711509066561e+25
-1.628303175703360003e+26
2.280635723513152716e+25
-2.339252293989842955e+25
-7.924068671512739663e+25
1.121780234100059993e+26
5.737222926161339400e+25
2.925436475121877568e+26
4.117953001252142224e+26
1.697282034897065786e+26
5.535150171534268930e+26
1.526827441113393806e+27
1.065899415568403462e+23
2.125802749306176787e+25
7.535949345537697106e+25
5.328154478942768406e+26
-4.644731657938027661e+26
-2.422620728001412269e+26
1.584782656166428543e+27
6.334121936139917975e+24
4.865935946846791417e+26
1.302741550216631520e+27
1.038844644075164445e+26
2.951539851624909924e+26
1.220684043020978891e+27
-1.951946979302926975e+21
-1.493798746226427534e+22
1.653228154565493470e+22
4.995565836544611923e+22
9.956694404313316642e+22
1.681494980516751616e+24
-2.682505021359061467e+23
8.934421784328281344e+23
-7.402138275150944555e+23
-2.268747079525174717e+24
-1.594042115640651082e+24
9.366369742241375816e+24
-7.465954859432867334e+24
-9.866589603814720888e+25
-4.684478476884255294e+24
-3.797643482128302268e+26
1.177760580416624709e+23
1.442455662329759044e+24
4.158194357862474306e+24
-9.124854744572590964e+24
8.085742744924477969e+25
5.230827958043862226e+25
1.350202175629736969e+27
1.195696984133001878e+27
5.558619165913291099e+24
8.185768666592250186e+24
-6.346162559239187182e+24
9.221452817163179283e+25
5.022125435934282520e+25
-1.317289732046551973e+25
-4.687712613866759681e+26
-1.324750257625384304e+26
9.768106587591753971e+27
6.135646509813947014e+23
2.172126727827244812e+25
-6.060251219500922755e+25
2.048012179814468132e+25
5.494359634341802272e+25
-1.538718766208792420e+26
-8.539521324009858792e+25
-2.304234745464295961e+26
8.933831475607300231e+25
7.998215348677332210e+26
-1.991883196970812511e+28
-1.459445434628237295e+24
-1.331615748478059242e+25
-3.311948430106299664e+26
1.312040984619473513e+26
1.351915573748167957e+26
3.110581737376106777e+25
2.276244211086905440e+26
-8.651694070950858511e+26
1.823810128716811128e+27
-6.337089149628595362e+26
-3.725580001313997776e+27
-9.404972562155815276e+27
1.047953851237092008e+28
1.366078341588137356e+25
2.257651890641049323e+26
6.353828321336716806e+26
5.177682371270613333e+26
9.629942699515879706e+26
-4.092442045371971586e+26
6.960093411306976393e+26
8.579212861600987074e+26
-6.895928254634520213e+26
-5.434608107576547531e+27
1.205641559530776028e+27
1.411456344891143609e+28
-3.738216965860437210e+27
-5.670624370415633568e+28
1.105969317337747561e+26
4.164683269987956421e+26
-4.359091706230192130e+27
5.582599878633755682e+27
-6.823824040445265561e+27
-5.153139905314877314e+27
1.045305812832544277e+28
3.346648205475881711e+27
-5.532131229177537074e+27
3.999600847985902849e+28
2.070581951784367725e+28
8.918053628421082272e+28
-7.029061771477005748e+27
-4.381966290985943321e+26
3.005975124396394855e+27
4.180994356931599318e+28
4.206416021841029700e+27
1.104468374800958852e+28
6.047289928242487750e+27
5.985891782864028157e+27
-3.206831328871630129e+28
1.453541929680341477e+28
-3.359663871599891074e+28
-3.401473595479304071e+28
2.299794882235563013e+28
1.174772746204131445e+23
-8.656549237399181119e+23
5.434895809514294447e+24
-4.238455773330426684e+24
2.357196364171099197e+25
-2.298002790850753128e+25
-3.064343763545569603e+23
-1.586676285091825590e+24
4.584911485540185655e+25
-4.106454561755384061e+25
-1.487828375008073884e+26
1.555905428751364032e+26
6.774200812632649597e+24
-1.669294649160192747e+26
-6.403271644883281217e+26
1.116387048577080702e+26
1.088142870774894595e+27
-2.430788374373280736e+27
-6.326046081462197380e+26
-1.011605224462840005e+28
7.627262584488275507e+27
2.445140601316563054e+25
-7.688469111050991709e+24
1.998519505660262049e+26
-2.857175430033643818e+26
2.938484775979873620e+26
1.160019585374587692e+27
-8.012196988732903788e+27
-2.094470769007132620e+27
1.607460774818863596e+25
2.016385993880041118e+25
-1.970395196170263311e+26
-9.203248837986420102e+26
3.265594573097181235e+26
9.532456026045114155e+26
-3.898114504554283516e+27
-5.403848843787340148e+27
2.090633078015780390e+28
1.895480050929679407e+28
1.276767995335263601e+26
1.262827073627617865e+27
1.063092285418908034e+26
6.236599280410044750e+26
4.522681117672164484e+27
4.699450519015751518e+26
4.992826014326342718e+27
-6.852273211106680809e+27
-1.312833670667272403e+28
1.415141027856529467e+28
2.469257116275126234e+29
2.441517298777069770e+28
-3.538850902930903615e+24
2.522344544164297089e+26
3.174778821144801040e+27
7.966127918783585947e+25
-2.065066021713810577e+27
7.246969957517762141e+25
2.192387778944830133e+28
4.730074205053045251e+27
3.568387365631033227e+28
-1.382614731661776259e+28
-8.275152472106296506e+27
8.399519551408269452e+28
2.218635598140457265e+29
3.536457931036583140e+27
-2.371086799626895746e+28
8.382436855531894244e+26
3.160716099039858040e+28
2.913971807741032793e+28
-2.526723375454621801e+29
-1.074287941570682020e+28
6.844986228630489685e+28
-6.294874231860577220e+28
9.894986522639330367e+27
-2.651563890440227067e+29
-5.937151453155743091e+29
1.695162942862143727e+28
-7.838409892426835430e+28
-2.984899736542394112e+29
-6.797161202759879047e+28
1.799774137320946422e+29
-4.529852309317761750e+28
-6.943136018635919586e+27
3.060820531028054203e+28
-2.182133575250666118e+29
-9.052632806471861430e+28
-8.359319784270005207e+29
-2.944973398725138326e+24
6.190716596290561447e+25
1.714377398704777388e+26
2.569355991587874244e+25
-4.536370191304843437e+25
-4.760889499530812831e+25
6.484093629648789934e+26
-1.241492921723435192e+25
2.795650239946215735e+26
-8.564281647355183301e+26
8.151282256068569188e+26
-8.149450517464599084e+26
-2.869905423323040403e+27
-6.317896154477190470e+24
5.089304261271330129e+26
-9.087332940267299879e+26
2.180655376969788560e+27
2.519478482741751220e+25
-9.432117247800887941e+26
-1.595650107551586053e+26
1.039910854792137937e+27
-5.139973362283468869e+26
-1.218531760860691665e+27
-2.757590781215042743e+27
-3.629969672837777960e+25
2.648362178011899806e+27
-3.075716750559894105e+28
7.519045996685616783e+27
6.962288803865442623e+27
2.140116241781800084e+27
-4.430659295499848677e+28
-3.675650944539166031e+28
-6.799568726209626290e+28
-1.087583321248226316e+29
3.174612263815226491e+26
-9.304042316419117836e+26
1.352365579409309781e+27
-2.942269502822600632e+27
-2.515745093702011660e+27
4.123940826633030250e+27
2.417266714992318559e+26
-3.836145984943554326e+27
5.181631789124964315e+27
-3.881704075809483258e+27
1.540626992788591842e+28
5.891483450356058400e+28
-2.592345416199225536e+29
-3.750680766262585673e+29
2.178020200373089017e+27
-1.079629650277892611e+27
3.162696456822081144e+27
-1.076495464040086868e+28
5.885774721067025234e+27
-3.900567875902145520e+27
-9.097991674332890178e+27
1.262607233630155274e+25
-9.704566833830081938e+28
-7.669223496250994207e+28
8.698958162972572344e+29
4.748764765376516050e+27
-6.125491989258723862e+27
-1.040916551995507672e+28
-1.020453076251858230e+28
2.062501627618840905e+28
-2.033269266305808162e+28
-2.258226227227313094e+28
1.021677361000100118e+29
-1.204771823241834938e+29
-5.142761943294622970e+28
-3.936102142401777607e+29
-4.877350953060546223e+28
3.103762097966887034e+28
9.562580464373023688e+28
-1.198632362868380032e+28
6.593739252181842826e+28
-5.139290357961726178e+29
7.307416863606987810e+27
-7.049417554868293962e+27
5.344213755016475725e+29
2.277308279485869775e+29
-1.470332770701686208e+30
-1.999853073745040412e+30
-4.859553287496849353e+28
3.449304617766137485e+29
-7.964051992996350318e+28
-3.699662814592467977e+29
-4.256179029236036245e+28
1.484088157116741987e+29
5.033262230303948493e+29
8.412745520343656130e+29
3.259298029760868587e+29
-3.704551330358164376e+30
-2.147144100565180691e+23
3.695290965418527783e+26
-1.942801838842919326e+26
-5.033285097804689484e+24
-1.354083399708338382e+27
-1.634408803643049794e+27
5.236961593036727329e+26
1.039474999387113329e+28
4.628058226173556464e+27
-2.721505255708389417e+26
1.389986316950368714e+27
2.324622333717223335e+27
3.646766626196330744e+27
1.660650909543135995e+27
5.357799709416313918e+27
8.402204132558767008e+27
-3.739108538964009231e+27
5.293907781547471668e+26
2.688756100566025711e+27
-5.182022137042532105e+26
5.526633680123669866e+27
-2.004325701603403369e+27
-2.693394436905687243e+27
-3.222643616247075362e+28
-4.991702510338137940e+27
-7.147200821584597295e+27
6.808605010433510296e+28
-6.945212459853877006e+28
-8.973004655586171384e+28
-1.224162037794202072e+29
-1.035673733548944037e+29
-3.607483779821094217e+27
-2.341078525966447714e+29
4.238064507429805584e+29
2.820098739891574641e+28
2.139482264976776355e+29
5.778223714322432458e+28
7.127628579835227211e+26
-3.036975001875636286e+27
1.155206801521188019e+28
2.766119836314243538e+28
-1.062528626099737574e+26
-7.549437899070314943e+27
7.742830851371347785e+27
8.942028165160955596e+27
-2.662134899562629077e+28
1.958565418856647172e+28
5.873260704570410634e+28
-3.453694734770779730e+28
1.154624638293475761e+27
-3.789496325226641736e+28
3.657888926413559344e+28
2.083229673087651513e+28
5.048716354854365847e+28
-9.445793488456041794e+28
-8.587720753673352221e+27
6.057954199459900905e+28
-1.671549576743682920e+29
5.494214804083376218e+29
-1.575293001761404782e+29
5.762663184142271390e+29
-8.496284974182694602e+29
7.233978621850548518e+29
1.163791030234729262e+28
-1.289013786733869541e+28
-2.330880087046829931e+28
9.928402769654783444e+27
2.848545414021058285e+28
3.297254758114781682e+28
1.463745414648066648e+29
-3.964919960616260261e+28
4.498841521779449653e+28
-4.525137016179551133e+28
-1.524801307663372535e+27
-6.609639956361140531e+29
2.092544170427037421e+29
-4.370360110408344711e+28
-3.148974629303724496e+29
-5.348767523941044603e+29
-8.065466319211597529e+29
-8.515495355341818248e+29
-3.057992241488995773e+29
-3.738935703968233911e+28
-2.119630115763408312e+28
-1.045656970884895674e+30
7.116772870299301376e+28
4.910260397431360915e+29
-2.501140774441230382e+29
-1.882382638075547781e+29
9.858810649257573780e+29
-5.917612274208910616e+28
5.484350910743697708e+29
-5.299801779088956110e+29
2.623255212567416969e+30
-9.581742439398874849e+28
3.533573149181319675e+29
-2.791814289346555123e+30
4.843890668488754308e+29
-5.670270866087039312e+30
3.678993762526955338e+30
7.887050223300410322e+26
1.365990627345837358e+26
8.523992365689886082e+26
3.897924059693599496e+27
1.640961300315708682e+27
-8.716529089788054224e+27
8.653335030151421413e+27
3.737077359179679467e+28
1.073710376896868287e+28
2.915085335364532078e+28
-4.299066861208878914e+28
2.581188289433570525e+26
-1.496136906367974031e+28
-8.478728627841198628e+27
-6.581521414183657405e+28
2.526807651716937507e+28
2.435884366796235560e+28
4.936183963497233424e+28
4.075423969884510336e+28
-2.450001883418777567e+28
-1.063514555199974198e+29
6.732633743670028556e+27
-8.802796593961839850e+27
1.063055142221978688e+29
-1.167251076452279102e+29
-2.112042644515526562e+29
9.779473547628747254e+28
3.371631036931836510e+29
2.653187599645229801e+28
-1.071270945857433902e+29
2.425998492160791886e+27
4.134377283446818379e+29
-7.302941191556074446e+29
1.013687238838915004e+29
8.872308781668433280e+29
-9.515072651633510135e+28
3.307185602525730713e+29
-2.385418087361970239e+27
8.641673320195529834e+27
-3.434209301459449686e+28
1.290935625439040751e+29
1.887498168849109816e+29
-1.564986905427439438e+29
-3.191138639106929898e+29
1.084379527253144978e+29
3.337602640183283786e+28
-4.360261318877531428e+28
2.786761007180607427e+29
-7.020713398842489665e+29
2.297138591137466601e+29
-2.603357110971310228e+29
-7.408061913935950330e+29
-2.213636850855826734e+29
8.223624890716499187e+27
-6.414972659601123202e+29
-1.270463387238352797e+29
-8.086757087824421193e+29
-1.369398418259792647e+29
-2.304302166929634844e+30
-1.039906636986406837e+30
-2.285649449616207572e+30
-1.740408182986585623e+30
2.845062843912412958e+30
-6.148817292499497350e+29
2.262305839475843646e+29
3.415605571231885962e+29
3.893623585950488944e+29
4.131925251151963222e+29
4.705943529640632310e+29
5.328332152778688942e+28
-9.060195897782692358e+28
5.455329390742680827e+28
-1.564943687153150630e+29
-1.258918909014557166e+30
8.307611739138813055e+29
-1.847106897517448692e+29
-5.435557994107554781e+29
-1.839927263872795131e+30
-4.859325132361570151e+29
3.768082005008934005e+29
3.946993335772956896e+29
-4.709903172617472787e+29
3.084651806764097853e+30
-1.748695398397985313e+30
5.112186817701064876e+30
9.611318279588398282e+27
5.359993535742357731e+30
1.724201933037828879e+30
9.474683611436650923e+29
-1.477899834246787860e+28
-1.065241535740068943e+29
1.814515917579434422e+30
6.755377628544870294e+28
-6.868671689902380568e+29
-3.140231654538957654e+30
-1.388162895566011417e+30
2.051850933169005133e+30
-8.718617538564676463e+30
4.323530364114230183e+30
1.004434957613346933e+30
1.377774472763151350e+31
3.661210456723328455e+27
-1.328168625145841026e+28
-1.816174589894077211e+27
-7.832010959320957682e+27
-5.452783852566387833e+28
7.059514465636837090e+27
-3.202025685330101477e+28
-5.209892424622876201e+28
-1.360987740105288622e+29
-1.665693712200503886e+29
1.120734597936252805e+29
-6.544601589033356475e+28
2.239880854303909175e+29
-4.897092144889151320e+29
8.399238894006520530e+27
3.681287653010461884e+29
-2.817486886816289021e+28
3.022589068299354630e+29
-2.037902428471565627e+28
-1.306001527336172463e+29
5.127053564874799729e+29
-7.574465804538764490e+29
-5.970928621677957969e+29
-2.609390138674027215e+29
6.152346527605280154e+29
-8.843908202193061944e+28
-5.436481486758343833e+29
7.438464480524842416e+29
-2.463163840743306040e+30
3.343626992163555531e+28
1.465779604747317063e+29
-1.424418638073696339e+30
-1.614516329983476698e+30
-2.135167564373634666e+30
3.587373888244970995e+30
-3.321612867159599404e+29
1.026910358473985447e+30
3.019971118574348088e+30
-7.017037206067574128e+29
2.549256955683676527e+29
1.675366343383213581e+29
4.850199729258601573e+29
-7.125007499834366015e+29
-2.072538152502029825e+30
-2.382533708709906217e+30
7.821935712814854424e+29
1.016314993700597733e+30
-6.280461690836765647e+29
-1.472350435050212934e+30
-3.387315293913719933e+30
-2.876834041522939659e+30
-3.595957905566889411e+30
1.200005646689825750e+30
-1.652014075672619176e+30
1.321261173527866324e+30
4.127255620980764564e+30
-1.499558825826708393e+31
2.531433972291667674e+30
-2.208929373817375773e+30
4.269986964248755727e+29
1.073134251495939306e+30
6.532771896698142818e+29
1.247898853557323684e+30
5.682040861480994644e+30
1.524226942279631158e+31
7.192883041342576338e+30
-1.786391645129710514e+31
1.142930051134901486e+30
3.021896009800696085e+31
5.456227151978762724e+28
6.262272852103519489e+29
9.503612684805935327e+27
-2.664305808797074900e+29
-1.410989019558628777e+30
-1.664369172126220224e+30
-4.588606947125429418e+30
5.682649374396197513e+29
5.254420726378274530e+29
1.007421185098614301e+31
2.056131044597879128e+30
-8.658878385797983185e+30
4.026121375556650219e+29
-7.607109390648749281e+29
3.809394896860662196e+30
3.386311792524419769e+30
-6.929672400479414824e+30
1.411010322887240148e+31
1.351331454722385854e+28
5.677499515166115889e+30
-9.593234908763440897e+30
-2.545189440607192069e+31
1.806510576848653156e+31
-1.694980795193355376e+30
-7.349853090217368136e+30
6.070697291003743302e+30
2.252353352829183508e+31
3.943002593627485102e+31
7.036226226324475104e+31
-5.986834795873005666e+30
1.863054486586561100e+30
-9.988692338521085430e+30
6.864262180789563685e+29
-1.252076513765378530e+30
1.725051850466711770e+31
3.018242056329041000e+30
-9.725522452438732733e+30
3.048755447499062667e+31
-3.745104970147795398e+31
-9.440635190712700928e+18
1.113761219801778258e+20
5.645863069572459397e+20
-1.080425794017775714e+21
7.326220184041186918e+19
-1.692925954146207793e+21
-1.656028838473472619e+22
-6.364276670389418564e+22
-2.406392264000018186e+20
4.384081138241185513e+21
-3.941440242902225650e+22
4.039167995116352071e+22
-1.015155771268332582e+23
7.492644293372139568e+23
3.771068929278548329e+24
-1.558174906501402297e+24
4.877124872660689355e+21
-3.613085691576046322e+21
3.109330570829758590e+23
-6.420449956138042125e+23
-5.013805858708522470e+23
-5.582587910255823542e+23
2.616618803194655886e+24
6.831846538939527126e+25
4.778494555107979847e+22
-4.371055956971578752e+23
-2.010869797224519471e+23
1.386541308325220906e+24
-1.648184504575373739e+24
-4.423962889804045368e+24
1.081080576674942845e+25
-3.671073309651798528e+25
-2.431489816586575058e+26
-1.719596484998368026e+23
5.264338745254702806e+23
-3.938590044875313465e+23
3.624493672084537344e+23
-2.120854954215394215e+23
3.340423234287020263e+24
-7.873624580649257655e+24
-2.413450354767989934e+25
-2.704531332052770655e+24
7.692746404972786004e+25
2.187038698899651871e+26
-5.882777212593982784e+23
4.847282634072923996e+24
-3.385770943869298636e+24
-5.726451324269267889e+24
-8.143687337081250010e+24
-1.230589701038778082e+25
-1.805582179230155717e+24
-1.863550640945016778e+25
-1.456282864997400550e+25
-1.499049921802773117e+25
-2.509534642240823235e+26
-6.448941550774434881e+26
1.133529168746645531e+27
-1.280670889271519024e+24
7.072950706353913148e+23
3.551413429713554580e+25
-2.881570866570519250e+24
1.149237601332087057e+25
1.230791621033356161e+25
2.335660344755529611e+25
-7.022916352055579261e+25
1.299228632220497524e+25
-6.934012371501285180e+25
-5.059495217171749940e+26
-1.184350095061253440e+26
-1.543999387563180287e+27
2.324548317704992354e+26
1.537897969397407348e+25
-8.563304276357341034e+25
-1.081971688870680881e+26
-2.406648861305144109e+26
2.180530663033808331e+25
-2.829330618981393863e+25
-7.899318416349471656e+25
-1.598113821590526675e+25
-2.086928796242736840e+26
2.299186825735851460e+26
-6.887369660004774184e+25
-1.458865379558553638e+27
-1.245994738333742070e+27
-2.110806787184218485e+25
6.790634628812266155e+24
6.012431898074120707e+25
-3.339701028580584076e+26
3.814079461160551097e+26
-2.855649911212693994e+25
-3.646719835141243220e+25
9.929061238437607943e+26
-2.529611440301266815e+26
1.087952262620354151e+27
-4.106528903851781183e+26
-2.926730960627269293e+26
3.204154925639981335e+22
1.821191388348218826e+23
-1.745381985404429753e+23
-1.335463528361581559e+24
6.304962091898673247e+22
5.106522428633097490e+23
-2.400067166528188839e+24
1.975107174386279794e+24
1.247341875612934916e+24
-4.095907833187449107e+24
5.194264965893711397e+24
1.227189919058441904e+26
-9.495584006361188503e+25
-2.145805259890140797e+26
3.836340594382351630e+23
-2.026293841261698199e+24
6.878079323476787053e+24
5.111393156574391514e+25
-3.571993815879654162e+26
1.768923113265432593e+26
-2.560980863015963382e+27
5.321041243336695320e+24
-1.254391270478417420e+25
2.143604655784040502e+25
-8.863150203659789598e+24
-2.399724646273523267e+26
6.952907681627297977e+26
4.895793268646581851e+26
6.546648862797162389e+27
-1.777386266301066315e+25
-2.111418330124762744e+25
4.958619697711231156e+25
4.651734050425116005e+25
2.749618992011863533e+26
-1.311609835189896563e+26
5.652959527254414925e+23
-4.064794601578685252e+26
-1.878656774987241657e+25
-3.291983251889218413e+28
-4.474839427422648161e+25
7.531190860133471465e+25
-1.435326155474532875e+26
3.866498314036597332e+25
-2.515009445774344518e+26
-1.094872725846101181e+26
1.383321342189131262e+27
6.653989789981937065e+26
6.668287108066529126e+27
-3.012030185223853565e+27
-6.471916352172357624e+27
-6.107712709758693556e+28
1.366956244890214676e+26
6.604332324894557086e+26
-7.706386443229532962e+26
-6.142656441758439811e+26
-4.360572696651530138e+26
-4.517299093166667578e+26
-1.146651661974959436e+27
1.442394380239791417e+27
1.389811607199789461e+28
-5.085327644901278720e+27
-2.072745952546780834e+27
2.466439515154657786e+28
3.863483678057385810e+28
3.589248273457703363e+27
-5.285400941815670197e+27
-8.005427114053432321e+27
-5.309766765107561996e+27
-2.368547679081671050e+27
-3.610466250302621481e+28
-8.167729403848864540e+27
-4.574732685610897173e+27
2.854483459533735458e+28
2.865020578780015556e+27
-6.741600060164285602e+28
-2.824638524987258306e+28
4.685875720751631225e+27
3.521893795019457112e+28
3.114905832265841122e+28
3.233592839163557903e+28
-1.037235719794553067e+28
-1.594150378428720672e+26
7.388448525269589779e+27
4.736749866771322587e+28
3.265485677212501659e+28
-6.613236613135575682e+28
6.225985718842710914e+28
-1.751145775309357419e+24
1.401477333366483299e+24
-1.626862571393864914e+24
-7.577999905029699051e+24
-1.460742395793041776e+24
6.070893534890562482e+24
1.373294885125292477e+25
-7.837720433255406587e+24
2.348442573088095823e+26
-4.623178249473960580e+24
-1.518118995149072092e+26
1.371942185664639822e+26
3.451536989103745033e+26
5.380386112621844751e+26
-6.093766937286415492e+26
-9.080142567225401466e+26
2.669135087378980364e+27
-2.054023740323768472e+28
4.458061341177250819e+25
-8.703416122207060735e+25
9.221743199535866060e+25
1.646118714058965543e+26
3.419277341417929399e+26
-6.666386782016622669e+27
6.161639747656649016e+28
1.984489901648414571e+25
-2.497703396631438788e+26
9.281694789980232937e+26
-2.413091882150789690e+26
-2.383610339314521482e+27
-3.916999320267645097e+27
9.023183518955774996e+26
2.047252308621912114e+28
1.059892183757205510e+29
-1.210265968372970633e+27
1.887513823819055108e+26
9.773408557089168772e+25
-7.202594225542503229e+27
-2.021627940902511292e+27
3.958874120371744230e+26
-1.047069955337295214e+28
5.637874162874566168e+27
-4.551135042598518241e+28
1.327060520474782986e+29
1.834792434806719689e+28
5.136197663017865995e+27
-5.748687349029948023e+27
-7.673169140953484122e+27
-2.982533685903027591e+27
-7.838497613600224650e+27
1.599871398854200657e+27
-1.205780193260536726e+27
-2.032318667500046395e+28
1.221888115202220900e+29
2.633181197160530897e+28
-1.729621187508825456e+28
-4.155930082925438709e+28
9.729649964566963208e+27
-1.369070097867090555e+28
-8.447271676422584443e+27
-2.677811206001182522e+28
-2.095545228079812374e+29
1.452781746720133518e+28
3.581232435012272627e+27
1.658792437861968372e+29
-3.422741737035989020e+28
7.125448586568779118e+28
-2.295014327970467086e+29
-4.281055969769455262e+28
-1.157906761982680718e+28
-1.901509786765570557e+29
1.836864701039214481e+29
5.292732474488856659e+28
2.701807213140643149e+28
-1.084826301989103901e+29
-1.282776167954300238e+29
-9.947633780455929177e+28
-2.631109685711150138e+29
-5.093957384330669806e+26
-1.169625473150394838e+26
-1.321872761243744657e+25
2.349296391734124276e+26
4.427743566420528922e+26
9.041903197819168980e+26
-1.623091044066924392e+26
6.371643466110787536e+26
4.103965816282652257e+25
5.094289950593743971e+26
-6.553587445274651967e+26
-3.902543779339251437e+26
-1.633904806908479269e+27
-9.623832850730108688e+26
-1.969270524749526087e+26
7.490378312229220243e+25
-1.854154397340349879e+25
7.934457298561020315e+27
-2.163725240667950205e+27
6.003575685481526048e+26
2.517793059180646229e+27
-7.514755315750705419e+27
3.019738014490163387e+28
5.747128441357761292e+27
-1.791671756787642137e+27
-3.984141531506887698e+28
-1.589802622381640968e+28
-8.442652036413439025e+27
7.956623848279298055e+28
9.123416024305485897e+26
6.031796181152473428e+26
-3.105953807569758146e+26
4.023011687338082320e+27
1.785085324623535817e+27
-6.098588499346063521e+27
4.223234981237017045e+27
-1.245545235198267215e+28
-3.225125477102197485e+28
5.596102393910530807e+28
4.432773550027217576e+29
1.898134140184146893e+29
-2.307938353709452536e+27
6.371268333838734255e+27
-1.930448483097343143e+28
-4.048271931151914770e+27
5.378201957684761527e+27
2.390977760338143271e+27
-1.365693591521048762e+29
-8.140727919418017053e+26
-6.203859715723391820e+28
7.235505065570297830e+28
-9.886838398662450721e+27
-1.898390392540745830e+28
-7.058601359905127901e+27
8.841027506409136504e+27
-3.139636702511255352e+27
9.096835329338125905e+26
5.236468571390228225e+28
3.589179383545730129e+29
-2.261038974400198962e+29
4.584081080299273089e+29
-2.534380243629979351e+29
-1.446658164381713945e+29
-7.658783613797602408e+26
7.831630682819782912e+28
-1.719330185664150878e+29
-5.460139131429323503e+28
-9.925022344945532968e+28
8.739030422438196278e+29
2.776431014454139088e+29
-1.564091090330712440e+30
-1.194903901296211863e+30
-6.727278687784006713e+28
5.782623835771328972e+28
1.992130362098033894e+29
3.728598531674363771e+29
-7.119571706911547301e+29
-1.677517108961555541e+29
2.128752614936551271e+29
1.272299703069585757e+30
-7.776805929853527202e+29
2.119354110880186823e+27
-2.662750654957847526e+26
3.088794570678477164e+27
1.301478302970406112e+26
-3.130646096512421823e+27
-2.807642167853417858e+27
1.981432044942411485e+26
-2.366653978961407726e+27
2.099686602093816030e+27
-8.927074499716323292e+27
-2.486362935276534258e+28
-1.071506275221244299e+27
-4.601461281653961654e+27
5.391068626659966462e+27
4.565028401302022145e+27
-1.748970850775769217e+28
-1.175683673189644114e+28
3.089358907518328535e+28
2.538911659297253547e+27
-2.988292912080406750e+28
-9.605968944048922997e+28
5.510438259700476326e+28
-4.036408636559190448e+28
2.340956089952443312e+28
-9.832735217417427586e+28
-1.349101856353164480e+28
1.287592783555704585e+29
1.301836988071854275e+29
-1.652484657907719800e+29
1.771104252006674980e+29
-3.395287855114250194e+29
1.203708187086707558e+28
1.887579111870646076e+28
1.664438350153613703e+28
-8.026259210705597735e+27
4.538776286798865739e+27
1.510241811094190265e+28
-1.947723814777765334e+28
1.159913331188006815e+28
8.266550453272124919e+27
4.476338983566801669e+27
-3.476218770891148217e+28
-7.212066313904395461e+27
1.556186920862020399e+29
5.249631669529714659e+28
-4.389169036559458031e+29
2.657458148734823553e+29
-1.890283240702161788e+29
1.776483280432736802e+28
-1.478082118652839905e+29
-2.297324395572635121e+29
-9.495773600870515861e+29
-5.874278143270695874e+29
-4.773434260946176209e+29
-2.437690948556954628e+28
1.276417409794067333e+28
-1.883763444732511135e+28
-4.334817851965155403e+28
4.863067295590489388e+28
7.022254345894210243e+28
-1.479283880763097395e+28
-2.223807004526798283e+29
1.562494945014301007e+29
-3.442762603362337531e+28
-4.053947197243393787e+29
3.677305262606252967e+28
3.628438555778672734e+29
-5.009288405945732387e+29
5.332835145804633256e+28
-3.598334776261266070e+29
2.157535113012157051e+28
-3.598563475342976005e+29
-2.610100991248780415e+29
-2.072136341053293975e+29
1.630108327759737572e+29
-8.700952909239284638e+29
4.489613981851791192e+29
1.557754491396073062e+30
3.048915046182852192e+30
-5.843704571393489892e+29
5.528347992391814636e+29
-6.572307105268513016e+29
2.130682959595582574e+29
-2.149934291767886481e+29
1.815390357040601720e+30
-3.604962812240861342e+30
-5.626667448271885050e+30
-6.854176637758891494e+27
-2.325793496569550800e+28
-8.689665858244499965e+27
-5.995436410173055313e+28
1.944642680388141986e+27
-3.576177868450169389e+27
-2.154007011144032995e+28
-7.443395927360903559e+28
-4.343720238905186947e+28
1.158082754056743688e+27
1.916168780758539286e+28
8.846726218906380074e+28
9.585488534440403339e+28
-1.946466660902958327e+29
-1.157347107041042551e+27
4.218215645230874648e+28
3.123479090189142301e+28
5.869983475482357995e+28
-1.991493658761417144e+28
-1.395096428108436638e+29
1.172359300514051562e+29
3.520347006692185215e+29
-3.038041478483463570e+29
-2.279132412043799033e+28
9.437609594401139283e+28
1.120793303400084622e+29
4.561281104851819200e+29
6.447441806218307594e+29
8.111994411088217713e+28
-2.817878047857418980e+29
8.970850466635898252e+28
-1.676395464014381550e+29
9.394410831877261514e+29
1.186839264241557553e+29
3.133125272102632959e+28
-4.734173074405487325e+27
-1.889769825343226424e+28
1.781324197999192682e+29
4.045942801531110757e+29
-1.458260094991211163e+29
3.134871540255290992e+29
-5.036826114407296219e+28
2.445081468777479121e+29
3.662985309919941951e+29
2.760749350881354315e+29
-5.900494837513432992e+28
-1.342396503270594932e+30
-5.857300081422382173e+29
3.752687152002106950e+29
1.980910754068951205e+30
-1.800125814112610178e+30
-1.494992774128416800e+30
-4.193720225018583122e+29
-2.439756525906669936e+29
3.367959602247026307e+28
1.672786358132260023e+29
1.964443802360799102e+29
-6.807637751378206379e+28
4.500331043059681748e+29
-5.300806389099473487e+29
6.702459038246770990e+28
1.687949445975990891e+30
-1.246258238779846199e+30
2.002733669393575273e+29
2.890155779547984267e+29
-1.319810808524245849e+30
6.553050596433917551e+29
2.096654639572674568e+30
1.423704360750467811e+30
1.863957629052031979e+30
4.059655306354503853e+30
-9.397296981601644013e+29
1.267330281702865651e+30
1.637576745671010712e+29
-1.494810747609344986e+29
-1.250193260687768583e+30
-8.982984239367363330e+29
-8.986594358292466333e+29
-1.588074987935236445e+30
6.438501140501121423e+29
-3.423710526844239695e+30
-1.131957606793867666e+30
-2.861704584331209035e+30
3.900011587766642871e+28
-4.179517481751709115e+30
4.213797211102315270e+29
1.514888680783665084e+29
-7.108822670510230735e+28
1.102352595581572224e+28
1.882406080451078412e+29
1.336385935097273217e+30
-7.525972166491592033e+29
-1.893726090944726273e+27
-5.679433072233663562e+29
4.089740190570601951e+29
-6.328704571298478590e+29
3.484300849986919191e+29
-3.507931698003645712e+29
-2.928427388007610194e+29
-4.168345342311149562e+29
-1.358479472357047779e+29
1.406251694628362678e+30
-6.747159754800584396e+29
-4.528396561573805173e+28
7.801859861469473570e+29
4.006564107185266453e+28
-1.333103289137353142e+29
-3.369688685942461439e+30
-1.727005333775181481e+30
2.215947552579837796e+30
2.095628628236596762e+30
1.377431031463436491e+30
-9.825806330799164081e+29
-1.366642323693795723e+30
2.557477021638889518e+29
-7.935947053903777046e+29
7.742951797775870440e+29
8.126834620833148754e+29
3.720836093056134469e+29
-2.587464727207840046e+29
4.746186687417305895e+29
1.983172769520209097e+30
-2.429166609657873722e+30
-3.470351816790139919e+28
1.107123888974196360e+30
1.014013750498117189e+31
6.541442120348431159e+30
-1.475436195581671064e+30
1.926096178580791677e+30
4.993355692628061154e+29
2.885603881106529579e+30
-1.139866191468653741e+30
1.694967866303885085e+31
-4.879274820399465913e+29
-6.879592805409296360e+30
-1.344088130847652790e+31
1.047135044790137862e+30
-1.773600692093277098e+30
7.266253207302991546e+28
4.753997252979282948e+30
3.307374884712949089e+30
-1.554337376772125143e+30
-2.422069234254647224e+29
3.648265533327920509e+30
1.542018406298303005e+31
1.036413482214063535e+31
-5.427707859523984644e+30
-1.096781627606278405e+31
7.900973994933608881e+30
3.006965369684172288e+30
-2.519706793168713769e+30
-8.897094211211732728e+30
2.455285895512887250e+30
-1.104048451418189009e+31
1.792779135783246824e+31
