-3.732232041607422400e+16
-3.645418677984890368e+18
7.138017126353966694e+19
-3.637040329215750308e+20
-2.300356071690951983e+21
1.733463199590215582e+21
3.638735287667944587e+21
4.610663215085990078e+22
2.162027153569156358e+23
1.453729893302726451e+19
4.455554030513507533e+20
7.306589276548237361e+21
-7.282649259040029278e+21
-2.142754475056885976e+23
-4.892935458317680698e+23
-1.044423956530213713e+24
5.972599694060952941e+24
2.637670390571508839e+25
2.769002112866653962e+20
1.384946901693064072e+22
-5.495577980541051548e+22
-3.173005361727765196e+23
5.400753755340364589e+23
1.002055578129838658e+24
-1.032277258762655876e+25
-3.576732125461990810e+25
1.352366449820892567e+24
-1.799092453163564532e+21
8.622364615445737950e+22
-3.392608127764585314e+23
2.014758069487050728e+23
6.065102956149731356e+23
-4.476714374874895368e+23
-2.849934660420080127e+24
2.883053192545466530e+25
-4.812281737742366781e+24
1.994298549169588248e+26
-1.395949242492235075e+22
-7.252324988880754898e+23
9.772428226757750780e+23
-6.288586137190871649e+22
5.531880552800987801e+23
2.148657883588496238e+23
-1.330697161749572588e+25
1.753054040075876548e+25
-1.810706765377633902e+25
8.194479918448120494e+24
2.919953547047870060e+26
5.806189050685580936e+26
3.090176700813065322e+21
-2.811001804686668606e+23
2.217224316738388829e+24
-1.071636456143480406e+24
1.007272366726232171e+25
-1.516260610376572565e+24
-1.938527935521472825e+25
-8.890020864496939762e+24
9.898894885970781665e+24
4.420292358235363702e+24
-6.507449809383563864e+25
1.397311750451753055e+26
-1.450365039797148650e+26
-2.428875035247262630e+26
3.140568724761844541e+22
4.500043173739976217e+23
3.110472867067985380e+25
2.523489300902769432e+25
1.935280336029785241e+25
-2.834916623825102434e+25
-9.754628712504457773e+24
5.046043412694583403e+24
-1.657875453204493846e+26
-2.273691198054660615e+25
3.571093130947838424e+26
3.165789341365192460e+26
2.996482557519770892e+26
1.447629929980489737e+27
1.084588442904836222e+27
1.984434688559087553e+23
-2.245296837511718078e+24
-5.090402561907109305e+25
2.080817605026175548e+26
-9.515616416635721892e+25
-1.274734903345899027e+26
-1.158274330871243237e+26
-8.674048316157034564e+26
-2.424000101144317990e+26
1.369844815994501370e+26
1.987809352924164832e+27
8.187477484364517842e+24
-1.488399480172431222e+27
-3.546616319713597317e+27
5.607092190812008570e+23
4.161394288048924304e+25
3.911030374566224860e+26
-1.114981794636891793e+26
1.774987813010137645e+27
7.919576629970109939e+25
-3.514740234265447385e+26
-1.803221615214408318e+26
-4.940735985428224904e+26
5.600756555951887266e+26
8.739307242064462180e+26
4.614792259014376463e+26
-5.980440630808611837e+26
-1.057341459130065617e+21
-2.063420049139792085e+21
3.103160804649958638e+21
-2.706396780208251208e+22
3.182103752829368502e+23
-2.323355333495613796e+23
9.062028050870896668e+23
-4.270364848656913025e+24
2.443504950918941969e+24
-1.716882600414433470e+24
1.209051860431262945e+24
-6.802017290210818507e+23
-1.281393167434284306e+25
4.178854169961035475e+25
4.570880912263092423e+25
-3.567541736601683347e+26
6.550801439634357643e+22
-5.496942176326024702e+23
-7.259166943710451396e+24
-3.192289339401220179e+24
-9.867044642018085573e+24
5.188765572829062626e+25
-3.712245169505543944e+26
-4.237395880027361555e+26
-1.544159862846207333e+24
-6.868412467579229632e+24
3.285934589738429723e+24
-1.978365443594251129e+25
1.386910000491344572e+25
4.631879957986700963e+25
-3.366667110046516283e+26
1.448215690565066523e+27
5.802088505225355849e+27
-5.163562333861129323e+24
5.602425370196018409e+25
-1.259215294403668390e+25
-4.073373408936474658e+24
-4.150007850131873351e+25
-1.165644742333697308e+26
5.011393493203877620e+26
6.263876921752528604e+25
-3.321313014520184664e+26
-5.422244859772009639e+27
3.020141610129904063e+28
3.676136850004476267e+24
-5.848757928801698252e+25
-4.463810619219745087e+25
-6.432447145010920974e+25
-9.164524442244732382e+25
-7.446754008660386338e+25
-1.741398609715956406e+26
2.018815388124565697e+27
8.171012908876596718e+25
2.091599891498351766e+26
2.149583917666375871e+27
3.129504376069647598e+28
-9.261292873604334742e+27
1.516085000686216647e+25
-2.392103315501941266e+26
7.316245828080948329e+26
1.192577305758181322e+27
4.299852097670075260e+26
-1.860543979763315048e+27
-4.397759090724633936e+26
-2.385959156725287554e+27
-4.787452313107472596e+26
9.493548462357736503e+27
-5.766966638165238346e+26
9.747380797185176933e+27
1.216267074219984085e+28
1.168120495852953940e+28
-8.129791648184247603e+24
-3.618016276756042974e+26
-5.052556312006049338e+27
1.383083452297015906e+27
-4.423782857145729881e+27
1.006589313654091670e+27
8.505561319024339733e+27
-4.130534791249057560e+27
4.316188599017454255e+27
-3.972163074839132453e+28
-1.197845117168847677e+28
1.519812023823994957e+28
-3.274688319299737545e+28
5.511320124254737189e+25
-1.119038546906028656e+27
-7.970105844886150011e+26
-4.910256221619085949e+27
-4.949311789963367977e+27
-3.245577162151767790e+28
-1.081904285588491215e+28
1.593265829107799552e+28
-9.920284203881819220e+27
-3.118903189326294770e+28
-3.780635460947111219e+28
1.519418148715665896e+29
3.154689902472344015e+23
-4.493306832272192868e+23
-4.179325519176812022e+23
-2.482112778669502014e+24
-1.122691699048644535e+25
-5.087711767004507199e+25
1.661248251039745540e+25
-7.591936464057023291e+25
1.746027451279413932e+26
-1.250555942695358187e+25
1.764980076942140009e+26
2.065310222515987860e+26
2.350606361588784044e+25
2.623702181381292274e+26
1.434667219629283408e+25
3.145769102247931190e+26
1.314340441498623320e+27
-3.803179070185396828e+27
-1.134691185246102953e+27
-1.641196167114483154e+27
-8.646670853814036057e+26
6.938231558977918148e+25
-9.426798665197765463e+25
7.652425884490917661e+26
4.714954944807174371e+26
-8.564094306003064529e+26
2.047437041110700870e+27
-2.617722832583793804e+27
-5.723562463990008613e+28
8.849376989639070626e+24
-3.411780507387031636e+26
3.014694301216288940e+26
3.877011539448726186e+26
-1.437361083354462865e+27
-1.794729517746184072e+27
1.672158624177330563e+27
-4.834797941073252770e+27
-4.100847571408212869e+28
1.505178540932141135e+29
-1.334225576783365312e+26
7.276640147195586138e+26
-6.456071206121043424e+26
1.444906646389609753e+27
-3.503091595518092618e+27
1.461104435356687002e+27
-6.015459219059792747e+27
-1.182118876166366680e+26
-1.850427483030365832e+28
3.975002660417481858e+27
-4.227561375579291952e+28
-1.430434264723717004e+29
3.050786088640709171e+26
2.632631672296264308e+26
1.033311286623504229e+27
5.920631289317462324e+27
1.493786696697946545e+27
9.756131027497809287e+27
3.517960500105801704e+28
2.573556945205594073e+26
6.435255054565931825e+28
-2.264857056839801100e+29
1.448748909406153053e+28
-3.363719165316663096e+29
-9.396148046961233969e+28
1.825828402660590839e+27
-3.718985815843347554e+28
6.082517062570322776e+28
4.501333035583496037e+27
-3.661160893328361857e+27
-3.544630484700267215e+28
-2.571713518856542740e+28
-9.078009941634598674e+27
-1.684763224501809395e+29
3.126271485408830424e+28
-1.330520397757902202e+29
4.376580023050751776e+29
6.576320316019292922e+27
-1.199280622328441408e+29
3.105876137877177747e+29
2.815610345776917701e+29
-1.564157526720803004e+29
3.020348223228145636e+28
1.584194580040322142e+29
-7.260546267774733046e+28
5.632005256999336933e+28
4.976176856530079850e+29
-4.102524083334913954e+29
-1.255341334019367579e+25
1.576302971663856380e+25
-1.787172808923019891e+26
1.309040105980569025e+25
-1.126912714484729407e+26
5.024666805017914849e+26
2.155516758482257754e+26
1.410923901258126974e+25
-2.334755745923022198e+26
2.424351553528725123e+26
-3.938246764869643938e+26
-8.465566703998401794e+26
4.756689057052170454e+26
-5.234801052004433019e+25
7.733786211928873295e+26
-1.068099778775778315e+27
-1.247208028323838960e+27
-1.906612845411122239e+27
-3.004024651978064913e+26
-5.357118855517708990e+25
-1.040272879668865263e+27
-5.044402515772194534e+27
-2.735947502422463172e+27
-1.372536016483444751e+27
-6.873271219695930738e+26
1.619485353333376089e+28
-1.460373995502344660e+28
3.806376410826128593e+28
-2.203086861437315350e+28
-4.499572550715520130e+27
8.664039579690592562e+27
3.056856910825674590e+28
-1.237560401764436690e+28
7.485319384010848545e+28
-9.004267169238358919e+26
3.327080530597028193e+26
-1.107404263441784582e+27
1.806636253108607803e+26
2.311504354809584550e+27
3.848267901462801455e+27
1.991528770075238929e+27
1.132243434909670658e+28
-5.567176792732280967e+27
3.415181620054575434e+27
1.451576001467667176e+28
-3.398817741684673974e+28
2.332445394941983429e+29
1.245428056195297005e+29
-3.670584248217157875e+27
1.273141654940978171e+27
8.353985140070861156e+27
5.878939025785516938e+27
1.953153356831325417e+26
-4.022562737112344288e+27
-2.519404319724006901e+28
4.443631209785989461e+28
-8.507883057038235718e+28
-2.173270620696272895e+29
-1.074591039122819828e+29
-5.662184885554451860e+27
1.229011646898468948e+28
2.819706866866216233e+28
7.075198601485226479e+26
6.117298848761202381e+27
-1.901953667538834823e+29
7.771844834258553494e+27
1.053387042078840182e+29
1.164355223575945352e+28
-6.085639671711377296e+28
-8.287328393329238174e+28
2.926462054378887075e+29
-2.519208956946366926e+28
2.877341584620348876e+29
1.474831929378052479e+28
1.402982617705213961e+29
1.719450553814714698e+29
6.921548317858299490e+28
-1.336682005668333424e+29
5.435354062885189962e+29
-1.897513385577730950e+28
-1.810492688599928576e+30
-1.356766740530494550e+30
4.949057523382258573e+29
-6.857245059643570567e+29
1.139301540354536786e+29
2.258450945586913244e+29
-6.175348459723270006e+28
-6.893575276123204822e+29
7.304465348503227650e+29
2.212340965427707133e+29
-1.385421199515824321e+30
-2.119567279381281010e+30
-3.935137796237778330e+25
-3.630800780579832703e+26
1.085129870745431623e+26
-1.052180128389489393e+25
1.058148738512259853e+27
4.544173770630379709e+27
2.973528964410869060e+26
-1.991901086370714768e+27
-1.629070275870859727e+27
-3.178254204864839644e+26
-1.898466040952072560e+27
-1.089364677157431047e+28
-4.221732540143513939e+27
4.565937961211167757e+27
6.583329952338291172e+26
3.633779922951989126e+27
9.761196118361834067e+27
1.279550044888601983e+27
7.920905286070339221e+27
2.351198018131597293e+27
2.569202202580490536e+28
2.212735333581213661e+28
-5.641113847495272888e+27
-4.228019210438348845e+28
2.941463801315604990e+27
2.581534602187620892e+28
-6.656716693535944962e+28
-6.923310002874142088e+28
1.835832958463046247e+28
4.852994070950581431e+28
-9.844100470235857668e+28
9.220722930397091861e+27
-7.884491948965634634e+28
7.878518719955561795e+28
9.655632873429884774e+28
8.000124280244289666e+28
-5.079991888203654945e+29
2.405706913355090779e+27
7.707241111056078279e+25
5.926595298968602939e+27
1.611470415604049584e+28
-5.730452863034599655e+27
8.565938741069445838e+27
7.543537974052377119e+27
1.553099604745383843e+28
-3.486220584622427247e+28
1.466469948806376571e+28
6.247937048457573176e+27
2.304679177158205768e+28
-1.609858334305473358e+27
-1.589004789323536178e+28
-3.146623563641294699e+27
8.282700935445427472e+28
-5.506239360490908142e+28
-1.542074215040672188e+29
-1.005793777131493665e+29
-1.506175247723215992e+29
-7.922127526592050293e+28
4.747598002567472069e+28
-2.802876996124731575e+29
-8.178556139927116358e+29
-2.437685097356454365e+29
5.170684269438436980e+29
-2.680848586242137134e+28
2.506989357546533670e+28
-4.153387310716320671e+27
-2.276447715681740160e+28
2.490931086062965665e+28
-2.004992805273335995e+27
1.076189029222496053e+29
-6.772495886635816351e+27
-5.662038885570786037e+27
-1.839853047608702479e+28
1.202001605530787295e+29
5.291848657837062892e+29
1.345973864086760054e+29
-2.849837119562162965e+29
-1.684819023725884055e+30
-1.642660503810224653e+29
-2.269382749341948800e+30
-6.926411294618246273e+29
1.381918443879825939e+29
8.949725336512957392e+27
-7.521152990729704968e+29
6.785420213474194250e+29
-1.391771634194422693e+29
1.365110106874235621e+29
-2.889573225026711595e+29
-2.813641301232694908e+28
-1.157100522816187372e+30
5.630202961157024120e+29
-2.620112559302066408e+29
6.172800904706664667e+29
1.297184845464945550e+30
-5.166150180780437910e+29
1.099094105823489654e+30
8.505641094969827005e+29
-4.087547634145276686e+29
-8.500673491093035381e+29
-9.052482299451309599e+30
-1.996473261541865558e+26
-8.980340244377838260e+26
-2.164153325867324414e+27
5.474801503796789379e+27
-4.204606032498281997e+26
4.429277132224292784e+27
1.140802171171261159e+28
2.760872657105537509e+28
1.473213701748325337e+28
-2.380955136726163885e+28
-9.583884923777485443e+28
-2.837487394010796296e+27
-1.044911612221826578e+28
-2.828642051643585863e+27
-2.183018512339071834e+28
5.250366361307707696e+28
1.842623681708600658e+28
1.000155354523517872e+28
-3.525815690795960218e+28
5.299303780433487173e+28
-1.615334859304048297e+28
-1.265154496999955543e+28
-7.156844691939557153e+28
-4.638559674689482159e+28
3.065907137175497847e+28
6.262726657730814113e+28
3.792776249046526481e+29
-4.590902252614085336e+28
-3.576846651076151944e+29
1.285010988210866598e+29
-3.869152206040274448e+28
-8.507177428571714065e+28
-1.690921159240798884e+29
1.103683559828281540e+29
-3.481535022741044678e+29
4.187704137169797826e+29
9.015836655495134832e+28
8.744986957105090644e+28
-3.290184069947390957e+28
-2.664840679588194092e+28
2.957643229739045648e+28
-2.653113300951267677e+29
1.951825317402136922e+29
-6.960042015833214831e+27
-9.575861141900659101e+28
-3.102974815571918702e+28
-1.786262238478362586e+28
-5.139571696139420943e+28
5.586253954277365641e+29
-8.350711959867376643e+28
-1.862520195868557509e+28
-5.223429046772096840e+29
4.430744977040412523e+29
-7.153158469925239497e+29
5.627685456082457502e+29
-5.351388885326124422e+28
-1.828708308064846339e+29
-3.430264145822749965e+28
-2.153294842579013337e+30
-1.208500937093755118e+30
5.950204539270382412e+29
-4.882578631143084694e+29
1.293404487778689917e+30
-3.133142215917646135e+30
9.190537357107539558e+29
-1.195591810861299486e+28
1.286927234883816481e+29
4.848266726600654864e+29
-5.128795529646091680e+29
-1.326862434161802903e+29
2.151068219593689740e+29
-3.021872346512915606e+29
-2.541128823167868304e+29
1.014729065055819970e+29
8.410726392632253577e+28
8.394035317381866124e+29
-4.125754183793195040e+30
-1.275560741795568486e+30
-6.555722720378805846e+29
9.253979011379031035e+29
2.248565317988484794e+30
1.164384171959338342e+30
-2.579247521367418217e+30
-1.401466661838941088e+30
-2.453443778774210010e+30
1.313465096224602924e+30
-7.443157882266204172e+30
-8.666728640849496476e+29
8.206504447910503854e+29
3.320663201693175827e+29
3.895804275047550020e+29
1.919565382662427469e+30
-1.948440188822667577e+30
-1.716234258222446284e+30
-1.034353027207872686e+30
1.424192826709423421e+30
2.199561875804728071e+30
2.835435274501412108e+30
-6.168255003995967428e+30
-1.856934427391939764e+29
3.397970386672621004e+30
1.509818238565350750e+27
-1.447118218714222135e+28
-4.793978998995390364e+28
-5.073196444566180723e+28
2.762729001675809369e+28
1.488266315371841072e+29
-8.839395911860943205e+28
4.179353667502170014e+27
2.365070257890779303e+28
8.273816924069827719e+28
-5.600933258019620860e+28
4.792268990782248234e+29
-2.628734355516497580e+29
3.422937435264136673e+29
-1.920978518413537253e+29
-4.729545176063933484e+29
5.618718085295555923e+26
-1.284956517556396256e+29
-5.087469313927917550e+28
-3.454103991722195167e+29
5.687332814616519541e+29
7.942079941915545108e+29
-1.709173298234668543e+29
-1.738886431997974900e+29
-8.328502853198814894e+29
-2.266791186029770747e+29
-1.764706889898325348e+29
1.165382230060811121e+30
-4.339645989856371801e+30
2.775341886192064671e+28
3.424155574918690444e+29
9.245385130216497174e+28
-1.167137332742741077e+30
-8.731546280166815089e+28
-9.059247767181114150e+29
-1.094294622405289886e+30
3.752048065258174750e+30
-5.621193120181331619e+29
-9.038586405550862177e+29
-3.205447314791900448e+29
-4.374545780198235282e+29
1.692225466639263447e+30
-7.278478655959026899e+29
-2.012287623173427850e+30
-2.525838218195069014e+30
1.029136185666376835e+30
-1.808565146281865363e+30
-1.325540698002656897e+30
-2.735020397285888354e+30
1.286532684758604515e+30
-3.522801674453194138e+30
1.034403015346290854e+31
7.632101280497326875e+30
-1.368384971393666968e+31
8.768079165951027838e+30
-6.977097832853722782e+30
-8.541737513441129939e+29
9.060676608338433051e+29
2.136624905906036196e+30
-2.951838617629753850e+30
-1.247574764982496358e+29
-2.421820559833091168e+30
-2.291929630219997763e+30
1.369722648932051582e+30
5.611726513649044957e+30
3.730807272022866153e+30
7.861460468158145107e+30
6.732478484746139657e+30
8.542168358681872446e+30
1.014939077948627000e+29
-9.193524191854290865e+29
2.621799992411073964e+30
4.771122747366523863e+30
1.954732365422000361e+28
1.274133372987666655e+30
7.354984323991089780e+29
9.825797133135421859e+29
-7.936605662924154112e+29
-4.602100470958707609e+30
1.514509229846355762e+30
5.755183603168757856e+30
1.364399371437775920e+30
-2.801959295035582158e+29
1.010927935636788248e+30
3.092579546865503750e+29
-3.305431666009760013e+31
-3.568582325101745656e+30
1.688962358153193133e+29
-3.213460299371808269e+30
1.665633048364693800e+31
-8.664809690609963022e+30
-1.926748847482954340e+31
-6.025330135978107276e+30
-2.831538469597327686e+31
-2.441622552049603047e+31
-1.270402039544172573e+31
-2.163817750988238090e+31
1.831072207467600882e+31
2.654441597547530661e+31
-2.711048919615709268e+29
3.575064878939021903e+29
1.684769570308614212e+31
-2.302557642720077052e+31
1.562327333639534437e+30
-1.340134811908809736e+31
3.689383934183131752e+31
4.771129566229872338e+30
2.162106614263716539e+30
9.200431572209177600e+18
-8.594209576665494323e+19
-8.378987973040304292e+20
4.766218999803039187e+21
-1.512299503511257219e+21
-1.335526263035529894e+22
5.277277714782439342e+22
2.613499742465270009e+22
-1.101002270600645509e+20
1.063275071324485059e+22
4.376859111929653966e+22
1.236699640842278205e+23
-2.969647595770701939e+23
-2.104089745835660337e+24
9.093330856836016328e+24
-1.313790459499629500e+23
-4.208217325337063719e+21
1.979483694512440187e+22
1.480566099302190898e+23
-4.951423511087931153e+23
-2.264634876325882323e+24
2.748941474454784967e+24
5.063861005436796752e+25
-1.754739128138348428e+26
5.566598098904254356e+22
-4.543780570089898094e+23
4.613414938670897981e+23
-1.219191054496499673e+24
4.231397295165707938e+24
-1.344091666834513405e+25
2.606497348781914182e+25
7.698728589222467570e+25
3.170370039286676363e+26
4.548478564696989767e+23
1.510360460726077693e+24
5.402379579598815845e+23
-2.552855158979358634e+24
-3.566943479851914791e+24
1.177857794957463828e+25
-8.165644374153500677e+24
2.294586193158404314e+25
3.872795479857773089e+25
2.999818823083736359e+25
-2.429453632822518360e+26
-6.020206018276868038e+23
9.147426522643482603e+24
1.354671078099934100e+25
1.240918829228749717e+24
-5.034794784761312979e+24
4.968483088957544160e+25
-1.979905380700158354e+23
7.150419115904587809e+25
2.557075681385864116e+25
6.044858508880332431e+25
-8.532160058946830587e+25
1.771639153112883360e+26
-1.875138428123387916e+26
-9.987907648058002432e+23
-4.225964709828087463e+24
-4.111176569685556819e+25
5.383669409965457514e+24
1.156326608202709167e+25
-3.528264265324283600e+25
-7.339059450180906475e+23
3.511923254920952499e+26
3.671854851978500229e+25
5.156820650332918571e+26
-1.106212378966093575e+26
-7.424339104555636282e+26
-1.006007083535820779e+27
-1.509615827162093382e+27
1.160470629661875950e+25
2.968877931420874823e+25
-7.557316842446641530e+25
-2.722622545925614638e+26
4.729396902652719137e+25
4.270932857933399759e+25
-9.120026945738277952e+25
-3.104978851289652586e+26
-1.123053338349244908e+26
-1.147260365522435784e+27
-3.432176694284761386e+26
-1.474549711262553183e+27
1.204672408622680835e+27
1.086973753692106047e+25
-3.932905694647358651e+26
1.084402826266409643e+26
-1.553178634623360081e+27
-8.969722386171362126e+25
-9.966598138988905225e+25
4.158644733813472272e+26
2.361155948705867879e+27
-7.278689602375043610e+25
9.631442714273841552e+26
1.731773087508062819e+26
4.587163654468142338e+26
2.739671920844018077e+22
-2.133519070420423861e+23
1.797070643879670689e+23
5.626269808342200431e+22
9.107590911515728722e+23
1.588544685905252067e+24
-1.515380490945206451e+24
2.827332488089412613e+24
-1.696865228804568478e+24
1.712095090409276394e+24
1.293119634028815291e+25
1.327780957095181876e+25
-8.251077071019749310e+25
-3.104901220250107505e+26
-3.350385240604730972e+23
-4.295260816226147600e+24
1.137270947990709785e+25
3.185520276920300558e+25
-1.044623706734102712e+26
-1.206472283388784421e+26
-2.589459433139490670e+26
1.350241728902273687e+24
-2.215087295749489542e+23
4.420544510614747352e+24
1.404336711644813331e+25
9.685582209766634346e+25
4.440651235550219842e+26
4.276959147676066287e+26
-5.932462221751968655e+27
3.849381049081777294e+23
6.284865676792642849e+24
-7.743760380654064824e+25
-3.169665561106972315e+25
-1.100016531110864127e+25
-2.579359726645923203e+26
1.232836247679333842e+27
9.767755755017217254e+26
3.606727150715477603e+27
3.081511042805310308e+28
-9.428704479667460699e+25
-1.565558057290194805e+26
5.255518271459021904e+25
1.041508183079445393e+26
-1.238415767971767966e+25
-1.586628524525249692e+26
3.420546176875778076e+25
-4.010238427793786265e+26
-4.118114479370232232e+27
1.744634392549831429e+27
-2.303696377590462529e+28
1.187257970882649803e+27
5.472394707535018504e+26
6.100159029346807410e+26
9.478980357674618590e+25
3.242797397894900238e+26
9.254773149053119934e+26
4.062938493150400977e+26
-3.481976028944658363e+27
-3.132124132873643250e+26
-1.635255367698427690e+28
-1.980655370270815118e+27
-2.937740535427484458e+27
3.726818773619918135e+28
8.502799931834804424e+27
-5.976740706036288756e+26
1.442045351359000307e+27
5.805842661149884217e+27
5.758941780772451446e+27
3.428940022984956820e+27
1.368989863941890824e+28
7.085443235216234476e+27
-5.557093483933495205e+27
3.240028246406387228e+28
5.587966832591874158e+27
1.272553675502805563e+29
1.038494443057984832e+29
-5.273175418085536285e+27
-3.124619898098135096e+28
-3.662229989353569007e+28
7.131149952781348676e+27
1.138705228498979429e+28
2.497928901647895600e+27
-7.192938941785635954e+27
-3.257779083760938320e+28
-7.534562151213917356e+28
4.178772364696730476e+27
1.818917127947383598e+28
-1.920536176180728166e+24
-6.430083478279157191e+24
-2.183418754666559458e+25
1.047209836432033316e+25
1.720448263724587284e+25
9.334078495689575353e+24
-5.559034338868807229e+24
-8.980857847722304799e+24
-2.101013582498402620e+26
-3.755208285331462801e+25
3.313572228976073722e+26
-2.402568413206823654e+26
4.191368144714658829e+25
-2.572568752490776158e+26
3.521008289456337654e+27
-1.240157400438240515e+27
5.335165413791577437e+27
1.800404278576608764e+28
6.876646728547118497e+23
-4.138185337510138169e+26
2.210163580500375459e+26
-1.936656564509577560e+27
1.233704377558105255e+26
-6.551671129921459958e+27
7.279022335522379357e+27
-1.648493283605911222e+26
7.924278032456662432e+26
2.160733426239040350e+25
2.430487581581477533e+27
7.302460802308505522e+26
-1.302935006655573402e+27
3.214446571103640741e+27
-4.260189536479372196e+28
3.143354254189943142e+28
-2.671343247754010549e+26
-2.202464227588093947e+26
8.381276387713443709e+26
1.275249823592452438e+26
3.526170387425145054e+26
-7.128227067423387894e+27
-7.837173872190913412e+27
-1.424202702851031030e+28
5.028258682193792877e+28
5.524642712577813736e+27
1.306376997760319143e+28
6.550245881192375681e+26
3.141450826853560687e+27
-7.884687194704406112e+27
1.575775068319656931e+27
-5.329347198519808705e+27
-1.829613600199799057e+28
3.061456200526742875e+27
1.662090107436146813e+28
-5.857476241553734583e+28
1.235434424382489555e+28
2.041431454739362118e+29
2.201829791811686057e+29
8.290383446977649769e+28
-6.988917551722787961e+28
2.067796880809567026e+28
4.047754270162606725e+28
-8.773770663674044761e+27
-2.109466494642214556e+27
-3.652593455064324753e+28
2.235384688642699911e+29
1.748042624482827519e+29
-3.079788682446391560e+29
8.291424513192206077e+29
-7.408034413179244477e+28
-9.277605973659068480e+28
-1.720594124733419216e+28
3.222352610667179197e+29
-9.171439041723785241e+28
-7.714479912492222244e+28
2.137897044368395110e+29
1.632832560002075621e+29
7.533002320354657889e+27
1.334494687237080244e+29
1.775792513913739129e+26
-3.050662443428965577e+25
1.308812159918117731e+25
-2.808379180084570516e+26
-2.910348602120017336e+26
5.674858612318229199e+26
2.262443099728200854e+26
-3.641462102784492874e+26
1.069489984877156485e+26
-1.818143241973437547e+25
-9.346743475768582884e+26
-8.867237340099255969e+26
1.755314764777363889e+27
2.617209905329302803e+27
2.826726169369347868e+26
1.327084476518891432e+27
4.942663459146349487e+27
8.611705946486539010e+26
1.154784099385185985e+27
-3.533721586500222832e+27
1.031522062969169371e+28
1.144580491164427156e+28
1.073554572096932048e+28
-2.058331995319390737e+28
1.800968854564408635e+27
-2.555616568470372417e+28
-1.479646866931884581e+28
-2.324874711191174588e+26
-1.468162917447489585e+28
-6.139347596315071747e+26
-1.409228226096415336e+25
-3.720449869525916417e+26
6.429012739468977998e+25
-6.965059665045664412e+27
9.522103665575474521e+27
-2.223228997897406142e+27
6.096600276089218788e+27
5.439949853882506947e+28
-4.447479331529470931e+28
4.306513455719675076e+29
1.439342183229979635e+29
4.626439620466747146e+27
-4.346030870688468164e+27
-1.025406855275808348e+27
9.400091381047271415e+26
2.221001320640687672e+28
4.451382435413918171e+26
-8.023859791592535502e+28
-1.263500978888093967e+29
3.466150677429210118e+29
1.841633712392284713e+29
-2.915017081965150706e+26
1.430176813540230792e+28
-2.644904075739585154e+28
-1.687252477385759025e+27
3.790951631619136652e+28
4.358540850647626479e+28
9.573003360709674086e+28
1.331981418528070731e+29
-2.901982048524302913e+29
-8.301222677163220310e+27
4.404114237392501733e+29
3.723767874488765227e+28
-1.052550616095767563e+28
-3.017824341274387644e+28
-2.376140323590480168e+29
-5.391864414649442734e+28
-3.261584062675536817e+29
-1.691891916224395553e+29
2.080199462509123046e+29
-4.933945921065365320e+29
-1.741740645835305052e+30
1.350666759443581877e+30
-1.239640054821729672e+29
2.450978004036134665e+29
8.416935622732277558e+28
1.220556467123680538e+29
1.930897167011469696e+29
7.954394017278982705e+29
1.544698506101583043e+29
-1.912619679417015538e+29
-7.190650366954287821e+27
1.869417062341260154e+27
-1.540205243456852065e+27
7.117928273896195017e+26
2.522242677557826048e+27
2.245830840611939613e+27
2.138651412934286499e+27
-4.734498785903841342e+27
1.271945661052082954e+27
-2.065190414149988283e+27
9.592460839131830353e+27
9.396961177779923761e+26
4.286998720862162157e+27
-6.617433831906630898e+27
1.293312895538781531e+28
6.571673672621837351e+27
5.303681868592729183e+27
-1.258230530871255217e+29
-2.314746106494922966e+27
9.993025812392679534e+27
4.188502214483118757e+28
-5.585518568952385105e+28
3.681020107775308538e+28
4.090174272302789818e+28
-2.279750787056940007e+29
-8.729900035030922900e+27
-5.748885672384855299e+28
3.636855734333313225e+29
1.102730569367223619e+29
-2.524618369042363945e+29
-1.651614210704534515e+29
5.104275165528133836e+27
-6.550751369618670584e+27
1.097453049729460874e+28
1.493834938967984480e+27
3.808844360783238791e+26
9.461757641912795859e+27
-9.451257694747697099e+27
8.659776063456297748e+27
3.705200011339565005e+27
-3.902750933342456712e+27
1.862325692898055855e+27
-2.153602123320386564e+28
1.536802450540863118e+28
-1.285230109018764164e+29
-4.027342035463297567e+28
1.010340706936744932e+29
1.624028969365540031e+29
1.594461447824493705e+29
-3.272052005894651836e+28
4.171326637057317668e+29
1.277930886016383654e+30
-4.440980925111429889e+29
-1.834087959811754181e+29
-1.685956889526589460e+28
-3.879959048505245650e+28
5.249216461446136969e+26
4.418167461968184033e+28
1.226376891426018446e+29
-3.258706636193777254e+28
2.501727540287991343e+28
2.212368080228196424e+29
7.214252284579060009e+28
-1.116846463669072164e+29
1.422241075274746204e+29
2.836178718462584138e+29
9.276890507381988504e+29
-9.193232096471966003e+29
-4.871663055438388243e+29
1.424835114993094067e+26
-3.178294240258407655e+28
2.293067153081304259e+28
-3.310018428581932341e+29
-4.438650591131747143e+28
1.997051390464478350e+29
4.398227995820630807e+29
5.577484573726856575e+28
1.960092381398697739e+30
-7.554201666042271067e+29
3.181682249825175864e+29
7.196819917058115925e+29
2.157588714231720584e+29
1.272340975386691221e+29
-1.341979504141712362e+30
-1.606959982371375620e+30
-7.194612990306759422e+29
1.699889058002523678e+30
-6.710933248748025624e+27
3.451658408678423128e+26
-1.044300236351142038e+28
-5.508407360489427200e+28
2.032988949829202670e+27
3.287510161106571487e+26
-1.228191421491203794e+28
-2.014138798493033603e+28
1.928616776430483275e+28
-1.025421984737013209e+27
7.109972866969780399e+27
-3.941438335575308660e+28
-4.688681633586092952e+28
1.808451812073168888e+29
-1.182324529655833129e+28
-3.914880486638397164e+28
-1.639063359380850803e+29
1.731076511938398992e+29
-1.325074461008021961e+29
-2.012099145502347323e+29
-8.011855421415349078e+28
-8.605335495134172177e+29
-3.153424344304656524e+29
3.871128874425269664e+28
-2.184134913497379079e+29
3.676598772460226604e+29
2.191412163764594971e+29
4.982350135896929177e+29
3.047623753671963331e+29
-4.106136533605210224e+28
-3.048568813900002831e+29
5.616113764159686164e+28
-5.510500872926833545e+29
9.116748997221447761e+28
-2.280920089089298448e+28
-1.729675961647137081e+28
-1.010738376353470550e+28
2.755845466367466411e+29
2.560468504909435762e+29
-3.852117604726545677e+29
6.379880419812132351e+29
-2.848462849573160591e+29
-2.206766939584594147e+28
-1.899345584435445418e+29
8.701466352223924552e+27
-4.381450737134132904e+28
6.749844702544152798e+29
-2.149954240465219442e+28
2.748203734222367119e+29
6.753080807266000719e+29
-2.484338129175752006e+29
-7.705538623703720875e+29
2.080892601285111158e+29
8.241299859732002530e+29
1.331247673067949103e+30
1.123881602573592755e+29
2.534007360782261793e+29
-5.483552026303097499e+27
3.466522283269911652e+29
-3.382007110451034682e+29
1.413724859218586756e+29
-1.269577516281423093e+29
-7.535377908631992207e+29
7.239131979963568886e+29
-2.994672298370383422e+29
-4.708078135447258403e+29
1.756176099933242538e+29
-2.056078358893765422e+30
7.979964025683628812e+29
-2.367790777557366117e+29
3.407724056139641920e+30
-1.312830927095493233e+30
-9.086486785195818948e+29
2.864814956762061425e+29
-5.770071730954418639e+28
-3.080275484615245882e+30
-7.899438894427112858e+29
-2.241014337895249024e+30
-1.726620262492667690e+30
-3.561792224980037362e+30
1.072887560536934300e+30
8.334670417451649079e+29
1.895534809003519879e+28
1.230332416917231841e+31
-9.157294038025198160e+30
4.048585452725135097e+28
2.470547668572247464e+29
1.147328366519950584e+29
-1.253556466324623489e+29
-9.729871496958197548e+29
-5.787159852533810961e+29
7.507641494869097922e+29
1.964591759430349835e+28
1.611451111169525519e+29
-3.025734185733603089e+28
-4.991482763064276527e+29
7.657113931611605708e+29
2.844894612529069875e+29
-1.037416948327827790e+29
-2.840975342667292280e+28
-1.286542121989330056e+28
4.178847617995411844e+29
6.565975512524972608e+29
-3.945530743924306464e+29
-3.799461826495873411e+29
2.955004751799740925e+28
-2.382067107722013158e+29
-8.378704818527300698e+29
-4.083498612383879691e+30
3.690673763180009977e+30
-9.068097473920393296e+29
1.285013294724898962e+29
-7.224953161288430821e+29
-3.139309321762824936e+29
1.072847845993093614e+29
9.601669005334727129e+29
9.972143794463779365e+29
9.379573919189772760e+29
1.729120970644624533e+30
-1.117476101035198971e+30
2.841645540788425198e+29
6.968520190357617981e+30
6.759438026832104193e+30
1.705890250930233919e+30
3.521201482213912579e+30
-5.113304686012942146e+30
2.970448887055503634e+30
3.481163885257059287e+30
-1.952170657935883786e+30
1.532069996096241433e+30
-2.781884820797567975e+30
2.468073322742244643e+30
-8.361458013821817782e+30
-5.263954321493445066e+30
9.447515416658581381e+30
1.263822246704579669e+30
-1.731540075551442331e+30
8.769671885619881779e+30
-8.671300543461305033e+30
-9.168309461169419844e+30
8.138126743882118715e+30
8.905003586769203289e+30
-2.212481448334322481e+29
-1.905616164219963489e+30
-1.039760427452483918e+30
1.639204976549999956e+31
5.590598548000416899e+30
1.348456292409113945e+31
-2.381591167113089280e+30
7.619054590568691396e+30
1.428289715105485136e+29
-3.214736932020885725e+31
-5.790290239956857925e+30
-7.403336362306808548e+29
-2.328881146676576191e+30
