-8.302278856993680000e+15
8.800156568583413760e+18
3.198467735748947968e+19
7.798247697893018829e+20
1.967096796280332747e+21
1.626557970194636997e+21
-7.064750924796704850e+21
6.264376697248493548e+22
-2.976270486691869046e+22
1.915452097325135053e+19
1.417551216964271145e+20
-3.309004973050083410e+21
2.829569522922962498e+22
-1.013128316354878683e+23
-3.821900062554512394e+23
6.050404512860185244e+22
1.457515151652455262e+24
-2.748018772830431022e+25
3.514208978254255882e+20
1.101585834823755026e+22
1.930914839060561894e+22
-3.712121127430108951e+23
-1.667268770821608091e+24
2.564511344530749412e+24
2.489251231597687116e+23
2.826808440701191183e+25
8.513880617875244367e+25
2.358756019695111373e+21
7.964110376685193816e+22
-6.446241240691562481e+23
-5.988215925713688194e+23
-1.029675499097671101e+24
8.397245200452952554e+23
2.635207753365087008e+23
5.025041450110855949e+24
5.620115242367935788e+25
-6.054624529331030821e+26
3.196805872931256664e+21
-1.551687206211319161e+23
-1.740791568885903209e+24
1.140102076390165075e+24
1.376677830878125609e+24
6.130377333139694420e+22
-1.180670578787266703e+25
1.466092986761291867e+24
5.197247860865205015e+24
3.075498465544833201e+25
-4.006252785951766570e+25
5.324224194970192053e+26
3.444565431240307507e+21
5.460329455113635963e+23
4.828173362470998180e+24
1.477291770043789258e+24
-3.936198462934799874e+24
4.713232487085045858e+24
-6.570759794858429486e+24
-4.105982817681551001e+24
-3.777276810085459902e+25
-3.941980949473674646e+25
1.931119679417053544e+25
-9.268113217677617502e+25
-5.407904108874516776e+24
1.282776368564600820e+27
9.588299027219566559e+21
-4.889160777260875330e+23
8.680690012130381151e+24
2.105242082668090925e+24
-5.809858793186097231e+24
-9.278487825077623520e+24
2.023730827167869717e+25
-1.725482329724955101e+25
7.340812153870296536e+25
-3.682181034583806279e+25
5.655300026222240302e+25
-1.848466715069997015e+26
-1.894713045544321604e+26
6.237443537530188708e+26
-7.830164744068846490e+26
2.306126889624388155e+23
5.124707721298206714e+24
-2.436423235719730598e+25
-1.045097515421480992e+26
3.891007337062917429e+26
2.339354473999746667e+26
1.403644076757039444e+26
-5.556823842849792826e+26
-3.489772662096106673e+25
8.626822113691197537e+25
-1.356308948031245335e+27
-1.939991457729425871e+26
1.630573331513642132e+27
-2.058749081632661376e+27
1.442984510583124001e+23
-3.685662454039992317e+25
-3.419364754929024512e+26
5.537965467466092317e+26
4.262245265476131292e+26
-3.806482960845735408e+26
-1.909765078373888341e+26
2.287867169841198706e+26
6.385904830886785542e+26
7.826308419927127108e+25
-1.373013325492746032e+27
2.386045076444705911e+26
-1.700779265366569661e+27
-2.486869213392175366e+21
-3.106640734306531541e+21
3.540245548432467218e+22
7.042656610300508452e+22
-2.421145447777068479e+23
1.430574729968545237e+24
6.434024207928445779e+23
-2.698640238458683502e+24
1.121360658092910788e+24
-4.138074337106934712e+24
3.792684849356179096e+23
-1.258835125160099497e+25
1.257326416753919897e+25
-4.384177457158880556e+25
-1.120378148413732877e+25
-1.916797089579320873e+26
5.058549727275996571e+22
7.368245753386043546e+22
-1.353472004453448972e+24
-1.075042634766603816e+24
3.748933891465993536e+25
-1.066024589498465016e+26
7.867880218255796860e+26
1.058138412079388730e+27
3.256098365669354978e+24
-1.259437180552204540e+25
1.877179186451333178e+24
7.342174392856114109e+24
-6.820036066679506391e+25
-1.408151698028817331e+26
-7.863443545312083887e+26
-1.596344599975853646e+26
-7.307770370179646516e+27
-2.261657332011396625e+24
-1.849074857188669789e+25
4.451265431141421855e+24
-7.327477809331721873e+25
-1.009815215453441409e+25
-1.722798993053526128e+26
-3.124170275699865851e+25
-1.858990593547709399e+26
-3.734338283117908722e+26
-1.404711381886574518e+27
1.158334212390327911e+28
-2.717644244028175306e+24
1.604249549655357445e+26
3.060839378546971119e+26
3.589785940682595800e+26
-7.639939509920534763e+25
-4.115975032697788550e+26
1.433239068864011091e+26
-1.554816592885995729e+26
4.384443118933764251e+26
4.418489787624841230e+27
2.517946484598412257e+27
6.972423603087821520e+27
-1.083212027913813690e+28
-3.957100937537538297e+24
5.154893489395806148e+26
5.545647963974579513e+26
5.861653677807202916e+26
-5.444633088469273793e+26
1.572102072045490170e+26
1.265285653111687964e+26
3.191708915700075697e+27
4.621068559161390179e+25
-1.404316482857535126e+28
-1.584832903661495106e+28
1.842247624669636409e+28
-2.627757496959778799e+28
8.912742743922501926e+27
1.162867567301511491e+26
4.725247877907498643e+27
6.919064631073934720e+27
2.328944233183554016e+26
2.597484690073484810e+27
-1.482638929394356642e+27
-2.137995229166052629e+28
6.233068057732547129e+27
1.924982554692419122e+27
2.275191317851872106e+28
2.079907863896181710e+28
-1.106731454702590430e+29
-3.356282545117956049e+27
7.485246020885776972e+26
1.007966459710195563e+28
-8.981164869285568342e+27
-6.050760183410340280e+27
-2.169583040469035568e+28
-3.804804624040878350e+27
-3.278515673213836743e+27
1.270447075615955876e+28
4.896214693970854267e+28
9.500810719977237901e+28
3.469231435600196927e+28
-1.311298104591750828e+29
-1.320065536208779115e+23
-1.878833229958380685e+24
2.679403934370052587e+24
-4.299207797366463241e+24
-6.881710124030659723e+24
-2.740424152572674793e+25
-7.859178589743688987e+24
-7.750034600059007491e+25
1.870408423138968089e+26
-1.616115840177096171e+25
1.008041643037537224e+26
-6.095371624750623644e+25
-9.114321566326696696e+24
8.254841375901816896e+25
-6.143472190840293983e+26
1.859645986768945567e+26
-6.646018312909337419e+26
-1.997997775266094816e+27
9.926899089332466329e+25
-5.165648153608104062e+27
-5.254575487431494367e+27
-6.982180744472668349e+25
-1.813892090625661897e+26
-1.257500125907077014e+26
-2.782600916986475921e+26
-1.526110744426623492e+26
-4.457011585062319004e+27
1.742473167252449209e+28
8.089029964005767114e+28
1.233421837991910887e+26
3.653430243594778211e+26
-6.914600798742191945e+25
-4.636858553131725271e+26
5.167028007607258612e+26
1.700417587342069605e+27
-3.411071333299205935e+27
-1.497197816351673862e+26
1.155374222389964467e+28
1.769900092694161612e+29
3.734886589718988027e+26
-1.065688390624740677e+27
2.032582037028281100e+27
1.124878084114211034e+27
3.016455258690026224e+27
-2.515100305391101534e+26
-7.780668362706433968e+27
-2.828870581705585491e+27
-1.841055996583461823e+28
8.334430882744897514e+28
3.604297023750303579e+28
1.074758050514331071e+29
-1.937657449857968817e+27
2.506593008136234301e+27
-1.974542878762725251e+27
1.455336333031544873e+26
2.035033016336806306e+27
3.077394780105468889e+27
-3.451239048204076215e+27
-3.278398820303395013e+27
-1.514260329931591137e+28
-2.427531732127722837e+28
2.602869691612262088e+28
-3.569346182048073862e+29
-1.083002695290206507e+29
-1.304737042242535393e+28
-1.001936663706476350e+28
-6.444199716518197139e+28
4.566638621761707281e+28
2.184447010937471334e+28
-1.624086530489377991e+29
1.150830985913948754e+28
3.632350934907688915e+28
-2.699773997119552961e+29
-7.124966151387103978e+28
-3.163458680598590553e+29
4.891141739401932320e+29
4.319398589820483252e+28
-1.505209455851320136e+29
-2.782465346162414247e+29
-1.519520168167248150e+29
1.923438060431157772e+29
-1.329772951261702333e+28
2.366769897630991908e+29
-3.187055897083734478e+29
4.042707645427366050e+28
9.591283093006870921e+28
7.496329082822946421e+29
-2.251625102377626492e+24
-1.019042292514747186e+26
-1.664409735688074287e+26
2.730866186195703201e+26
1.937968282803991389e+26
9.454335632517563199e+26
-8.047570886988803319e+26
1.014875721530661531e+26
-3.914851606625136506e+26
-3.112886722016296086e+26
1.150582584915093535e+27
2.588843080679090748e+26
-8.920254942636384382e+26
-1.781720134674408285e+26
-8.224282516938433412e+25
-4.720265393199963885e+26
-1.399586199676091411e+27
-6.493615163278527144e+26
5.305563351573854049e+27
1.734808841849298962e+26
4.343411073240619334e+26
3.490352318557212938e+27
3.624786733844011673e+27
5.413646482323872015e+27
-1.117849555834354732e+27
4.623967096375374880e+27
-1.002319199624112557e+27
-2.844701439932835330e+28
-1.777820895571550150e+28
1.386500937962447538e+27
-6.718362795942682114e+27
-2.883208600114807988e+28
-2.146091726263506733e+28
-4.307901637970013393e+28
-8.818188240516679274e+26
1.497568715165440916e+27
7.932447432268262478e+26
-4.472535069407563651e+26
5.222993378302897948e+26
1.046408564674799322e+27
-1.924256664473213558e+26
-2.606555504854071323e+27
-4.799196662599880700e+27
-2.177726511879092833e+28
-3.899415965210245342e+28
4.108027039541461055e+28
5.168277130295366531e+29
4.668651304788725288e+27
-4.658845473947159124e+27
1.826555922061409679e+27
5.227137465959946092e+27
3.285848955770709385e+27
4.133265308470351416e+27
-2.229953891499535046e+28
-1.307836516778389263e+28
1.602681828372380983e+28
4.562592065716740173e+28
-8.651306970205607991e+28
1.171168410160528098e+29
6.647570536713784568e+27
-2.276685305600468406e+27
2.167943900887081849e+28
7.066761455570636162e+27
3.420381671176602954e+28
1.193157218344269401e+29
1.364096830320602979e+27
-1.270297309614572695e+29
-7.620341629223839065e+28
2.915153864150306095e+27
-8.470292493436160601e+28
-1.199852988027980500e+29
-5.883847434388934357e+28
8.529097748765974950e+28
2.956590337722232249e+28
2.869773982841443045e+29
5.203537181401570338e+29
3.970407300018036809e+28
-1.931600352661528110e+29
2.126046607276149377e+29
-1.758412271119616410e+29
2.117815088100261496e+30
-2.514539521126071386e+30
-3.239050563608007426e+29
-5.661750799688282176e+29
2.475460064320652853e+29
3.891422962798746627e+29
2.692078668058342408e+28
-3.978435649161030861e+29
1.198406232966126942e+30
-1.532260467856263893e+30
-1.266528478928393755e+30
2.415875954866320937e+28
1.734771134476551190e+26
1.569637744496112011e+26
-3.349268922751379475e+26
-1.716339109255968097e+27
1.493032753872821986e+27
2.203783268042497019e+26
3.639589434218020311e+27
6.551533190373830441e+27
-7.363304372939412129e+27
3.996310947075198019e+26
-4.381574545036026200e+26
8.766664587010557402e+27
4.935508311056358489e+27
-3.046357205061322280e+27
-5.573496936602417691e+26
-8.995591515625692800e+27
3.860536712642791045e+27
-3.477254426288760877e+26
7.341106258707405790e+27
2.764526537129729660e+27
-5.106862457130322302e+27
1.103419400730450641e+28
-6.572093043069290741e+27
-7.410717860849364643e+28
-4.554535387958810095e+27
-1.533316149372191285e+28
-8.139500427782720283e+27
7.633360125804945848e+28
4.282076416426620413e+28
-2.704077149486232371e+28
9.162304739398326569e+28
9.646325870980123877e+25
-1.343578063493901692e+29
1.796883715597577776e+28
1.703573570676375169e+29
8.313455780698986692e+28
4.759110181461403538e+28
2.000672801479290309e+28
-6.673096685676552542e+27
-6.110481216343197277e+27
2.711124870905326837e+28
1.561786760516383164e+28
-2.817601879780131280e+27
-1.054603428564598564e+28
2.994250658802499075e+28
-9.387249613810024493e+27
1.181068385233468770e+28
1.903450497054035900e+28
-1.047290976466555258e+29
2.929087165805887876e+28
1.042883138455184879e+28
-7.062225080732958347e+27
8.702515782773976833e+28
-1.835992199581198202e+28
-5.372933064012114035e+28
2.888670443083752815e+29
9.364243065456891000e+28
-3.518472745273219861e+28
-1.852855805964947988e+29
-2.557921812792875371e+29
4.020616261511615248e+29
2.360150787857803440e+29
2.949286047398389595e+29
1.757478178415504466e+28
2.961335280287241981e+28
-1.343482883917756594e+28
2.250872697596788892e+27
5.501657174020097798e+27
-3.238053364875356122e+28
3.062885025485112831e+28
8.539005170982023984e+27
-2.040050723464601240e+28
-6.581079253545849091e+28
-2.976621319616769189e+29
-1.059546850385763204e+29
-5.423192920571708369e+28
-3.248954572369416001e+28
1.773232181727632313e+29
1.262709624749886514e+29
3.251201981685301827e+29
5.741833486434033837e+29
-1.727972373406860430e+29
1.825637682440200917e+28
2.401186309448235144e+29
-3.019949049173486963e+29
-1.166297143410110406e+29
4.079127560725491596e+29
6.585536009595940567e+29
5.493154465383560314e+29
-1.869433857996706950e+30
6.461992971737421875e+28
-1.655635866728583003e+29
1.482154564271231399e+28
1.161318776927509057e+30
-3.275102985107251307e+29
3.814979406557133321e+29
1.425107689317327241e+30
1.587445644767435797e+30
-8.104509357701611193e+30
-1.205529766456579984e+30
-4.973098325802443982e+26
-6.097182259226320286e+27
-4.975077424635215299e+27
2.053056755411172494e+27
3.300801940440724978e+26
8.849907412234795042e+27
3.499804647743105609e+27
-1.377828556386641555e+28
-6.982518012581993764e+26
1.921918027603439644e+28
4.560388194175550660e+28
7.666703171680849768e+26
-1.131140925153834885e+28
-4.088971946552234523e+28
7.737160247203664756e+28
1.920453316033217221e+27
-1.766214113096662493e+27
-8.869607812704230876e+28
9.190235741829552102e+28
1.511618364180168963e+28
-1.047615568492361985e+29
-1.042991751698418882e+27
-3.161552517714034250e+28
1.859818521696916085e+29
-1.746907106912731411e+29
-7.919196524502890737e+28
-9.136561269628266033e+28
-1.817597381569451473e+29
2.656225880826781959e+29
-5.331537760725907861e+29
-1.368076633715954479e+28
-1.647074813366529078e+28
3.244725890520401630e+29
-7.044122032640554736e+28
4.328920136636645788e+29
3.642088964216037620e+29
1.104821575816824184e+30
-6.997780376915817505e+28
-5.901439959005216471e+28
7.163522096863470883e+28
2.013294091279470737e+28
9.143193231227889657e+28
2.431093435622511048e+28
2.797230345142314972e+29
-7.354042683608984707e+28
-4.603961551847460968e+28
-4.289091129993546109e+28
5.191384216143421539e+27
4.701026455766697013e+29
3.348830062441179765e+29
4.155658464091302304e+29
1.912073490484293439e+29
-4.697099745361534075e+28
-2.925618883548454398e+29
-1.853105292203243515e+28
-1.220400090196746807e+29
-2.765705993510602653e+29
-2.162793761342796728e+30
-4.529158688098365596e+29
-5.094508947092001866e+29
4.323265886907754107e+29
-9.103990100071106114e+29
-8.292907958018295859e+29
-9.266667047025711487e+29
-1.385890174857562396e+29
3.503664211135033534e+28
1.351637939012076102e+29
7.316336764958317483e+29
-2.256107853070074668e+29
-1.641513522311760765e+29
1.384223953218554639e+29
-2.037099788709741817e+29
7.955804351580403723e+28
-1.788501501491363396e+29
-1.179045817576498414e+30
9.162060988381718856e+29
-1.631836289132434988e+30
-1.001828486892740774e+30
-8.092136128538269869e+29
-8.446670823608251989e+29
1.683732256847005900e+29
-1.056609570944540962e+30
-2.636303780394815249e+30
2.679679942639607423e+29
-2.575377487827584491e+30
-4.185045583004474143e+29
-2.806549312352531964e+30
1.038210061874321379e+30
-2.037545535572441058e+30
-5.861762588887708727e+28
-1.346349866199236020e+27
1.670693591059599942e+30
9.168235680779171368e+29
7.063078555657183205e+29
1.458978766894590187e+30
9.990249624783267122e+29
-6.889659553907155905e+29
1.542475890505014296e+30
1.139024256195691102e+30
1.429788373979274858e+30
-2.740542076111918389e+30
5.971371917827650461e+26
-2.913200301663777175e+28
-4.875698138534126577e+28
7.927029943985484654e+28
1.216900881803575704e+29
7.806552689927816726e+28
-4.134165349907659177e+27
-1.060402968044155017e+29
1.859662628869845654e+29
3.292175906835898451e+29
1.709596857845235882e+29
4.503513054003849453e+29
8.501929481169736851e+29
-2.648926329743325156e+29
5.553766135057656073e+28
9.664745674852354259e+28
-4.928214549095713547e+27
5.545138050611218039e+28
-2.929014356845730599e+29
-3.237060519531173867e+29
1.907436261686032639e+29
4.650661314400791770e+29
-1.055647527428793031e+28
6.663372742684912738e+29
-2.673068419293486194e+29
-8.391107750133677659e+28
-8.041473848585873210e+29
-5.764823478184054760e+29
1.715017493723029740e+29
2.672642565098632160e+28
-3.845155875235366814e+29
-8.587129147947279397e+29
3.585730808294473866e+30
-1.436692868777002249e+30
-3.041834105512739541e+30
3.392237595723872362e+29
-1.472893930174472968e+30
-1.544846491818696724e+28
3.579750847495300498e+29
-9.836574870068944710e+28
-4.683642789898572737e+28
-9.509014403445642695e+29
7.751767520561504393e+28
3.048067590223577486e+29
3.097718612935352166e+29
2.314895730500366491e+30
-1.989680357953696325e+30
-8.106547528707631803e+29
-3.694725018864094679e+30
-3.240212620422541911e+30
2.442251259141277075e+30
-8.879688646988388403e+29
5.808931891177134321e+30
9.480539255010210399e+29
3.051105679234851942e+30
4.742286344776977936e+30
5.663488724260407459e+30
3.507829149652716682e+30
-3.535623957309897726e+30
-2.760608989388513830e+30
7.511756537494804531e+29
-7.568487884259171199e+29
6.477101950554759530e+29
-8.779186229750193020e+30
-1.569712662997438308e+30
-1.300871443909768853e+31
2.129079835960310003e+29
7.731800609635211483e+30
5.850626663524896621e+30
-6.300210942151781331e+28
1.429615169266826356e+29
1.980282185514200131e+30
-7.259357229469500129e+29
1.822915844247878107e+28
-1.340142302625045609e+30
1.070188713221790045e+29
-6.544001396794104611e+29
-7.653819080473226560e+30
-1.575440595498748419e+31
4.837384746899337666e+30
-2.349662456070171670e+29
5.690352482440909934e+30
-5.654619161700756710e+28
-8.376588579406261136e+29
6.630312167672778315e+30
6.423411501813852932e+30
1.633553574876868657e+31
7.227889883268046300e+30
6.110662028811636018e+29
3.740317044561954911e+29
7.954321132902103388e+29
6.533844715318427987e+30
6.489743447350101468e+30
4.534490316063646795e+31
-1.685870800461571803e+30
-4.385943681095406306e+31
3.832396480535575954e+31
2.540562594433927609e+31
5.038359965163518636e+30
-2.103274013372501840e+29
1.748547389552683843e+30
1.201814528761058451e+31
-4.388168006754311438e+31
2.242653597184731449e+30
-7.461865203820855155e+30
4.554097043855347435e+31
-2.337087329309195240e+31
2.447686171143722364e+31
-1.046567994070410650e+19
1.457447169188652974e+20
4.504676094611473039e+20
1.616228366177328693e+21
3.957400165689192874e+21
2.521402879528069497e+21
3.940198053458035396e+22
4.504583440654820966e+21
8.285443558202048512e+19
-1.743371082815103566e+21
4.635922686324639583e+22
-9.111703450482206835e+22
9.239447566313805631e+22
-5.879388981776223725e+23
1.526877207100437343e+24
1.663783770513418087e+25
7.230267743301721391e+21
3.608901347896298622e+22
3.587509906563488767e+23
1.125791787325803043e+24
3.121538719678455880e+24
-1.087231002461243763e+25
-7.419792945516976003e+24
2.234997429192182235e+25
-1.835134452283505797e+23
7.249432768322009857e+23
2.742180353128622362e+23
-1.052924229770497470e+24
5.663990802065499997e+23
-4.968213428857484398e+23
8.594663976986750214e+24
2.374664723762707464e+25
-1.870980143040282323e+26
-2.442748985079725965e+23
1.372677393628508843e+24
3.537132405576297936e+23
1.307446253386551834e+24
9.643688974341358685e+23
-9.925187410370643915e+24
1.842617757963659278e+25
-1.859666271399667119e+25
2.148558447466285979e+25
1.561820306860190115e+26
8.313890981867451137e+26
4.138259518842417132e+23
3.700389292959455196e+24
8.170329683678595784e+24
3.699304577942172815e+24
5.665444249700636788e+24
-3.237036832739884146e+24
7.938283078895170014e+23
-1.840134462816386938e+25
-5.892297033265578043e+24
1.912139098966919045e+26
-5.459885270257845074e+24
-3.874209316230726692e+26
-4.896316679689542882e+26
3.392041056628079602e+23
-6.997163537113456860e+24
-4.333077264173479851e+25
3.853347497824717069e+24
9.275399220675819306e+24
2.779006841950704176e+25
-3.823110708003844323e+25
-1.803600579013007144e+26
-1.691157080067009254e+25
1.662706048493135902e+24
-2.238848672469845859e+26
-1.349746703998774867e+26
-1.946675386725525159e+26
-7.209305999364275095e+26
-7.897525632469134853e+24
4.702648592026603583e+24
4.889165089348589899e+25
-3.925850639864701568e+25
-2.077679268260497085e+25
-1.623190761477460933e+26
5.002532612112222949e+25
-6.138041662487194505e+24
-1.053333589064285310e+26
4.457683467582835672e+26
1.615694004588846670e+26
-2.420959707360181342e+27
-3.197954916965399495e+27
1.188462180443865695e+25
-1.826900680481991410e+26
4.134414240724879563e+26
2.179492800931079828e+27
3.048308503717988572e+26
-6.939750016345412713e+26
-1.226389021090298436e+26
1.922713169803755828e+25
1.711776992429099348e+26
1.584034616219327115e+27
-5.563022468790272433e+25
-2.271471450776187451e+27
6.840713575615803949e+22
1.460608257611161645e+23
7.690970520363436134e+22
-4.745813692014244984e+23
1.545788185214250385e+22
-6.300759251518309647e+23
-1.646661355899495383e+23
1.161869302054075312e+24
1.696953118700560525e+24
8.317737878967762503e+24
3.375179163552993335e+24
8.346774442109488539e+25
2.037390816364316028e+25
-1.534089066320107837e+26
-1.415394330453803054e+24
-6.470705689177609977e+24
1.772436741946282154e+25
2.484770344681913011e+25
-1.822060755134123004e+25
9.034639711082428118e+26
1.435699020897262144e+27
-2.776448950179868959e+24
1.729125913581023485e+25
-1.554559344867705657e+25
1.091861350426563844e+26
5.050903602385831730e+25
-9.000469727369752612e+24
-1.759340050763453700e+27
-5.959289983722510433e+27
-3.434830331076709976e+25
1.441263870693212524e+25
6.272573931337373025e+24
-9.580505487086120715e+24
3.340351807332131464e+26
-8.225784154773417721e+25
-1.504706809221119494e+27
-8.799457700236676574e+25
7.628998646890710712e+27
3.958990867433287184e+28
9.908828155986968651e+25
6.449616323730539918e+25
-1.478327999605191742e+26
7.272524766030279485e+25
4.210421553860924659e+25
-1.364088738914630075e+26
1.030482455672869843e+27
3.376671492244064904e+26
-3.091500913155970819e+27
-6.077003527379226998e+27
2.955355803917009128e+28
-1.620881879499767009e+28
-1.776286643070255112e+26
-6.358292918947733218e+26
-3.668026036270029185e+26
-8.369548851411328183e+26
-7.638583906896405107e+26
1.876583922915525714e+26
1.656200879475751968e+27
-5.174254578705707903e+24
7.819824731711158864e+27
-1.635238060147079546e+28
3.415444555686859310e+27
-3.989231964716403957e+28
5.211813305132380673e+27
1.601055743666864207e+27
-1.858824220849811494e+27
9.191315030241507773e+27
-6.072350655298354188e+27
-1.281530131256021000e+28
-1.400059822547954601e+28
-5.191260420743186090e+27
7.632093992824511287e+27
-1.602238666167882259e+28
1.344672722824947258e+28
-1.455442739752359445e+29
-3.197301526657896784e+28
3.593981998775432477e+27
2.178659139305461034e+28
8.097740908663073550e+27
3.061276063912076368e+27
2.255054158773723480e+28
-8.358179824026556694e+27
2.781857460270109056e+28
4.237802696135407863e+28
8.692177912345882972e+28
-1.992698386004920273e+28
3.344445151895327757e+28
2.877045835128353820e+24
7.561088661071273866e+24
-5.459432974268690170e+25
1.144838337267036759e+25
-7.968278795234376865e+25
5.099784329438926615e+25
-2.712395107402710809e+24
-4.249866583122103539e+25
-2.801446090725577064e+26
-1.313201696716888309e+25
4.731894668509053549e+24
-3.687088479750736006e+26
-3.272680729374143274e+25
-1.684868398951039229e+27
-1.334691284494566470e+27
-9.480295489027428003e+26
-1.531076311802638402e+27
-1.134162051855314904e+28
-1.459083803775313049e+25
-3.127616358381426677e+26
-3.163297948971700705e+26
3.936326134762926592e+26
2.365213060842950735e+27
2.057432644442552625e+27
1.277721615868618330e+28
-1.627519181974300163e+26
3.971301824854856882e+26
-2.134257257067538483e+26
-2.067706668413560805e+27
2.501333227994718043e+27
1.184113126784074059e+27
-6.060763948789476675e+27
-3.580838558883968981e+27
-1.898304082159156825e+28
-1.039972334631292168e+27
-5.116537220205983396e+25
-1.453939365582355612e+26
9.389883399202688395e+26
-6.553035934875520767e+26
6.866974060299977316e+27
8.495748273507724656e+27
-1.109861692153532578e+28
-2.062772871968362462e+27
4.560515848715168843e+28
1.012685722027127115e+29
-1.892035343463827071e+27
3.029777679627633451e+27
-5.301057527601190440e+27
-3.895759232664731799e+27
-3.022300806082971190e+27
3.500225004207315833e+28
5.569736066174788760e+27
1.913987949124850005e+28
-2.053232769138819132e+29
4.784217242140912482e+28
-1.186923174861169468e+29
1.644129979579503138e+28
1.497637265457198378e+28
-2.365575392479847753e+28
2.728897965314910069e+28
-3.980473215990895423e+28
-2.333122846939374822e+27
-2.500738069802619477e+28
-7.047970516053025985e+27
2.467812949666049880e+29
3.453985873091698184e+28
-2.491628003627024758e+29
-7.058346041161194706e+29
1.674709033446542420e+28
-1.876788993915331971e+29
-7.434407078607519712e+28
1.612444966100741684e+29
3.340373461667787140e+28
-2.665699262386943546e+27
-8.845298628258514414e+28
1.422279269302624898e+29
5.169316835424333503e+29
-3.864096081073735629e+29
-5.197151249585759041e+26
5.430865683710724068e+26
1.753513364953847019e+24
6.094412942456358165e+25
2.379662022057832640e+26
1.183706152096580937e+26
3.186572974382089353e+26
4.538621565877108371e+26
1.128580874059014486e+26
-6.620710898390551031e+26
-7.620353372201359803e+26
2.855699856082664320e+26
1.691486443461369588e+26
-1.139025273984793070e+27
-6.260866802150330992e+25
-1.236413918882781669e+27
4.471246256073293505e+27
-7.768431231892427636e+26
-4.913009031118990639e+27
2.899080646302086266e+27
4.242819985529410605e+27
1.374953809483172981e+28
3.194216236703082531e+28
-2.467837455311442814e+28
3.444549798798406296e+27
-2.990206654889788565e+28
5.311755234494379299e+28
-1.485442012950902946e+29
2.955493701625963691e+28
-2.606644250627593874e+27
-2.725894718507477179e+26
-5.465646684014275900e+27
3.570277274752928304e+27
-3.411144389057127863e+27
-1.166471771904330786e+27
5.533785843657337217e+27
4.613118151876538218e+27
8.029740403269742524e+27
7.470727754688417432e+28
6.511625779861673499e+28
4.423896275153109009e+29
2.460309875970091026e+27
-4.480118282293357826e+27
-5.619184175560411403e+27
-7.231650894979937125e+26
2.944034048961765144e+27
-1.640601817804550494e+28
1.514102993351703763e+29
-3.209627820050382047e+28
-6.467684515697677280e+28
-4.754734189795589013e+28
1.356649079327337629e+28
1.041479465398689675e+28
1.722964518680191267e+28
3.940066640106792920e+27
-4.582364513869116617e+27
-3.004532007682580076e+27
2.549252813104679887e+28
-8.806651366758797286e+28
-3.121210831852920242e+29
5.763256759754767552e+29
-2.204663716382984268e+29
-6.327514364402018074e+27
-4.054274166531248226e+28
-6.610223474547509670e+28
-6.477067787914394157e+29
-1.481110341416682090e+28
2.019329892236675917e+29
1.338299876619575901e+29
1.497475060710406712e+29
7.226641907506652845e+29
-9.905581717970073250e+29
-4.453575491703806444e+29
-5.284799321033321175e+29
4.085752729364514002e+29
-9.798159432243414352e+27
-7.681556806404482123e+29
-3.166331572630588110e+28
3.283816895622246658e+29
6.471845587448732364e+29
-1.433221497006966476e+30
1.534082662474794002e+27
2.339713119649728282e+26
1.432348100388762965e+27
6.890563895090935874e+26
9.130751851377814884e+25
-6.045469554608464255e+26
1.439423327997397055e+27
7.731210920156628286e+26
-2.081780563516051774e+26
6.883483466577518029e+27
-8.271538311627137746e+27
-1.504639900625003018e+27
-5.812716030097327243e+27
-1.202497344771249906e+28
1.399802619341872645e+27
1.675566078820339563e+27
1.048049689864355790e+28
-1.923492748240135749e+28
-1.353825457095247084e+27
-2.726347298633647330e+28
-1.282019717236090811e+28
3.459520793573636323e+28
-2.726942199243456803e+28
1.058159228878350388e+28
1.229766840789197388e+28
1.901901272077524233e+27
-3.909010967623003051e+28
-5.900231701005876568e+28
-1.614572475516643149e+29
2.037916769084085541e+29
2.318127815439591211e+29
4.724148575907091696e+28
-6.590543255346895105e+27
-9.931051870037430353e+27
-4.465591641480807398e+27
3.308263773880136670e+27
8.461035219831519344e+27
1.190831281273003784e+28
-2.601994476555634813e+28
-3.821298281264314318e+28
1.057029721956176059e+28
-2.153918271445144072e+28
-1.718965598287762810e+28
1.057781340656964259e+29
5.690808709463879385e+28
6.571530078357315505e+28
-6.207395916836116247e+28
4.005783854683763951e+28
1.008482998483556215e+28
-3.818636936692956061e+29
4.840354081903556389e+29
6.403295562407578276e+29
-7.998691433929559711e+29
2.943596709864931233e+28
1.127019984923899000e+28
1.040643148482409162e+28
1.459326137585964033e+28
2.206064064213655699e+28
1.151088818868109565e+29
-2.735192165232070703e+27
2.402619971547763398e+28
1.484650743407852265e+28
-6.756962959256736259e+28
6.838852659493696494e+29
5.511832924228319490e+28
8.753955842162233264e+28
2.619107998830809977e+29
6.459794789468604981e+29
-7.267675607536045555e+29
8.461961462833156009e+29
-1.801666778045029898e+29
1.004126928922426017e+29
4.274941760986690650e+29
-1.545377698262554890e+29
-2.412619082922829809e+29
8.517461272532890092e+29
1.142790893858796585e+30
-2.476660266833833113e+29
1.189674286453742791e+30
-6.668083196127440137e+29
-7.441102672249039990e+26
8.316724475488695526e+29
1.405105010913687577e+30
1.570043265379554559e+28
-7.950978307833547704e+29
-2.352187974001564077e+29
2.039112068720548297e+30
-4.684937109754446843e+26
-4.512789319894869517e+27
2.031420374570090683e+28
-4.207591141676764088e+28
1.825614443261096700e+26
-1.985954828494527352e+27
-1.650252198024504462e+28
2.855772405187908035e+28
3.339269904596071689e+26
-9.275723945082139666e+27
-1.570044105502448635e+28
1.052646633889319969e+29
-4.763638018708876084e+28
9.527241556704596975e+28
5.141860363494312354e+27
-9.472244824885323327e+28
-1.024646082835336177e+29
-1.084550527760710891e+29
-8.556924077357830094e+28
-4.562773030005592503e+27
2.449752160280237828e+28
5.777800857133140619e+29
-1.393996109135749306e+29
-5.403073367592081246e+27
8.802961081214835581e+28
4.404929251114080362e+29
3.969592814877002104e+29
2.489499308690176619e+28
5.105111167348896408e+29
-1.178157853202267977e+29
1.479874351403853254e+29
1.098536757764526788e+28
-4.116998521549116477e+29
-4.492195612027446393e+28
1.410854476852231309e+28
-1.791304627042621847e+28
1.046946390515212217e+28
4.472478210769997326e+28
-2.117704900688392337e+27
5.658400353679697344e+28
9.073089315825947910e+27
-7.613083122283419172e+29
-9.322414334301336755e+29
-1.196405020910214600e+29
-1.387532558747561284e+29
3.801649654758300908e+29
1.014773127876410779e+30
6.117496215515915435e+29
-8.964075629328157789e+29
-8.207593491596436717e+28
-3.078564209773411126e+29
-1.621797482337825933e+30
-9.836856811022546462e+29
7.266191252913071693e+29
5.002078942017587255e+29
-1.882839194341585349e+29
-5.961202521181592062e+26
-2.805652716226997555e+28
5.786070973596340940e+29
1.161250378811181246e+30
-1.214613827413712567e+30
-1.378988388378802113e+30
5.374044948187489294e+29
7.667978385724038405e+28
6.084365016223174135e+29
-5.347820140662231832e+29
5.135660552662791752e+28
-4.912425954440757344e+29
3.692104433548776111e+30
-1.574858022867638671e+30
-1.076842547371118754e+30
-1.705276805648945215e+30
3.700446560522687818e+26
-3.603952515865391295e+29
6.324564457480725463e+29
8.075124159958908911e+29
1.349816446728810855e+30
7.724461662884153272e+29
1.668792596593828290e+28
-1.490364371210703554e+30
1.846934323906386682e+30
2.431993344874165811e+30
2.907662450214191876e+30
-4.390181410422036746e+30
-2.046909801450665004e+30
1.304676450249038417e+29
-1.484869315107211578e+28
1.128506471432259484e+28
-4.053106105040278888e+28
3.329167289917519633e+29
-2.278607315010290910e+29
-1.989233741463871365e+29
-1.188201641476288930e+28
-9.751870535691449499e+28
2.075480115560472838e+29
-5.834655882402579177e+28
-9.530488273239978440e+28
-1.517167450943083654e+28
2.003220797755797896e+29
1.928265651767110700e+29
1.830391198804121274e+29
-9.738154219449736430e+28
7.288195448606715098e+29
-1.448909844093394549e+30
1.245984099196714262e+30
-1.748450274840712030e+28
1.263945641946903563e+30
-4.567759329088247289e+29
3.417785844482748591e+29
1.457705662215039121e+30
1.820883005368158594e+30
-1.332565097722489058e+29
4.107329543418199963e+29
-2.820646119982374966e+29
-1.711712498418379314e+30
-2.033620768992091483e+30
-3.166866935675976060e+29
3.779756353301238796e+29
1.689163767534981631e+29
-7.854159748539063896e+29
-1.336950840439842676e+29
3.652007906715943428e+30
7.691269241414260354e+29
5.249613159359541213e+30
1.104069532023139387e+28
4.484484766226211426e+30
1.320838764858658937e+31
2.891370288905708825e+30
2.660004550876400202e+29
1.328122482503885786e+30
1.832026934418984646e+30
-6.979483359152931739e+29
-6.308333231926266529e+30
1.438833002076408772e+30
3.319191987806923468e+29
8.129815364778646045e+29
-3.240390455159747447e+30
8.094854250860176875e+30
1.389001841710673633e+31
1.442374330787336701e+31
2.322980416979709677e+30
4.574677066396970355e+30
-1.158323470935375357e+29
-1.903494361245937983e+30
8.197514855687802979e+30
-8.998707282946007916e+30
-4.847230581308162322e+30
6.175752169449164557e+30
9.552904002683608174e+30
-4.122371623966551938e+30
7.563310171359660067e+29
-1.244074076823156123e+31
-9.439044874734164774e+30
-1.727814257489669361e+31
-6.704099373180026421e+30
