8.638440448671368000e+15
2.006606950422199296e+18
-1.959868437473419264e+19
1.097811588946295521e+20
6.243633634534100828e+20
-3.212327943321442845e+21
-5.154731588845219348e+20
7.185775308365243613e+21
6.986897272291706955e+22
-4.338740598614299648e+18
-6.711459688157220045e+19
1.094236298436906739e+22
4.917220572563433849e+21
-4.781932305328004661e+22
1.356841440623653206e+23
-7.002068644320909250e+23
1.713736879370093009e+24
-9.108378452252609900e+24
-8.283493055569353114e+19
1.221854454637463706e+22
-2.108469296319767249e+21
-9.814466715997962240e+21
-3.028126627009145162e+23
1.489688908911666176e+24
2.599617461764595114e+24
3.115566412775273081e+25
-3.846173966711329555e+25
2.751833938594248786e+20
2.695749665832454796e+22
-1.542230202865936740e+23
3.688306189632457471e+23
5.594082004292524227e+23
-1.259655646242128469e+24
2.156243154724189219e+24
3.177656526185429580e+24
-6.422043000503188712e+23
-1.967971810493393013e+26
1.653811712320727941e+20
3.779536486373703392e+23
-5.642675790950877784e+22
-2.428531697559519510e+23
-2.331166739771952747e+23
-1.131856602292465831e+24
-6.407787817258238461e+24
5.716126659895069663e+24
5.947369238521036868e+24
1.142987928030038158e+25
-1.635452771886288623e+25
2.778823616496666176e+26
-5.468698685235735298e+21
-5.287811276627277722e+22
1.513815465009750590e+24
3.860695792823309879e+24
6.736599912620067647e+24
-1.950626326843099428e+24
2.385399413795412533e+25
-9.313191164845834528e+22
1.088454334417127681e+25
2.842244243576688534e+25
1.176929244418940301e+26
-6.690850547747144414e+25
1.965823624784173602e+26
-1.023104469558210807e+27
-6.569612299921084383e+21
-1.218163041209885963e+24
1.184129653206619298e+25
4.844893419420246749e+25
3.394685879866287632e+24
-2.372460278222738397e+25
-7.140153091315185037e+24
2.058247864625387959e+25
2.381825623016035582e+25
-1.499965724901631475e+25
2.188343764473217706e+26
1.760699830020002717e+26
-1.138998284931064740e+26
6.466850333827151145e+26
1.032927356138187416e+24
-8.001817956843922653e+21
3.483460500819590250e+24
1.221609568102058650e+26
6.873187347951181578e+25
2.716754525444575638e+26
7.152805388236737357e+25
1.031847236696275371e+26
3.691476553265562712e+26
-1.300775530069568321e+26
-4.152628582816778501e+25
9.848547411827585077e+26
1.462295213441771801e+26
-1.648666505195779973e+27
-4.734288357200572730e+26
2.218441658020646449e+23
2.489202346090163852e+25
-1.262634071148325474e+26
5.605522419603154107e+26
4.825227608734501386e+26
-6.379373384634966164e+25
-1.055251477923791757e+27
4.250583757653889981e+24
-3.951856332991725174e+26
4.100557929643188196e+26
7.801687884077904464e+26
2.430001979715161064e+26
-5.995572682519507001e+26
-2.801941707007705743e+20
-2.373877359782328795e+21
2.286308143957169668e+22
6.011185057832661680e+22
-7.454786320108727199e+22
1.961613329113459930e+23
-2.535540047039810157e+23
7.789758409697250404e+22
4.300116562681552983e+23
-1.950879942141693496e+24
1.749057592551958135e+24
-3.794639664315281390e+24
1.011289388839121501e+25
-4.673182767483442968e+25
6.630060027055101637e+25
6.713222031961853927e+25
1.693164859983952274e+23
-3.086828723815911166e+23
1.025883340023595004e+24
6.184328855770880794e+24
-1.957420199116766519e+25
1.584594235452332429e+26
2.139231057218997168e+26
-1.261226526018597335e+27
4.927829912608986712e+23
-7.218189877121253166e+24
5.800728346917868575e+24
-3.790935529693269335e+25
-2.807914431027261446e+25
4.156961844741277896e+25
3.846370491936240685e+26
-1.758462833649411412e+27
-1.406030860908325011e+28
-4.600400500376543357e+24
2.377657866322872859e+25
-4.002079244553985446e+24
-5.579701672903684494e+25
3.876930970760814266e+25
-1.538397608995336092e+26
-1.524623103938084373e+26
2.031617607619324183e+26
-3.553423030801207904e+26
-2.177530234594174005e+27
6.219067359724372077e+27
-7.477976322863732317e+24
-2.727899349519697305e+25
-7.256952662277374958e+25
-2.259078932174385727e+26
1.840569507344850563e+26
-2.238077035440976897e+26
-1.305111977613229696e+26
2.896908888102381525e+26
-1.400753812965151602e+26
-7.671854463943483765e+27
-1.153924045552955916e+27
2.647650944055049114e+28
2.272053521648796143e+28
-3.263177735252779357e+25
-2.855602941482514930e+26
-1.081236486923971685e+26
-9.856385834956478009e+24
4.676651943561826650e+26
9.232790843311397278e+25
-1.130783277003696418e+27
-1.652115747377266563e+27
-4.920311101848431891e+26
-7.123071587292185696e+26
-9.498858167544877531e+27
6.100725166774106633e+27
5.028566143361746130e+28
-4.497173203848657761e+28
-3.054233228858983360e+26
2.221880270245255665e+27
3.141626703231732197e+27
-9.087871681783655994e+27
1.960262762506213664e+27
1.386262123755335227e+27
1.523172355867677645e+28
-2.534923153993343402e+27
3.517554490554504952e+27
-2.133589909901814932e+26
3.605024131817004726e+26
-1.704220545055772609e+29
7.846020198188242807e+28
-2.372558810589730197e+26
-2.079196148413409046e+27
-2.398105155288405807e+28
-1.364630064867963523e+28
8.362331048165543076e+27
4.570824603972930451e+28
1.288403391058218642e+28
-3.983615011539249274e+28
-7.492291677247651161e+28
9.871281430490297533e+28
-1.029530422087544483e+28
5.524466286580535017e+28
-4.115030105021611319e+23
1.230249280708798753e+24
-2.664424070699246498e+24
-2.990275105927571360e+24
-1.648304396258739302e+25
-8.529376435067578478e+24
3.602371732557763164e+24
-7.638038517198912641e+25
7.968019263169708299e+25
1.518485894651651121e+25
-1.300607472121432207e+26
3.328522284815416022e+26
-4.697543720062565953e+25
8.707126664574449159e+23
1.777251499874403479e+26
1.900677322824029586e+26
1.142550641858729995e+27
2.628003814014339175e+26
-8.370894548701891477e+26
-6.855229001618518421e+27
-1.335742216415274224e+27
1.950978762129234599e+25
-5.436561980986695273e+25
-3.043405694434242695e+26
-1.163066723153562881e+26
1.333993816495008650e+27
-3.022531979063796858e+27
4.538112013933181044e+26
1.173164009705814228e+28
4.529036071736530249e+25
2.367524595341575427e+26
-4.604037425638242630e+26
-3.347541815070034040e+26
7.677133626368506334e+25
-1.980193613347092156e+27
-1.892864948670488439e+27
-1.536631421835336985e+27
-1.512269742655538147e+28
-8.344850556279682342e+27
-1.067771712744593101e+27
2.128699556075732983e+27
4.225031779074087076e+25
-2.703357024713451869e+27
-1.356934719786657490e+27
2.364937280622997489e+27
3.836491393961532786e+27
-3.064269493618384567e+27
2.969892020814913790e+28
2.555310886810148066e+28
-7.165497556407729966e+28
-1.048515696662009216e+29
3.528020401744607204e+27
-2.873183467087668459e+27
-3.904720179515862305e+27
8.329204542707313266e+27
7.976021123960853673e+26
1.276692356944712563e+28
1.338568980519544376e+28
-2.732761593205124564e+27
2.100822571941648851e+28
-9.952168712774919811e+28
2.160737032972840303e+28
-1.951752035756219912e+28
1.778608589165865187e+28
-1.000836120614844903e+28
1.136890058073119406e+28
-5.644902666711237198e+28
-1.207155739106763242e+28
4.348693473188609173e+28
1.074235452648755965e+29
5.850892581121754009e+27
5.131815170309050039e+28
-1.014028625223608688e+29
1.092303063533536253e+29
-2.841256302593009844e+29
4.531523232864299638e+29
-5.034322365103389080e+28
1.268732123588865984e+29
-5.752592653410494029e+28
-1.526000389654372717e+28
6.842197414189096424e+27
5.308968274142450564e+28
-6.019030207118699406e+28
-1.410448826348078606e+29
2.187098119830464085e+28
-2.076800374696464456e+29
5.764122261286672782e+29
7.009912857769609093e+24
2.476866944284837242e+25
-1.421466047388832934e+26
5.084866738085880186e+25
2.125481790125443628e+26
-4.466577502989325274e+26
1.688589296971785381e+25
-1.112847143859661767e+25
-2.028105690878083279e+26
-3.005771277989112498e+26
-6.571079801406942851e+26
8.564663183195397449e+26
8.731435663508298789e+26
2.181074530763265581e+25
3.425311813371429446e+26
-6.874451390126011466e+26
3.417934567478284002e+26
-1.283653857878551013e+26
-4.707229975417649552e+27
-2.789607922598442950e+25
-1.631725057117224894e+27
8.097684716188789891e+26
1.513377038616955782e+27
2.607469763857748403e+27
-9.425446374830279005e+25
-1.096587196575802799e+28
6.933786846213346273e+26
-1.111971358561983240e+28
-2.433801777613482413e+28
-1.857189913526431280e+27
-3.835055095555479902e+28
1.221767553282564049e+28
3.793049729409339743e+28
-2.365119053542896780e+28
-1.630764321436905443e+26
-1.473345029547115550e+26
-1.961416324698974454e+27
9.550642207770576332e+26
-2.311383505248966242e+26
-1.613196254662830973e+27
-3.331838141816655528e+27
-4.950762614410708673e+26
-4.028414538040756160e+27
-1.107353585578226414e+28
4.632101407575629648e+28
5.185836353737436283e+28
5.795291570295304336e+28
-1.349786330475994571e+29
3.286883139862026757e+26
1.379193163249867751e+27
-4.958961839000926036e+27
8.491341040107492317e+27
-2.927655549010948394e+27
-9.067807485825902067e+26
-7.409883448041953840e+27
-2.744880810385838754e+27
-8.359948706556300846e+28
2.907466004626627488e+29
2.710818957789914996e+29
7.440704781868354354e+27
9.336203818592805010e+27
2.750748315891011388e+28
-7.352740123200328061e+27
9.768569610316850768e+27
-5.040040683041268468e+28
4.115987668840302241e+28
-3.897160354491776983e+28
1.108868954274105521e+29
-4.686912766428397667e+28
5.637036356989214192e+29
3.013656155823686869e+29
2.705416352759742913e+28
1.817707840308362217e+29
9.233991880380919038e+28
1.555588327945662934e+29
-4.938926486633398707e+29
-3.350860693284303532e+28
-1.703796894163948723e+29
1.162935805748265342e+30
-1.775803636705558007e+29
2.817989203702870711e+30
-4.572496907477831366e+29
2.919823162776665180e+28
-7.829695717530395733e+29
3.039326018278221476e+29
-1.007381071473995382e+30
5.533252353808819616e+28
-5.792626983607656129e+29
5.974089044254864990e+29
-1.825882306010531682e+30
-9.748882388127890274e+29
-5.682458173438817844e+29
1.054159579488518042e+25
3.806720448821362370e+26
4.487474008687981484e+26
-7.898233291774079791e+26
2.415884688748081562e+27
6.944769721937455660e+27
-9.353877815210397474e+26
5.769573415205784455e+25
-2.151841864019977297e+27
3.097738730147853975e+25
2.241671485554685831e+27
1.598649738462503395e+27
-9.332992231689893881e+27
-1.880252117212363279e+27
1.638616256223828702e+27
-7.690850680103750089e+26
-6.101982936862197376e+27
-3.489959879700038747e+26
-2.814610474908794532e+27
5.686219135705146525e+26
2.656848358513350898e+28
1.451734149133469533e+28
-1.102516958787625866e+28
-4.641647112976865905e+28
7.686811234289899989e+27
-1.949311679447162341e+28
-1.261172351035008479e+28
3.877921745700365085e+28
-4.343241672107769067e+28
5.190814679892942396e+28
-1.731815637507687679e+27
3.897701661106173199e+27
1.905937755859354797e+28
-2.627673462385777420e+29
1.558341694170450654e+29
-2.303427182632853984e+29
2.133149922600123900e+29
4.528164958876018165e+27
-1.420198587804531264e+27
-2.007226040607264971e+27
7.009883809124649160e+27
-1.787170175695223655e+28
1.634762027208000266e+28
1.748897299659976680e+27
6.698433972946095518e+27
-2.047027571461663509e+28
-1.104288106116534196e+28
-2.176395479404561453e+28
-2.851273818779215462e+28
4.813878925850655884e+28
7.817642904845153182e+27
-7.543699482785916805e+28
-3.286540516608629289e+28
7.835422206951690772e+28
-1.174313708525833329e+29
-1.149307519022924977e+28
-1.493111699990524172e+29
1.109390902777059593e+29
6.889937732299989034e+29
3.012188424499008520e+29
5.592659687911168822e+28
-1.867121967010692884e+29
4.826300081025383239e+29
-2.161337428448926466e+28
-2.921302131261953874e+28
1.168123153205794466e+28
-1.108795084320012294e+28
-5.779686386023061377e+28
-6.231120256399637891e+28
6.455517939100361943e+27
9.609322785688260840e+28
-1.136709444130844136e+29
-1.516780783580529142e+29
-2.764344513188707920e+28
3.462443177450081588e+29
2.044998820510570721e+29
-1.129235915389567590e+28
-8.986036239886842533e+29
3.474749966330730839e+29
-8.511846947868453757e+29
-1.119866284178691137e+29
2.262184300827723321e+28
-7.612364934998834022e+28
-1.160792936139708857e+29
1.052768254262216409e+28
1.280025476162692062e+29
-1.332996099992670274e+29
-1.227318316590601154e+29
6.506652497900365172e+29
-1.710204441938904753e+30
-2.301114800818892634e+30
3.391609759364315774e+29
-3.580372951791418786e+28
2.994189103196204386e+29
-2.911518256301459028e+29
-1.323322933981471209e+29
1.091721163252275517e+30
5.303068399531433143e+29
-2.038176202570761194e+30
2.799246255352714853e+29
1.093823435274300025e+27
2.815501828542243077e+27
1.462831310596773200e+27
1.560864134802194119e+28
6.472851090503000756e+26
-4.216921000537733404e+27
-1.584161449766703459e+28
-6.961049760196237883e+27
-1.077651494104068155e+28
3.732161365630668685e+28
-9.827335583567885817e+28
-2.246118119438402181e+27
1.147873294786983610e+28
-1.936959828990770615e+28
6.424161418663535715e+27
2.371809411611136733e+28
-3.136826947781261097e+28
-4.513720134697570987e+28
-2.528760837427114753e+28
-5.667523751515181234e+28
-1.640859829890533098e+29
-1.448087550778087536e+28
6.891576010045543628e+28
1.799593234166041538e+29
-1.980882227705751999e+29
5.312210432442864943e+28
7.348311532726945394e+28
2.158853976146409676e+28
3.207991388180873666e+29
4.790981990941745676e+29
-1.213839603232859621e+28
2.145765094737882026e+29
9.893128021691029677e+29
4.459509231949138434e+29
-3.815560592146136973e+29
-3.981486568093304507e+29
-6.679275840147952807e+29
-4.730469350508902702e+27
8.650664091247416127e+27
-7.767733531135103787e+27
-5.742504611339163404e+28
1.718690077635814336e+29
-3.545185674503103898e+29
-2.968424625420411751e+29
7.903674730521075370e+28
4.710662120917388201e+28
-1.042650707207694909e+28
-7.756988616103029343e+28
1.308743961665302188e+29
-2.233573477566370107e+28
-5.322147583226158991e+29
-4.166670653767380876e+29
-4.411993316066786694e+29
1.460137617378392977e+29
-1.618103670179641059e+29
-4.639996352256528821e+29
-1.086110145359288948e+29
2.619360978813782021e+29
-1.001517157662511773e+30
-2.192451977049460431e+29
4.467181589522074902e+29
8.630671303334340809e+29
2.652244886170872423e+30
2.504668113642796870e+30
-3.888032682074039693e+29
3.678385554865490893e+29
-2.949690122205555996e+29
3.801520919713015210e+29
1.316258158862579221e+30
1.001635515555467657e+29
-5.240267220289537774e+28
-1.702081426281963310e+29
-7.393540541278667018e+29
4.654235984972879728e+29
-8.802110486792457575e+28
-2.141269398477589011e+30
1.224099789304794908e+30
-4.679506567495589394e+29
-8.993376894417975508e+29
-1.987265527011248808e+28
1.194041699737361022e+30
-2.928815810351159467e+30
-1.429256304039657822e+30
-4.308826202090331981e+30
1.541097624717312758e+30
-2.648092179217582236e+30
3.076227141304205409e+30
-9.259538716863467614e+29
1.832216931137286162e+30
3.024281293181513884e+29
4.529165536605517378e+29
9.081145537506870138e+29
-2.485902181985219073e+28
-2.375938439075399949e+30
1.447539309678490065e+30
-1.674687845635456757e+30
1.297228523320974858e+30
9.125387687036165563e+29
-4.778010206383334219e+30
6.173019548304008335e+30
-6.625412585401701225e+30
1.041175296962530585e+27
1.181299639462657794e+28
4.282319294025956171e+28
3.454177535683742531e+28
6.876488379454403829e+28
-5.841697887754667353e+27
3.462224540644472965e+28
2.079843546215514446e+28
-5.821306038667391621e+28
3.030194939286633496e+29
3.097621343985058043e+29
3.745488314716906698e+29
1.013600337174839449e+30
-1.972716757914294030e+29
2.487589117454093102e+29
1.090487729953715696e+29
-3.960612360336043747e+27
2.851550726922099221e+29
3.649185240707092192e+29
-8.078595449200262525e+28
2.292838122491139561e+29
-6.402743632512548840e+29
-8.621437537481356030e+29
-7.671434113372802981e+29
-1.037735106116990068e+29
-1.429258464727509142e+30
-6.685980113267272057e+29
-1.975490614476209678e+30
1.552270481317495870e+30
2.210291252021753426e+28
-3.303680927807591352e+29
-6.671355091898048545e+29
-6.177822256783813509e+29
8.044228828945119215e+29
-2.173861047666859353e+30
-2.389031604007524521e+30
1.713130101591735353e+30
2.808462918215419110e+30
-5.078658882145235697e+29
3.328229782678543499e+29
-5.015999994870683565e+29
5.632262487320704555e+28
1.235168444758171562e+30
1.464560892308088117e+30
1.594108099131125361e+30
-5.431150068092920300e+29
1.291534330963604202e+29
-3.093931791689655753e+30
-7.523632871358699144e+30
9.408938436402733955e+29
-9.289244369395399741e+29
5.820405622760995233e+30
-1.437475046203879279e+30
7.314662332361321802e+30
7.802173030057938499e+29
-1.048760429403317174e+31
1.799499234653244744e+30
-1.336240667127283795e+30
1.602493832336186986e+30
2.867453110228245396e+30
9.148686623129580795e+28
9.981543688787764169e+29
1.028303319082299611e+30
8.543852041547710252e+30
-2.289906684834996593e+28
-4.586206805509897100e+29
-1.730614217728197828e+31
-2.861820630086315086e+30
1.065509496171326717e+31
1.673150067323374748e+29
1.573371587410045877e+30
-3.955065799625187288e+30
-5.228105067462815402e+29
3.264581166638529136e+29
2.317172158346109628e+30
3.319789235354438161e+30
2.466344362373400654e+30
-1.285349695509805272e+30
3.268315926737130676e+30
2.249993907797947174e+30
1.108692775756115521e+30
-1.155443562527990232e+31
-3.982648933159353611e+29
-2.664217466145826977e+30
8.051122393014110225e+30
-1.257570588126537895e+30
3.828123335680189793e+30
-1.021412916501548598e+31
1.109505676796016455e+31
-1.120130345848512990e+31
1.099965507151049111e+31
1.551953203779007833e+31
5.230042201027173898e+29
-5.129759511150885023e+30
-1.099702778455051762e+31
3.582457531399376513e+31
-1.873643374577113427e+31
-1.479684100824124871e+31
1.387671438834232034e+31
-1.827399647681895429e+30
-6.382137878705747111e+29
-4.263334080832826716e+30
-9.879316656095136591e+30
1.307980975334594699e+31
5.628237255162352559e+31
3.749318649845295339e+31
1.935907718608115110e+31
2.422422584782488421e+31
-9.433020672715878400e+17
7.729840872788533248e+19
3.328682135407259812e+20
-1.053203052676090823e+21
2.273596857757321396e+21
1.348681149703925793e+21
4.732299187316829297e+22
4.035546516120663595e+22
5.125334885223616512e+19
-1.141807014698391962e+20
-2.892391737722760122e+22
-5.156986702197944641e+22
5.811938032960470096e+22
-8.813820379495149192e+23
1.266691617244876879e+24
7.332846433421613339e+24
-8.920462333392916054e+21
1.401647094394325146e+22
-1.731540673413192352e+23
1.068165800004721658e+23
1.149571965920069162e+23
7.431444174735009452e+24
-6.358072575566230105e+24
-5.990339822271265743e+25
-2.518816876975037507e+22
3.325728775711570998e+22
-2.182025641283118715e+23
1.335147236216929507e+23
2.197111935863714560e+24
-1.101489089083546396e+25
1.986296142417916307e+24
-1.818143485863591390e+25
-2.929584721877337791e+25
1.530992980065220024e+23
4.929381461715041324e+23
9.146077320971912688e+23
2.748265951194904518e+24
-1.468260916557743223e+23
-9.531989614639435531e+24
3.533889109979966164e+24
-1.842974203869328709e+23
-1.249674958804258203e+25
-1.080966731140129200e+26
1.823362077479804044e+26
-2.996681644850257414e+23
-4.071998927877490323e+24
-5.336939511784974076e+24
4.454715011363676682e+23
-6.617424379686913898e+23
3.667362799014038919e+25
-4.236151704513511703e+24
-2.373507687167435729e+24
1.054062898491173190e+25
1.481303816674100853e+26
8.310691262596513931e+25
-1.001737923745339292e+26
-3.489898011895104383e+26
-2.165490967629503184e+24
9.639939326405275078e+23
-9.407757790579765545e+24
1.618472013793148159e+24
-3.384984431807230742e+25
-4.503680057181928335e+24
1.758037146254461676e+25
-1.629530600926544496e+26
1.224916967203149017e+25
-2.711343788003799841e+26
-3.427010950745977974e+26
1.171792075518425598e+26
-4.545016759434636008e+26
1.009324576843862539e+27
-1.258336544462018475e+25
-7.032597566925257509e+25
2.641959984802574312e+25
-1.430333557029000551e+26
-1.630784527837301579e+26
-1.775110313002736493e+26
3.257572896017149853e+26
1.477937164211176855e+26
1.049448500003771663e+26
-3.664221023086136817e+26
3.825425754122916208e+25
2.339502339295231726e+27
7.285644256139547121e+26
-4.478159562252535071e+25
-2.592550549736962648e+26
-3.278578999126410893e+26
-3.448546735529833613e+26
2.662557803408147428e+26
-8.911299974135740856e+26
1.296400026827943758e+26
9.414973631848576071e+26
2.481067842720769578e+26
-1.600120892392940537e+27
1.398610592196551874e+27
3.321966702409239084e+26
-1.539206330993348706e+21
-3.264729493153065520e+22
3.069725225937678421e+22
1.404429161215166471e+23
-4.509959346559289634e+23
8.453967776782754072e+23
1.448992970606958527e+24
-2.571305454529566934e+24
-2.429896624943810105e+24
-7.319067946331545620e+24
-1.380223541566781848e+25
-5.702632440590685661e+25
1.992662517917717123e+25
-2.342982798084497440e+26
-3.036482043021801638e+23
-3.875065362618465879e+24
2.386731011476887856e+25
7.550917083993619338e+24
1.591833877394937630e+26
-4.963330199639829385e+26
2.213940637932561758e+27
6.942166288135981871e+23
2.048385056702885477e+24
-2.249152790804313929e+25
5.383293383200981639e+25
8.526490967661189318e+25
4.369684049726114410e+26
2.550513428122974463e+27
8.958357043904512947e+27
-3.068894511898139131e+25
-3.873120948180233595e+24
-1.120191066248079396e+26
1.042313161145388754e+25
-3.593047105135657005e+26
-8.584171648534929613e+25
-6.208685214240925938e+26
1.880387843737332025e+26
1.828572576989642208e+27
2.781521152889193751e+28
2.623620758073024643e+25
1.653135967655426001e+26
1.200075091083056733e+26
2.603876558279312234e+26
3.132866811605181112e+26
8.229785792587693957e+25
-1.178443337502271487e+27
2.361356536570546883e+27
3.118540189924330894e+25
8.905028314553727297e+27
1.519312729703972502e+28
1.242794603780497185e+28
-2.775084745521993715e+26
-5.524292890313791290e+26
1.590595758195603067e+26
-1.787704877133423969e+27
4.943249833175203257e+26
2.143037879057208193e+25
1.988312311006918411e+27
-2.438182274408452418e+26
2.080032524410654456e+27
2.743906437360597918e+26
-1.284168228616315505e+28
-1.168787812698900700e+28
-2.646958751751270331e+28
1.337183556114686521e+26
3.923118225223018252e+27
-2.330821207556079231e+27
-7.611742847282869451e+27
1.452018001725147472e+28
-1.151343125358255591e+28
-1.389985263028630488e+27
4.180482374318371235e+26
4.563686651586097276e+27
8.185072200015505717e+27
1.481368662463212229e+29
1.330279682301902526e+29
-2.645190644460316054e+27
-2.934743150366391138e+28
-3.159385641738216156e+28
-1.165383345270910715e+28
-7.311821671276405336e+27
8.994466024982748332e+27
-5.257656097135831622e+27
-2.804337839526278774e+28
-8.319197816109920459e+28
-1.859573412536590907e+28
4.241781633820295118e+28
-4.116971623349616044e+24
-1.533889130247417792e+25
5.715336780930469534e+24
1.394737603273078582e+25
-4.402355326372740191e+25
-2.161278197610208150e+25
-1.128816739616076082e+25
5.566986662070610255e+25
-9.697301328149746935e+25
2.362093849062724838e+25
-1.804014192893181973e+26
4.208225336109689226e+26
5.597124181734527479e+25
4.132796095753355930e+26
-9.153982823730968814e+26
-7.097446543636372049e+26
9.939526420803653872e+26
1.892339533736575491e+28
4.312522339189687409e+25
-1.702571721450711538e+24
3.104974513622629419e+26
-1.882188653944855890e+26
3.740720658130077850e+27
-5.166991336384238583e+27
2.855203765430100713e+28
6.164679970571707760e+25
-2.367518533815843196e+26
-8.678411740111169714e+25
-1.834733637010691954e+27
9.653160208455013186e+26
1.081007809031287076e+27
3.225735177954366875e+27
-5.225951145188598290e+27
1.512042333510921185e+29
-3.750371004169868411e+26
4.184640061723268254e+26
8.154378571829288249e+26
-2.050008937319714196e+27
1.155928903719173411e+27
-1.489139939623613530e+27
-2.520734440531284822e+25
-3.080494528384764270e+28
5.922415366389585954e+28
4.083389589311094711e+27
8.015389504770956454e+27
9.010338585542006224e+27
-4.903703132198152168e+27
2.942679167030360935e+27
2.764156873495849646e+26
-5.162785406186690222e+27
2.375437776014948234e+27
2.049646162980875194e+27
-2.794948502893053556e+27
-2.897878865601055981e+28
-5.489040455019057481e+28
-1.330960869561913325e+29
-2.467795573181426767e+29
5.397279592686239735e+28
2.871114394836119238e+28
1.656518930918901683e+28
2.653872074138112580e+28
5.422758586625493666e+28
1.675325095524772195e+28
1.094551201860803880e+27
-1.547161358082472674e+29
1.492376870950479056e+29
1.111239519144661841e+29
1.553844021644399222e+29
-1.809706445593587758e+29
-3.168331552313351847e+29
2.664304677511673903e+29
7.449833905499689774e+28
1.101252895818868438e+29
1.134801265089849378e+29
2.952477101371332868e+27
-2.287137552725339696e+29
1.210178573638558723e+29
4.269100680089706046e+29
1.379263629770157884e+26
-1.627973893851009440e+26
2.697782285527938426e+25
-1.509820711844768695e+26
9.051484177849953365e+25
5.271554753228597534e+26
1.365398365590174131e+26
7.350431503434123835e+26
-1.726039271015934025e+26
-3.590601737329700260e+26
-3.935931833831195975e+26
3.722676706377651620e+27
-6.603386872721293975e+26
4.481427476687101838e+27
1.013181330765147521e+26
-6.863482006741265441e+26
-1.712862069009828996e+27
2.511958489288921488e+27
3.730555266877403161e+27
-1.410833963838671217e+27
-7.524760351436762512e+27
1.407565580516324543e+28
-7.637867446283325375e+27
1.588846422678820131e+28
8.660943061140436805e+26
1.167144371928747452e+28
3.078114358099277033e+28
-2.900202802441771850e+28
1.031528644788735259e+28
-2.277016879653187617e+27
5.203207335053541173e+26
-8.982145706428284013e+26
-3.348768863234220189e+26
-3.005266274315046102e+27
9.712586787992529666e+26
8.581829749957352916e+27
-1.079500597826007460e+28
1.207260703939432530e+28
-2.195888820766344985e+28
4.644500073489886053e+28
1.384756083024073167e+29
6.930984043222895002e+25
-1.321175329958893604e+27
1.291189823374686077e+26
-3.428936070792126017e+27
1.344375623671470427e+28
-1.937431978076493834e+28
-2.755386280009112156e+28
-6.284244400224091959e+28
-2.566014389934504763e+29
-3.391435233047523804e+29
8.547316958928735269e+27
-1.321429984747118445e+28
1.371619239038045983e+28
2.218178657920802860e+28
5.537583814001979436e+28
1.974121752711881718e+27
-1.539450208392249427e+29
-3.662078464017364897e+28
-1.010547175649342054e+29
4.839513027710130268e+29
-4.725556774114428061e+29
1.304507855981532851e+29
-1.122247089711354805e+29
8.614397572651775201e+28
-1.477298120036914176e+28
-1.463765867218338007e+28
5.221870965319892805e+28
1.630666886341045056e+29
3.247751073365885048e+28
1.009259094856654012e+30
2.517082909779726074e+30
2.282297129252908205e+28
-4.395542108441809100e+29
-2.152288267058338564e+29
-4.285576709230120897e+29
-4.878592701644375803e+29
-8.973341611790985905e+29
-5.320444476026718034e+29
-1.228669508712409927e+30
-8.641104781664691356e+29
3.000080958804601338e+27
-2.480709175240447969e+27
4.223718047806648026e+27
3.325706954256006362e+26
-8.247230271462307661e+26
5.256907939145011478e+27
-4.446588126897759105e+27
-1.424203014522523616e+27
-1.233801586827711807e+27
-4.693532891915716909e+26
9.323594824364686740e+27
5.745054494602709101e+26
2.157277696373278706e+27
-1.049659945106230133e+28
-1.336272488991947694e+28
-6.364260742848348006e+27
-1.798103640859339291e+26
2.418507017178330578e+28
-2.688659010019725809e+27
-1.208841933517588174e+28
-5.927766928174987963e+28
-6.117062438892842002e+28
6.287912491748043376e+28
-5.037255390944872219e+28
-1.261306057597075468e+28
1.197055840633788958e+28
-1.195227848764623693e+29
1.783701494925149945e+29
1.749454225804314596e+29
1.224303223051738778e+29
1.021793695516995782e+29
2.022590341441788358e+28
4.933421293261986111e+27
-7.963236447896492675e+27
-3.182276717264967841e+27
-1.070462657255284338e+27
3.869193297825629929e+27
1.034282260632431804e+28
2.552792654885065099e+27
-3.396181944188859078e+27
5.577361300696163108e+28
-7.884756289311741922e+27
1.309128304790147168e+28
6.872230181090181454e+28
9.282946484287997332e+28
-2.513954661759586979e+29
-7.525478564357121102e+27
2.595100867296637124e+28
-7.737214840147953503e+28
-4.480935933469393666e+28
-2.349617095735870987e+29
-4.948390870284601432e+28
-1.782377687350277585e+29
-8.564021745860390057e+29
2.071599132037906544e+28
2.146004626818875358e+28
1.283268016706265244e+28
-3.439517151372215932e+28
-6.556303546300177787e+28
2.383673683627242706e+28
-3.095752118736072735e+28
-1.475607545991180722e+28
2.808880296415128099e+28
7.897900048202165779e+29
-2.910989020445463360e+29
-6.618526599904237570e+29
9.680118223343685076e+28
3.248447797733098665e+29
-2.712994636042163633e+29
1.103562906872133355e+30
-8.160742525728240455e+28
1.014551832497219662e+29
1.630573839880594263e+29
-6.476656354783075329e+28
4.497916867216851571e+29
-5.857513846980009072e+29
6.168689303405459650e+29
-2.996439230213896261e+29
-1.484000226137954886e+30
2.374715156470926155e+29
-3.834874611595844541e+29
2.670556216919837303e+29
-1.596765260760417498e+30
-2.168661395230940009e+29
-4.419036651753253687e+29
-2.063803012798928901e+30
5.707954345678463437e+30
1.797122801216132473e+28
4.129114036953559736e+28
-2.060511188518513774e+28
-1.438274490819437190e+29
1.666239248712175436e+27
-7.316087063033996410e+27
-2.934385498538485918e+28
6.936853795673136988e+26
-1.379544080971234844e+28
3.481129599760297045e+28
4.941751867901313299e+27
-6.822618869629475740e+28
-2.428276630764421378e+28
1.298038676113067198e+29
-4.712157065525136295e+27
3.519589294308011640e+28
-1.942558166980915900e+29
-8.982067663299285862e+28
-2.568626342969637694e+29
-2.999909028739188224e+28
-2.510379047634502475e+29
-5.937939425864188012e+28
-1.473959273343979490e+29
-4.014419449330660640e+28
-2.285860507546616817e+29
-5.039993665498546513e+28
1.882275534391154554e+29
-7.191330310776221636e+29
4.664769206574446306e+29
2.797667016014533990e+29
-4.537299264126664367e+29
-8.052215053286140265e+28
1.676056623190872607e+29
9.289424561333778065e+28
1.332920419937479997e+29
-3.858714801693681960e+28
1.786609373451260949e+27
-6.318166352243404236e+28
-3.296615973552159513e+29
1.895304069753243307e+29
1.993474327162560875e+29
-5.807723659591122506e+29
7.418927503040376348e+29
4.392696210090566606e+29
1.294747238449774957e+29
-2.136091682222651696e+28
-6.247826486553648214e+29
-8.127288030875304224e+28
8.351552013388798863e+29
7.857680768751989825e+29
-1.882670399513129466e+30
-2.215948059116129403e+30
-8.837898388590624028e+29
-4.958153390972976011e+29
-7.211500408346700215e+29
-7.583040722059363485e+28
-1.059026606631661014e+29
6.424654159963700746e+28
-4.911863883854720362e+29
-1.461194184138890716e+28
-3.180011659886822355e+25
-1.645909335156641083e+30
-2.930699238477493495e+29
-9.681897271293044865e+29
5.074046272691275895e+29
2.867172573593568364e+28
-3.096702968246070728e+29
5.891435087961836799e+29
3.911844568689946870e+30
-6.691948324349267796e+29
-4.871552722670903489e+30
-2.661324763503495891e+30
-3.339071645152624102e+30
-4.111721180089972304e+29
5.444953042715830006e+29
4.748015797675962882e+29
1.307875266991745249e+29
-1.993933538454482329e+30
-8.783585633800801478e+29
-3.321346447892747151e+30
-1.762663210087855400e+30
2.910082462402356812e+29
-4.852330292353290253e+30
-5.779272096395889552e+30
2.950224118630160224e+30
9.405027797617351084e+28
4.301789560675150954e+28
9.289572170396692560e+28
-3.901012965708736463e+28
-4.602146009804743078e+29
5.505254817174787228e+29
5.527218429934422233e+28
5.691870930676993830e+28
9.457843395396612179e+28
-4.623356912243957503e+29
3.046950052311367238e+29
2.724825199046961418e+29
1.852625531167378327e+29
-2.746895662334192815e+29
-1.754549923789706367e+29
-2.592570789480074286e+29
2.183082930338653957e+30
-5.653124688919059700e+29
-4.085593429945579099e+29
-2.793710430060826578e+29
-7.573649167826523372e+26
-8.319405509624321647e+29
-1.285690810112308834e+30
4.327002994549175455e+29
-2.897957363526859042e+30
-9.861848019621722664e+29
-1.318806361761520634e+29
-2.586522388547684048e+29
-4.950577792507386484e+29
1.042270182169570337e+30
-1.153670002960023005e+29
4.208544263934243480e+29
1.136193867533328069e+30
-9.827271324939691684e+29
-1.680093181835971429e+30
-4.515832392990294185e+29
-4.889556240232365183e+30
-2.735392058837012791e+30
5.087287798384189797e+30
2.485956241691396927e+30
-6.795038463695153256e+30
5.846067846546607423e+30
-3.372361237271854728e+30
3.929047395751337524e+30
-6.039564226032144441e+29
2.384565824097930540e+30
-4.968724559446211267e+29
7.280787416007207690e+29
-4.088208019080051990e+28
1.216877328243798364e+31
-9.592237265623849453e+30
-2.380773637118652288e+30
-3.252620542963867924e+30
2.975032630526570572e+30
-8.801613428460753169e+30
-5.571875655992546990e+30
4.306627661515373194e+30
1.514060032707403993e+30
1.862926660445685789e+30
1.040303928879150542e+31
-7.599223605574022405e+30
-2.060852633538156337e+30
6.861813680387235465e+30
-5.545529500704142722e+30
-1.329826717663102508e+30
-5.358421507933092323e+30
2.669356954116872595e+31
-2.359464696388567432e+31
1.091955505642692494e+31
-7.579417112468591553e+30
