-3.720107544631672800e+16
-1.132392502677939405e+19
-6.588837288696550523e+20
1.672425190832316350e+21
5.341708792035655287e+21
-1.011260665635579049e+22
-3.080711022124201935e+22
9.583492693498674545e+22
2.003543824041679069e+23
-3.086916584815018803e+19
-4.343796942444006605e+19
-1.668098895550125336e+22
-4.399109256810379136e+22
-1.491787471057113317e+22
9.133489590681824689e+23
-3.148152787319455220e+23
5.924830894572685807e+23
-5.357250136744499912e+24
-2.686238747074828435e+21
-3.240288066881543209e+21
8.381025167978105143e+22
-2.097640657349843406e+23
3.604913807309492695e+23
-3.422817503119817392e+24
-1.481407772700276181e+25
4.580241145395408378e+22
-5.177312587526170856e+25
1.449729593211902755e+21
-9.372513266260371938e+22
-1.605350573383616142e+23
-4.543056765798863172e+23
1.029183864998358176e+24
9.031154742425668708e+23
7.783696467704061098e+24
-1.727905642501354209e+25
2.053000255705116464e+25
7.117897738240719660e+26
-5.240320979317155693e+21
1.915663869206184927e+23
-1.236373420798231099e+24
-3.795608446235806636e+24
7.310576690400235440e+23
-2.672106612140588776e+24
-4.686025906634133332e+24
1.737919132215697278e+25
6.577065828367427596e+25
3.852747294631333197e+25
1.553775391034950763e+26
1.395167356174173580e+27
-7.398312009105888248e+21
2.013356598437877572e+23
1.086029997855293980e+25
-2.552125788817775835e+24
5.488600312048177012e+24
4.703214181970191046e+24
-5.011292152986632690e+25
-1.093606073120237025e+25
-4.423064820723462277e+25
-1.165087964272314728e+25
-6.533243228034808438e+25
-3.631476953925945872e+26
-5.447620989560713815e+25
-1.472565548324839559e+27
-8.809949866802108013e+22
-1.917360401377545012e+24
-2.185409732445628513e+25
-2.552467206891431875e+25
-4.487840558886364280e+25
-2.555184532268101146e+25
-1.665766499453365024e+25
7.505755434133685872e+24
-3.030997408764736131e+25
9.567022469110201351e+23
-2.196095269202738410e+26
6.659641399234591426e+26
-7.957939480078811213e+26
1.173094219896515347e+27
2.947971577456944989e+27
7.637170312659538039e+23
1.841206205052033817e+25
-7.131791900689217598e+25
-2.376176538374680899e+26
7.354258518047498206e+25
-7.638531552186986867e+24
-3.095485846663084713e+26
1.006259157685410893e+27
7.782425645411934164e+25
-1.835112112245365934e+25
2.991212214317565457e+27
2.236849277251474640e+26
-2.387378201610578678e+27
2.034528538517539633e+27
1.735200735748112798e+24
-3.054934028203812162e+25
-2.402535919463029142e+26
-1.271036265445237794e+27
-2.526695116115445621e+27
6.823392609833796689e+25
-6.032206037737353311e+26
5.581411319704148099e+26
-3.496279998082422540e+27
6.350833710489708000e+26
7.490136921222638512e+26
1.974558394828238597e+27
-6.353583810764612592e+26
-1.177803350832325591e+20
-1.420846896144810246e+21
5.172766489291882339e+22
1.124305280196062342e+23
-1.131103060480478014e+23
-4.535780151826399856e+23
-1.078258033739675206e+23
1.593563549622326262e+24
-5.300472580157875841e+22
-7.170201834602000980e+24
1.003295784400074844e+24
1.217180839344787903e+24
-2.215669512319825953e+24
-3.832175295902147903e+25
-7.103942789446169955e+25
1.675090192639755744e+25
1.774824608505435878e+23
6.393827840125088154e+23
-3.298389741776668218e+24
-5.441107384725944916e+25
4.562339094545220705e+24
1.782960909989445725e+26
3.114457235458488869e+26
2.425750625375822386e+27
-4.172637863734033189e+23
1.155762245148464713e+25
-4.817742300813561210e+24
7.279072316933951367e+25
6.993962550181088074e+25
1.477357088283607879e+26
2.847959393915775287e+25
3.372342342395681397e+27
4.927840861914057645e+27
1.573994198113138818e+24
-5.602917053100089174e+25
5.897852771778229366e+25
-8.618023211454012781e+25
-8.646610070337603638e+25
-9.101381458560194257e+25
2.292771102151932683e+26
1.309940775286539888e+27
4.247276894450605770e+26
-1.700527554696761486e+27
-9.332961798147477368e+27
-1.174893306231539076e+25
1.421821946488040715e+25
-6.358750789572685159e+24
2.077525504973873259e+26
-4.251071545048692007e+25
-3.310424423851595215e+26
-2.520434568501237545e+25
2.447923087382197537e+27
2.873620108661723388e+26
2.608988115618460775e+27
2.811297812588694275e+27
-1.010250233283185305e+28
2.434108938966325728e+28
-1.485296435522163510e+25
-5.092982107673694477e+26
7.866547208921320617e+26
1.097525370218599162e+25
-1.565825981562551878e+27
-1.160094639108473591e+27
5.362214229023090625e+26
2.501602457176976527e+26
-9.759224140377559035e+26
-8.353695792069875547e+27
4.378977473649772982e+27
-4.202541564723582104e+27
9.416480155888811040e+27
-3.127114827252379392e+28
1.422071490288213663e+26
7.864788723563470449e+26
1.123214362136202432e+27
8.225486691931949821e+26
8.572967168616094656e+27
2.222129704165004479e+27
2.001683673098204632e+28
3.145653498216091953e+27
-6.764329540539141291e+27
3.141406132225486703e+27
7.533197022058871017e+27
1.117635023873366284e+28
-1.050261712795363571e+28
1.589375695538768339e+26
5.474905403575083626e+27
1.202396117598981467e+28
5.561670186078997357e+28
1.861723073010965531e+28
-2.128769198263480784e+27
7.706273497995816915e+27
-2.238229777521767663e+28
-6.023012677041365879e+28
1.316844062368508114e+28
-1.776269047710232998e+28
-6.317924475426811495e+28
8.037423991987994551e+23
-2.709294250324088135e+23
-1.508555840501789760e+24
1.602216051434018035e+23
1.596641666843170449e+25
-2.217969301269887555e+25
-1.569009804997274740e+25
-2.360021215172936682e+25
-1.815922133400915654e+25
4.926993886772437577e+24
-4.506107271874831829e+25
1.361134308813981391e+26
1.254695879182279933e+26
-2.195388305583976347e+26
5.746655587724238014e+26
-9.138455952454586476e+25
-7.649824957856031835e+24
-1.526392053696756205e+27
1.591932364725048049e+26
1.003425228389147818e+28
-6.908396823788785347e+27
-8.957564935834813373e+24
3.345762150638025099e+25
3.654577656047513747e+25
5.386882646236433935e+25
1.640185074183878083e+26
5.968080468303547686e+27
-6.240481110458572019e+27
-4.886567100237544212e+27
3.280174328019089950e+26
1.396825758414912678e+26
-7.291677195408965383e+26
8.383055123085021663e+26
-3.852221832919640305e+26
-1.952201708668616447e+27
-2.717391522077815667e+27
2.862987278487550295e+27
4.862442535421901660e+27
6.228390511926954808e+28
-2.355691387285712847e+26
-1.210020404106192875e+27
-1.409254918835216588e+27
-3.355255189930494733e+27
-1.145005616670972585e+27
1.555198794326923117e+27
-1.556267789778328439e+27
-6.359019625683669779e+27
4.105851112077251492e+28
-6.395071769920898578e+28
6.302054053227851479e+28
5.169149793628008569e+28
-2.552013309860831008e+26
1.285276422320467769e+28
-3.618818866271552043e+27
4.513484313937576776e+27
2.723959332727200697e+27
6.285686895345550896e+26
-3.474181768068084663e+28
-4.409565670375782295e+27
-6.655020508283211565e+28
-4.990433313747544278e+28
7.125958774751822156e+28
2.113771481696178209e+29
2.013920203328915718e+29
-4.362178103850776987e+27
3.834369067916082639e+28
-1.694065069170860041e+28
8.525582276614752606e+27
-3.421730161432767419e+28
-9.483880126511697010e+28
9.503931862146324580e+27
-2.401903472806171502e+28
3.618611926784700046e+28
-9.796527006804575591e+28
3.089704079631590498e+29
6.314072053434155735e+29
-7.611626905868970674e+28
2.301939241444122013e+29
-2.673476632348230138e+29
-5.747314345293873736e+28
2.881888944216822058e+29
-2.077161417962906070e+28
-3.357198042695636940e+29
-6.069121724201647702e+28
-1.030160377077608366e+29
3.650265082311604146e+29
-4.585648178393243254e+29
-1.401872313742449573e+24
-2.975164433721681281e+25
1.633839220934128653e+26
4.155624232146956384e+25
-3.631063072735867229e+25
1.652909194705403095e+26
-1.612257143032803033e+26
-3.369085602485040371e+25
1.528193645688840657e+26
-5.514671541800545238e+26
-2.225194220436193190e+26
2.428696658000322309e+26
9.305923311735511797e+26
6.736690927877305235e+25
1.189200972310972802e+27
7.138819780536054609e+26
-2.561888313986414919e+26
2.090588653678187836e+27
-1.616419643529767375e+27
-3.095010854171846449e+26
-1.961182391083890164e+27
8.645369015224449517e+25
-3.762546855189678328e+27
-3.449119184401460176e+27
4.910869402421619075e+26
-1.108235454583619419e+27
1.813179549865078131e+27
-2.094021905061028100e+28
1.042765421901415300e+28
-5.448382192077081220e+27
-1.666219865839397579e+28
2.184721283154720467e+28
4.577451881497216313e+28
5.279921182993857403e+28
-2.541389905373058329e+24
-5.786094946751717060e+26
7.678802868201451379e+26
2.149594446474702718e+26
2.725464181407174876e+27
-4.509709792426318608e+26
1.678445873939940402e+27
7.630368381530198505e+27
-7.688193103874871781e+26
9.314234115807540518e+27
4.237943886092961304e+28
1.449801510575134921e+28
3.229933936527867834e+29
3.847798239380581160e+29
4.899425159608875989e+27
2.046068657830151566e+27
9.880779689154886418e+26
-1.316454721063826816e+28
1.067230768323615777e+27
-1.195660325776195997e+28
-3.130501152904446400e+27
-4.461691149888112346e+27
-2.646795779313744899e+28
-7.102164649324442576e+29
-1.710192385429288711e+29
-1.076057689085035611e+28
-1.826458521021674467e+28
8.938914232449223224e+27
1.112775433384555855e+28
1.051457542744208220e+28
-5.669178656422806504e+28
-4.812008629167562626e+28
1.073926899687548123e+28
1.282249621796182603e+29
6.306200204961241426e+28
-4.108287667901183706e+29
1.384194845083993422e+29
3.326191249462794681e+27
2.117604212100654501e+29
3.453776731299839027e+28
-1.996239054835075927e+29
1.233136340392674043e+29
2.773847696532572528e+28
-6.713061011571085098e+28
4.087130846936947197e+28
-1.276743205364454965e+29
1.357931280125462660e+30
-4.736875092914030514e+29
8.229542961801224898e+28
4.203403359914611364e+29
6.561203535274009906e+29
-3.762692186547864668e+29
-8.560589231471803429e+28
-1.611961766500800352e+29
-3.489396820162509759e+29
4.039884168557597444e+29
4.558390074426732907e+29
6.283292018280737990e+29
2.574965310036244191e+25
-3.299371228485854928e+26
-1.871009927704130839e+27
6.124574518756655636e+26
2.186948879619384892e+27
2.820753800758295716e+27
2.950939695967680388e+27
-2.097248850769563902e+27
3.733712812839001285e+27
1.599388743643381149e+26
-1.550075706946192769e+27
3.251165833263006687e+27
-1.845730184002428862e+27
-2.018141939656109779e+26
-2.817540167836224307e+27
8.969733830497278989e+27
1.663786541233137322e+28
-6.498726658134884126e+26
4.552663489803548433e+27
-8.965254450582817277e+27
-5.723777074828894546e+27
1.455117733970097330e+28
2.973350433200408376e+28
-9.128027779465056578e+27
3.726682229990984929e+27
3.802091714403172043e+28
-9.595552791511151739e+28
-2.063666851894370319e+28
1.221146979191277572e+29
-2.087143665716246239e+28
1.861700749741338801e+29
-2.050182254169537424e+28
9.324149456128781987e+28
4.857025848350475183e+28
-1.569213515488850069e+28
3.898098921291419981e+29
1.345269185658467843e+29
6.142412865595076895e+27
3.268203441221906881e+27
-9.894592321890981739e+27
-4.904316986103890355e+27
1.607769654084871061e+28
1.878603672135972317e+27
7.706958274620887891e+27
-4.185516672440865572e+27
2.245386058141793737e+28
8.966738763633142276e+26
4.620779860696946232e+27
-4.299397619584614351e+28
5.056892580527156835e+27
-3.321448403067111370e+28
3.202590682984851856e+28
2.038923768449695502e+28
-2.830734810560620881e+28
1.812979391103839135e+29
3.686014052003158591e+29
1.841879575486729862e+29
2.508780862139606846e+29
1.034760776132858345e+29
-1.364909731913393617e+29
1.237292481526493624e+30
-1.909748267341647279e+29
4.204337000505956428e+29
3.864036795917468515e+28
4.076681205863450082e+28
1.190894737568445744e+28
1.552133682808401593e+27
-1.323083042269762224e+28
4.653956898801193669e+28
-6.523230937433864836e+28
7.809703094531454503e+24
1.783928896389340240e+28
-2.790178766257501178e+29
7.692359451864058924e+27
-1.067665439607896246e+29
-3.487882714295953924e+29
4.865857413859067886e+28
1.582452206659044348e+30
3.709350423617632307e+29
-5.130950460280744551e+29
-6.464837368937320729e+29
-5.911388878442550278e+27
1.051415872514628870e+29
6.357339544590812023e+29
2.659666251581314722e+29
1.923234156480195537e+29
2.257949598600748258e+29
8.783691886418667224e+29
4.056205380342286571e+29
9.545271175704612060e+29
-1.949872195462079535e+30
-5.885166411889643649e+28
-1.022943775692591728e+30
1.771560805696710561e+29
-8.149235307487799771e+28
5.404967115033782579e+29
-1.926530931542214813e+30
-1.309523669219405946e+30
-2.842261334514580367e+30
-3.196830896823889757e+30
-3.584076352828643286e+26
2.406972163256017967e+27
7.212203499881658197e+27
7.728311066064938124e+27
-3.201364608884878917e+27
1.976415267173559080e+28
1.781762043102139859e+28
-2.069485427895246500e+28
-5.529507974954849951e+28
5.919435537655390386e+28
1.787332841071594079e+28
4.847905781012887921e+26
1.522490804823473804e+28
3.232488686449233766e+28
1.200303016836391556e+28
1.579408352734827737e+28
2.321042203932445934e+26
1.832452260069439705e+28
-1.104884608056092684e+29
1.358226147390985115e+29
-2.070673649347434851e+29
-7.252430882347783330e+27
1.596250244597077109e+28
1.788260743413474879e+29
-1.087227103402454712e+29
-1.221286291618205677e+29
-2.578525736633822044e+29
2.890962702223538620e+28
-6.016892584965313631e+28
-6.505592613257189021e+28
-6.693477776758051960e+28
5.645900805575077055e+28
2.084252214594226348e+29
-5.636203031791571309e+29
-2.210118648600079493e+29
-3.406097369800457894e+29
1.095218874050929435e+29
-7.667119932765051372e+28
-4.101901091012300926e+28
-3.599340687221832582e+28
6.593219854856572931e+27
-1.556337270188139355e+29
-9.474312481219276448e+28
-1.877619773654857805e+29
-7.792110809502062533e+28
-7.340185099242999180e+28
-2.682447104542517710e+28
1.497265934195403652e+29
1.809882009204621026e+29
-6.967524348928444919e+28
-2.667868637905382711e+29
-3.916798697718579984e+29
1.251099937798406073e+29
-1.557670042996481008e+29
1.248417388811738693e+29
2.205910459454358575e+29
-3.438632414844889467e+29
7.693323636213882722e+29
1.916695600999306702e+30
-3.346072010465022970e+29
-2.206295271587497343e+30
-2.033906779300519453e+30
2.081505207307085484e+29
-2.248501238699470751e+29
1.265489586783192048e+29
-3.204422800972563084e+29
-1.205583301449656942e+30
-2.297734188612776142e+29
-1.895898952086756406e+29
-3.290534628713116238e+28
1.031921583698533048e+29
4.013589497945948848e+29
2.994687619955578581e+29
-9.664813722254120709e+29
3.954591655373711122e+28
2.010032226659265443e+29
-7.264216620489956310e+29
-9.822575301339994262e+28
-1.274076313790394545e+30
2.656724733424937539e+29
1.266541359338071731e+30
4.232085479071125878e+30
2.809921798609543617e+30
3.521203461641527014e+30
4.037929458615493223e+30
-1.073975375467224526e+29
-5.715505903734886967e+30
1.030312618522936818e+29
-6.862383661683398822e+29
4.355239314963772780e+28
5.058385951091294176e+29
-1.254974823741485589e+30
5.230986655020490880e+29
1.804449229151996052e+30
9.397886145783230046e+28
-1.442282546396363856e+30
-4.600254692993845828e+29
4.611869040760854848e+30
-3.088925914758440023e+30
-1.114898119323435053e+31
4.362605162155584358e+30
1.969048053584672735e+27
-7.651936586963665154e+27
7.008499185220184669e+28
-9.737069397987675915e+28
1.589583432231078033e+27
4.017783176850696053e+28
3.230395555006970465e+28
-8.113409416662484058e+28
4.197483437860063489e+28
4.082065773397992799e+29
-7.339718220438632472e+28
1.341935894595466207e+29
1.924363087862543918e+29
1.754643254852862349e+29
-1.514408305891859503e+29
3.926822176490057609e+29
-5.335989096506834238e+27
-6.229686065163226198e+28
3.233946977783195969e+29
4.825739337130484675e+29
3.687822006072383257e+29
3.456614892197607056e+29
-2.632539859691607027e+29
-1.445426636301349904e+29
4.424250315093693855e+29
2.015670209179539988e+28
-1.133359346912819325e+30
-6.439511573915808253e+29
4.291476182956020732e+30
-3.797433862507720247e+28
3.141347242824219259e+29
8.697721756580434358e+29
1.650948350511764577e+30
1.033012535667159808e+30
-3.183802162631379778e+29
2.757096110516672490e+30
-5.536921193101058407e+29
-4.918917099755327451e+30
1.272342155494612567e+30
5.145058017890496684e+29
9.572731764846865694e+29
-1.636837752114858117e+29
2.254539295826837019e+30
2.617357911066404423e+30
3.665118325191964815e+30
8.806716322872830845e+29
-7.111434160839853739e+29
-1.467409553984979841e+29
-1.039964119882059281e+30
-1.671783166318103449e+30
1.193215964939388654e+29
-2.430824150589952779e+30
5.619707979754904003e+30
-7.291932218767148700e+30
2.301886220665801693e+30
-7.896746038455695516e+30
-1.208128287820925315e+29
-1.200854665839138508e+30
-4.461782635019256639e+30
-2.916770230073466877e+30
3.063896179992351261e+30
6.315712774371857516e+29
1.306044225672513760e+30
-1.531106914549747032e+30
9.045610133281487786e+30
-4.065289962603358324e+30
1.573053535168118207e+31
1.794725618480772622e+29
-4.030562555573714018e+30
-8.416993737123739286e+26
1.285774307714294214e+29
-2.004880459522597455e+30
-1.317496835304659910e+30
8.826743878573629125e+29
1.108228900376311647e+30
-7.279611611866106633e+29
-1.587920268191178549e+29
-4.266119465962189876e+29
4.044408025289165342e+29
9.317450330422365197e+30
-2.837880095529389956e+30
-6.574089949009686248e+30
3.019040416127997662e+29
-3.214975705068035871e+30
1.914447811871484778e+30
-6.927031456450105992e+30
8.439139175316228579e+30
1.831771101182097999e+30
-2.872902018100636610e+30
2.350429519648928766e+31
-8.391589296388112977e+29
-3.486694311104423868e+30
-1.105268207601266924e+31
-3.142903936653355739e+29
5.089831365479571096e+30
1.695989908593851650e+31
-1.772912685673852985e+31
1.824902623737050322e+31
-4.481016494160205086e+31
6.990050036788735399e+29
-2.915900944732495435e+30
1.874118331935284804e+31
1.096892888666426392e+31
2.521715230724681161e+30
-1.384676990297394628e+31
1.366789507574462444e+31
2.419888718999975216e+31
-1.948123302391154497e+31
6.098846034291101696e+18
2.327363635450798899e+19
-1.849972027464702689e+20
1.611996530246972080e+21
1.845034979968297992e+21
1.447851817831732399e+22
9.820027477040388951e+22
4.425511979679099168e+23
7.852396565279650611e+19
-1.675535711332252149e+22
-1.512361816915189118e+23
2.634414120513355781e+23
1.143883908826293485e+23
1.101632598742562454e+24
3.930230109902788962e+24
-2.423445702983866507e+25
1.497333460776191001e+21
-3.980895444654022145e+22
-2.755145164529280116e+23
1.175469770985251948e+24
5.771548912939788403e+23
4.282774032491661257e+24
-1.313775863218224518e+25
4.129494573698491721e+25
4.902644502819404052e+23
-7.502353713939151533e+22
8.440789632923638149e+23
1.593893907122901752e+24
-4.001315485677577149e+24
-6.308898067772266607e+23
-6.201368931210442941e+24
2.540376741661451850e+26
-2.327337435381713114e+26
8.484789491441165109e+23
6.029378986730773178e+22
3.551499083274881100e+24
8.179927864409286980e+23
8.061997234423683592e+23
4.645911627265319253e+24
-1.267330723205782396e+23
1.819942718044281355e+25
3.444835590071269232e+25
1.949031835406819355e+26
1.068772002234739177e+27
-7.854213590237202581e+23
-8.946794069845654215e+23
-1.185977564872690060e+25
-4.877917236377738375e+24
1.157731444817167901e+25
2.331719684998856507e+25
4.574330567446644230e+24
6.997695441679683367e+25
-2.869668900394731380e+25
3.508909811644449754e+26
1.707450662944278982e+26
1.018667285214028191e+27
1.436152740182930701e+27
1.213881875145012361e+24
1.369600717712038174e+25
-4.270847332038411456e+25
4.231790300980607807e+25
1.650446687771383068e+26
-6.701432247832743317e+25
6.019875460157402979e+24
-2.207558358351182045e+25
4.801718929242836071e+25
7.285379472772869109e+26
-1.218424837702439895e+26
2.896116169915824330e+26
-2.517325781671298951e+27
-9.866115446713367682e+26
1.904437799555177592e+25
3.649697299145078087e+25
2.869994534118115282e+26
-3.071218864104009458e+26
-2.657265590534867588e+26
-1.819168940076361170e+26
-4.755937656961979223e+26
-3.357092184954832165e+26
3.553334116726353497e+26
1.621786136018333932e+27
4.124856280797281114e+26
-2.949406514870068957e+27
1.568519706190563970e+27
-1.271449657019620414e+25
6.507186496779163987e+25
1.695080097495921779e+27
9.148710529359650487e+26
-8.301804057704626712e+26
1.374183280002651750e+26
3.239878486567169324e+26
2.073629615250643022e+27
1.722095510967637844e+27
1.926211125269136702e+27
-7.734852440819142972e+25
-3.793262961881279771e+27
2.496890481664856582e+22
-7.852801670450507258e+22
5.747622026938048053e+22
-1.458426419031283325e+23
-3.360193227176603780e+23
-1.051312228475404200e+24
-7.375444980990680970e+23
1.327364455168985247e+24
2.064624392243225580e+23
8.760608770132896530e+24
-9.490219555906971664e+24
-5.214966640120337160e+25
6.323980924242875281e+25
1.842532550224099863e+26
-5.666996253623860467e+23
6.691959168641837199e+24
-4.033836327664359186e+24
3.709009266069375531e+25
4.828393712771865664e+25
-1.162658471236621929e+27
6.192530918349831583e+26
8.793665078000405122e+23
-5.478534660358885083e+24
3.645019976147856710e+25
-1.148321117066226104e+26
-2.014393018595296430e+26
-7.912612230747660036e+26
1.335153522765344859e+26
-5.742504836934905743e+27
-2.938847648720894863e+25
-4.017501688621770725e+25
3.183965588657135230e+25
-1.697291818038920370e+25
-3.028507151900779454e+26
1.051192283963384198e+26
-5.344518855413275818e+25
2.470001969986344832e+26
-3.977973650215633676e+27
-1.130648195463975862e+28
2.049022408411871449e+26
-1.548151931831726766e+26
4.673220344052922397e+25
8.464360172091450846e+25
-4.623556610242193056e+26
-2.213094046479042095e+26
-6.793527256553703602e+26
-1.179425988326942544e+26
5.976868456623059089e+27
-8.867348472796882431e+26
-2.868041998910130375e+27
-1.240894873739685606e+28
3.012648919228368618e+26
-5.681884107626418517e+26
-1.964229191215434421e+26
2.186754111401766153e+27
1.057951939130662755e+27
1.401833125626879647e+27
2.419433128652490703e+27
-9.829345380180564565e+26
-7.156676140173470809e+27
1.043525083079666889e+28
-2.339250919497539666e+27
2.288599816029221458e+28
7.870563880854095189e+28
-8.726554063250266474e+26
1.560907426968270839e+26
-6.864046648304125215e+27
-6.062456710121841620e+27
4.540728808400231112e+27
2.867066199852029786e+27
4.577769037741478325e+27
2.711032139687414963e+27
2.872583480918027154e+28
-8.106195871979157698e+27
-1.116012102948251583e+29
-8.023539478005831910e+28
-4.396071406230666180e+27
3.620760674681573908e+27
1.617307411153593772e+28
1.687221444316505591e+27
3.522401344954412588e+28
-2.215654800238961579e+26
-1.930651028588079484e+27
4.881008656091311719e+28
5.702464475235027655e+28
-3.203205823486640157e+28
-5.732938056145751519e+28
6.298847988145925034e+24
3.376773088920520799e+25
-1.950092261576909344e+25
7.056958862292275366e+23
-1.245589815247703455e+25
5.110933148181761621e+25
3.777857579505935851e+25
1.195157168654772068e+26
1.417170024860383527e+26
3.042531578570480114e+25
1.397693509605321597e+26
-1.584698849433013641e+25
-3.755508690862746473e+26
1.142009285328184282e+27
-1.570511011261147459e+27
-3.321600225604030364e+26
-4.709604372976157440e+27
-2.171479227556541406e+28
-1.649155361968966840e+25
2.686581830875604700e+26
-4.284207347327721170e+26
1.201502955808674566e+27
-2.601974851509211996e+27
-1.785370557341521203e+27
1.603262767405422337e+28
-1.018545161383118515e+26
2.976246505822383189e+26
1.704976953775743650e+26
-8.796386073689625391e+26
-7.833931128930502330e+26
-2.664280652933200267e+27
-1.946911644697485173e+27
7.494337940480144239e+27
-1.149151554339993097e+29
-1.036205080455279731e+27
-8.649926347373576034e+25
2.766581174344736273e+27
6.472116810050647187e+27
6.224963841453098435e+26
4.635304851943189594e+27
-4.383318385940128137e+27
-4.062552143106292524e+28
2.069511668035726129e+27
1.202510509344597744e+29
-8.985114481733942171e+28
-1.082159741740537010e+27
8.043146564135751791e+27
-2.960244021015271209e+27
-2.003751579374687388e+27
2.283538444807642594e+27
3.262510071938469754e+28
4.009632766955481812e+27
-6.257296154339308360e+28
1.000905845107207292e+28
-1.309580998703433310e+28
6.056605018523774506e+28
3.193747534994480353e+28
2.427568087289158242e+28
2.704728315142958826e+28
1.870917158348296630e+28
3.709560657860059173e+27
3.151930926731384643e+28
5.402211143518103532e+28
6.099951737690379630e+28
2.793357768502629530e+29
9.151683566201909897e+28
5.544772495209374030e+28
-4.357503226194895917e+29
-9.506503208705940801e+27
-4.664623456327652437e+27
-9.343409931842250310e+28
2.264086958942169864e+28
4.033843480433050337e+28
-1.475845854777801530e+29
4.114214875652881397e+28
-8.987834225528930409e+28
1.221834752082556903e+29
-6.892137736082788639e+29
-3.591402039939021261e+26
-3.486996846129119638e+26
1.795355219038998012e+24
3.649723573760887656e+26
2.712831135106138896e+26
-3.088474192926747213e+26
2.613763206958382114e+26
-4.427772380468850385e+26
6.655723927806902398e+25
1.003461011418591430e+27
-1.534090959091612430e+27
-1.074977993131108857e+27
1.207903842572890110e+27
8.397025651163107227e+26
1.849878474319981707e+26
-7.544871775548297618e+26
3.119610013486059144e+27
1.696433248022437999e+27
3.601263227956628808e+27
-3.222988138157915675e+26
-2.550734446468149152e+27
-1.552561673010163521e+28
5.443573261901863583e+28
3.400906836954594385e+27
8.853275350836135859e+27
-2.315688953611264215e+27
-9.245394261051196278e+26
-1.546026915858565448e+27
6.252368847315589543e+28
-3.309650360203886338e+26
8.640643791025761205e+26
1.525008821555502519e+27
1.462977100519123242e+27
4.987232614339407881e+27
-1.055636641699764703e+28
1.172239486177953663e+28
-1.860840419383733049e+28
5.845869628842907672e+27
3.296351794671426696e+28
-9.175862604517944834e+28
6.178553973547973826e+28
-3.347117000602112089e+27
-4.034443285577582887e+27
1.656505415869939398e+27
3.325260673671206059e+27
-1.313404524132421257e+28
3.583228371561953288e+28
7.604428463514540595e+28
1.834119649969407497e+28
1.320888485441562733e+29
-5.032102604929417616e+29
1.360536064160708571e+28
-9.472639579402115045e+27
-6.906501362659647944e+27
-2.266675234845484498e+28
5.652940303205579438e+27
1.808005106956137778e+26
2.118438648834969285e+29
-9.982474091574111426e+28
-8.639900430092033911e+28
-2.581138371447911918e+29
6.358718946737065078e+29
1.312955356270545275e+29
-1.061690741226912510e+29
2.245944884446855263e+28
-2.272397816445022124e+29
-1.133853480736029739e+29
-7.735462703473946731e+28
-6.671125339145809984e+29
3.015323819725466694e+29
1.283533509412950286e+29
2.926325308435940998e+29
-3.809738722786501383e+28
1.150887323965332579e+28
-8.498226325376835484e+29
8.244158668199508034e+28
3.693956901338112581e+29
3.672178770125890787e+29
-2.858388603281252733e+29
3.082413966688102963e+29
7.838464517035717301e+29
-3.912684398396199938e+27
-1.277371962336085276e+27
6.088500569753248054e+27
-1.178292788697405829e+26
2.061126870143949679e+27
1.053633557752679057e+28
3.291238043967896827e+27
-6.131837463638034626e+27
-1.805151706674784158e+27
-1.400943870755733543e+28
5.071384205052816402e+27
-3.255902742599996693e+26
-6.702881557229463802e+27
-1.222272768707725668e+27
-1.438197315214010558e+28
-5.188028206098111725e+27
4.830524166586969722e+26
-5.923254866669130218e+28
4.522550770882698141e+26
-1.732539979363673639e+28
3.424694628066422144e+28
9.081396692294390901e+28
2.226374265455997706e+28
-7.733964182759904494e+28
-4.124912804128755023e+28
-2.030357578995412414e+28
2.950868622161491313e+28
-1.453348974940653269e+28
-3.337281400486127393e+29
1.148108623110763066e+29
1.000811917562591327e+29
-2.180469644048226995e+28
4.671591951071124124e+27
1.335480969299287372e+27
-6.914828140871280425e+27
6.691993882820678424e+27
2.567709649819184933e+28
9.461884273580272856e+27
2.573805293886167688e+27
1.184446979509297222e+29
-2.329491329239054876e+28
-5.918187836289841676e+27
2.703886304079883060e+28
-6.754009978922425594e+28
-1.205545941937298323e+28
1.142923072255360841e+29
-1.041686642359481432e+29
1.060244457418799540e+28
-1.268049821930598016e+29
1.069899361214805464e+29
-4.568136726605341233e+29
-1.542308504725411652e+30
-1.678324356637721227e+29
-5.005510023335479464e+29
1.853377649285390481e+27
-1.287204437665796738e+28
-4.586635830427989321e+28
2.336618974353653121e+28
5.387662645380222622e+28
-1.980936703472565789e+28
-3.813285539442676893e+28
-1.485234668890479335e+29
7.461391693816422649e+28
3.230246873627751258e+29
-7.070365264666687568e+29
-2.941258905885065180e+29
-1.188843776249814340e+30
5.626353213641788733e+29
4.267973666782387019e+29
5.009540151451005406e+29
-1.113322365541357569e+29
7.099519432410708850e+28
2.221456407209762791e+29
-9.661142123632270445e+28
4.350254697836922639e+29
-3.673016037319374362e+29
4.534379462466216691e+28
2.713860667160862045e+30
-2.144518195945604202e+30
3.362212253109813784e+29
3.313359443631576743e+29
3.858705424784948071e+29
-1.664016025255714858e+30
1.262563636285484708e+30
-2.218697691080732917e+30
-3.159225275043719265e+29
1.463100278131299740e+30
2.018445173339886209e+26
-1.212236150413880035e+28
9.133720155983882719e+27
3.461359111591054120e+28
2.698296025412176434e+27
-3.908979866628063048e+27
8.291739928344276376e+27
3.869746289144511486e+28
3.969212282550924444e+28
2.947391687553547755e+28
-8.898907649913776673e+27
8.173166881834988199e+28
5.021539657355625870e+28
7.005002969647053939e+28
-1.079054748603206556e+28
-4.482375052706843367e+28
-5.775966014751343082e+28
1.120261117063814041e+28
-2.675149164751601285e+29
2.131096442712910959e+28
8.569818629758763363e+27
1.001104057135605461e+29
5.649138982003903903e+28
2.591431156808230466e+28
1.874230577387563451e+29
-1.422784963949483115e+29
1.176988428445921661e+30
5.446903576113874529e+29
-4.409167359500570463e+28
-3.681585680740498374e+29
3.037758735279992372e+29
5.586577214075064213e+28
1.832114632755094002e+29
8.166080595963718225e+27
2.351112173552462084e+28
-4.857120838533204548e+28
2.633601197725505898e+28
5.600357652363878729e+28
-2.979330490382289027e+29
-4.327329259228478145e+28
4.985557953772539062e+29
-4.852780884868016907e+29
4.314295027034806074e+29
4.170814932237205683e+29
4.910989831485922822e+29
-2.706231256598903311e+28
1.061742179024467504e+30
-6.294180960594137075e+29
1.606701525006902325e+30
3.495058487165543666e+30
3.274969899741215102e+29
-1.143304610179971375e+29
-8.563335283782032138e+29
7.514025225712483049e+29
-2.705258455649634564e+29
-2.763950280402157835e+29
2.076133340635596199e+29
-1.215007755261192882e+28
3.372939574384319759e+29
-6.979059417494530627e+29
4.041223614550378422e+29
3.833168526461532188e+28
4.986510086630272501e+29
-2.324050475230691933e+30
-6.490599436005288496e+29
7.072762185503535052e+29
-2.922896267146843045e+29
1.503222544121599758e+30
6.119916524665941890e+29
1.228118400815158676e+30
4.282554803323130871e+30
-2.550018402599994690e+30
1.799224510252864263e+30
1.432329766730773594e+29
-3.424423727144343420e+28
-2.402098838182612938e+30
-1.821594140225057618e+28
-1.419327062777897850e+30
-2.687823969057936116e+30
2.475521558303237600e+30
-1.060159975685619677e+30
-6.080878435660407070e+30
2.165329138587143417e+30
-5.890761161311362006e+30
1.033604910090295407e+31
4.105490005991808900e+29
-3.516550782478854135e+29
9.544833697886897868e+26
5.837436782909743939e+28
5.298851250296446532e+29
1.025676212674436704e+30
-5.435212741316459009e+29
-9.807122469390240142e+27
-1.041443261211263962e+29
6.566167127543594575e+28
-4.176452675663494111e+29
3.714184455837540447e+29
4.306327400381610745e+29
-4.117486871667998215e+29
-2.489875825655757598e+29
-5.294697413770746156e+28
-4.116064520453236487e+29
6.836164907757735054e+29
-5.583098118446191111e+29
-4.472737934902569322e+29
1.033454201687773599e+29
2.419020648288346732e+29
6.190329907676795593e+28
-4.232166858126719408e+29
-7.839860043743972590e+29
-6.992531530389531720e+29
1.049401394887531719e+30
3.071900466446965198e+29
1.996165353751677010e+29
2.632718733845760876e+29
-4.850914833821874533e+29
1.382813946111185082e+30
5.670587070689359330e+29
2.870789490344351526e+29
-1.360197594009005463e+30
-6.447532159414346284e+29
3.573523633746924486e+29
2.472587099106177317e+30
2.860042238261029244e+29
3.045458752845087968e+30
-1.101640733936430542e+31
5.296159377189030964e+30
1.706920371071145930e+30
3.267437593858398507e+30
-4.550264336684406226e+30
2.811484889101654685e+30
-5.183467890514688737e+30
1.323696827804539012e+30
-2.322038403134591163e+30
-1.099681240483456079e+31
1.828393684630265315e+31
-1.416891286229814889e+31
4.714376057653968248e+30
9.619974984943406713e+30
-1.418498045095890048e+31
-6.290424530195880682e+30
-1.433477372113974796e+30
1.230186613345758403e+29
2.963348682042894599e+30
-8.421363144001049154e+30
-2.854068195226165298e+30
1.981336635672693402e+31
1.016645475764139964e+31
-8.349679520196998488e+30
4.010060172039646451e+30
1.978684735207212223e+30
1.758334904062557916e+30
1.071784363370589759e+31
1.935706046002006895e+31
1.526871895967252565e+31
