-1.272191377966435200e+16
2.808345853406883840e+19
1.957594011647147377e+20
-9.956966082045088891e+20
3.721628641526967960e+21
4.524265924068210901e+21
-3.371884527619672113e+21
-1.117283276395461602e+23
2.670925462545838144e+23
4.012059733294549402e+19
1.711565245221005558e+20
-5.489236297250091565e+21
-3.182290260764831777e+22
1.205490267511261170e+23
-1.280878254233542774e+23
-2.046723398593100644e+23
-6.160414705487639239e+24
-1.363125846764636596e+25
3.646014694950326764e+20
-6.577942498242402976e+21
3.663381217922648637e+20
-3.546393835052294210e+22
-1.908877982239758169e+23
-1.827043703639712381e+24
-1.248442227970776247e+24
1.278693918316494673e+25
-2.395624645148600145e+25
-1.734745577157343576e+21
-4.488611606880929291e+22
-4.352740513523892077e+23
-6.659622287041278404e+22
-4.190479488756984274e+23
2.876305767921628270e+23
6.764138961025377006e+24
5.288707231883931897e+24
-1.340094934582041001e+26
4.150130495612785440e+25
4.880851958433939718e+21
1.322134783632185670e+23
-1.116289670119752263e+24
-2.443862547327830899e+23
3.125773221742970027e+23
-3.443166163478521515e+23
-5.776373509501295742e+24
-7.746133627491976988e+24
-1.981256584217631493e+25
1.496655238075603068e+25
-1.215515322534923065e+26
4.793771634831573265e+26
1.159909995315937149e+22
2.154678364210989273e+23
-3.398521231750313181e+24
-1.271658581074626313e+25
4.596800303943677599e+24
-1.277973066760092979e+25
3.923640164931151744e+24
4.533080376852875380e+24
4.845805847839511952e+24
1.928014902916056075e+25
3.665196950515380358e+26
7.636964843866669352e+25
1.709834600181997988e+27
-2.742148560834150418e+26
-9.511996412655743009e+21
-9.874009021976421387e+22
2.188379275172511788e+25
-1.233697020646686042e+25
1.541317202005880700e+25
1.924312898731768047e+25
-2.401999991550719258e+24
1.142076711359918482e+25
-3.490572678715275626e+25
1.460169949565670859e+25
3.257989747245088238e+26
-1.061859641459805917e+26
-1.499088639195173411e+26
-7.056003452740309792e+26
7.380103842248036739e+26
-4.748593930458126457e+22
-1.320607207142959402e+23
4.680252345372527858e+25
-6.681368102283496758e+25
2.609419822771765179e+25
-1.703787663324677555e+26
-1.237968544287172919e+26
1.184357962420969042e+26
-1.690562685087062893e+26
3.170746635678843502e+25
-8.703119123852842378e+25
-2.497892810315674793e+26
4.004924786146985800e+26
-1.103161486865493113e+27
9.173664771705090951e+23
4.367360110461796003e+24
1.046645952686988883e+26
-7.584522389247610332e+26
-1.912986651481228199e+27
-7.072926985358727789e+26
-6.278928199478244229e+26
3.278008604757894390e+26
1.529667413881770226e+27
-2.658173559598847481e+26
-1.217544082532234894e+27
1.475395025413439597e+26
-6.012612393181874457e+26
2.386980958049210991e+21
-1.099873107553728594e+20
2.373178552583770132e+22
-5.189353906493178302e+22
-3.708512603422097356e+23
1.943665496304326824e+23
-3.931219016348399126e+23
3.230242857563728957e+24
-3.418188211442224843e+24
4.457984089793823219e+24
-4.186556831141547328e+24
-1.314413431522060768e+25
-1.692875550662400962e+25
-1.005009553764345598e+26
-1.048897323661258781e+25
-4.570461425349126764e+25
-7.354385692456817986e+23
3.838583008509414500e+22
-8.473825868427431925e+24
-9.263511464480227142e+24
-2.775628411947100452e+25
2.388377891995184131e+26
-2.066571885066987031e+26
6.980034973830791860e+27
1.047030099252374579e+24
2.970213265746460418e+24
3.109292866228320417e+25
-2.024180674793964012e+25
-3.416837390493347147e+25
9.020355631664345017e+25
2.724040279338884759e+26
1.680692639691770672e+27
1.768665092126186623e+27
8.727119214900058484e+24
8.311561629207737196e+24
-2.235648310198041110e+25
6.555984837225157804e+25
1.542035037457593682e+25
1.377448821767759711e+26
-2.596938682878102549e+26
-7.781535346857506426e+26
-6.414456197786962888e+26
5.842810709446034050e+27
1.758817203614559947e+28
1.499914087401535597e+25
9.017561327014193838e+24
5.186710824409717745e+26
-1.088523974742494495e+26
-1.939608385476507681e+26
9.436599263288375068e+26
-2.636616013085466529e+26
-1.585139613150312648e+26
-3.633907755754955005e+26
-6.085140854473829201e+27
2.207351047696896965e+24
1.280051270670991218e+28
5.502631968399148890e+27
-8.703625935547853722e+24
1.024238237629155900e+26
-4.969471967946791301e+26
1.067263910003824845e+27
-4.090000509395999755e+26
-6.360434160466718618e+24
-1.013370582389791611e+27
1.459620982811257716e+27
6.947632520265293869e+26
8.034380159652871579e+27
-2.622887184919339546e+26
1.347434144579228616e+28
2.115831607179224680e+28
2.643862276654786347e+28
8.052127177532542357e+25
-3.323907287463494740e+27
3.080550431267625476e+27
4.195290822495263507e+27
-9.185730995552404684e+26
-1.408861609268617475e+27
-2.374146276545838283e+28
-4.449622271080662732e+27
3.869990499186403795e+27
9.283162366535782235e+27
4.174320263580624198e+27
-3.737867180293102232e+28
-6.334057387277998209e+27
-2.107268950247063972e+26
-6.393437064107203584e+27
5.722705355784701194e+27
-1.103986095121967921e+28
-9.439315111887281687e+27
1.417579309518219746e+28
-8.357987180070954252e+27
-3.297058925616766792e+27
-1.170012811730926906e+28
4.169340751860635194e+28
5.437938851244071081e+28
-1.602791206511719321e+29
5.158306993721549552e+23
3.614805733316493983e+24
4.173087474271072824e+24
-3.005504151955059092e+24
4.000038422333198797e+24
3.908301341874384000e+25
2.356185627687937764e+24
-1.639220417578333982e+25
6.330508809445063268e+25
-1.024969659912523923e+25
-9.170850500541211779e+25
-1.489176846553408384e+26
2.770691164158286058e+25
4.024640678666222182e+26
-9.934780392346029949e+25
2.690613125411090301e+26
-2.414166724083835116e+27
-1.690157351464876107e+27
8.625408060675585010e+26
-4.265918711589810535e+27
-6.133363980297010863e+27
5.312429284140229065e+25
6.223032535750081767e+25
4.567988596606847628e+26
-3.526819794344412174e+26
-5.578250608944923046e+26
2.924736413760447668e+27
8.112279265674975364e+27
-2.885250528797440451e+28
-1.494704125586117323e+26
2.697521418683831367e+25
-1.014215099743754455e+27
3.375652139491460616e+26
-1.484815559525739475e+27
-8.906187446875277320e+26
3.061476445963687814e+27
3.936889392314213185e+27
-3.254756444538637984e+28
-6.840951997568323410e+28
1.349934798249824850e+27
1.410756965580279235e+27
-5.223894322033847745e+26
3.410117301818922629e+26
-6.702585607692667928e+27
-2.095846480595259205e+27
-1.467798235611773629e+26
5.517553347379984585e+27
-1.253702014655924764e+28
2.033959063696780796e+27
2.175301859180394199e+29
1.669962310246386333e+28
-1.194053226690509925e+27
2.550080361449140405e+27
-1.459974540283740973e+27
-7.475337032573621250e+27
2.821370247606832144e+27
-3.532262363071738420e+27
2.109304487906824868e+28
-3.619884369324480707e+27
-1.571063747482155661e+28
-1.115074227545844406e+29
4.026139427485460354e+28
1.660881151127876817e+29
4.043653723237601681e+29
1.899914853428501900e+27
6.529695934201505180e+28
-8.927788635598605056e+28
2.016361755000582309e+28
3.569438016863948461e+28
-1.037460174939534843e+28
3.169169033240564382e+28
1.098465308226068999e+29
2.581729186047906275e+29
2.467231066561753876e+27
1.739435821399312821e+29
2.602651075227528446e+28
-2.890687482504550423e+28
5.442022081675803257e+28
-1.238992274871993261e+29
-1.152471957453391387e+29
-2.955180997356144771e+29
4.955641676722092976e+27
-2.990624942978394431e+29
7.351546334864792143e+29
7.843656857505957175e+28
5.034510514386943591e+28
-6.370238190037221009e+29
5.654713798258599007e+24
3.016186766919208646e+25
-2.427080464730774279e+25
-1.162887404367138240e+26
-1.421773071121578140e+25
-2.010261352565045811e+26
-1.571712025827324632e+26
-1.016389276792765808e+26
-2.505393061686067364e+26
-7.769590253896692902e+26
7.440996825929755675e+26
2.553822971267793138e+26
2.226007349300482414e+26
-1.901602758420517483e+26
4.569049521054592824e+26
-1.335647724253824606e+27
-1.352751654000912148e+27
-7.769832832808495439e+26
-2.347865044134365780e+27
-2.132446403229338767e+26
2.010453036989856059e+27
7.217162857988774615e+26
2.248474572489474582e+27
3.813371327104467780e+27
3.077585685904200357e+27
6.911241944020160863e+27
3.037059270296157921e+28
3.884263704611463480e+28
-1.372533432664337373e+28
-8.168190762972938648e+27
3.823845856021069396e+27
-1.116568357971565781e+28
-1.941443501144948062e+28
-1.642917181553140635e+29
-3.991143789506985004e+26
-5.049625299140112324e+26
7.695943117986762461e+26
-1.282757892532334504e+27
-2.863656496661737593e+27
-1.406952797548119542e+26
1.188632342894545075e+27
-1.292388473169207893e+28
1.359964541921739028e+28
-2.114018780588722956e+28
-7.715062644822863047e+28
-4.182735099223279510e+28
-6.873792088191248069e+28
-5.333083855076510592e+29
-1.490800059394393917e+27
-3.159944361196739697e+26
1.365069829811563885e+28
-1.487132722906461799e+28
-6.490174078587177151e+27
-1.408239047764327628e+28
7.869861628619111348e+26
-6.238069403446436141e+28
3.231694438661519714e+28
5.300237302952948553e+29
-5.677796756187203336e+29
-1.575889884895756208e+26
1.184395352430344602e+27
-2.798051757934638462e+28
-1.581323425949604813e+28
5.230206180091675931e+26
-2.192233622061401685e+28
1.824815820904589221e+28
1.119064469106568782e+29
1.115792482414083513e+29
-2.059182489858487902e+29
5.527312441663139425e+28
-7.025087671201149577e+29
6.163754975848551456e+28
-1.962954253082790449e+29
2.492795298118045575e+28
-2.558385784741338238e+29
-3.072476852898987874e+29
3.043991480251871230e+26
-7.053157931573608441e+28
4.115779549845223524e+28
-4.899563976240701428e+28
5.804879852659097619e+29
-7.928285561456203857e+29
-3.237788729650278086e+29
4.650773187212974510e+28
-9.597296670529712075e+28
1.026139607482018507e+30
-1.478877120084210489e+28
1.168936994483187944e+29
2.844839161398968107e+29
-7.613475593663098654e+29
5.704671737207220129e+29
-6.318338307163368405e+28
1.092554852392708824e+26
1.250376930998782579e+26
5.064253209063612445e+26
-1.448239561182484281e+26
-5.301095131777786884e+26
-9.552710900729261089e+26
-5.112907641803258077e+27
1.085573506368128452e+27
9.649281200855606837e+27
6.031809693348154496e+26
-3.582926546533236644e+26
1.184545940638865243e+27
3.688380164017661846e+27
-4.253949267587661831e+27
-3.896403811731300530e+27
6.074327654743194737e+26
2.810873960367990470e+28
-6.511571083607704644e+26
-1.340206030950300626e+27
-2.283925862855768532e+27
-1.005075144028246779e+28
-1.979469872432192257e+28
-7.959500297582021273e+27
4.903698883016958955e+28
-9.720750253993180368e+27
-2.039004771931460032e+28
5.628662036635962951e+27
-1.315021503160358168e+29
2.244774177674471410e+28
9.349528279605852021e+28
-6.635037089570027164e+28
1.044227141292162136e+28
3.440800563090888073e+28
1.932235458257658097e+29
3.847224863478625485e+29
-6.205234462112264974e+28
4.740471462908320722e+28
-1.200925156000517078e+28
-1.249042060282451411e+27
-6.756503385481072466e+27
-3.374405715384130134e+27
6.199796157323503175e+27
6.557915555709225496e+27
1.406694738343254311e+28
2.378831509957716128e+28
1.629556022231680419e+28
-1.857566263739906255e+28
8.324114035449045685e+27
-6.270380670725512360e+28
-3.169648814478542550e+28
2.071850820254841261e+28
-3.633145206317678895e+28
-1.374614178086484844e+28
-1.223828840990154477e+29
-3.056044914095246070e+29
-1.590210678081282920e+29
-3.011884954936350167e+28
1.281480190704165273e+26
-8.169371578542757382e+29
3.395098265767449831e+29
-1.409384339304404121e+30
5.725354421081375972e+29
8.999759976705081319e+29
-1.422702112800630999e+28
-5.874035136050648384e+28
-1.979903795489559370e+27
-4.159811975963923576e+27
-2.971798906582819890e+28
-3.334497896749639684e+26
-1.643009349591146390e+29
5.337513651673185261e+28
2.694207672316674675e+28
-1.669930043291726132e+28
2.434793695425984279e+29
-2.068501378360707914e+29
-5.322253215949705462e+28
-1.570955849662143357e+29
-1.498949758704623881e+29
-6.720989432893534451e+28
1.060262136277976022e+29
1.128200465080990261e+30
1.263758585282638720e+28
-2.348584678289292620e+28
6.752230306462085618e+28
7.848822778368877908e+29
-1.908408810811479352e+29
5.059856168563439588e+28
-5.905061735774059708e+28
1.537541111106934991e+29
9.391428903868373441e+29
-1.388758730133524525e+30
2.623643239846746566e+29
1.511818827660107211e+29
1.329463281621130800e+30
-3.257256890705051586e+28
3.390595731777462413e+29
5.756112912752259729e+29
-5.145846742295270157e+29
-5.556052342979104250e+30
-1.236344429329626415e+30
4.309927951547405423e+26
-3.191747113436216192e+27
-4.704329276637074724e+27
-6.144563170380905403e+27
-2.793073341315191174e+27
-9.578557033994425428e+27
-6.562171594785346938e+26
2.669798002560472020e+27
1.901516093817616334e+28
-1.027763028344263144e+28
7.410627795307885929e+28
-1.014909666175931255e+27
-1.712064370246686136e+28
-5.154510818233547944e+27
-3.348083063807249667e+28
3.695800722724564461e+28
2.308310562675746677e+28
2.510855308993435279e+28
-8.653940606565299533e+28
5.882438244868871394e+28
-1.251160588502689925e+29
-2.762888264706757914e+28
8.174598737765716572e+27
1.299578621165439892e+29
-4.157604617636726604e+28
-2.861299869577185160e+29
-3.339410607854402489e+28
7.809903781129470959e+28
4.600142378552013375e+29
5.014078504857993160e+28
2.458469066337461857e+28
3.338911273855424643e+29
3.365204240863587369e+29
-7.612627287568659166e+29
6.458050537819742237e+29
1.356920296749525038e+29
-4.013689285267410451e+29
3.903003368928536598e+28
-2.711763914530077835e+28
-3.428767000206699131e+28
1.296366166546657937e+29
1.145296121842050718e+28
-6.271099411936899434e+27
-1.205444540298444725e+29
3.200584015619797917e+28
-6.505214361702549959e+28
-9.697541558414458856e+27
-1.823780986946913169e+29
-3.811275927848994134e+29
-2.507563428608816290e+28
-7.551519211169955659e+29
-1.222402260226206260e+29
-7.830486379422029904e+29
-1.697213887085206647e+29
1.454787558906357625e+27
-2.790601620196205989e+29
1.272067650299010576e+30
1.999894982930087733e+30
-1.569831096084408058e+30
-4.035575560756450865e+29
5.926448989777557181e+29
-9.599791710158468564e+29
4.257048872348495493e+29
-2.171664313016623486e+30
-6.622768802635579973e+29
3.162682025116990050e+28
-4.658186365081097730e+28
1.714993827682265829e+29
1.509898670861754346e+28
3.017722071836006218e+28
6.517622862287188681e+28
1.756903419911973886e+28
2.151522910145494678e+29
4.439853113166863670e+29
7.583109107602904923e+29
1.321846066866327131e+30
-2.454389833801297583e+30
-1.401471606115815077e+30
4.665772297958106079e+29
2.169451927907911741e+29
2.906324342341669748e+29
5.483058235176920662e+30
-1.656421333261948328e+30
-2.003274707409619384e+30
2.650977945693008839e+30
-4.063178901390151800e+30
-6.941393101756764867e+30
8.541785538870203527e+29
-1.231894557843103297e+30
5.174292129965667850e+29
-6.126685253076164941e+27
1.068704327370752080e+30
4.954245640508999037e+29
1.719923113060174378e+30
-4.494805819340399929e+30
-2.241132371997503243e+29
5.467187289920327487e+29
-3.679644503097993014e+30
-6.315390485152553306e+30
1.690265365485406281e+30
8.532354291409419473e+29
-1.590156491453976756e+27
-2.723745752284571469e+28
-1.194140006939741047e+29
-1.299037407920160389e+27
1.152885008238393840e+29
2.502338635122083035e+28
-2.974075302095777265e+28
-1.996427355765610911e+27
1.481497969551054685e+28
3.777942702397884695e+29
-5.292076666240801888e+28
2.366149216383778860e+29
3.597783189304928055e+29
-4.172576664935122025e+29
-4.464065981017542341e+29
8.819800791787643538e+28
-2.632965376743274407e+26
7.419650784113572085e+28
3.332301363006328697e+29
-5.921811061231646836e+29
5.396211164484438632e+29
6.483883735620840269e+29
-5.512098042733878988e+29
2.327851244191246057e+29
-2.253863841938107248e+29
3.854477552597708843e+29
2.469393730841873454e+29
4.861240650757222333e+29
-3.162687539105734173e+30
-4.071151398876793371e+28
6.335940405832110182e+29
1.016459961952924610e+30
1.792924613711257308e+30
2.541901732065064350e+30
-5.841080532349782454e+30
1.290962531594099178e+30
-8.530116048000170189e+29
1.335195705428819980e+30
-9.226135767735772414e+29
-3.950365628748168611e+29
-2.188576610022273343e+29
-8.601911377212853444e+29
5.092621634205769973e+29
-3.901966180846766072e+29
-1.553552982872689971e+30
6.339634392533671771e+29
2.154372137485257010e+30
-2.331819872819251162e+30
-3.897690591412753037e+30
3.482898202044118331e+30
2.182611257736155978e+30
1.360823974089290272e+29
-8.837604492993838551e+30
4.498639865397426099e+30
1.761115935796701447e+30
6.767930806535010925e+30
-4.373591808993897113e+30
-2.586144120144481069e+30
5.914157713853289377e+29
-1.721715178202261364e+30
2.805915046229480415e+29
1.203865256462067682e+30
-5.700034107050624359e+30
-8.836547675657458195e+30
-6.962794864930946524e+30
-5.513119777429041242e+30
-6.301271135575113633e+30
-4.930312609876004810e+30
5.022624659859296517e+30
5.988356104173778214e+28
-4.333260780647425345e+29
-2.216044235516589392e+30
-2.272330807622068405e+30
2.256269550179909018e+30
-3.013525751630759431e+30
-8.844235359724775821e+29
-1.055120849667754954e+30
-3.115206526003831340e+30
2.759919077441847880e+30
-7.362530034241302534e+30
1.405540733446709278e+31
7.032117680497752530e+30
5.317163502409924061e+29
1.537547970909790671e+30
2.968964780009150215e+30
-2.324302361623516174e+31
4.903001075017707938e+30
-2.528757334251258343e+30
-7.395524932070769430e+30
2.773289824332693922e+30
-1.096661348375288455e+31
1.753454739942521946e+31
-1.258596921494840034e+31
-9.322300843949442950e+30
-1.919557787246155953e+29
-1.592502619418214814e+31
3.129964654445047903e+31
4.320633632465322234e+31
-3.707990117178700958e+31
1.524488756686184417e+30
1.821716476608295443e+30
4.967983137017191646e+29
3.975216129939223037e+31
3.882148893345228651e+31
-8.565898847809746297e+30
1.424299122845060082e+31
-6.099476038601188892e+31
-5.628095299995889306e+31
-1.488489477827296051e+19
-5.485748252082187469e+19
7.190926782065732485e+20
-1.058505657514953933e+21
-1.295286491852242210e+22
-1.679122056051977355e+21
-1.498571912836801574e+22
3.975966924317433413e+23
9.505043827975557939e+19
2.048113448847545467e+21
3.351422976386294140e+22
2.392864521742664933e+23
-5.343561856403077459e+23
-3.406151305352952876e+23
4.537060478589938325e+24
1.445281270946427879e+25
-2.562231813146213876e+22
-1.719882115397980258e+22
-2.418500370112074010e+22
-6.981128180459706746e+23
-1.216464795911746769e+23
-1.822257989967050726e+24
-2.805027360528829106e+25
-9.208801676112805587e+25
-3.529652755731388039e+22
-9.733722134644008786e+22
-5.871076493165284714e+22
-3.779169840725396753e+23
-8.000419099244548032e+23
3.175402215276133915e+24
1.130330572372521830e+24
7.002617522646830809e+25
-6.008385250991863668e+26
-3.843076231463492659e+23
-8.284835918178827465e+23
7.291276273707034188e+23
-2.128112900788835846e+24
2.386252140112489182e+24
8.843193256576550609e+24
-3.777747477849359088e+24
-3.230686692611767564e+25
-3.426950950512656977e+24
-1.584626722434231447e+26
1.484031148937859281e+26
-8.403986609381754389e+23
4.094328736344985907e+24
8.498625818305521280e+24
6.382495914582211811e+23
-3.681666817598946305e+24
1.770514918220592499e+25
-5.267674673264017126e+24
2.336800907988143801e+24
2.561149982275224879e+25
-6.374245200533173188e+24
-1.890753576613694704e+26
-5.814077697594366105e+26
-6.179992679818541238e+26
3.507984847892756751e+24
6.456017754833203233e+24
-1.957293626207045019e+25
7.708922263909522683e+24
-1.227843598413240485e+25
2.335785778283899179e+24
1.844277317654965576e+24
-1.464069909298835857e+26
-2.780573473222720323e+25
6.735732441782360786e+25
-5.409809454384346392e+26
2.024670082124405784e+26
7.115717269270027269e+26
-2.766135464535254109e+26
-4.283592525733803195e+24
4.010792440813639960e+25
2.334552703835467610e+26
4.374653208377120404e+25
-2.416383169409022994e+26
-3.615265822638607746e+26
-1.174864389726521081e+26
-5.923302757537722490e+25
2.066727959631946195e+26
7.563762540410150886e+26
-4.686300907111287774e+26
-1.152858379003505958e+27
-1.585243189170550236e+27
-1.156479544313185612e+25
4.345113248999089919e+25
-3.040955889209395952e+26
2.677807300116456640e+26
6.756530157922425928e+26
-8.009069750567913238e+26
-3.075209197509979746e+26
-1.538168172974386449e+27
-5.605187458790361698e+26
-2.683803317236139407e+26
-3.640738359498311569e+26
-4.568036485576064652e+26
-4.037694570647973056e+22
-3.507746919348797702e+22
2.378133829998769949e+23
-8.333866519680393203e+23
-1.176324502097206002e+24
8.604300587383370830e+23
-1.792909702004584233e+24
4.460580352882746323e+24
8.124314516898878702e+23
6.515940375233467379e+24
-1.041135697686265840e+25
-2.754394310245274779e+25
8.841361021203097180e+25
3.062094062921824304e+26
1.007698868646468561e+24
-6.250609819703806725e+23
-1.501804036091078451e+25
3.246110289036717860e+25
-1.360395733214725807e+26
1.102205845695372394e+27
-2.935179086111437059e+27
8.301204298023260521e+24
-1.374619816197276709e+25
-1.244563386152834060e+25
1.365010842306716333e+25
-1.004226774031704632e+26
3.684597854811339107e+26
2.774890229534885970e+27
6.087726749078011221e+26
3.253360811143448905e+25
-3.272340965287040965e+25
5.972905397593685141e+25
-4.387473478505206657e+25
4.370227180148132888e+26
-1.878834443266101962e+26
-8.217105258889499496e+25
1.254901092043543979e+27
1.535572073918487825e+27
3.596110103458325102e+27
-7.108710138451418269e+25
-3.201775997488161198e+26
7.789569959387552700e+24
-1.808494648712273303e+26
8.992741495677887448e+25
-2.344411471807319713e+26
-2.206049301752278104e+27
-6.051889682442213327e+25
1.614492976010079897e+26
-4.485684407075387518e+27
-7.029796626149352002e+27
-1.527711258823205644e+28
1.130226790793096026e+26
1.105637232559682211e+27
-4.115385952733760196e+26
1.051144133712573458e+27
7.291527873212044926e+26
8.526101393741889403e+26
3.599775188158070540e+27
-1.253536996930662829e+27
-7.471881707032184939e+27
-2.310772466653960427e+27
-2.281033217589885677e+27
-3.507983707116877787e+28
1.632971862533701486e+28
-1.262241708637001197e+26
-8.017159864304960643e+26
-5.849572227307446892e+27
-3.550287049468538230e+27
-1.681590334347852177e+27
8.688761045425262170e+27
2.519853502031277995e+27
7.179899617744343340e+27
-1.269662416057269657e+28
-2.581316954524748501e+27
-7.801559200222650439e+28
-3.325655451988452423e+28
2.562837248933004747e+27
2.607285914159070502e+28
-1.408007828918797175e+28
1.453808112740413050e+28
-9.679347789946062334e+27
9.013175401989974011e+27
1.909054331576846427e+28
5.046983329727918523e+28
4.913251344782776140e+28
-1.710061896161191017e+28
6.103652793916186655e+28
2.108902123422845919e+24
-2.365003517766022866e+24
2.192141282185472869e+25
-1.058056507300365031e+25
-8.419360112428177796e+25
8.577602960352180471e+24
2.411716453001876380e+25
8.498332935799553656e+25
1.772825264264457674e+26
-1.014351230480053424e+24
2.410824582088975226e+26
-6.442188750049312163e+26
-2.359178109275080107e+26
-6.299862965336652103e+26
-4.445473089617325124e+27
8.037614854466603169e+26
-3.187767393673742873e+27
-6.810788893758447463e+27
-1.176782878867013290e+25
3.782296414493451564e+26
4.841095764863228028e+26
9.997724930344852374e+26
-1.730569425072634946e+27
2.424453579024124372e+27
-6.266187818754754340e+27
-2.410049570907623278e+26
2.572882509269485926e+26
7.132007427372962029e+25
9.142811301031964970e+26
-9.127887130921514609e+26
2.402456735803595241e+27
-1.318460975955233500e+28
2.371070089890047390e+28
8.705212731978305899e+28
-7.272522972190333997e+26
2.946460022384531569e+26
-6.738604171706290185e+26
-2.679962770060094169e+27
1.087287088495460741e+27
-7.667831101482928616e+26
1.213221338072401555e+28
1.388516378684279417e+28
1.582546798786023594e+28
6.190981795402712687e+27
-5.328834010953088244e+28
2.373870947315157707e+27
-3.798645154312466296e+27
-1.527811999362045941e+28
4.736818799399181015e+26
4.287496751589138385e+27
-4.776173593541024227e+28
-6.304503536212930823e+27
-1.792238364112255294e+28
-3.693079333467343751e+28
7.439862918478279143e+27
-9.652657226358650614e+28
-3.065146366148957497e+29
5.407644849961460737e+27
5.205109472812760794e+28
3.973021808340048871e+28
-4.615647879069322712e+28
2.830637958866541643e+28
1.062758868970546822e+28
-4.120999162349540483e+28
-2.315205121443331405e+28
4.380830482510289210e+28
3.085161951350089207e+29
-2.092124236271987186e+29
-9.349902845243759226e+27
-1.278863446760820314e+29
7.371915653469292972e+28
1.115522850230089432e+29
7.172709829877865369e+27
-3.653386128678116066e+28
-2.908883981600630601e+29
1.024709203604339989e+29
8.815798070137729293e+28
8.338021428026821445e+28
-5.649239544831809940e+25
2.843392338180844465e+26
8.520568653107698271e+25
2.477763534374046449e+26
-4.140652809689915274e+26
2.778048753683869577e+26
3.075483819615057697e+26
3.279789775074111859e+26
3.143758889798120694e+26
1.838901533155244591e+26
-6.138580789227652210e+26
1.178354226059951222e+26
-6.056235696287279732e+26
5.594717833006257371e+26
1.355267517070885088e+26
2.741392051323390473e+27
4.058075699913771900e+27
-2.548611172224362919e+27
-3.470976548619173552e+27
-1.668356268840997985e+27
5.041828377298959630e+27
-1.464195660602933219e+28
2.015959077145235069e+28
3.143620026782364411e+28
-2.797769609851340261e+27
-1.090188415045956589e+28
6.869580346495668662e+28
-5.583561307524830315e+28
8.728329927139151666e+28
3.735867832400291944e+26
1.086459983755298179e+27
2.140240890848355124e+27
3.171487620466584403e+27
-5.817063438565390175e+27
-3.019281775627737118e+27
-5.187315754197530145e+27
-3.921430940767353952e+27
3.806623630963595361e+28
3.257753888196448577e+28
1.481999242230322326e+29
8.491553062803596097e+28
-8.361971010442097652e+27
2.457891818320390915e+27
4.859526307665462576e+27
-1.091186740956542093e+26
5.017202585280215334e+27
-1.164317385311422738e+28
-5.899856891211146055e+28
-6.277222407314399895e+28
-3.431150318882178325e+28
3.510065532343172908e+29
4.735097360868159187e+27
1.667477217499140737e+28
-1.740352207461182487e+27
-1.069759723242883085e+28
6.835600088389282071e+28
-2.278153225758279642e+27
2.031083891278862709e+29
3.709911857209650181e+29
5.953296513015697731e+28
-3.995229068003088713e+29
1.141195257845390358e+30
-3.041277950207182563e+28
-3.822286089695470087e+28
1.068576512592907124e+29
-2.690438909689571500e+29
-1.451994943248302826e+29
1.374340102515158476e+29
1.764651313233983680e+29
1.633030096905260765e+29
1.412899739533200132e+30
-1.854125057359999605e+30
2.819983855626852792e+28
1.439054279269043297e+29
-5.595846066504655578e+29
4.682934538587344204e+29
4.569565887066890663e+29
1.810230677355383453e+30
-1.656878470992683876e+30
4.803376017324126179e+29
9.228671422064442242e+29
4.763616392092686724e+27
2.845262910147651264e+27
-1.190675366209484257e+28
4.828196830201009282e+26
2.250728093782109843e+26
-5.360955816758977320e+27
5.704052426517933950e+27
1.795512908210718230e+27
2.384650528568614793e+27
2.344076523528911757e+26
1.081465927734278076e+28
3.086093296512741415e+26
1.225237368287497521e+26
1.645072706468408937e+27
6.977567151646679376e+27
1.610126999197282377e+28
-2.951457545090207865e+27
5.442508721345061827e+28
-5.528949158873303946e+27
1.160695166670281381e+28
6.577547327823362804e+28
2.126404152634818029e+28
-2.763466083877149087e+28
-5.637486327070852529e+28
1.404833972837978297e+29
2.021972401062046468e+28
-2.988374153913522615e+27
-3.984561782933902418e+28
-1.150641546127817206e+29
1.112919521872250815e+29
8.810798677380765194e+28
1.064613817969084261e+28
-5.435185923688650849e+27
3.836816530602539112e+27
8.286247991730239823e+27
-4.270308864761581160e+27
-8.842587150780197558e+27
1.658437300682732817e+28
1.585057026995179673e+28
-2.576506887137851584e+28
1.630454421674684762e+28
3.356239444060232475e+28
9.674963879632513897e+27
-7.627229634102444362e+28
1.682772017841137911e+28
-1.027027019430110276e+29
2.721611375493865703e+28
1.482136447930286608e+29
1.075579010414629310e+29
-4.512804080353855535e+29
5.490864682191811073e+29
-8.444325482663762133e+29
4.304090957326803381e+29
-2.860403021081490802e+29
4.490741672445108344e+28
-1.914498451359375084e+28
2.175072145803868866e+28
3.985492508667098543e+28
2.651864364438636515e+28
-2.946676364776817572e+28
-1.150223100091929052e+28
-3.112212288397118523e+29
-4.113276081357306519e+28
-9.898508962884567383e+28
1.506015948651212193e+29
-2.660485018191193445e+29
5.255737656965696553e+29
-4.566566629846435424e+29
-1.247570732470161354e+29
-9.064335698709317253e+28
-4.619800067527377132e+28
-1.044922334418832443e+29
-6.099174695933489743e+29
1.330971282237313433e+29
-2.211518251034105382e+29
-3.923282680765719327e+29
-3.091641938783924288e+29
1.374111085512908817e+30
-8.394082742860976753e+29
5.436356720961915466e+29
2.461852916997893716e+29
-1.936716652011923059e+28
2.208239082919353278e+29
1.196074960255705803e+30
-1.508240848135446563e+30
-4.250304350529178056e+29
-6.237294390298935890e+30
4.768024537550207888e+28
3.939719828715942892e+28
8.483315733753586452e+27
4.154567903457368633e+28
3.526312938252783899e+27
-2.817626917944274412e+28
8.630042092897845011e+27
-4.886989798952730332e+27
-3.776439999747544307e+28
2.618520442307333914e+28
2.097697122742007333e+28
9.689900922838751926e+28
-1.706104784220815637e+29
4.456540504017339977e+29
-7.136622946809610495e+27
-9.434474578362266443e+28
-1.467071704274776168e+29
1.363771909821374914e+29
-1.519647598141190027e+29
-2.226064043637237026e+28
-1.262614524997938366e+28
-4.186430354665991356e+28
-1.199177277193730830e+29
2.582480182698727063e+28
6.920107057264192511e+28
-3.031788431788454708e+29
5.399776189358070229e+29
3.169085744882235108e+29
4.775313208498138458e+29
9.388001501975445310e+28
1.485777639947894217e+29
1.783197300549187447e+29
4.252695293119071884e+29
-1.816321797806552799e+28
1.225968890706738956e+28
-3.741902478971136205e+28
1.120760149450975672e+28
1.607274101473694129e+29
1.198838761452212385e+29
9.661543478004966874e+28
4.223302738406002144e+29
1.809387385761057794e+29
5.070433065669779537e+28
2.351774369638797467e+28
-1.990960981173184028e+29
3.969188723282700813e+29
-1.450923168889034703e+30
-4.362053604609422605e+29
4.046499929056479836e+29
-1.997698212228221878e+30
-5.346993982203478416e+29
1.108475889401290579e+29
-1.092213392469065773e+28
9.808469736267338418e+29
-2.136970463385329460e+29
2.332008234902646436e+28
-1.993656463658536810e+29
-2.194734322686866306e+29
6.187864995262623672e+29
-9.284526197514105765e+29
2.865284960911671088e+29
1.045535435183308040e+30
-9.145528060204292176e+29
-1.745090705434204222e+30
1.678202999086586380e+29
6.684993106054659045e+29
-1.967149027759567000e+29
2.866596993805897814e+30
-1.344614513392148691e+30
1.967576987501430109e+30
-4.722061820411788649e+30
1.385556252534722257e+30
-2.556531486072697291e+30
-2.042917399619527255e+29
-3.862957496351530199e+29
-6.802623703107631463e+29
2.178024582863739659e+30
4.475544926226215612e+29
3.513197795698253255e+30
1.138061885777654104e+29
-1.933540614386654196e+30
-9.687622728852249771e+30
7.197572799336178671e+29
-3.600767906484695878e+30
-4.031583427245986390e+30
2.905401293408775669e+29
-1.443915778826520421e+28
1.483768331843486307e+28
-6.853759911930249089e+28
-2.470997560893412758e+29
3.621379228506604849e+29
9.971482587926184667e+28
-1.587801076621112399e+28
2.476224947961411437e+29
6.390153300197587044e+28
6.914595153659902579e+27
1.666783390179728085e+29
2.373887448715404794e+29
-4.742759733472171023e+29
1.470835675779361504e+29
-1.051694376095149695e+28
-1.881604287214219046e+29
-1.938058417596228658e+28
2.205628453854109707e+29
5.867479313134040957e+29
-4.666294621221005576e+28
1.309369328052084201e+29
4.470818806025903276e+29
-5.354027744733467039e+29
2.071813008989980521e+30
3.783803608436596251e+29
8.635159363714615297e+28
-5.921024739965902254e+29
-1.802754464706971798e+28
-1.579046241916714634e+30
-2.305171142587562712e+30
1.781809615671725333e+30
1.110861374533692562e+30
1.502146928652389417e+30
-6.418558193813510350e+29
-4.263376562484261671e+29
7.066263589620599150e+30
-1.230308725310658126e+31
8.694547630592421341e+29
-6.362122542083715026e+29
-1.657896529237196324e+30
5.360054941724625814e+30
-8.842532311707228343e+29
-1.762312247444934657e+29
-3.699375540689501757e+30
-1.674500478540821721e+30
9.413274216401833337e+29
2.891217470006972999e+28
-1.449099748933694764e+30
8.699501755612140484e+30
5.492237170192349804e+30
2.031289538419368575e+31
-2.904897987828068159e+31
9.929311514314567543e+30
2.954562110848890729e+31
3.366827434606089725e+30
2.355087165395597223e+30
-1.378221810762165270e+30
-6.515717230956709622e+29
1.370926334370848164e+31
-1.402468527676902096e+30
1.258482948982285459e+30
4.138621018438163603e+30
8.553654983779172771e+30
-4.177523155136396790e+30
4.986506877129864252e+28
-3.868088866886695863e+31
6.969983305985661219e+30
-1.000733587928385777e+30
-1.424274253360601027e+31
