-7.161929472399940800e+16
5.897924043398795264e+18
5.815416567153097114e+19
1.805779363634232525e+19
3.219673489177427968e+20
1.089641442406607880e+22
1.887852904270697962e+22
-6.770770613901219542e+22
1.907493704850854222e+22
3.785895093565765632e+18
4.292442185078379315e+19
8.275198677659675525e+21
6.761484122108413241e+22
-1.060221289345940760e+23
-7.214117876832174028e+22
5.191011656438403480e+23
-1.028716449022180071e+25
1.306899141067529043e+25
-3.327209284217388401e+20
-3.612386716847434629e+21
-6.456779885205619999e+20
-9.928393289712538537e+22
1.738539654770646034e+24
-8.593361773419501401e+22
7.744920845716527874e+24
-1.959037775469977535e+25
-1.022420568602467340e+26
8.541152679421049569e+20
6.060250636442366326e+22
2.429702906883633505e+23
3.166565619972078431e+23
1.432860320434254428e+23
2.375742615899484480e+24
7.928494110817855268e+24
5.899380095124998329e+24
1.428489535922603612e+26
4.154772572650862626e+26
8.217977286192730735e+21
4.892181728433304240e+21
1.394799018090630348e+24
-4.032973146271876928e+23
2.164534964845295625e+24
1.396663410407425524e+24
1.102814525890276931e+24
5.010825519798351357e+24
-5.300370582703552702e+25
-1.471529948547630857e+25
1.980062052372176632e+25
-8.479932339621462060e+25
-5.478893672608531743e+20
1.350324948784093904e+24
-2.550944451810813721e+23
-1.157799508569316099e+24
-4.535890263296958905e+24
1.191079613269509226e+25
-1.289088169430676902e+25
-2.105879043253654874e+24
-2.850480218045967247e+25
4.063274530158452192e+24
3.394588188905123973e+25
3.605207589583207616e+26
-1.268088997454278412e+27
2.472408166526946840e+26
1.898606291741198569e+22
1.304492984883567414e+24
-1.098277079742939264e+25
4.962263954966205669e+25
8.181798930026674667e+24
-5.421458848960509525e+25
3.100732989986089033e+25
-3.211165495381266499e+25
-1.287775502500937345e+26
1.016796437656925234e+24
-3.950080426748038218e+26
1.948701762855647749e+26
-6.559074410748371335e+26
-8.121371399624398652e+26
-1.101033466132098875e+27
-3.633809773751046116e+23
1.993325014647963723e+24
-5.117111971424010087e+25
-2.753278631496237559e+26
3.434014973193073662e+25
-9.297610076600882597e+25
2.474214374026815214e+26
3.441264261317171273e+26
2.712768110667208878e+26
-4.320553363043914180e+25
1.073836760772901683e+27
4.055112763260262621e+26
-1.849287368792892310e+27
3.978033445043484227e+27
-7.479134328466144326e+23
-5.055694258895430148e+25
4.496601630400525418e+26
-5.001770166781553737e+26
-1.228341858063203704e+27
3.042400917526020839e+26
2.141828018599101443e+26
-5.940129094516162090e+25
-1.145601692235872194e+27
-5.446093826993442999e+26
9.543540216551142970e+26
1.435755679874576502e+26
2.908088457953091815e+27
-1.218670993882158203e+20
-2.260638923696860299e+21
-1.767418977658429506e+21
-1.658471355205973201e+23
-1.585919814907889115e+23
1.112909906927904673e+23
5.172218504943039351e+23
-4.701100915565366063e+23
3.133884521314891543e+22
2.515572479716416371e+24
2.151615743977246798e+24
1.876597559368621102e+23
-1.566565288624615601e+25
3.351577450514974080e+25
-7.291323071474731481e+25
-3.361471937398728018e+25
1.733136047525422296e+23
1.054370065672123397e+24
1.709816642819865860e+24
-3.338175551123261259e+25
-6.198234531407925275e+24
5.288952248572113233e+25
6.954629904440163597e+26
-9.754736887907402339e+26
9.618741105207148670e+23
1.158780015067752450e+25
-1.946391432725536716e+25
5.593644454969938712e+25
-8.578961806872370433e+25
-9.136908493607100651e+25
-4.838183110398536180e+26
-3.402559129952024280e+27
-1.121629558678245770e+27
2.521087505349673619e+24
-4.705022212857155025e+25
-8.390418642607077608e+24
-1.303083213767434867e+25
-5.037785135453733652e+25
-8.093199105365517134e+25
1.881597378617309493e+25
-3.474524235361405619e+26
-1.096154182813189891e+27
3.351742399685288714e+27
-7.906666962729332974e+27
1.103374897709570235e+25
2.406763200819343694e+26
2.986791060272976344e+26
-1.026336602653341238e+26
-4.951945764699572214e+26
8.389784876688433129e+26
-2.254626364669945509e+25
1.177978552633424703e+27
-1.558926225325243428e+27
2.497973144832482118e+27
-4.158799731867551861e+27
-1.279103447610842788e+28
5.870263532097643911e+27
-1.917660297456768064e+25
7.434993208263626193e+24
5.265828766035091776e+26
7.736462674564798852e+26
-9.200647688464570663e+26
-7.678195600770158642e+26
-1.603954384060971691e+27
-6.707240700811010293e+27
5.749492846687726606e+26
-5.519573937382163420e+27
8.813990060006436688e+27
-9.870014695969805802e+26
-2.774614313052470053e+28
-4.110207635198226356e+27
-1.286840309538540442e+25
-8.670781256489722607e+26
-3.958799118300268550e+27
4.313488702825287025e+27
5.584790897882386246e+27
-1.660202451883860777e+28
9.777859141635179866e+27
2.652537918958722694e+26
1.178067097743080390e+28
2.609867270907480624e+28
-1.082561269581671620e+27
-1.533895022537597944e+29
1.471660414602632445e+29
3.174334044224593652e+26
4.879606701946160311e+26
-9.984050935540741653e+27
4.207898490598243996e+28
8.185307935626852388e+27
7.216796796056466490e+25
1.581856528868567229e+28
-1.993168392220022255e+27
-2.307116891106301681e+28
7.134254027810891892e+28
1.350566701715499560e+28
2.587008995165091452e+28
-1.354896081726398204e+23
-3.536066476795573790e+24
-5.170852395793626970e+24
-5.717424424153044557e+23
-3.603569198601778527e+24
4.514919757015305300e+25
-2.088346997599892591e+24
-5.747360892756627683e+25
-1.336162425262667298e+25
1.368970065802558691e+25
-1.155627928943981463e+26
2.198153672917177288e+25
-1.551403805580063056e+25
-1.502327840308549818e+26
-9.830389111308233082e+26
2.967810674027460620e+26
7.869773268454587197e+26
-1.749634478712022595e+27
8.958800748953962210e+26
-4.391066160551845777e+27
-1.330423178741116994e+28
-8.640991137148948353e+24
-2.812152575742535483e+25
1.102601396422967376e+26
4.769169451203368196e+25
-8.297278560693094794e+26
1.725490742081744664e+27
7.745474989533062342e+27
1.094190841407524595e+28
-1.089398564921562514e+26
2.727823247474410082e+25
1.009378036802535161e+27
4.846466041404137032e+25
-5.593174768491006614e+26
-1.571297033289077641e+26
3.319444324033403299e+27
7.172962582285255855e+27
-1.238862866194270117e+28
1.181771786790000237e+28
-5.276221941639310411e+26
-3.280170639089553077e+27
-4.369095319661707521e+26
1.489998114215677556e+26
1.513743155285736151e+27
-1.610224146844475444e+27
-4.591207489495110412e+26
6.851584271584407001e+27
1.523434243570171669e+28
6.638130934127134792e+27
4.583217695745707508e+28
1.801394705184532004e+29
-4.070379949052312728e+26
-2.544176134514601392e+26
4.722200203764128492e+27
-4.885300704773363638e+27
-1.923748287952072274e+26
5.892814408627085935e+27
-1.858015945283101775e+27
2.264975920620945875e+27
4.208026125064782078e+28
1.235646217208119904e+29
9.186838149447241009e+28
-3.792939210659228260e+29
1.736255858543053148e+29
-4.642337113340176080e+26
1.419919054567658957e+28
-9.192181625060429741e+28
3.163360960837785009e+27
8.651270202792054493e+26
-3.990111567462359186e+28
-3.193513204304502997e+28
3.921405043702581956e+28
2.584466350375602175e+29
8.553435931698574940e+27
-2.242828390669350765e+29
-5.054697875982036752e+29
3.347008284817574527e+27
-1.881269864061553668e+28
1.144529584214315555e+29
1.919528801947438708e+28
1.515117492081406846e+29
-3.125727142896280852e+25
1.232380597299518556e+29
1.492671325368291709e+27
2.156693386248597991e+29
3.171283969252056972e+29
-6.148452384948579060e+29
-9.158581104367144972e+24
1.139946456964900592e+25
7.118401641866367908e+25
-1.703652255347883620e+25
-3.231016618516874700e+26
-5.384574125827506797e+25
-1.964835715519416745e+26
8.402241306779763499e+24
-1.601333836488301922e+26
1.076671738676185960e+27
-2.995400520259166803e+26
-9.058435494437457465e+25
-2.003595095791595792e+27
-5.195491626887863802e+25
5.582451892169338264e+26
-1.027698006705442521e+27
-1.120698698420385937e+27
-1.140777738618700647e+27
-8.982097685530957880e+26
2.377262833911517536e+26
-1.083702961107606970e+27
-8.814976365415039786e+26
3.052064635529681947e+27
-1.142168464218656005e+28
-8.833093934855968193e+26
-4.965258352597011569e+27
-1.156657477698469597e+28
3.638075881001861956e+28
-5.377190717019321099e+28
-2.501250171661823802e+27
-4.925629890173460580e+28
-1.033860015585140171e+28
-3.541682598005832153e+27
-6.326301990628059910e+28
-5.449128415007801982e+26
-1.392265260528742064e+27
-3.817456302732785495e+26
1.427415997855807043e+27
-1.720575670732254743e+27
-3.563373039298691148e+27
-2.256483265800068818e+27
1.627132387649786792e+27
-5.429463914094577857e+26
1.420804264884931378e+28
-7.721106795439972255e+28
3.941897846201154550e+28
-3.126713857606993323e+28
7.018166453241843539e+28
-1.702811675983920627e+27
-2.133127967644176421e+27
-1.194857572935521745e+28
-8.655290892421932057e+27
-2.709096714003443821e+27
-3.192275205742406574e+28
-1.441999874138677448e+27
-2.061438521155808643e+28
-5.630488299762772779e+28
7.563273927679487261e+29
3.950885689201293418e+28
-2.768744878243110182e+27
8.500841779527254599e+27
1.274556795943750816e+28
3.131534385369264780e+28
-2.493662849282576269e+28
-1.448366806447621861e+29
-1.987436040217833620e+28
4.543277527683523366e+28
1.807015150988081945e+29
-6.028280419835209394e+28
-6.506176453604298788e+28
9.277420446978785863e+29
-4.752787428748512068e+28
-1.288712106600717954e+29
-2.074481805079340681e+28
-1.640215538686867109e+29
2.577311382542411596e+29
3.086763060469531275e+28
-1.500730483958577601e+29
2.585398938296223360e+29
7.558662695620356079e+28
-1.480633051689295426e+30
-1.244556827778080827e+30
4.931936943686453725e+28
3.973106117339010301e+27
-3.515858155394604890e+29
-9.886466733597541882e+29
-4.088212987937202219e+28
1.371476985881769431e+28
1.121092192118986364e+30
-3.843791396193797471e+29
1.334065459538374699e+30
1.619272673295348717e+30
-1.423425381213603289e+24
2.787819019830710737e+26
1.405615800433643875e+27
1.210778799336363452e+27
-3.630193787657668511e+27
-3.657930015338812402e+27
-1.211691603791624063e+27
-4.748756938250869114e+27
1.937470303902518000e+27
-2.190647263436932942e+25
-9.384156060170846495e+26
-4.170483749387982794e+27
-2.241526927595849777e+27
2.563687178579304099e+27
7.161007653323429284e+27
-4.826770066026571735e+27
1.149747216152668833e+28
1.462417979131996447e+27
-1.589358511217271431e+27
1.458788634616037055e+28
1.262163295196958765e+28
7.368835764695212619e+26
1.636623335056870012e+28
-6.739110990218962493e+28
-3.107460671243427507e+27
5.353746611153344219e+27
6.526349369640525571e+28
1.110400851528176178e+29
1.068852629209860499e+29
-3.570295259265976940e+28
4.060717002248719427e+29
1.617712102252650986e+28
9.757530422667896340e+28
1.074916415661585024e+29
6.299386519268099702e+28
3.007864874910879357e+29
2.353945998904589755e+29
-2.165133452449670969e+27
2.226341119446360888e+28
3.340114178915612432e+27
1.379889618674535135e+28
-1.061246860974001358e+28
1.189603152106655904e+28
-4.954559441554420998e+27
-7.884264291297606465e+27
1.393055590087562805e+27
1.273810350372169580e+28
-1.208955084539943105e+28
-1.503650405300089090e+29
-6.412143693555147688e+28
1.731372899459111412e+28
2.264996627250570147e+28
7.956780648050430537e+27
-2.035091003121142249e+29
-3.927127775458043981e+29
-9.143913709230482794e+28
-1.208413981823529668e+29
2.275787721212538793e+29
-2.075206925258663478e+29
1.954741025308063959e+29
-4.502787940763572861e+29
6.716018240583400359e+29
1.561432021698876395e+29
3.128955425819251251e+28
2.454956766379754633e+28
9.345747995454189534e+27
1.877761858883411829e+27
1.466229844497134624e+28
1.181732634107980446e+28
-5.592545822495133605e+28
-4.096526147781314960e+28
3.151782676442661066e+28
2.470747584888250320e+29
1.425178935411813198e+29
-4.107751210290323412e+29
-3.138314214951329820e+29
-6.042281180588391635e+28
1.925076719861141184e+29
-3.845996384905339202e+29
-1.598704823037901256e+30
-3.597693749473792470e+29
1.164524569985624662e+29
1.823639196915944130e+29
2.365847060418242415e+29
-3.721099558791142990e+29
6.553792204280577265e+28
5.848323080767724392e+28
7.772720440525666269e+29
1.324038634478602596e+30
4.808646651691419076e+29
-8.649832927745100911e+29
5.435062476638103972e+29
-2.862679043459733111e+29
7.273258672019038702e+29
-8.823034244960319002e+28
4.721971718542935238e+29
-2.377857705282903380e+30
2.295578360691994777e+30
-1.106156746869639095e+30
-2.039375131198205248e+30
6.838898419643803450e+26
3.799464698967349393e+27
-5.406684717717500707e+27
-3.533044298709868235e+27
5.781606758696223427e+27
4.970405603141299836e+27
7.317410021989648916e+27
4.177070523970215237e+28
1.078141872071747346e+28
5.123409776803147212e+28
9.062663549610607167e+28
-2.531001040257811602e+27
5.551059474391063420e+27
-8.740930533773569468e+26
6.655209517563298738e+27
2.432796961645754692e+28
-2.938666985881191302e+28
2.247126079801322118e+28
1.507313686462915069e+28
-2.837806010936295934e+28
1.260737094371440587e+29
-6.046431780906415790e+27
-1.236743548997036397e+29
-5.211097614983938761e+27
2.684813320781913133e+29
-9.100379208964269857e+28
8.788341851725638606e+28
-3.674525862363645459e+29
1.054628739520212953e+30
-2.621851250448801475e+29
-2.903662671174545665e+28
2.082697602619218836e+29
1.377409587011489628e+30
-2.207243258110426306e+29
6.847540064979998738e+28
-1.076331384985122273e+30
8.580798488557337053e+29
-9.228123600220684174e+27
-5.183032246654349687e+27
-1.581751189623985990e+28
-5.484950532084306064e+28
-1.103208738391599462e+29
-3.722033033969444497e+28
6.760543323392254884e+27
7.352381558924339766e+28
2.121194086499352999e+28
-9.600433486254322511e+28
-1.866106781103271908e+29
-3.567852035248015033e+29
-1.921896848181227233e+28
-1.456397340095758788e+29
-6.975357109883280651e+29
8.025218069437732347e+29
4.432107093395714720e+29
7.417391260128306744e+29
-8.099345896046327430e+28
6.151445618945728214e+29
-1.357837706110424600e+29
-1.154572453151054825e+30
-1.069261921956322746e+30
-1.114009936839764522e+30
-1.986868216026364269e+30
-9.633541134447404621e+29
-1.664787008132076793e+30
-3.863529406026409629e+29
-1.900426953023706758e+29
-1.986716352140965218e+29
-1.230763395429940487e+30
-5.637736980652560008e+29
1.457545047974693230e+29
5.013827489697781926e+28
4.886017663075933872e+29
2.740435725660877098e+29
-3.677768833090176802e+29
1.024286369449968889e+30
-2.832587759630312056e+29
2.452685139414508361e+29
-1.760370434431663432e+30
-5.243439326988405972e+29
-1.083070301259064541e+30
-8.785042830594412188e+29
2.752813201275643715e+30
1.899961569821591459e+30
4.390850028333894480e+30
-8.757679612013767334e+29
-4.841115274585786286e+30
-5.413032178626378658e+30
-8.474161967533040660e+28
3.001541533586288406e+29
1.075579891889086410e+29
-3.500310377665642351e+28
2.063840202713507694e+29
-8.930180590032063411e+29
-2.308591219073510315e+30
2.139876431804834549e+30
-9.305797688581576233e+28
1.282238761952168125e+30
5.048069067094789399e+30
-2.613360010333700436e+30
7.207775059442065561e+30
1.753926908815742421e+30
-2.041506879127895199e+27
4.852987697075399201e+27
5.387465598264348445e+28
5.642775387564557083e+28
2.641259906431606614e+28
3.572797297296855917e+28
7.104380725302270370e+27
1.052799443072044003e+29
6.758262277696673074e+28
-7.199281737069604425e+29
-4.873787125550226054e+29
1.272518962611669093e+27
-6.026708301629595720e+27
1.767725558227753852e+29
1.759174928623289013e+29
1.982818020779542069e+29
-5.147599635159846945e+28
4.319979791688813844e+28
-2.105445655956016833e+28
4.645564065283209025e+29
3.216428946097071150e+28
-3.402298974925550279e+28
4.717087860916904090e+29
-6.995621863743956964e+29
9.242902807826369314e+29
-1.824273108606310177e+29
6.301688458445184766e+28
2.403872615309843085e+30
-1.674781880829308291e+30
1.025500806736882471e+29
-6.026216912681560814e+29
4.599422084401488770e+28
-1.531208949894527305e+30
-1.983219273436074836e+30
1.276945346417813990e+30
1.547497786358342887e+29
-1.686030910148007905e+30
1.241623047291090931e+30
-1.413846376470458327e+29
1.482300449129192424e+30
1.022800459324737985e+30
-3.818761820269254362e+29
-1.023965256681977078e+30
-9.671728858332218536e+29
-1.297701328353093610e+30
1.421000884188472019e+30
-6.600776771819998059e+29
-3.800034236101164655e+29
-2.863927626366150769e+30
6.893099333013332289e+29
-7.445571985393439495e+30
1.042392466811512600e+30
3.332486119569801641e+30
5.595510507828202512e+29
3.684426107796796530e+30
6.036217129554496730e+30
-8.660244831048161367e+30
-3.692785560776706568e+30
3.738913375059130326e+29
5.593759330758573575e+29
3.295829718488127837e+30
-3.162016326118629871e+30
-1.859144432747085608e+30
5.828257463528496169e+29
-3.322918934666932736e+28
-6.182542875178118613e+29
-7.949500065918048859e+30
-4.615782911098342525e+30
1.237444640469111402e+31
1.134091804910960927e+29
1.535644284758893065e+30
1.191359155158304004e+30
-2.816525040590641453e+30
3.046516773511076198e+30
3.656071882925356041e+30
1.683353340567183778e+30
2.559239232296658672e+30
9.388394445016286934e+27
5.185601101984982843e+30
3.388478351089495237e+30
4.676346942328896544e+30
-7.491470322129905973e+30
6.669575844513683137e+29
-1.077929982934061270e+30
6.373965986742113785e+30
2.240492849070953641e+31
-4.046181240593041722e+29
2.439843090629104206e+31
-1.596181756999969481e+31
2.395669877594561403e+30
7.287763610624392810e+30
1.995133686068893062e+31
-4.440102426452579971e+30
7.307790366202428042e+30
1.083415682552899029e+31
2.795237788387285161e+30
2.279452842726792204e+31
5.559657436522621414e+31
1.146842797276816090e+31
3.742838445887868802e+30
1.768138701264750592e+30
-6.098078961664875861e+30
6.890016563606589447e+30
-3.807931584931154035e+31
5.932625410831815376e+30
-5.598159707800217485e+30
-4.606864950797983311e+30
-3.237171307543358229e+31
3.162007658398970880e+18
-3.064860577181348659e+20
4.671408725943670538e+20
-1.862832267896877744e+21
1.961199630859437081e+21
-7.378587002605887554e+21
-4.462413053171971863e+22
-3.470175522835107991e+22
-5.785643048044937216e+18
-7.188285528432667787e+21
5.577820853480756504e+22
1.442440397204146356e+21
-1.527763348402886903e+23
-1.306973215517242542e+24
-1.833492975667516103e+24
1.835123614716701629e+24
-3.360495204410847396e+20
1.710430385898349658e+21
2.742159561974130797e+23
6.300445563099924513e+23
-1.202283556792737718e+24
-9.207061062276126815e+23
-6.496583370225709262e+23
-1.614724527324472632e+26
-1.197756760754585443e+23
-2.771960655701641213e+22
-7.458015711626807738e+23
-4.392898980076890557e+23
-2.313055122835013034e+24
2.503658121968264822e+23
6.993426780905987216e+24
-1.315857166636304667e+25
2.505154132697333817e+26
-4.535769698203665789e+23
1.448002710356855573e+24
-2.060229295633005690e+23
-9.147977720191103198e+23
-2.957603916841989735e+24
-7.217647437628683602e+24
-4.115268669451127841e+24
7.227058160865625030e+24
2.299009536375919331e+25
-2.107569454927053148e+26
-5.005901470255789756e+26
2.067635657927092643e+23
-5.973062584668245469e+24
1.080299271380648192e+25
-1.250173120622611584e+25
4.279848365967612400e+24
3.173672992949032992e+25
1.259567797766342214e+25
-4.437344579548763890e+25
5.013772054500581040e+25
-1.498961255965546081e+26
-5.036275317857783723e+26
-7.476004638213650690e+26
1.495042015902838459e+27
-7.555087495272643271e+23
5.063086089864015568e+24
4.758192171248887762e+25
-5.533678554907911786e+24
-1.983286991336561618e+25
4.877170874334770833e+25
5.326517482588581737e+25
-7.430157376599468282e+25
2.020950313557829536e+25
5.241680193802633259e+25
-7.577117360981841565e+25
1.074070237439555808e+26
-2.119473899055072696e+26
-4.101980974473347232e+26
8.251369557787108694e+23
4.991016305111003025e+25
1.815286375814027929e+26
-1.106089298083849732e+26
-2.226450767915236065e+26
-8.462327044895861734e+25
8.807701841021082718e+25
-2.170550741197182934e+25
-3.138078557113864340e+26
1.637017752693332765e+26
1.916726568633453586e+26
1.543726195344121012e+27
2.208047361709525885e+25
3.802876951876681278e+24
-1.860077501121019258e+26
1.297175689008599326e+27
5.446120803889605420e+26
1.756715672982608972e+26
6.797108783964061474e+26
1.816098851508899874e+26
6.574031338199648611e+26
-1.889749571451486053e+27
-1.385180101612690633e+27
7.364134336423350831e+26
-4.072625784402199644e+27
-6.503928420230306673e+22
-1.601303222050393319e+22
5.459335448812484716e+22
1.480705890884925105e+24
-4.382318168118866320e+23
2.329856873373779513e+24
-4.619606996990899624e+23
3.270222417207266535e+24
4.381664282070987653e+24
-8.577576509082798140e+23
-2.218827465681010503e+25
5.234324706920561338e+25
-9.547623897005441442e+25
8.115160044874463165e+25
-1.064964749485704458e+23
-2.819412257866253362e+24
-8.885358596974642515e+24
8.055921084547614164e+24
6.032068796820650512e+23
1.023207745169803183e+27
-3.893602240415795046e+26
5.229240784865895073e+24
5.665320273718091029e+24
-5.445791592182240258e+24
4.014282481147498286e+25
-1.358931062168452160e+26
1.551826717366555055e+26
1.124183864370376685e+27
4.841293259280588961e+27
-1.915929874121164516e+25
-5.003636993474071993e+23
-2.967856540640924765e+25
3.674185149174948677e+25
-6.355831189101434466e+26
4.297262703479603545e+26
3.047370691834930235e+25
7.352671245584310744e+26
-2.418653506891553519e+27
-7.585898646702898961e+27
1.184535088502589074e+26
-8.771241072415092093e+25
1.494666569203351661e+26
-2.630977668976115004e+25
-9.340507415623405388e+26
-7.815824534793225271e+25
1.435001394324203498e+26
-1.057731078993391140e+27
3.772986230985146114e+25
5.179557688071012305e+27
2.665979107661688252e+27
-1.379461071494920326e+28
4.146657312791010252e+26
-1.278956907747320224e+27
-2.013612160843223869e+27
-5.280617281177683893e+25
3.446962282146545340e+26
2.381757312892025599e+26
3.369634145760222101e+27
4.252320711718885878e+25
-1.984479176119151471e+27
-4.720186403998296237e+27
-1.700882145475189701e+27
-8.698003365969312926e+26
1.603838488200734820e+28
4.503308962880822863e+26
5.632735514413459913e+26
9.028522455305477418e+27
5.743449632451959273e+27
-4.443695913892333329e+27
-6.910590705354763032e+27
-4.541591956000228342e+26
1.930778165839213102e+27
-8.882508350015653057e+25
4.457797055727794479e+27
-3.129748875609454613e+28
-2.617724221897688912e+28
-7.472272270686323395e+27
4.628090401207099767e+27
1.341190043011394679e+28
1.311636677258069230e+28
-3.117167150008535880e+28
-1.257015506797999716e+28
7.011019250472009341e+27
1.519150838477771867e+28
1.156110793565553189e+28
5.286111857913373457e+28
-1.327785452608156504e+29
2.247748164429777149e+24
1.090942057618962001e+25
-1.388250168009090315e+25
8.920193917622688579e+24
4.108906801357357565e+25
4.345759350459373796e+25
-1.283714341283521817e+25
5.984788401848485333e+25
-1.099089744940406475e+26
-7.526754168775409192e+25
1.758041245731365278e+26
6.558668175213223434e+25
3.561465327213878407e+26
-8.008722417727977003e+26
-5.632819493199171761e+26
1.433937290955423474e+27
-2.728538227762075499e+27
-4.161695782010755704e+26
-8.307278829433609710e+25
1.142839919220474283e+26
1.117824318369742714e+26
3.196338369495709620e+26
1.276942066696994883e+27
4.400022169153805898e+27
-1.611273185021532364e+28
-4.051335885560239199e+25
6.069989615800355551e+25
-5.222215122433455874e+26
-2.409674773948039003e+27
-1.656213909015323666e+27
-1.189386188045159050e+26
1.602311063202064531e+27
1.881663627913531349e+28
1.676940051555870121e+28
-1.618192424501017660e+27
5.582933893526900954e+26
1.304535857952612907e+27
4.507046705490678094e+27
1.695738965258685267e+26
4.605448628255088324e+27
-5.212348253131137099e+27
-1.986447453219579748e+27
1.738147655536674529e+28
-5.418435117513301589e+28
-2.067751534682241068e+29
-1.504816575613333096e+27
2.735228405378588666e+26
-1.465363315549684895e+27
-3.264794848047620314e+27
8.942413835525216085e+26
-3.562296884942513311e+28
4.871709421100273922e+27
-1.119738530020245243e+28
-1.163019077214957709e+29
3.012620628499835587e+28
4.705186294540900517e+28
-1.041301288562003694e+29
-1.094452516376613551e+28
2.003597273499895070e+28
2.282530331589252825e+27
9.943770351294135472e+28
-3.331033005109102542e+29
-4.322368549273857499e+27
2.606468250058080424e+28
1.630838332102958214e+29
7.798312258626238931e+28
-6.821754634859558495e+29
-2.245741402859470574e+29
3.933957315810626261e+28
3.567296776517672079e+28
-1.101007753467037756e+28
-1.268333492108389479e+29
-5.163635103083447892e+28
-1.204569924577649068e+28
1.269289318000084405e+29
4.286903689857213456e+29
3.321425676294636558e+29
-5.025439820074031520e+29
-4.758359315386428067e+26
2.978408539124495369e+25
4.884387368573257103e+25
9.094089966832083903e+25
5.393575546173265343e+26
7.078591304622284320e+26
-1.780517704137591329e+26
-4.331360084051297274e+26
1.107598336405228786e+26
-5.390468671234528912e+26
5.555094858242129351e+26
1.325172198739505342e+27
-4.258021641094359258e+26
-3.157562523225435772e+26
4.325005648021420281e+26
1.320979124472119033e+27
4.189666218627248134e+27
-7.606205724421263904e+27
-2.035183873084405321e+27
6.497131933088865257e+26
-1.790104266725651944e+28
5.336180021044268601e+27
1.697169026779416645e+28
3.912874821978818828e+27
4.560932540799969376e+27
1.882793912063321652e+28
9.159348958514755491e+28
-8.399663793558883709e+27
4.947717534352422142e+28
-1.658430205422036553e+26
1.412975953946051067e+26
2.602232956677574602e+27
-5.861650232672672839e+27
5.507319868619843623e+27
-7.308887643576765988e+27
5.719428255155870773e+27
-7.008031543593222681e+27
4.327954534343255869e+28
7.894521895889133170e+28
-3.132427403153965167e+28
-1.804264352032404259e+29
1.876661789716458842e+27
-6.094773513427314567e+26
7.883256856927720757e+27
1.112666440542444335e+27
-1.880139176512254951e+28
2.649205406530729565e+27
1.960155183554525083e+28
4.916204448321004521e+28
-1.225580508962069188e+29
3.751640924199126512e+29
7.214767929791948438e+27
2.850763992787312579e+27
1.984244956135656795e+27
2.723817146804953526e+27
2.401151920855621870e+28
-9.702477715699854304e+27
2.588586507258285161e+28
-2.226306592870397788e+29
-3.655680821797942706e+29
5.525082320986656631e+29
-1.976419479837721775e+29
-2.986661778498055014e+28
1.213246338740681421e+29
1.129107091362190713e+29
3.014423845568199180e+28
-7.766367294479313972e+28
-3.391311774467991943e+28
-2.137001524603236910e+29
6.460910230835261172e+28
-1.034843385137317674e+30
1.496359514027531441e+30
-9.208921834118419425e+28
-5.213378357399254658e+28
6.005430956035457620e+29
-8.494451433881993581e+28
3.932623621592448699e+29
8.811466570338981261e+29
9.904314023790298932e+29
8.309671169974763586e+29
-1.154938868305505722e+30
2.489702437405933476e+27
1.990518124814639611e+27
2.314128003844536550e+27
5.772671223537307369e+25
9.368474617325920362e+25
-3.476360775368142130e+27
-4.412313159094945694e+27
-9.795489605315738645e+26
1.075721722505747375e+27
1.207011810829321685e+28
1.383838569219419887e+28
5.445046601460232532e+26
4.408573538036792282e+27
-2.260198530251306140e+28
2.368523440357327987e+28
-6.093960364121682721e+27
-3.527787302171924998e+27
5.479849144671334436e+28
1.028667453649129373e+28
8.261460801705422646e+27
-6.303419498216120200e+28
1.546795531270742671e+28
6.600610600958024910e+26
9.751488693329119932e+28
3.789169006111478902e+28
4.162669439768593489e+28
8.145992832132259904e+28
5.004659977674150761e+29
5.291243019316243797e+29
6.144372922121828464e+27
-8.812915147000396899e+28
-2.880571559993242995e+28
-1.957808282673930932e+28
-4.569454639685348180e+27
4.234613876832300376e+27
-1.110487898948490185e+27
2.227660578014679642e+26
-1.715833036327154142e+27
-1.701585283234571903e+28
5.154209815211586691e+28
-2.320443103564102679e+28
-3.491653910642112796e+27
3.158354997695991894e+28
-1.739698384822514840e+29
-6.483152860383072076e+28
-5.349741480038390839e+28
-1.374032909158250285e+29
-6.126039823133839714e+28
-7.515279311229103692e+28
-1.186590369210114350e+29
4.703974783879059565e+29
-5.723198965960368875e+29
5.676646414649096377e+29
1.690634791258178765e+29
2.333941445691410522e+28
2.291086722834681339e+28
-9.220723729144447490e+28
-3.195765077141308743e+28
1.306657958079958826e+29
1.952218862416699352e+28
3.121636406780153272e+28
-1.933244669679299257e+29
-9.675925006411354490e+28
-3.902129363010586191e+29
6.455747274721233406e+28
-1.265093935587378836e+29
-3.644792434937113378e+29
-7.642036500033986887e+29
2.597468158658865142e+29
-5.908306634108885835e+29
2.869074323049492686e+29
-2.860342085340198713e+29
7.556485479360729770e+28
-2.031027776534658974e+29
-4.428227807877588595e+28
9.501799357757321299e+27
2.035629905983527268e+29
-3.500037169663329957e+30
1.688363865146732254e+30
8.963731362578120126e+29
2.379298093440759164e+29
-5.678817385155556970e+29
-8.970558332369000922e+29
9.701672543235397230e+29
1.894801469129540043e+30
-2.634141790441117290e+30
-5.041437699946297062e+29
-3.549020208751046988e+27
-2.415728628908004520e+28
-1.491423026735589994e+28
3.971404269553237887e+28
-4.809682912661678208e+26
1.551872736153061699e+28
-9.993705384894251194e+27
3.114761582211566089e+28
2.660953366460668146e+28
1.549005203785710168e+28
-6.003183777859939110e+27
4.456705494357063302e+27
5.149396334775264803e+28
3.230114798144252564e+29
-1.061092117523054749e+28
9.647394709007993008e+28
1.524575603462476100e+28
-1.208325316785687707e+29
1.115270016893622771e+29
-1.177076303159028177e+28
8.051229204747192472e+27
-1.268749324702366639e+29
6.185394122928650840e+29
9.104826484524814960e+28
9.059977000393104150e+28
6.389865505343434469e+29
-1.529872917003335924e+29
-8.992002541347254007e+28
-4.783733969850425563e+29
2.272069345426385463e+29
-2.134860199699598808e+29
-1.463152914789766055e+29
-5.211592385975384941e+29
-8.943223871324214050e+28
-1.712981183604434956e+28
1.882713650435954168e+28
1.047059316701169089e+28
1.763730415809894507e+29
-1.620893356353348291e+28
1.053218271870413390e+29
-9.901633291099585579e+29
1.131322791743168320e+30
4.260706751761761389e+29
-2.472162018482286910e+29
-3.577037177823303445e+29
4.105991537650819228e+29
9.293490770414279076e+29
5.374139675082850483e+29
-3.572357192855276514e+29
-1.242545450446748530e+30
1.815983098274071453e+30
-3.185363433861488798e+30
-8.557949913137875768e+29
-8.166876961496642849e+29
-1.478874983058277347e+30
-1.244681345199309656e+29
2.835359170617633794e+27
9.242466892396689567e+26
3.641198492630027610e+28
4.024788878290957722e+29
-5.276332180069608240e+29
-1.388336433959682690e+30
-5.865701413644481588e+29
-4.651245760460271588e+29
-4.444782493289504959e+29
-2.979871118029826396e+29
8.306095418828301127e+28
2.666934279582510345e+30
9.148360986190533795e+29
8.429288966439421677e+29
-1.248348581221382147e+30
1.808421267791116122e+30
-1.579971849580936048e+30
-4.142989443028298578e+29
-5.606201789710391209e+28
1.982390477535892095e+30
3.588300791729532639e+30
1.556647636954521309e+30
1.189010538881094701e+30
1.263802701372893119e+30
-1.264726809155201787e+30
7.492622222539860120e+30
-3.202154329707017972e+30
1.358474793277880263e+30
-1.239093202516239233e+31
7.795508240865714765e+29
1.211740632079233025e+29
2.806658980629517994e+29
-3.045835587419737750e+29
4.117404858338828560e+29
7.389119550351145109e+29
-4.023028015398430832e+29
-2.639634932884718833e+28
7.081368157725924989e+28
8.351188592341651342e+29
4.679140229074443555e+29
2.362176173626717120e+29
3.981199378578496214e+29
-3.410744282640428569e+29
1.549144950715005038e+29
7.944896515396711405e+28
8.122071892772288559e+29
-1.782751413560339786e+30
5.649724018859445834e+29
2.694772325216103018e+29
-1.002799873753443914e+29
-2.940049253029609143e+29
-1.706189756711377605e+30
-1.307624154748933767e+30
-5.704659725013634940e+29
-5.646657012384334568e+29
-3.530293770921480252e+29
5.768124669101901192e+27
6.048595327509137881e+29
-2.318510810204874943e+29
-2.930073757560458897e+28
3.953308511448551319e+29
-1.587793490522639532e+30
1.248073424474705815e+29
1.138196197539022419e+30
-4.749275087818891883e+29
-1.582989149620314467e+30
4.322387162292966819e+30
9.297700106332698513e+29
4.035494402615755905e+30
-8.386517277457289404e+30
-5.834862352742570144e+29
-2.701963590648563837e+29
1.369894984356190438e+30
-1.132834761241679133e+30
-4.680639038225009502e+30
-3.033328715867089795e+30
-3.093007876249073377e+30
3.426106801978846189e+30
-3.425696134164387638e+30
6.198685504983302089e+30
1.159332512159771195e+31
-9.597064172209066269e+30
-9.138729691045886020e+29
-8.735852802102800279e+30
2.625404799982682144e+30
-2.621719430135992839e+30
3.318491454737363585e+29
5.005281402036240756e+30
2.545802749686940725e+30
1.945448170471110206e+30
2.987826472922145271e+29
5.767902102764136403e+30
2.913972310085633210e+30
-4.723361484530135767e+30
-4.088354188108801678e+30
2.562308525750509536e+31
6.999795546395878503e+30
-2.584870869008566490e+31
-5.783326888851738603e+30
