6.239308260295489600e+16
2.801647144073227878e+19
1.137476171461670666e+20
3.742418968364924797e+21
-7.636527745082225328e+21
4.044670711503927116e+21
1.551213046144761961e+22
-6.499054307201435828e+22
6.923501691370072713e+23
8.113855391256262656e+18
1.304670895507834634e+20
-1.077525501988365245e+22
-9.338401415888025262e+22
-3.641459623304134184e+22
3.040295014743482460e+22
-2.155004755302104915e+23
1.348118538086940222e+25
3.655585959076503369e+25
-9.347095766022807880e+20
-1.893821434616262269e+22
2.168021809650721410e+22
-4.151686995506415670e+23
-2.074516263384243650e+23
-5.307680275263863434e+24
-1.258464198308098697e+25
3.687317221833018159e+25
-2.697610218585027949e+26
3.556746766681198035e+21
1.027314483654521122e+23
2.394556140224909284e+23
-5.025040454382430024e+23
2.942165911193978631e+24
-2.331403408390197080e+24
-7.499514334168453271e+24
3.938535237148935014e+25
-2.399092475325344068e+25
7.257477358136163087e+26
8.660695795630467973e+21
5.008343045275021119e+23
4.753107920897860350e+24
-1.207354810621811931e+23
1.310024192898005100e+23
-4.151525562831475734e+24
1.959067339883083454e+25
-6.922529173792820596e+24
-2.797366425720691126e+25
2.481146463583481933e+25
-1.706555990103313626e+26
2.004095254475357351e+25
1.186808400905095663e+22
-7.397951127342568335e+23
-6.517942778371959664e+23
-9.793662909858432026e+24
-2.297560771988993694e+25
5.682769451029548698e+23
-2.740879054505305514e+25
2.332318034750176536e+24
-3.548570474548315106e+25
-1.751026098505006554e+25
-1.807896328548908309e+26
-1.655870130053869295e+26
1.720092958833075796e+27
3.110553217561433964e+26
1.103151516870381373e+23
-4.914701756541190269e+24
7.386954554661455222e+24
4.933489137116368693e+25
-3.579498914821841440e+25
-3.596543658786183623e+25
3.195934242340289645e+25
-4.198541300610794421e+25
4.286577212769088254e+26
4.653166095769836498e+25
5.303200698862692086e+26
2.338315309840670741e+26
-8.094127129479379815e+26
2.767122262437916272e+24
4.488200299864488436e+26
-4.720037472805694703e+23
-2.377210846597498341e+24
-7.038748477668394125e+25
-4.468057631446359810e+26
1.391325334049399761e+26
3.062878097011360808e+26
-5.781035546232516622e+26
2.160007468731089653e+27
-3.226274944133749953e+26
7.959548104940693886e+25
3.703333521989143861e+26
1.054624406071439364e+25
-4.356189372244127813e+27
4.059567823927728299e+27
2.840159584514364831e+24
-7.314946820256416322e+25
6.953610424833954747e+26
8.903444397560547371e+26
4.098447211489647171e+27
1.814024492203062869e+27
1.518322660484771523e+27
-7.269716241887119380e+25
2.687505621452840194e+26
1.925200139109967323e+26
1.419134600721310903e+27
-6.579383860030070342e+26
-2.606651651153428581e+27
-3.411125487538381783e+20
3.445189957609580397e+21
-2.315968798444219898e+22
3.919182859202135379e+22
1.531919083306709869e+23
5.626109847700965530e+22
-1.473384778865501142e+24
-4.876872146508316672e+23
-4.275826873878403969e+23
-4.249472687911693804e+24
-5.287735196400997567e+23
1.049218945868762417e+25
-8.580769408126979194e+24
1.312969873294048139e+26
1.988496237316963400e+26
4.612835543090359525e+26
-1.994837391124620902e+22
-5.714052537604369746e+23
1.374706326344545946e+24
-4.305140302458389285e+24
-3.531502775488613802e+25
1.885566982062002110e+25
1.009643673580822512e+27
2.376921471806216741e+27
8.541425230148583597e+23
-3.259531117783933503e+24
3.027139298321622985e+24
-3.894220766826931420e+25
2.923612733241730888e+24
2.690885725219629056e+26
-4.867494082342244318e+26
-3.243836153070563561e+27
7.850110272371877293e+27
-9.284699433762286293e+24
-8.086022774652604851e+25
1.337173659621561305e+25
-6.980072212714530761e+25
8.518267220297207072e+25
1.260449085829769512e+26
4.209840940184959703e+26
7.094641134902275015e+26
1.052948826189431113e+27
-1.559572639339985850e+27
-2.795091301353693325e+28
-6.112717534130606917e+24
-3.235924372374057445e+25
1.944209087599440446e+26
-2.105081001571429525e+26
1.414009547044027114e+26
-5.286065141504068378e+26
1.178936420231938802e+26
7.765798302571314489e+26
-6.847757583440411708e+26
1.951622757839969714e+27
6.092964481361725603e+27
1.686719950488883080e+28
1.924936375693739000e+27
7.166018853414668067e+25
-3.045258786381230788e+26
-1.440321184117404589e+27
5.743863450600494614e+26
3.264218935710340395e+26
-6.663936112385460565e+26
3.779744613811317748e+25
3.811863179121958194e+27
1.522114109022837807e+27
8.704751681143748216e+27
-3.785418416194954514e+27
-8.062316469252700943e+27
2.189240146070634524e+28
3.851975063858152376e+27
6.615162575499331081e+25
2.655288852505886415e+27
-1.066085824837312122e+28
-3.480816852130573726e+27
1.449901573417935870e+27
2.029939562446748539e+28
-4.270186549029089764e+28
-2.696195653108695512e+27
-8.480686014212127117e+27
-1.124801944527412937e+28
5.566256523154777736e+27
-2.573549311038279338e+28
-9.427344712604108579e+28
2.196554245564657443e+27
1.600916454341556374e+27
1.969438978847460707e+28
-3.326486780333977927e+27
-2.785630644564593032e+28
-4.702141629900075642e+28
1.484593309239970503e+28
2.282421051323544015e+27
3.205068614206405105e+28
2.464619591231120237e+28
2.512099704036190533e+28
2.208512399548467960e+28
-2.876148113585115224e+23
-7.181177953572044795e+23
1.495451353820591297e+24
-1.322618796808127509e+24
3.552887153131643396e+24
1.323530570097434758e+25
8.266882033014892558e+24
-9.626054484487716363e+25
-7.883753340472488962e+25
2.616647323326776131e+25
5.361671946339598238e+25
-1.093906216664156135e+26
-1.102864018084186083e+26
2.526163084149161078e+25
-6.136934105042958861e+26
2.363243278430834186e+26
1.799733849616808418e+27
-5.971084692535029712e+26
3.660654386809660593e+26
-5.121615040352572776e+27
-4.604804773422858415e+27
-3.446628802333503430e+25
1.578197859296672781e+25
2.568553895221581713e+26
3.563802142571508577e+26
-2.329043485832672636e+26
2.128625490730583432e+26
7.979297972095156032e+27
-2.443238837787088669e+28
2.119383458704965756e+25
1.511754584552554926e+26
-1.115991604219413095e+26
-9.174509128012982041e+26
-2.359377377669289577e+27
4.173854099385056841e+26
4.418281951383260579e+27
6.192473279260069367e+26
-4.391963771002393868e+27
1.160584045212641364e+29
-4.307327293025531443e+25
2.358112434738678660e+27
4.019423939629994322e+26
-3.635483388409227500e+26
-8.247261693222979594e+27
1.169436074094752572e+27
3.255533478322954237e+27
6.915444009583580902e+27
-7.470367972909132151e+28
-3.240195125025164156e+28
-8.864783100518988091e+28
-4.029320747031904494e+28
-2.068659654405399926e+27
4.636769321543780560e+27
-1.146741893794331528e+27
4.901526423923365242e+27
8.697804861451439633e+26
6.579899574963181469e+27
3.415220273730790886e+28
1.628190809720471199e+27
-3.346412029031942702e+28
-1.012431719962313595e+28
-1.042788580359697401e+28
-1.522378296665186470e+29
-1.487482272797012973e+29
-1.331686706658113163e+28
-3.626332795968161426e+28
4.515472144110658290e+27
2.939144340841469008e+28
5.990960729049038495e+27
2.214036673348919419e+29
1.841784599179025976e+28
-8.052101245081792481e+27
7.223793634100422885e+28
1.727077885037384218e+28
-5.273396822788978477e+29
-3.176912382957280968e+29
2.185279545227928636e+28
-1.024728401984370266e+29
7.587720890318177964e+28
2.329997775629115760e+29
2.263183846243856519e+29
-1.392153408997197575e+28
-5.351551963109228903e+28
-1.031594650124962701e+28
1.639900577609917813e+29
5.303015117724623521e+28
-2.360851823316720127e+29
1.107245698353950412e+25
7.219968955665800306e+25
1.110873566480314506e+26
3.384519228971686462e+26
2.331507271908219939e+26
1.332005890805234612e+26
4.521446814316081794e+26
-1.157604324372709523e+26
1.410395926747166432e+26
-4.816989361423221916e+26
2.094323753625071526e+26
1.047152904453528752e+27
-4.214769376159441316e+26
-1.271401393240126742e+26
8.268046324253699279e+26
-6.433818381458490593e+26
1.346848592441091848e+27
-2.141554639612790068e+26
2.319569017896350125e+26
-6.755162985241481662e+25
6.386791849434701357e+26
1.944586138212039415e+27
6.392873926318880467e+27
7.102770585329553280e+27
-7.530622880839376849e+26
3.299722665122270102e+27
-2.856727283293071561e+28
5.130429021374769875e+28
-4.865012622365045716e+28
1.689031803600719631e+28
-1.959653744944095594e+28
-1.995483852824378118e+28
-3.569866408034436088e+27
1.449085353765794894e+29
4.802754778760360487e+26
-9.875292588343851715e+25
9.603412719127799381e+26
-7.467608593016466567e+26
1.635992095690274959e+27
4.741205560330093491e+26
-1.068826713707508618e+27
-2.963034862838804142e+26
-1.863089379028017239e+28
4.887198594683889425e+27
8.107713775301759651e+28
-5.635256131295765085e+28
-1.708049009041907776e+29
1.095401971618803136e+29
-2.094076719658597517e+27
-3.649930320026101822e+27
3.989676782316413578e+27
-2.377938444781327679e+28
-5.606022376892862186e+27
-2.141211787980867462e+27
1.182239392112131767e+27
1.212725538325556651e+29
1.310668974014603631e+29
-5.545181095290964193e+29
3.864120615189069806e+29
1.446921548758101315e+28
4.721010446321265279e+27
-3.677910912789436911e+28
-1.889210967858120039e+28
1.180316577622659054e+28
8.182306235136483395e+28
-1.669140542523154889e+28
-2.299367074735872374e+29
-2.586289959363412914e+29
-2.509920403188265707e+29
1.139455283603484387e+29
-5.808954250290094507e+29
-6.437479856280298700e+28
-1.575852387008874185e+29
-7.360456931639793901e+28
-1.430576720498284746e+28
1.479589331603941280e+29
4.464178507511547088e+28
-6.293750257380000176e+28
-3.004664275304485206e+29
-3.753514966849206580e+29
-1.542404310335912726e+28
-1.675001318272590581e+30
1.742647413975286619e+29
5.251881577273389245e+29
4.801455568905316764e+29
1.768819120463243717e+30
1.376460469068256699e+29
-2.909038164453016398e+29
7.160478722381188011e+28
5.361060621371731181e+29
1.243880257437680487e+30
1.080035397283977147e+30
1.049529702907439390e+26
1.049511046251373887e+26
-1.732976214175041410e+27
2.133592321784329171e+27
-1.075702523352811864e+27
-2.131401013356074485e+27
1.262196015332492914e+27
7.119015788231769666e+27
1.801846148998457695e+27
-1.230423288891210684e+26
6.794842189000664227e+26
-2.598938152670363731e+27
-5.116974630050826229e+27
6.946495140028317495e+27
6.004313252315435687e+27
2.581261763870498233e+27
1.161930114296377747e+27
-9.973806074578994326e+26
-1.096218733625730972e+27
1.349397611273134050e+28
-3.997241984144145439e+27
-1.115946483652180675e+27
-1.240180769927885773e+28
-1.926367143104308904e+28
-5.147046362347792859e+27
-3.760640703087176104e+28
1.877617044398230932e+28
-6.154999727422049165e+28
3.653860654547175776e+27
-2.507204070828944363e+28
2.148744524025630757e+29
-3.482757749728849920e+27
-1.774153946681746039e+29
3.126281010987025956e+29
-2.523097048978756308e+29
2.494462485491797831e+29
1.140436939385547894e+29
7.306351284753377333e+27
-5.305746521122284901e+27
9.147997658535915196e+27
-2.281104010881288572e+28
3.369094379385913341e+27
1.137116394867028069e+28
-2.423598714948123833e+27
-5.726915587831869321e+27
-8.227858914175883151e+27
-1.246937159222808115e+28
-1.977527207902642392e+28
2.162662596484166443e+28
4.003852094791264381e+27
-1.243266104074639706e+28
3.556721964280314327e+28
7.928100739966994118e+27
1.290549968919259802e+28
7.224950081781805636e+28
-9.908002511060188220e+27
1.455665834838641519e+29
2.605733285684664548e+29
-3.559894157471021485e+29
1.971257561957602045e+29
-5.211823113668577102e+28
-3.923924646066189315e+29
-8.399295280951706720e+27
-1.763655682239049264e+28
-1.051630240522247629e+28
-1.190675176026436282e+27
-4.562217740383085619e+27
-5.494792901675775024e+28
6.817166663919799773e+28
1.603141594747264605e+29
-2.031067967100020537e+28
7.415049893569738733e+28
-9.054797849558002266e+28
-4.408401218338941168e+28
-8.550447212013192261e+28
1.310696897552515500e+29
-9.505097506431250921e+28
-2.592208973038939703e+29
-5.171317763209818628e+29
4.050343620383710012e+29
-7.494572026606016047e+29
-1.726908051523607330e+29
-1.682071942239992158e+29
8.295749047338228864e+27
-2.996840918297890501e+29
1.708159609853116805e+29
7.594603134019499891e+28
-3.824899797844981770e+28
4.881745733141714074e+29
2.901401442773575363e+30
-2.120430809099588849e+30
5.831387492337278325e+29
1.002882887902719223e+29
1.049847313704670363e+30
-3.090997700677504743e+29
-9.419428439806777691e+28
7.273317092449627715e+29
5.809278753541715038e+29
-3.986993539826798270e+30
-2.573696299692918209e+30
-3.272432337241829642e+26
1.254569001391506670e+27
-6.315725506699306666e+27
-3.189096817539563671e+27
6.543338580596538122e+27
3.054017362832709612e+26
1.550465713031223552e+28
1.613804831670639580e+28
3.039088172815180078e+28
3.970174645941526499e+28
-4.746807678620346250e+28
-1.196019166181558532e+27
-1.151212964565159673e+27
4.520712685062545637e+28
-4.384090820504706170e+28
-9.068215153661122255e+27
-1.607722686773243044e+28
2.382627049850647423e+28
1.288740286473373968e+29
-1.450873060701644838e+29
-6.555389843369290042e+28
2.023047377827984239e+27
-2.597628845543340569e+28
2.198970749223202493e+29
-1.010279521792353169e+29
9.700936039532015922e+28
-2.500093734566641917e+28
2.567526737939597608e+29
2.513761117930473185e+29
-1.041799086527941660e+30
-9.113223104441073070e+27
1.132005740751895769e+29
-2.897350981769692544e+29
-9.814503193781345605e+29
-4.386932798857251794e+28
-3.646168326558721732e+29
-1.520686862228766062e+30
7.910732301272267469e+28
6.127846630548157863e+26
3.029625330332849330e+28
3.522396959285025153e+28
-3.599769497626525814e+28
-5.673204922560999633e+28
1.668507931961472114e+29
6.371336106701127894e+28
-6.239280101280811998e+28
5.906328598804589895e+28
5.175494065542480705e+28
-3.344188828670998954e+28
1.644419694601488374e+29
1.778935799159702996e+29
1.298102592096165727e+30
5.018516508750621690e+29
-2.701845301653072822e+29
2.153058552099088444e+29
7.956736885824764381e+29
-8.216470746769909706e+29
-5.028461022398224707e+29
1.379093376846545997e+30
1.853501318782929085e+30
7.486999510028698388e+29
-9.066315696477896933e+29
-1.946504064654228712e+30
-2.107844188082948228e+30
5.546303363803025559e+29
1.563994264016077329e+29
3.453228042440049328e+29
-1.083194361131106864e+30
-3.601240442935522337e+29
-2.924853334722051850e+29
-8.424919748180928461e+28
6.987208573967588965e+29
3.139400689319970251e+29
3.327197611041668701e+29
-1.900568683973646413e+29
-9.961763186832756724e+29
-1.760413315429167412e+30
1.455335313562653142e+30
-9.555972502485421267e+29
8.426553048379185049e+29
-7.676200864402736165e+29
-7.850907521953385018e+29
-2.898841698242692027e+30
2.439946707824793471e+30
-2.441292684006540968e+30
7.444592492565646826e+29
9.253681998589213347e+30
-2.274332166210386906e+30
-2.004381460948379521e+30
1.138569867022335514e+28
-7.326810295959890621e+29
-1.689187309226591997e+29
5.531102480692905792e+29
5.501920853030776449e+29
1.445604061117014284e+30
-6.034416103841472952e+27
8.480931077645682651e+29
-5.093384186780429094e+30
3.650143694364260159e+30
-1.898157942190887076e+30
1.504250705844786322e+30
3.655786116927737250e+26
-2.807986979516927138e+28
-8.932622191035855271e+27
-2.966033346299557904e+28
6.697855646405361781e+27
3.967237170274666575e+28
3.024894131307749433e+28
-1.678854156491942238e+27
1.487204972978577036e+29
1.763763705618327101e+28
1.793810539965227109e+29
1.462888814980898988e+29
-1.431935427120714443e+28
9.958919319673018082e+29
-4.095565128608894558e+29
-1.318420580225699545e+30
1.673435886509712770e+28
5.382257390270497111e+28
2.319576899868688640e+29
-2.782762515293089226e+29
2.085831015500705890e+29
6.964180841705848766e+29
-9.682349654594725014e+29
-3.542204651409454754e+29
-5.245937152699750276e+29
9.039075900415772639e+29
-5.015558278055064092e+29
8.313071898423263035e+28
1.629464123976083742e+30
5.729394172708367498e+28
1.581439300702563574e+29
-4.966720248925071362e+29
9.052778068684490465e+29
-1.540765106905418934e+30
2.540064909966218696e+30
-1.975149995162317326e+30
1.519393197815045914e+30
-3.269373417375806760e+30
-1.065906801004183995e+30
-5.788969455313771157e+29
3.895171688617500643e+29
7.879084647952264679e+29
3.013277359412828166e+30
1.626138065723049795e+30
1.999908851758340067e+30
6.922235292139178184e+29
-9.333705362412118420e+29
-1.547877560094517860e+30
2.961532123984776344e+30
-6.898741984444907646e+30
1.715039009892676659e+30
-1.500274239707263310e+30
2.986658543857322650e+30
3.135106943697652513e+30
3.841987841245308247e+30
-1.735989740927615107e+30
-9.180883099213914347e+29
9.398108349809102047e+29
-4.978951194048643776e+30
-9.967373051492045571e+29
3.780168438600887907e+30
1.451584651170663277e+30
5.226496167903349672e+29
1.407367161860768809e+31
-2.039473136876765519e+31
-4.718288402859691906e+30
3.407667589120712848e+31
9.059751851143725133e+30
-4.912336216811249683e+30
-2.731066385585322229e+29
-4.958863025254781182e+29
7.770996823406466706e+29
-5.578412632431561659e+29
-2.162236437673457715e+30
-1.626764187519766054e+30
-1.289642048507914783e+30
-1.046128489317445404e+30
2.623205975654136342e+30
-7.574577260795476878e+29
1.086459409313837824e+31
7.371807724505863505e+30
1.386197738382436408e+30
-8.693704127279176075e+28
4.888144834029254276e+30
1.341027074180802076e+31
-1.578884618214770021e+31
-2.678422445201623913e+31
-9.069786279938157080e+30
-2.580321748162464232e+30
-8.257539908741563279e+30
1.803727226257124422e+31
1.780028590054680297e+30
2.001238344493883204e+30
6.504331904048293606e+30
1.873121272936784263e+29
-6.647983303742013287e+30
2.470901852360089000e+31
4.767855444827063850e+31
6.276432534849671025e+30
3.617372670150485405e+30
4.789564615479344315e+30
-2.265864861600095732e+31
-9.043145847076711524e+30
-7.818965509743219460e+31
1.536942497575314512e+31
2.210566429161197020e+31
2.583225989926196466e+31
-2.073389097435658338e+30
-2.358714509121671987e+19
-2.044787058621313188e+20
-1.383252715228439773e+21
6.094536361783087596e+21
1.406802653992253705e+22
-2.806820699685657772e+22
-1.069497747596269060e+23
-3.016777055641856251e+23
-1.470815151538043290e+20
8.293268654103830987e+21
-1.084505854021324211e+23
-1.232127832214478961e+23
4.676721435536033789e+23
4.955688617241736831e+23
5.366675809950411809e+24
-3.608475564178426127e+25
-1.503113624981811390e+22
1.675889836750516571e+22
1.148390072803154125e+23
3.532475392438216352e+23
1.541139883161435656e+24
-2.014592290005349938e+24
2.238500906303843962e+25
-2.352786287757322833e+26
-2.792347921845524732e+22
-1.374754756618263504e+23
1.457573167847604197e+24
3.225391825413790117e+24
4.877365515109529937e+24
1.728869687606634832e+25
-1.049591873240025590e+25
-1.327180880919038006e+26
3.235269608257558185e+26
2.054504086482942375e+23
2.396853545398979170e+24
1.432224707900727276e+24
-5.843708106387599716e+24
-4.312489856796736621e+24
-4.031727678248690483e+24
-3.655849127022609253e+24
8.432244530574750841e+24
-3.018214408019840262e+25
-4.375084605660962129e+25
1.227415013538863613e+26
1.110430456045280946e+24
2.033901360840916769e+24
-9.403754399597793064e+24
-2.350304293265526711e+24
-2.138478383909901124e+25
-1.218021931087887138e+25
6.449295444355315512e+24
5.766277963391961117e+25
-3.139547462378223410e+25
-2.760439985626827870e+26
6.291246491241601181e+26
1.071538858621548316e+27
-2.290045479790219176e+27
1.318752307685953865e+24
-3.518231479758330126e+25
-3.869488084438601418e+25
-3.364716324963706711e+25
-5.963920596595163175e+25
-2.263689922721745480e+25
-5.464243692266889478e+25
-3.766102307924673994e+26
-2.068678329979275829e+25
-3.421646744545334752e+26
6.760175240901264375e+26
-2.931289651075305254e+26
1.971101751375248855e+27
1.003029530413339163e+26
1.188754376712503933e+25
-1.096443714425987456e+26
-1.792851905117642570e+26
-5.317459723216316437e+26
-1.787334507228388099e+23
4.080112024319900301e+26
-6.701360255972866494e+26
2.491852326029618036e+26
-1.099875508995039322e+26
1.711225650619469495e+27
5.694401699146063665e+26
-2.083715711492989267e+26
3.314235664931494931e+27
-4.754804860841850766e+24
5.100017854709261864e+26
-1.495753206981335243e+27
6.574908894898484135e+26
-4.645682787746172052e+26
-4.345982717616199433e+27
3.359996659383587371e+25
-2.508901821778068761e+27
9.595528948861530426e+25
-9.728516821340992973e+25
2.642457709068609867e+27
-5.460357982835761597e+27
-4.606007919221824238e+22
7.151938629918798538e+22
-6.197153330968842721e+23
-9.934799557807015870e+23
-1.528426208272917411e+22
3.921416457262041567e+23
-9.182019284402924180e+23
-1.153124225640914120e+24
-6.398790451871519814e+24
9.739154516700074785e+23
1.207472008948452612e+24
6.470916134278785927e+25
-7.566887472064842842e+25
-2.454499688385750838e+26
4.463009653225617715e+23
1.640064041660373002e+24
1.793797612979134454e+25
7.249608486198038543e+24
-2.519147686879131270e+26
4.069343317684457174e+26
-1.560837350959606208e+26
3.329673142341182763e+24
-2.258755290689989381e+24
7.126588556898871919e+24
-1.344013268250834118e+25
-3.265359772107126713e+26
-5.146780816584281724e+26
-2.469866932962055382e+27
1.873339113216846879e+27
-2.180593350427492206e+25
-3.821982380177957931e+25
-4.932576384780925549e+25
3.817846415394344726e+25
4.216183832475807585e+26
-1.724076353985683037e+26
3.028640693010223031e+24
1.143547266677283596e+26
8.430702577567610163e+27
9.355637171009645989e+27
-4.635963260734376888e+25
-1.303927151585475788e+26
-1.649556415558590364e+26
-1.442736070412025195e+26
-5.667481566227222812e+26
-8.543562359692360813e+25
-5.777979932199934722e+26
6.511368749242427391e+26
1.978378934633154950e+27
4.694482127300469232e+27
3.360576746374100026e+28
3.049962732782175582e+27
-4.027034523213654616e+25
-8.186171362132811914e+26
1.681712284224448123e+26
6.123865870821629332e+26
-1.269805800844092469e+26
6.927261208149428185e+26
-3.940457590194990106e+27
-3.749681527682391922e+26
7.712796641785488184e+27
-1.092988885174386329e+28
-5.041999761602647324e+27
1.222530989207877833e+28
4.049468422579325295e+28
1.999171402184069153e+27
2.716692094292220584e+27
-2.925967613832302040e+27
-4.753652178066673528e+27
-1.026346059597354981e+28
-2.178814183378802767e+28
-3.872181549862352676e+27
-3.439439129449026745e+27
-2.215170176045781733e+28
5.983065345098697662e+27
-9.050883203075735121e+28
1.133156550386164135e+29
8.207524455940023761e+27
4.121559876437898825e+26
8.174406792073235138e+27
-1.699831388148621572e+28
4.506241790839285025e+28
-2.374831038684559944e+27
-1.381875969042150409e+28
2.493748869146782506e+28
5.410272015212379324e+28
6.533278983002943068e+28
-2.063370198091412199e+28
-1.901505320541876319e+24
3.170097831486796853e+24
-1.748300537822256180e+25
1.358921479800097946e+25
1.611480066893210559e+25
-2.138072441675862940e+25
-2.360331461659018152e+25
2.862449429885196226e+25
5.997156286698711064e+25
8.340112033096605930e+24
-1.608400398794558619e+26
3.272297877148806832e+25
-4.858703774611633942e+26
-1.549190447665028735e+27
1.367812441429988760e+27
-7.855346541392362482e+26
-4.302136432980519661e+27
6.196460904517820156e+27
-1.280028842248260664e+26
-1.210154504104280309e+25
9.719505988849736699e+26
7.709105535309901044e+26
-4.258151110394490100e+25
9.512800889591270495e+27
9.113838533927784634e+27
2.050531561930838668e+25
-2.715716435284056241e+25
-3.938139548038861513e+26
-9.304197570286943834e+26
9.198394043398918330e+26
-7.136834757605216533e+27
5.490268643795078396e+27
3.656265201300077702e+28
-1.598191766544751726e+29
-6.644769886049915777e+26
8.342443509681840453e+26
-2.472330326178075036e+27
-2.592525337190543960e+27
1.106587489988103330e+27
-5.460296066256155112e+27
-8.950557562441238803e+27
4.263423084764875290e+28
8.233746352777744155e+27
-2.230001758129967368e+29
-2.553807865627167614e+28
-1.617632631660818561e+27
-2.895733638618159691e+27
-9.037475673888629234e+26
6.386139624111981883e+27
-1.956669541205233047e+27
1.570835896905430984e+28
-2.212112194331494538e+27
2.364762088765841205e+28
-2.180499039347936475e+28
-2.832595443226311876e+27
-6.495450007857671807e+28
1.928964690840762843e+29
3.327542017117959231e+28
-5.450177286376866173e+28
5.520035782327375506e+27
-1.212651313743478619e+29
2.321337026397618146e+29
1.980893393421668721e+28
-8.536860329214049581e+27
-1.959156933473150564e+29
-8.086916317264358004e+28
1.904720349110425017e+29
-7.176903183811378433e+29
-3.157019437455212759e+28
-3.522019435678844668e+29
1.346079755395833831e+29
4.223221084992914069e+28
-4.395046555134079897e+28
6.272776733424009837e+28
5.644474357150775726e+29
-8.960841870417076221e+28
-5.759412603224995552e+28
2.925192240227123474e+29
1.413550014841104641e+26
-5.914406472895286530e+25
3.126119260871740405e+25
-5.489294179157603633e+26
6.453339940740840920e+26
2.012777165616505134e+26
9.331000727883944455e+25
-4.027451877731215299e+27
-2.681089041351739957e+25
-8.468293680869854203e+24
-4.333984312680338411e+26
1.795305334031202136e+27
-1.184319174823240688e+27
-3.679589898536160975e+27
-5.050025571937711881e+26
-5.477225219523001611e+26
2.828996102637311053e+27
2.838237634234635839e+27
3.751909595346710137e+27
1.704773341562540665e+27
1.404734059154879649e+28
-1.475367290208397553e+28
3.871774652652171571e+28
1.476507920997765257e+28
-9.573544210538098938e+27
1.995869161916377087e+28
-5.309893001854655290e+28
6.103809303558862000e+27
-2.762365945308007592e+29
2.153387086430819610e+26
5.332660715124289878e+26
-1.029470105841571704e+27
2.552500355556007685e+27
1.814073957751658206e+27
2.964818957337242042e+27
1.384846611830758262e+28
8.916080640198316561e+27
-1.800327555558028254e+28
3.623128146332500673e+28
9.859189910676608236e+28
1.718443568698017121e+29
1.203943769418408617e+27
1.000218296939739162e+27
7.446755532289464508e+27
-5.280425505093820243e+27
4.577365358171466201e+27
-1.045965978363053002e+27
-3.571169381788145616e+27
-7.348173342155635195e+28
-2.999286543209949210e+29
4.686663575630265427e+29
-1.147289124903097526e+27
1.762095447003992463e+28
7.613836303070787130e+27
1.989726700868836120e+27
-2.946169804190171048e+27
1.402519483244383067e+28
-1.394719588799257101e+29
-4.171959707912025025e+28
9.221802393594709383e+28
1.649770872109554190e+29
4.235892644698159096e+29
-2.905394340785727296e+29
-1.556466122729491331e+29
-1.365837487172965286e+29
5.909947085474189841e+29
8.581143993809216810e+27
-3.394382652061722565e+28
-3.058801079262744458e+29
1.617685725013316447e+29
-7.308551216007664708e+29
1.098667174713947890e+30
-1.076277380988739070e+30
5.689852268869753813e+29
2.111659210310711912e+29
-1.097387388828824083e+28
3.289585097623334022e+29
-1.205711315018900736e+30
1.164527364718524824e+30
-1.215925021571893793e+29
1.896235191267016302e+30
2.315874410936248569e+27
-9.371966249526612295e+26
-7.731950993115366973e+27
-2.530227236638844552e+26
-5.645477532514003068e+26
-1.037320739469372575e+28
3.700782298199214422e+27
1.073294674643573996e+27
4.427629760550005317e+26
-9.702396125064802395e+27
-1.870031397622153191e+28
-3.138170755250227492e+26
1.281505278889237457e+27
-1.146358137502051317e+27
-6.370230052438396021e+27
-5.458358079320344394e+27
-2.764469079804954010e+27
-9.301687168226912987e+28
-1.068081376851356436e+28
2.423650680699829993e+28
-3.448633268496150111e+28
-1.416389869993866708e+28
2.299355792325270270e+28
6.038321447978474856e+28
2.354152549684724747e+29
-2.800247439369728973e+28
1.817244372245280525e+28
-6.235581996042377157e+28
2.577990959992994077e+29
-2.701547396674678296e+28
2.928908769497126235e+29
5.549827164295489248e+27
4.077838809446093996e+27
-6.627394761648456757e+27
-6.070987611322762114e+25
-1.681330316163323717e+27
-4.896355463940994527e+27
3.989035954977034955e+28
-2.741513224013397979e+28
3.297147543594355872e+28
1.784076481009476392e+28
1.853266297446503260e+28
-1.881386424317209635e+28
-1.658050130204137247e+29
-1.787907478973046840e+28
3.929889739046572729e+29
6.705452444731908842e+28
3.090509741252331531e+29
2.285913518631437625e+28
-1.111276651643272604e+29
-2.738670869992944566e+29
-5.546771119964982459e+29
-7.211720924510085357e+29
3.572546486236624109e+29
3.064236239768791883e+28
1.182655531151613762e+27
-3.007556849483870037e+28
2.792482429874171940e+27
1.979561194931198894e+28
-1.447524307501863485e+28
3.043657056517597363e+28
1.883123071362169446e+29
1.973871271938974690e+29
-3.342606482913613480e+29
1.139826932773644271e+29
3.258571448700441974e+29
-3.722975182634069676e+29
-3.153772884639546901e+29
1.871374703366465270e+30
1.753834858286208919e+29
1.677953733835469171e+29
8.926310599625801753e+28
8.816456535259824659e+29
1.513514735461818554e+29
5.610434893691800106e+29
2.426133629833708210e+29
1.722785791180126133e+29
4.859152206627342555e+30
9.663562322724507882e+28
1.061104501096587205e+30
9.550661476362363253e+29
-6.805099121588793872e+27
1.043537547960809375e+29
3.883704560273141688e+28
-2.265901489436114292e+30
-2.787197927936216724e+29
3.188093352152524155e+29
4.647431118268693745e+27
5.641631838833756376e+28
-2.476020035149820403e+28
3.878437965570915599e+28
-4.278517051306595083e+26
2.517541823941902916e+28
-6.665899264867079888e+28
4.109645909088995373e+28
-4.568993203605901750e+28
1.208721773209344965e+28
-2.356418748435602605e+28
-1.012464259007535421e+29
7.276442289637503982e+28
1.627272927722163390e+28
-1.911895451732347715e+27
1.094277772656956920e+29
-3.614476496772924211e+29
1.069164068919206095e+29
3.316725442770206583e+28
5.722149420365059534e+27
6.352952687095398782e+28
-7.915690896108624457e+29
-9.022361705506215880e+29
-5.681351662510284896e+28
4.573556537056829982e+28
1.260831646804786493e+29
-4.666584925276187548e+29
-1.145660351738882889e+29
4.494210294486155600e+29
2.547455088806383917e+29
1.667974459696732812e+29
-6.313645577076251541e+28
-4.469669226045427219e+29
-6.469956198855480474e+28
-9.462747709775325768e+28
-8.906927196917870175e+27
2.001848927162374788e+28
1.459941371363081409e+29
5.891219752212564345e+29
-5.566607998016667817e+28
5.097270029394067485e+29
-6.463982863759283140e+29
-5.949067721040791473e+29
-1.897278254970833240e+29
8.775130505942818726e+28
3.682800209634126195e+29
1.277201859838098871e+30
-6.723234212945724405e+29
-2.216954868732760729e+30
5.850424593085103712e+29
-8.722135755435795134e+29
-2.238559700466448870e+29
-7.950134474998729398e+29
-8.682301540127322512e+29
9.959319672069351699e+29
2.888282251815702364e+29
5.950163436046605686e+28
-2.013812225476018980e+29
5.137878908042076156e+29
5.459508020944553657e+29
-9.488383165901375646e+29
9.807214214838933864e+29
1.656318927891169101e+30
6.708621535032637445e+29
-7.954151971171516669e+29
1.476696990172138968e+30
-1.227199695211245505e+29
-5.213533301799525638e+29
5.554806596982668429e+29
5.176055861549441467e+28
-1.912376824677278869e+30
-6.379530380267476484e+29
-2.789117325041844531e+30
2.561902572041114992e+29
3.849908298168188979e+29
1.545226606031274065e+30
1.784714638261150994e+30
-5.391061053266476775e+30
-5.585499544149443395e+29
9.289130178688357745e+29
2.578480509781948140e+30
4.798589444915311492e+30
-2.667671685166395736e+28
-2.141720628447245966e+30
2.093097869080633019e+29
6.268314333743364655e+28
5.851295735200571045e+29
-6.568578646641452044e+28
-3.307875247806433799e+28
-5.870039788191219302e+29
8.341180840310879954e+29
-1.841386036728457481e+29
-8.855226508262776980e+27
-7.000825727682189219e+28
-4.786371229744602678e+29
1.404439093126167611e+28
-4.636552572592752676e+28
1.269692496729571441e+29
-2.594487530528593816e+29
-1.516116295707550190e+29
4.616961490987236099e+28
3.568440906548093696e+29
4.674341457902566816e+29
-4.649838793811951604e+29
-3.088594596640092553e+29
-5.681231928769099025e+28
6.280267061155396008e+29
4.487183002905765218e+29
-6.377588089582160189e+29
1.245025821784580686e+30
-1.602850414244540974e+29
-1.050441803161746901e+30
3.494753953088462541e+29
-9.509984223209571236e+29
8.173398333577355354e+29
1.898195902684534719e+30
-1.286338856466961267e+29
8.630871705251649378e+29
-7.244517452575041546e+28
-1.382744180833660190e+30
1.657133999035526891e+29
5.559237535605685020e+30
-2.528085688531923697e+30
4.633928594687804406e+29
1.347086502118095823e+30
1.030313520121948276e+31
3.996809549112729326e+30
7.002076410468271017e+27
3.714081577164696087e+30
5.348922229840524256e+29
-5.628225265518414356e+30
3.288315606217946478e+29
1.258374675964922018e+31
-4.239131431950277010e+30
-1.512780058837609642e+31
-1.565567898125321610e+31
7.282573406700121140e+30
-8.924674370716208015e+29
7.672679102199440810e+30
-6.770500202565681764e+29
1.113920073929816628e+31
-8.598475744899848970e+29
-3.118112827409211862e+29
-2.343271177980910525e+30
5.912321339534661277e+30
1.292512581305452580e+30
1.716951310037263656e+31
5.439880017565892624e+30
-7.032064630664221438e+30
-3.460542678452307963e+30
1.508798083917916205e+30
3.407048770393524038e+30
-5.365138307600720138e+30
-1.845398237933337333e+30
1.361082931358733787e+31
