1.375023365509731520e+17
2.954931911799498240e+18
-2.057262734644030996e+20
-4.929126576345283297e+20
1.426518346729352960e+22
-2.590375364712077669e+22
-7.198794263095317994e+22
-7.477973775230667273e+22
-2.361838598155732383e+24
-4.406777547578099200e+17
1.658810634731022582e+20
1.389261172887101060e+22
1.123658202361007041e+23
-1.187957360807064791e+23
-1.406037876682620771e+22
-2.859939700334699026e+24
6.319770231428849913e+24
9.566317934016887513e+24
-9.561752206409358377e+20
1.311010944470277423e+22
-1.218942951161844927e+23
-2.868219817997708412e+23
1.292011678029150102e+24
4.191619906151284809e+24
4.937976281349737463e+24
3.986199931384441223e+25
2.177440889419159203e+26
-8.622861709548714721e+20
9.238767277498462477e+22
-2.817233736448996027e+23
5.211090330108159559e+23
-4.211110002319642331e+24
-1.243670012034524761e+24
-1.926790813850626851e+25
1.191255294767173935e+25
-2.383780541154061505e+25
7.522265038501502703e+26
1.334119901797256108e+22
-2.676024702289454721e+23
1.011069860860319888e+24
5.028083318457761062e+24
3.148059265432034031e+24
-4.640153572140460290e+24
1.497758697628841433e+25
2.050178296037787768e+25
-2.128926941357726401e+25
6.194150030418881840e+25
-1.199872055911895687e+26
5.748662429163017991e+25
-2.889359440200247280e+22
6.645100733190993462e+23
-3.171467954549303785e+24
-2.854322380793135481e+25
5.002521250783707135e+24
1.959937046101621130e+25
-1.434682340613436524e+25
1.625663883187703991e+25
-9.849707991458909001e+25
4.223525543258615320e+25
-1.870357174553394883e+26
3.864785536282000285e+26
-5.476187392551470735e+26
-8.627684165061675308e+26
-1.482898050247104135e+23
-3.345259250893758860e+24
-8.254681613207406067e+24
-1.421848312277099504e+25
2.756850124842407586e+25
-2.606350689394677065e+25
4.602810790885169768e+25
5.337660723000107696e+25
2.845555849386939728e+26
-2.114613936960248698e+24
7.924958865413713124e+25
-1.630060307795691718e+27
1.584601038361582616e+26
-3.053183790893476060e+27
-1.573586295684814446e+26
8.763557040132719011e+22
-2.647685879185672810e+25
-1.821758646211462080e+26
3.153004867971593744e+26
-4.415522824311719697e+24
-1.159044584651405818e+26
9.979576357818314964e+26
9.100769364495169963e+26
7.256830437849464577e+25
-1.930519516270397107e+26
-1.560832007992992547e+27
-6.632672755749350083e+26
-6.794766125667516552e+27
4.016083539515123713e+27
-3.142729096135404918e+24
3.215369636987937402e+25
-5.644409345880750566e+25
3.205945537149429516e+26
3.334281074067894987e+27
7.922020532578746579e+26
-2.111747397401803614e+27
-5.030184977404016427e+25
2.053215918556422340e+27
-4.039857401521443430e+27
2.345903180100094051e+27
1.393839295889522999e+27
3.460104089638738140e+27
-1.917298755727928066e+21
-3.815179902765427065e+21
7.276739005896959459e+21
-9.458326675079290264e+22
-1.791701035021160342e+23
-2.537439754017257501e+23
4.268935066670020721e+23
3.766812426436770907e+23
-4.331956202826617544e+23
-1.709332767108041672e+24
-2.422860605996222718e+23
9.768035736616782162e+23
7.851855289576427427e+24
4.437879688633249425e+25
7.489261975518434879e+25
-1.166038851660005976e+26
1.343808060496534265e+23
3.342952443757561161e+23
-1.101511878524083057e+22
1.758045050160450252e+25
3.305074358078914922e+24
3.766018141639637680e+25
4.829296146607484483e+26
1.858091778458123634e+27
-3.609014450701298198e+22
1.039106150176907544e+25
2.505096063614465328e+25
2.138362895186625616e+25
-4.022793707302655052e+25
7.189683893766196662e+25
-3.978787822940197965e+26
5.680510045711983901e+25
1.074952565892543675e+28
1.766153245876680126e+24
5.153534116150312568e+25
5.601840270045212783e+24
-7.057356552551664301e+25
-7.822512714292960632e+25
-5.486841048743737394e+26
-3.656400465569103911e+26
-6.260516712876091401e+26
-8.677853001080530618e+26
2.895399696039284912e+27
5.237984519231957411e+27
2.510215738192795640e+25
1.174338236496231182e+26
2.429136666046056101e+25
4.616101148762953229e+25
-2.702675143596289286e+26
5.731664908976494099e+26
-5.519378052906138823e+25
-2.278617798474214349e+26
1.109454793630765680e+27
2.196209102705861415e+27
-8.666553775925577230e+27
7.694602240868633328e+27
9.751533462982187758e+27
3.408361180445423328e+25
-6.188618265892580433e+25
1.673171847193200532e+26
7.100298457777458796e+25
4.917284225117007079e+26
-3.379054142181346817e+26
1.145600208514860137e+27
-2.941870854282785914e+27
7.538008037587873181e+26
-9.551675936019023545e+27
2.091471836945815101e+26
1.681145078155855794e+28
-1.817612164493495199e+27
-2.689866860670019832e+28
2.460838100413150448e+26
7.346520016329354050e+26
4.162414752826276884e+27
1.725867467562967692e+28
-4.378824675971731427e+27
2.795801431530795281e+27
-1.599955053927048179e+27
3.803786459180559904e+27
9.297958809844570035e+27
-1.270842211366449258e+28
1.402164615529476047e+28
3.362796016730605229e+28
-1.127330561974253322e+29
-8.635463921962455818e+25
-5.691564294849853379e+27
-5.404481324150046668e+27
3.815962016499992453e+27
-1.487360274640409635e+28
6.008610723372469986e+28
3.921707113245843234e+27
-2.230196986201188404e+28
-5.432998460731206913e+28
-3.933585620645743375e+28
-1.348655819333417792e+28
5.484817253682080623e+28
-7.558595370577329033e+23
-1.285474423333220000e+24
1.021505978434038276e+24
4.850397600608584072e+24
1.831880561038015032e+25
2.563927139998922790e+25
-1.315845183086917809e+25
2.540582123167775257e+25
-7.620343419980275860e+25
-2.750511234058042524e+25
-6.334104760165223059e+25
-1.141842050254651929e+26
8.586904471481951625e+25
3.118301674968318672e+25
2.137449089995894040e+26
2.834214636126363176e+26
-1.719612761919204121e+27
9.343254885400098626e+26
1.535852256297595910e+25
5.264633534060821405e+27
-9.111727261309000968e+27
2.921559390842431962e+25
-1.789946479518196235e+25
-2.155155824101748416e+26
4.543149955429960757e+26
-1.008979216228534653e+27
2.725419186888696397e+27
-1.222327942764379687e+28
1.036037050674576836e+28
-6.442678088658728950e+25
-5.886684320304024192e+25
3.273746123431015380e+26
5.761489163447271237e+26
-2.655817572316217490e+27
-6.737367578101914196e+26
1.474924364950704160e+27
5.347518256630896123e+27
2.946804876384270104e+28
-4.653407954650917300e+28
-3.589158121945284800e+26
-7.110163974275237133e+25
-1.019227240668932836e+27
9.617348587921006977e+26
4.699796568255308087e+27
-2.122037426739559257e+27
-1.271082541537376875e+27
-2.922142634050187768e+27
-4.500576633852743726e+28
-8.769475835639201261e+27
-2.800604545773944496e+28
7.827038748495006275e+28
-1.188013197812057458e+27
-4.004509214525064340e+27
-4.488438486744385275e+27
5.321483385590172035e+27
-2.880397222260930084e+27
-5.931805515611741745e+26
-8.039426950651380038e+26
6.770498150000184328e+27
4.907859637482145922e+28
-4.430886182489790834e+28
-3.584678355989143993e+28
-8.608922871270386890e+28
1.426190402039106114e+29
-1.104322565190930019e+27
3.705644945899323477e+28
5.375440457088339957e+28
-4.763001103621438197e+27
6.309995637473008422e+28
-8.877768933042007577e+28
-3.412992316492890334e+28
8.071981438740074210e+27
-3.599583213635394682e+29
8.673505640472746161e+28
2.671586404078594481e+29
-3.587927517494602386e+29
3.753880200196139451e+28
-1.448034970105260066e+29
-6.043716528528691266e+28
-1.253807069088788711e+29
1.217519726090325207e+29
-2.339249330942418032e+28
1.070435122148331887e+29
3.080746572564839408e+29
-3.619109702210715261e+28
5.082286541835116441e+29
3.074906786168857993e+29
-2.311162214137313621e+25
3.455922355879950611e+25
-2.272667286894602978e+25
-2.108349825895408800e+25
2.502518996396101490e+26
7.092957642968654337e+25
1.272770624799247339e+26
-6.273423818408100586e+25
2.772420700638556692e+26
-1.955803193639281285e+26
-3.264394880027090468e+25
5.623050351500564268e+26
1.379218426356374575e+26
3.510799448165245447e+25
6.118038932978802422e+26
1.720755113050664198e+27
-1.483811371967256839e+27
-2.290456143683876470e+27
-3.239449225748471093e+27
9.184738330557177374e+25
1.819439123450574809e+27
9.594533598620681026e+25
4.451126569832823258e+26
-3.287341338374618581e+27
-1.774688121415346693e+27
-7.439032522834735791e+27
-2.849327546704330584e+28
4.137741968184546016e+28
1.183351617050936199e+28
6.400843567860221387e+27
-1.486347243365143085e+28
5.991280738978386566e+28
-3.615056093876311945e+28
-1.003394124972019015e+29
3.133246594916538420e+26
-6.040720787444177012e+26
-1.746381267084023785e+27
1.170077542250161392e+27
3.096392199673680846e+26
-6.348492525177022289e+27
9.791549428660252803e+26
-1.245276483350303150e+28
1.646752808563536263e+28
-5.046158785430167538e+27
6.716356404370570686e+28
-5.727273542633707937e+28
1.751052427222611353e+29
1.004195797599621454e+29
-4.993469609227155172e+27
9.812985866557026400e+26
-3.189464969771524222e+27
-1.010986967808793231e+28
-4.698470559026417494e+26
3.272752062728533825e+28
-1.337450175436322847e+27
-1.776072165934632609e+28
-2.302279347098910300e+29
-5.645347675456880940e+28
3.852451256847319090e+29
-9.678967545777017859e+27
1.036893701209378216e+28
-1.056854969101755054e+27
-2.067901855085085386e+28
2.618099799810504157e+28
4.558802005120995641e+28
2.234871910400198794e+28
-1.693529852458612703e+29
-1.395758958967756853e+29
8.161927290019568703e+28
7.882002739014723200e+28
1.414816275346318876e+30
8.504940750187295849e+28
-1.346237390680943644e+29
-4.271859496946146107e+28
-7.050753799093117850e+27
4.431344116844655481e+27
1.137912191576609015e+29
-4.744149965038915963e+28
-5.564450662669766115e+29
-1.887747701097908096e+29
2.328410551812779012e+29
1.585564392578851166e+30
-4.650774207049502323e+29
-5.600536574285358936e+29
-1.491070073514968259e+29
5.851286893947685982e+29
-1.243371298379081478e+29
7.962946548903700842e+29
2.147735525918066600e+30
9.226795781252076361e+28
1.819253003964114633e+30
-2.056121024634483986e+30
1.362263963098975799e+26
2.698853917614418264e+26
-1.581222207539289671e+27
2.981691806861474178e+26
-1.766324247708475777e+27
-8.375521937797681118e+26
-9.119101716879155054e+26
-4.091720156095383287e+26
-1.824399998794633135e+27
-3.066695988239112977e+26
-9.961543552184738562e+26
-5.723938153414948340e+27
-3.788276807918192458e+27
4.548938824987817856e+27
-7.581123251563606156e+27
-4.240932650776590835e+27
1.247145296525097163e+28
-1.229164604159980662e+27
-2.542158962842241510e+27
-1.025935385674560154e+28
-1.532800151734681607e+28
-2.728148372033730064e+27
-1.633774337655267856e+28
5.636971310609725584e+28
4.319537160536524395e+27
-4.294941775919440592e+28
-9.631216805699183689e+28
-1.601269035176720382e+29
1.002322336671628351e+29
-5.055322844864744541e+27
-3.968268085788539081e+29
-2.593785296046979939e+28
-1.380740702176071416e+28
1.225918650579438063e+29
-2.875842979249826144e+29
-2.308405251317849643e+29
1.980156012143924809e+29
-4.062807021951673501e+27
-5.457549342816960517e+27
-2.879310157802733447e+27
-3.162165240781257935e+27
6.823490668561556997e+27
1.411319837589237416e+28
1.397672265763664123e+28
-3.475392169371347722e+27
-1.434606674566092267e+28
1.710949203372987048e+28
7.887146981881341804e+27
3.332886399821861950e+28
5.680500345801701243e+27
-7.172491259930358813e+27
2.203104412988942074e+28
2.557092563917330784e+28
8.395767103635699497e+28
1.619981950422804504e+29
6.517133589439147946e+28
2.814980161004463449e+28
-9.851801632184004032e+28
1.610888630007801716e+29
-7.049261915527298591e+29
3.924299682604061924e+29
3.201387465260747184e+29
-3.306416379613562997e+29
-1.995259271680932825e+28
-2.943440778643497237e+28
-1.668025723674738394e+28
-2.013122854809425106e+28
6.094456396415458122e+27
5.028879829192647242e+27
5.662865294433604739e+28
-1.497207511420782029e+28
7.862181525900885801e+27
-2.609669921461496482e+28
-1.331792696287121103e+28
6.293634622299974545e+28
-7.434309934771567099e+28
-1.326205824538402263e+29
4.008698688358827400e+29
6.633856002206535571e+29
-1.523672404426183489e+30
-3.820413578041646474e+29
7.281351928928529606e+28
-1.218759487635820120e+29
-7.521398855912045644e+28
6.287601298812235529e+28
3.757454062466877916e+28
7.394668038704915404e+29
-8.106460072979959737e+29
-6.300235516334674526e+29
1.343338954663972760e+30
-8.519625738461208660e+29
-1.419700658227265199e+29
4.290113829027389438e+29
-5.088566799457630694e+29
-8.343334850381845266e+28
-2.170194843828465146e+29
2.024113107100838982e+30
4.117668023413474589e+29
-9.680032818561959198e+29
-3.095815133645232389e+30
-2.638611701440994715e+26
-1.566053412945901369e+27
7.548079469999979951e+27
9.179547410052506282e+27
2.506037240508004952e+26
-3.859163562715617743e+27
-2.349478886365167975e+28
7.688661107316220327e+27
-4.955257920044489877e+27
1.825780488201387228e+28
-2.272615352884162235e+28
2.607637322468751227e+27
-1.230335421852393630e+28
9.128817242885112064e+27
-1.553746814665085566e+28
-1.871968510004456505e+27
2.311973609249983648e+28
6.152269636652701147e+27
1.954372519912581538e+28
-6.122528596583860647e+28
1.083134992150421665e+29
1.337179078970894115e+28
-8.789493444985489057e+26
2.002400700924528811e+28
-6.369578995470758802e+28
1.071312844253218503e+29
4.608555235771638786e+28
-1.194741971230819643e+29
5.840021509655344749e+29
-4.044292899975658347e+29
5.426503882148886007e+28
1.330645620153913250e+29
-9.575247327141229200e+29
-5.538068434719560046e+29
-3.055144600822318971e+29
8.341195194025762550e+28
3.188480923579199719e+29
-1.096903735197789711e+28
6.828082570699780878e+28
6.149940547903496679e+28
5.605491756545093201e+28
-2.030950473515438051e+29
-1.023124219176252067e+29
-2.189262011882131604e+29
-5.312127634484505422e+27
5.384805420544293017e+28
1.084382226188940442e+28
-1.273293322907711186e+29
1.849611425800801427e+29
5.567536086765526898e+28
2.020639645844322692e+29
-2.576405348089506279e+29
-1.302246010982138977e+29
-7.503921714642205278e+28
-4.354554884443421300e+29
-6.668011655476690788e+28
3.176699350495608450e+29
-1.672550467080803932e+28
5.246597629510876171e+29
9.028614692122698706e+29
1.396923774149845863e+30
2.157595609942804884e+30
-2.063762763585813230e+30
2.832589561811746830e+29
3.963530961986379861e+29
-4.538212215277326073e+29
7.143128791253050357e+28
4.481408655771183767e+29
3.802457653939972000e+28
-1.118312750764848465e+29
-2.269900603696823217e+28
-5.161805139674669186e+29
6.968007581607938250e+29
4.680337050322053378e+29
-1.693704650083441893e+29
3.238367705491438042e+30
1.709152580810519167e+29
4.858366728523718628e+29
1.963183734836631506e+28
1.571194272044017932e+30
9.671575054216446254e+29
-3.343047430137949728e+30
-2.655831690795630805e+30
-2.364151602816754895e+30
-3.088728552762893921e+30
-2.895937021680756375e+30
-6.330800350701654386e+30
1.580259351782287061e+30
-4.518350877453901007e+29
9.584013654162591558e+28
-1.991265865470791768e+28
1.690026154601429294e+30
1.708378125713477697e+30
3.192797477660155717e+30
4.742850373599621069e+30
7.953629120974768712e+29
-1.094458766355664010e+30
-7.980757382743220687e+29
-1.129056161632275822e+29
8.438949518494447350e+30
3.926159189935963063e+29
2.958009055076498212e+27
-2.582695561210671057e+28
-3.916429100001609088e+28
-2.098400999422293735e+28
3.340235635058088762e+28
4.578344743780906168e+28
-7.297900176339519845e+28
-1.894356948404657084e+29
1.269154514567678209e+27
2.473667177094636143e+29
-2.231869395429247697e+29
-1.044062389524917855e+29
-1.724147511146393125e+29
2.138298982218877090e+29
-7.799624719142396201e+28
6.274387766034850378e+29
-3.249913085286032915e+28
1.726608952251127393e+29
-2.318434970529272103e+29
-7.055514307807175403e+29
7.527392632039109458e+29
5.394888899965399610e+29
4.968181677079876390e+29
3.978124563978117769e+29
-7.680063531444378616e+29
1.992553662117288542e+29
3.430693221670216563e+29
1.073386180479465974e+30
2.986862925202025091e+30
8.630800417078839739e+28
-1.333419732597467432e+29
1.298382587520456393e+30
-4.436776690723430186e+30
-6.239898211903603813e+29
-7.828230964191873961e+29
9.372804843718747327e+29
-2.089715476833494720e+30
-3.513652740272851145e+30
2.951728864808569665e+29
-8.666160528933728062e+29
-2.770244685173601134e+29
4.721631436550212659e+29
-1.196192704196841451e+30
-7.726031228467485812e+29
2.844273578575366511e+30
6.075282596111823689e+29
1.284618926443208677e+30
-1.175294520686092746e+30
1.371052141723433162e+30
1.867054833979196584e+29
4.452268774253862827e+30
2.766674884539652504e+29
-3.088161646045695139e+30
-3.024037529225826103e+30
1.509184211660451078e+30
-4.012801746117956785e+28
-5.687397099715546887e+30
3.572577246952014182e+30
-1.802703765564123223e+30
-2.043083022964635919e+30
-3.367355160099101874e+29
2.359807049311290507e+30
-1.121620827847275084e+30
-7.468896829891521910e+30
-6.721897963632423753e+30
-2.725076460950351812e+30
-7.916532550353134407e+30
1.357254453504382108e+31
-9.593943371077529152e+30
4.505435800859040569e+28
1.355982365046889055e+30
-2.213999401928279575e+30
-2.485074576790070132e+30
2.318018397972420033e+29
-4.871179321109584904e+29
1.946242067390609296e+30
-7.266970786161434969e+29
-4.983684250107586668e+29
9.540256160032555283e+28
-8.369164424711924702e+30
-2.627362502223480863e+30
-8.917096683185358518e+28
9.238136480192300811e+29
3.570811418159988895e+30
2.458550213704577425e+30
-4.965638527560242569e+30
9.358759165571514032e+30
-2.338007984253046365e+30
-3.293657798396579898e+30
3.851192611597860585e+30
8.970081103359382439e+30
2.117786029478138631e+31
-2.448066493371709449e+30
-1.390063651681992695e+31
1.132085065407511867e+31
-1.320280156261490237e+31
1.195118805631260861e+31
3.708315798210184772e+31
-8.130594967426549585e+30
3.121915562601414819e+30
1.302559639666580471e+31
8.735287643768264886e+30
-1.539999957112345433e+31
-4.773741046166083260e+31
-3.922427933686113614e+30
-3.403875920469929568e+31
-5.001571701426897033e+31
3.996323844686521301e+31
-3.894357389907406848e+19
2.381739370496000000e+20
-6.445880116116742734e+21
-3.630410535691689656e+21
3.965305385152865632e+21
1.842798021259924865e+22
-1.204863676364239353e+23
9.928784415887505112e+23
1.435301769677867090e+20
1.352835680352608872e+22
-4.801906570987062900e+22
-7.023714020189581135e+22
-7.347353852649258405e+22
-2.775020793898078348e+24
5.085420866138500487e+24
-1.727353989392272296e+24
-1.615998937439161601e+22
-2.352372136763166451e+22
-4.504270868040829108e+23
-2.322181528936705216e+22
3.149570854852849627e+24
3.544242425896013375e+24
1.291421586687486863e+26
1.769638210517247594e+26
-5.667113271060422722e+22
3.799110553885620274e+23
-3.129493625156451602e+23
-2.754608014375732235e+24
2.189436652439301637e+24
-3.130032775485981159e+24
-7.922354986270899424e+24
-2.748548146675335013e+26
-2.406585609263206994e+26
3.092197477739069880e+23
2.077635839637887138e+24
2.567262215993647505e+24
-2.357864789173719609e+24
2.024566276843899365e+24
8.901378109317720687e+24
1.334797175146052581e+24
1.926103079511896525e+25
-1.274157828482555209e+25
4.511863884537806461e+24
-1.601992582054566180e+26
-3.348029546468210052e+23
-6.955739311569789023e+24
-2.739346920998155064e+25
1.652833547243131532e+25
1.114836931209322776e+25
4.316033650190337828e+24
2.888560602330779333e+25
-1.146242503997643125e+26
-3.332759074588833913e+25
5.171097311379980684e+25
4.761548027497896650e+25
-1.047382218321773331e+27
-1.182168843543720184e+27
-1.423714856672618990e+24
-1.360655055550187970e+25
-3.059280039530745512e+25
-1.448822815500307291e+25
8.383888344934732835e+25
3.261862881383314430e+25
-4.814631127601721786e+25
1.050143505669776017e+26
-8.782444543442100727e+24
2.153661280747187807e+26
4.555555364432133035e+26
-5.381974394209004869e+26
1.293790916560487708e+27
-2.521803892795161608e+27
2.381749644779047591e+25
-1.645769875712202118e+26
2.986553446241229881e+26
-3.207382605719566242e+26
3.105759354125047035e+26
-3.089475230652182743e+26
1.928415012422956198e+27
-1.942338444970123463e+26
-7.703683292718564816e+25
1.905703972875784338e+27
-2.205110067336719328e+26
-5.320110293755110647e+27
-4.535324317828965302e+27
-7.465186253810082398e+24
-1.155922458285562228e+26
1.238281046722188675e+26
-1.373566129877035921e+27
-2.497754025558441731e+26
-2.612261698220428850e+27
9.320112945015014743e+26
2.902127159135736920e+26
-3.273637972844228556e+27
3.173831025872433728e+27
-1.848000539099405044e+27
6.441108297662168032e+27
-4.950021025923141206e+21
-2.218929111858121644e+22
4.233772447058149297e+22
-1.091601143552862677e+24
-3.728563126190298649e+23
-1.715852013428959041e+24
-5.167965191829040702e+23
-3.046184754309742769e+24
3.813701076577305665e+24
7.362981097585774103e+23
1.556837086000298562e+25
5.319612949718916743e+25
1.138578545016054091e+25
-3.082091960055284621e+26
8.069388971619669131e+23
5.896675191489786766e+24
1.123418636412664217e+25
-1.390274718584908026e+25
-1.733486723472586207e+26
-9.771522799941578880e+26
4.119422009321653849e+26
1.633037959980882221e+25
9.553870660166798306e+24
-3.185145368789737782e+25
5.975885024655684503e+25
-2.211095528272148729e+26
-4.075160013219270259e+26
-4.051997376845990065e+26
-3.751065313248653768e+27
-2.387082533024633295e+24
1.219524456291712626e+25
-1.605818269658071828e+25
-1.453031331870887726e+26
5.075743274794365570e+25
6.352016845106741825e+25
-2.352541241110761918e+25
-1.173383256907577708e+27
8.663308973770943235e+27
-2.096994219881946022e+28
-7.124240511287055547e+25
-3.915798529635064353e+26
1.265015748771060095e+26
-2.898630781498438445e+26
1.789050450242386033e+26
-3.948680594328581076e+26
2.920634875117782319e+26
2.138127146080213146e+26
8.619416050584774039e+26
-2.907945895909236312e+27
2.947972211216946313e+28
-1.804668630957399778e+28
2.682806961690819741e+26
-2.393543978716453946e+25
6.322555821199559765e+26
-8.821228636644590570e+26
-2.671535174049607066e+26
4.255772025487761613e+26
-6.054623763195736666e+27
-7.766413149032950600e+25
9.169649347739500560e+27
6.255700757196506455e+27
-1.185849327114207968e+28
-1.721266968125956850e+27
4.972617034419468133e+27
2.880274358537705684e+26
1.238599450599615433e+27
9.804337703753721524e+27
1.440554568485941564e+27
5.245673137245858572e+27
-1.551043433678405491e+28
-6.080881949115172063e+27
8.939543336313341007e+26
-2.391283308835063576e+28
-4.315508982384711273e+27
5.155578197222201109e+28
-9.815745613799013700e+28
-7.456130751969925987e+27
-9.295693473179811329e+27
2.063530183745326572e+28
-1.677219376508419462e+28
-1.816072192499394585e+28
7.838958533648701922e+27
-7.851913645130823277e+27
-3.543457766188552904e+28
-2.428834259671932949e+28
-1.010569799389026837e+29
4.761751458311639175e+28
-6.739990654842962130e+23
2.506609769435283054e+25
-1.938266852513213531e+25
8.185006498395075249e+24
-3.114749276813448246e+25
-2.382176007808479307e+25
7.052686335740609980e+24
4.705804803199568364e+25
-1.198096194153369778e+26
-2.609124154390639884e+25
5.524412977873605478e+25
-1.161503211882954109e+26
9.008049803282872083e+25
-1.348872952182276108e+27
-1.044624130083384633e+26
-1.874883088015269721e+27
-1.571914716103467136e+27
8.615472300864199511e+27
-1.088255194545749417e+25
-1.202782071396364495e+26
1.050823674371455281e+26
2.706727820834942951e+26
-4.028299022512599482e+27
1.932825458765430920e+28
-2.461868757589641987e+28
-9.490535673678704572e+25
-1.732787542338649182e+26
-6.161526137184935710e+26
5.191619089995816540e+26
-2.124007726737881731e+26
-1.910839986213160814e+27
-3.612805732514955501e+27
-2.345235363160298570e+28
-7.870676843266428681e+28
-5.247762072329950835e+26
-1.934033403243763890e+27
-1.763411021428771718e+27
1.357589229183025718e+27
-6.622759123274710493e+26
4.404443345935882881e+27
2.856145393444971895e+26
2.273955866635541067e+28
-4.276008248371162835e+28
6.648632897901989524e+28
-9.748208239660103069e+28
-2.886861669563963844e+26
-4.058192992842271426e+26
3.364753836297169087e+26
1.521413770417164130e+26
9.229664955850299483e+26
-2.889847346278166092e+26
3.211595003055677543e+25
-2.529027159171090865e+28
4.789850774143264284e+28
7.358972863113590886e+28
2.520332071317871453e+28
8.827903231566051214e+28
6.586708928015529663e+28
3.260252660547201424e+28
-1.181511703618111175e+28
-1.057217488891482073e+29
-8.229041307578147179e+28
2.385157733653057794e+28
-1.799658410905759412e+28
5.551024175782840834e+28
-3.666126950583314015e+27
-4.487119834777074147e+29
2.547470888530798438e+29
1.673185210449153858e+29
5.831934433826604114e+28
-1.871045072828023688e+28
-1.528474219082589152e+29
1.893252346617785737e+28
9.662345548481107952e+27
-1.947943328146027577e+29
9.290447312332789204e+28
3.091119934909013478e+29
-1.225699530552046330e+29
-8.977327496467014960e+26
5.643228963550770127e+25
-6.272139483889452142e+25
-3.900173592004082301e+26
-1.313548402236461090e+26
4.015707700850457454e+26
-2.019578984156780081e+26
4.886490510200237275e+26
1.401841274596855904e+26
-7.811960342230738030e+26
-5.317004251606042093e+26
5.673393211667640526e+26
1.643149404466618411e+27
3.059259282775363430e+27
1.931427474113653306e+26
-2.953725340170211478e+27
1.438419676900935637e+27
3.151106481364291995e+27
-8.841791031706885160e+26
2.253440250502376097e+27
1.464649829610656289e+28
-3.493238703793418104e+28
5.506849317025751050e+27
3.943899091159554788e+27
2.069170520495885853e+28
-1.036903668286464788e+28
-3.958970773543256626e+28
-6.685296205199375850e+28
-2.446996396582248352e+28
-1.274416177573745252e+26
3.175431034739164671e+26
5.155618957991354502e+27
-3.034773658924319278e+27
-1.625939849309599141e+26
7.177723220361099211e+27
6.156048620248709055e+27
-8.127995115187314387e+27
-6.197676204713095356e+28
2.365890978870422748e+28
-2.357681254380965615e+29
-6.940535004635759069e+28
-7.720215308739591640e+26
4.853386979651690300e+27
-1.122626469479967758e+28
-3.948615256979492580e+27
-1.991842231868277695e+27
-7.380335455147153542e+27
-7.050475346996203020e+28
7.145519698336433134e+28
9.967080726312475192e+28
3.040496583021611265e+29
-1.576593956072242813e+28
1.571635145073061857e+28
-1.295072449362702481e+28
-8.040382170002758023e+27
-5.576886407510980997e+28
3.346025048933404126e+27
-9.459097938599213563e+27
1.274473346548082815e+29
1.300396511800571354e+29
-4.290754387087404099e+29
1.843166214058252553e+30
-1.648102192231966480e+29
-7.354449804309967136e+28
-1.057820450740466165e+28
-1.430347116747317611e+28
2.298524850489802290e+28
-7.083437238439612346e+28
7.107454978420345681e+28
1.634188301932426229e+29
-3.395384479641684924e+29
-1.485718039979552590e+30
-5.304830627500095760e+29
-4.450208469140407460e+28
9.118047754552435480e+29
1.014785006364549949e+29
5.783720501456079164e+29
4.108602096848406708e+29
5.753513414151242971e+29
9.054344224954331947e+29
-1.592085918045567516e+30
3.079662913735193462e+27
9.227973890139284359e+25
-2.423633571697550137e+27
2.336074428347666078e+26
-6.185337116929082890e+26
5.515292552579831794e+26
-4.149320517403059068e+27
-3.249668632850701430e+26
-2.025286163632385346e+27
-2.329791401632426264e+27
-1.985933548820413723e+28
1.811291007385157207e+26
6.567540023670412635e+27
-9.935881804712857128e+27
1.665645010689437911e+28
4.868967674620911722e+27
-5.795262821600823949e+27
9.869728001921526453e+28
-8.818598723622572846e+26
3.749686859284843203e+28
1.250055131888201611e+28
-1.460798763514430180e+28
1.575113966880817415e+27
-6.209301998079087377e+27
-3.593823917299969681e+29
2.610361746331622987e+28
-1.057429493372975336e+28
1.497073304627153851e+29
3.928482162511184113e+28
-1.801812567842403149e+29
1.844540330016019448e+29
-3.874756231203631272e+27
2.096294441278623383e+28
-7.041734419370230749e+27
6.063257014281754941e+27
-1.578276090877210446e+27
6.023974511599643719e+27
5.060876951089358459e+28
-9.135140639284218702e+26
9.445376068376058762e+27
1.788555545946819006e+28
-1.778707820806571250e+28
1.039263116469512768e+27
5.729766878850478737e+27
-7.855246970747782070e+28
1.980734238140676947e+28
2.653840394873105940e+28
4.319371926164736905e+28
5.772258606182761176e+28
-5.297923997999681165e+29
2.039263937057692388e+29
2.566714305729173319e+29
-3.136663307747496900e+29
8.604837861548474128e+29
1.892287474969964422e+28
-2.185835989070440599e+28
-3.996499376728390173e+28
-6.440572493678840303e+28
1.935128924297429689e+29
6.018756469613925950e+26
1.820772172214464582e+28
-2.909351748514726838e+29
-1.101346827510390275e+29
4.994568883644355696e+29
-3.168660203579580319e+29
-2.656193193925871763e+29
2.004090337488013563e+27
7.781096537901653551e+28
8.844440336800815022e+29
-1.690535434530986376e+30
-1.569442746554567538e+28
-1.353705165766879176e+29
-3.786752289894995908e+28
-3.280964528897723691e+28
7.962968535144376835e+29
4.856087820123420156e+28
9.787344841593787271e+29
2.848447901625142111e+30
-9.222759712732536247e+29
5.481336771204192104e+29
5.439090761069058853e+29
2.022752470203539512e+29
-1.099154599316870448e+29
8.634028442100110103e+29
-1.825016428640773976e+30
-3.774989338495121342e+30
-1.522143377374873499e+30
4.757271805217046873e+27
2.303305605123105008e+28
1.236125460130200941e+28
5.567681481292756827e+28
1.416815670282601347e+26
6.793681965962271581e+27
-1.600962034505583816e+28
-4.497584231302782428e+28
-1.068674144723693752e+28
1.607440808318537535e+28
-7.496009720903205587e+27
1.866274277270636359e+28
-1.095992491786680717e+29
3.971315560847123156e+29
3.367617703706764843e+27
3.191762063432030675e+28
-3.329465715233354759e+28
3.372896174217819553e+28
3.565154590715244359e+28
6.697444279614755660e+28
1.022963509355409139e+29
1.484584732025671361e+29
2.061747252470046408e+29
-3.349792039117492716e+28
-1.129733961772512713e+29
7.482023812699449118e+29
-3.081982185971215394e+29
-4.064744496452494096e+29
-1.705850713067236017e+28
-4.363898469688186963e+29
2.368321183732177105e+28
-1.378885616790258100e+29
9.749126869380885098e+29
-1.172797350807779814e+28
-9.732520612041507642e+28
6.983566882142225428e+28
5.192149823244016664e+27
-5.309458141836550485e+28
4.269511492896952244e+28
4.412875013795680258e+28
2.247614314561764806e+29
-2.459782165810484810e+28
2.664176202965684637e+29
2.284470346957158270e+29
3.787301016758281672e+29
1.881400246665032150e+29
-1.606610166130484628e+30
-3.024120849878648298e+30
9.903608813335447164e+29
-1.472649961543344878e+30
9.218454179245341612e+29
-5.732476114705814056e+29
-3.526221807167653187e+28
1.767223489933335392e+29
-5.102374412136560317e+29
-7.491520444568943897e+28
-3.567387770096197687e+28
-2.959451373301585915e+28
7.566285393173691469e+29
1.325188549164508117e+29
-4.973178556547628595e+28
6.689831657958730256e+29
-5.059813009154817678e+29
1.913162067034297602e+29
1.209863306105601905e+30
-5.165806207995632017e+29
1.231400271647331300e+28
1.921302512785966073e+30
1.581825383857175081e+30
-9.729848089658671492e+29
2.732529950122575283e+29
-1.618889434633762936e+30
-6.214775277451301161e+30
3.419566310649194818e+29
6.202092784148066931e+29
-2.590542687998130924e+30
-1.501512549349990373e+30
-3.250666382418569628e+29
1.359211097144965661e+30
-3.571647017925326388e+28
2.937791352750914618e+30
-6.049780730813323061e+30
-2.959489811128285823e+30
-8.961925182375381550e+30
3.288420849008173311e+30
2.173120649187235502e+29
4.657922525817816887e+28
1.087906461818568128e+29
-1.396080190477939638e+29
5.014673843355240244e+29
6.394584442772280511e+29
7.194980578255161423e+28
1.134807784783022522e+28
1.920751719306639433e+28
5.904737365462512302e+28
2.764272589059413705e+29
-1.662679932909615808e+29
7.679102183615921431e+29
-1.274631134642429196e+29
-8.212668914489742241e+28
3.028843602464281990e+29
-1.258246276265687906e+30
1.116605625430283312e+30
1.052373682982111087e+30
-7.345490389147611776e+29
-1.228771216472689563e+29
3.423354866015585720e+29
8.657637955886707899e+29
6.491839831170317592e+28
1.056120837142501155e+29
-2.686359736715596656e+29
-4.018346978602681392e+29
1.280849189897744212e+29
9.612874693503094024e+29
-2.494920334342514656e+30
-1.452635894034174295e+30
-6.928285097989954410e+29
2.753825711755067012e+30
-9.494914338749689484e+29
-2.856161227979793390e+30
2.519582893519251273e+29
-2.915699658028403525e+30
-2.880569664120900009e+30
9.323009943986113106e+30
2.139913417630622757e+29
-1.192473031020044794e+31
2.527760916626808460e+30
-4.896708177579211198e+30
-2.249933332780519465e+30
-1.604906277263899743e+30
-3.777947376455262324e+30
-1.673182253326964575e+30
-1.430882725638408469e+30
-2.461069441540675326e+30
3.645423827174911121e+29
2.126263600589879681e+31
-1.472939145123205407e+31
-2.498521073705192056e+31
3.930239361071034146e+30
-4.235763015225191409e+30
-8.581206195716701791e+29
9.509405424108040975e+30
7.447150659311149525e+29
-3.032469316071601955e+30
-6.218146083826200272e+30
1.369890779497114419e+31
2.446458561444835817e+30
8.147453291458548005e+30
4.622936108225883141e+30
5.221481456292256615e+30
-5.206770440048175316e+30
8.816367148028575216e+30
-1.548591592543342974e+31
1.696051403787500963e+31
1.532328198078584889e+31
