1.741312888146072000e+15
-4.431743086965109760e+18
1.430044787934665114e+19
1.257624060849831608e+20
-2.402675864312017388e+20
2.783544630229435679e+20
-8.358708704552572420e+21
-1.692887757118371791e+22
-3.039066958182256602e+23
-1.287887729649755546e+19
-2.345462181766987448e+20
1.711976737444237148e+20
-2.914120665506033068e+22
-7.481814866653052142e+22
-4.723689181337736928e+23
-4.010139473246949139e+23
-5.409913603788209482e+24
2.343591453652065198e+24
-1.456045244939493376e+20
-1.065298567220799367e+22
2.426169288486490735e+22
-3.192630518506573194e+23
-1.555228705758483145e+24
4.788865329334816248e+23
9.189834521584962183e+23
-1.927929559584931715e+25
2.601066079083776306e+25
-1.288774678867321815e+21
-1.749581914048961792e+23
7.786042234359504699e+22
-3.006035594298825638e+22
8.986667515535467647e+23
8.384316337889326116e+23
-4.859270150214195947e+24
8.591920494516983036e+24
-5.143469484543090477e+25
3.950720442448424842e+26
-2.651456773447553647e+21
4.346725969656291105e+22
-1.063556279163038235e+24
9.188952401383687727e+23
3.315472664796765471e+24
5.868746223965448689e+23
5.264185806728952684e+24
-4.354188603700553554e+24
-1.038294153709945943e+24
3.294561374598777261e+25
-1.478769230985563836e+26
2.988384135588803808e+26
-3.405339850023913914e+21
-3.855796954689267827e+22
9.423656698861720615e+23
5.791591802984375716e+24
-8.976138804764701658e+24
-2.582961837687332254e+24
-3.560662409257017844e+24
-3.006187262600602255e+24
8.730974429501284501e+23
1.373637554247893488e+25
1.100376700649796578e+26
-8.539705587790582515e+25
6.732397844215788727e+26
-4.342703365686466973e+26
-8.150673272659817529e+21
-1.723634588512576086e+24
9.953734483584299198e+24
-2.918207364538740433e+23
-2.650105364063543771e+25
4.468223876041014551e+25
8.820356825814442111e+24
-2.155185588613786541e+25
-7.367085890130904646e+25
-2.222435017720872934e+25
-9.245619946883738651e+25
2.695089476477655066e+26
-2.193385729833058129e+26
-1.777762001389541959e+27
-5.304596395765092154e+26
-1.472221281704984602e+23
-4.652957834282933873e+24
-5.255848483393476273e+25
-1.662969959509344351e+26
-3.862834120082339194e+26
-1.713485165055948117e+26
-9.482883708460484510e+25
2.985610263758260225e+26
3.990465223361527139e+25
-5.789020044257006205e+25
-1.404956841570931191e+27
5.087533463258592566e+25
1.111948267916286804e+27
2.172440101307277930e+27
-1.986330756521905462e+22
2.811875679354111877e+25
-1.520722129174668756e+26
-3.631110977086535009e+25
-2.192824347425136638e+26
-3.825537974116820802e+26
1.338872619491127245e+27
5.712833030747592731e+25
1.432204452357785630e+27
-5.514645979873061982e+26
-4.285802090607891065e+26
6.467865599046221424e+25
-1.572636581910157306e+27
3.115388755456234619e+20
-8.607091345530978042e+21
-5.594749828666235027e+22
1.570837714831941996e+23
-1.706428597265770490e+23
3.914089358746966861e+23
2.749193916217522095e+23
2.991253666853793166e+24
-1.273262651242030823e+24
-1.015427968013346900e+25
-3.340281089587317630e+24
-1.249523777932483960e+25
3.940044480462174292e+25
-4.984408773672597231e+25
-4.529784983666200560e+25
-1.040743442713721799e+26
-1.924543690048291293e+23
6.865590890805740375e+23
3.595173333115412119e+24
-2.962200458089152319e+25
7.437737836277508889e+24
4.891957551784355683e+25
-4.756527501197357119e+25
-2.744757345989065351e+27
1.238403753048591514e+24
-5.264997352957224942e+24
-2.309469740622084172e+25
8.968092034435693842e+24
5.904789112768109883e+25
1.430130397638469210e+25
-4.949737710186610618e+26
1.341398557413993033e+27
-3.964664679341062720e+27
8.785668560656773853e+24
3.500750664129900901e+25
8.439136259353600230e+25
7.127607614906781638e+24
-6.793544157498443204e+25
-3.552337754679918273e+25
4.802467705326505600e+25
9.479567273261930496e+26
-1.402771788265955918e+26
-1.859349142130190975e+27
-1.120742183407455080e+28
5.164526785598349214e+24
-1.143137188314545998e+26
3.260701138595793667e+25
8.240727356883376649e+25
1.489143438843441979e+26
-7.384449453982858330e+26
9.825711538919158688e+25
1.049105529421789712e+27
1.863982755614423001e+26
4.226818544617363818e+26
-5.506731144191497604e+27
-1.554261045911275682e+28
-3.981521925087743061e+28
2.479884218981757595e+25
6.059711290315669778e+26
1.599669890333198979e+26
-3.195792622165644168e+26
-2.099095678956858129e+26
-9.243532928689800999e+26
-3.285224881588091761e+26
2.844511195208261004e+27
2.974575352490511131e+26
-3.031259098450637093e+27
1.352490846465615673e+28
1.044422685558601197e+28
3.047544363854883532e+28
-3.657141932680039804e+28
-8.636446670268309230e+25
1.264849775064811391e+27
9.203868524356292120e+27
4.434537421613461720e+27
1.134265823889555752e+25
-3.445230161302295836e+27
-2.448296811935467296e+28
3.892173227793289803e+25
2.912829452439083935e+27
2.683737213249591572e+28
9.646799559855542484e+27
2.151729033217005043e+29
1.333545084578558295e+29
-8.576538238335463278e+26
1.823141467309817760e+27
-1.429192749268596966e+28
-3.150065657457132674e+28
-4.637136215692192885e+28
-2.480027745230666193e+28
7.372996193960832152e+27
-3.306154522119063793e+28
-3.311967061075286392e+28
-1.109172635005156726e+29
-2.375971555701165643e+27
-8.743039941008379272e+28
-5.334308197486204478e+23
-7.092578837167996215e+23
1.312165097783198986e+24
-5.699433391975510164e+23
6.603749849905426908e+24
-1.234625725289059074e+24
-2.696113348411779997e+25
-2.852944937680924380e+25
-3.743821037292326799e+25
-3.071145061881049386e+25
-2.093314113403658502e+24
-6.859249914307707358e+25
-7.223755763370645760e+25
-1.132652198720960484e+26
-4.253253942286026084e+26
-2.245614894218717347e+26
3.146071905250248606e+27
1.813464927309365378e+27
6.110789581082713946e+26
1.824430020276645371e+27
1.612894864818561229e+27
1.587631594995069090e+25
-1.421813067943419187e+26
-1.272601394923330810e+25
1.375323630028480437e+26
-4.851026063881118036e+26
-9.477800017396325362e+26
-7.140883118236881068e+26
3.392758197040777905e+28
-1.372912794751724928e+26
2.709206752775709106e+25
5.067752200157867491e+26
2.939738801115962391e+26
8.229974966022141179e+26
7.162014458930160424e+26
-1.953167992629614898e+27
-1.100927932188355282e+27
-2.108673616798338022e+28
1.278300709072108827e+29
2.575193960753736013e+26
-5.337814247070578331e+26
-5.571717604015773293e+26
-3.053660111647155568e+27
2.066765638725557266e+27
-1.326821043115253729e+27
-7.357586528773008881e+27
-6.346543072266470133e+27
-2.965195404606966633e+28
-1.306976247222573705e+28
-1.192537955462393199e+29
-2.693911704576489988e+29
-2.890722999384596267e+27
-1.775576836043350708e+27
-1.511761805338794230e+27
6.658131297279449799e+27
4.659624517890946604e+27
-4.388302087930029512e+27
-9.245869750210997860e+27
-1.013006812850181113e+28
-3.617236395807020152e+28
-1.948837652395810217e+28
-6.479976009910521470e+28
-2.867204315842247464e+28
5.346225191129338249e+29
1.448290228673669189e+28
-1.876304183060021714e+28
2.420806428182647271e+28
-4.111035012446463887e+27
1.088733707139818349e+29
-2.306970941933958706e+29
9.309338398961371711e+27
2.745440137286470889e+27
1.528099986152756233e+28
5.612948549804999433e+28
9.152567901664955362e+29
2.996003776679084577e+29
-3.113709062796295655e+28
-8.238621872246626001e+28
3.055197369615803491e+29
-7.084014711821263257e+27
-5.135496196175801990e+29
-1.480631472005341486e+28
2.498262124998148239e+28
1.451844993503257813e+28
-4.546851685675733056e+29
-2.192174424791934664e+29
1.926455214090250720e+28
-2.623475479153431973e+25
-8.966603621408502563e+24
1.879638908808564362e+25
9.927386296581119721e+25
2.308487066637252633e+26
-5.995911035540097169e+25
-1.438394328921694186e+26
6.232691939879172323e+24
-6.061799652808081067e+26
-3.006876661401406142e+26
-3.859034336312538769e+24
-6.579577674350755917e+26
9.867850301211482655e+26
1.226532278807667572e+26
4.476769553728964246e+26
-1.314087474487291360e+27
-1.951487211114511338e+26
7.089171953872306083e+26
-1.744928268665507231e+25
-2.916504595318215148e+25
2.758522366524522684e+27
-3.898648827942411763e+26
4.804429504729862927e+27
5.500654097655204201e+26
-3.144831328913389747e+26
6.022551054172622635e+27
3.265806462739536583e+27
-4.764945484028802586e+27
4.808963976563545418e+28
-1.473485085319221414e+27
6.309021401773240683e+28
-5.704709111246591022e+28
1.490731532694301540e+28
-4.473598184854758860e+28
-5.609289531621824948e+25
-7.579618175692272757e+26
-2.239964726227298765e+26
-2.744788975306703402e+27
-3.620037534550309345e+26
-4.309112727344794714e+27
-2.212450502548970906e+27
-1.163909319234946945e+28
2.007674079573249995e+28
1.665878361581255187e+28
-6.660686841606877549e+28
3.822270544517008201e+28
-3.066450980739573728e+29
-1.220738302626278473e+29
6.135223666837738268e+25
-2.081657837245700870e+26
-1.369555817244245149e+26
-2.430249801806606736e+27
6.370320098271253932e+27
-1.082294393422571575e+28
-1.901477905350994050e+28
3.663117416705388270e+28
4.589712454039243094e+28
3.969527640215858801e+29
-1.581154304537751616e+29
1.594399056274876248e+28
4.626803234028011263e+27
-1.267830432983092727e+28
-4.263451091428677010e+26
-2.538080688240176746e+28
-4.897464130163223545e+28
-2.204366867989640108e+28
1.902572540835901317e+29
-2.112015943320985175e+29
-1.137876953799461192e+28
-6.393607967137446555e+29
-2.325442965002426448e+29
5.364074288578696306e+28
-1.300017995072403640e+29
-4.786228754279034159e+28
-1.293247799319617869e+28
-4.327425468607009397e+29
8.561212064845749381e+26
3.664521948385785953e+29
-2.883313765818522049e+29
2.489648721713627885e+29
-5.123918093024793090e+29
-6.698845295776777516e+29
1.147531136696774994e+29
5.420368294160639123e+29
-4.690983106946267445e+29
4.767847443149347340e+29
-6.898692209146294726e+28
5.769611885352149767e+29
-3.741585606448508104e+29
1.578161841103453322e+29
-5.207491691158192051e+29
1.558629466387142186e+29
-1.068741050376066204e+26
-3.182375993667457724e+26
1.214102283292717130e+27
1.325204219140498586e+27
1.668378049184310195e+27
2.008154616470255378e+27
-2.395008296726442893e+26
1.503925789596781048e+27
-6.473651180925395188e+27
1.251529922198245848e+26
5.523283103949199532e+26
2.590314501378874198e+27
-3.133306098547380914e+27
-1.949248293876564544e+27
9.099737704542916046e+26
-9.152460578055714008e+27
6.395916321213933788e+27
-4.503292862242448247e+26
-3.712429842036058926e+27
3.185040053466311074e+27
-1.593788341252068478e+28
-5.955937330661523946e+27
1.456948721180939340e+28
-6.099553158687753723e+27
1.606271356250573153e+27
-5.658719767015254443e+28
4.789342921037881248e+28
1.085216566684167928e+28
5.076014834046617275e+28
8.430481173779065087e+28
1.109460748791466503e+29
2.498790470930516707e+28
-1.143689570785776305e+29
-2.468666663215722712e+29
-1.069317352673160723e+29
-1.197107159456846393e+29
1.870027057218077582e+29
2.001065548051029197e+27
-7.617174368999050207e+27
-2.209893185740136768e+27
4.744134861947894077e+27
2.212877300825685456e+28
-3.032953832307049735e+27
-6.714693605171838933e+27
-1.929962566466290862e+28
-2.308278990483218645e+28
-1.439361704228105771e+28
4.837135644489551864e+27
-2.882804969756890353e+28
1.471933542487068763e+28
1.629811759955910802e+28
-4.775458038248601553e+28
-2.780398842215434109e+28
4.789385233465974983e+28
-6.074778042180591124e+28
-1.244754831078213750e+29
-8.577615114819711593e+28
-9.231316310419822612e+28
-1.137151906351619899e+29
1.765897890334284658e+29
-3.396565940942468572e+29
-5.340801278589975950e+29
-3.988262427610354763e+28
-1.366097947568633850e+28
4.848081292609068065e+28
-1.214886360199405963e+28
-4.801403282593851881e+27
-2.175441662079058677e+28
-8.170132716385801698e+28
5.425240935273724573e+28
-4.944124218670972531e+28
3.773764296519262746e+28
1.690098055300529748e+29
-2.415963849704855442e+29
3.642024500470465721e+29
3.087992153382580979e+29
3.731860113979152406e+28
-1.779243884485617874e+30
6.621401337394071889e+29
6.753919130792930862e+29
-8.527125972055468224e+29
-1.146941769228956156e+29
1.156412571429098968e+29
-5.141419683446194750e+29
3.666165836418917388e+29
-4.425210089657662517e+28
2.058975977088504011e+29
-2.074768140332153422e+29
-7.287702212363605679e+29
-9.729364513752650254e+29
-1.287926893887054842e+30
3.510037397888333798e+29
-5.280836320590828828e+29
6.586762273923339419e+29
1.551311234028368178e+29
1.390246780501841545e+30
-3.517855430005663817e+30
1.997562906677745869e+29
1.962084492976051345e+30
-2.896098497211605146e+30
3.031625329799999352e+26
6.885740841807985932e+27
7.852249757458426832e+26
2.875188713885256000e+27
-2.610079550163373423e+27
-2.600310056783852477e+27
-5.808696732083269466e+27
1.247919139325220388e+28
-5.736938203625565118e+27
-1.380964668730628494e+28
3.652833372733934310e+28
-1.833189023409970025e+27
-8.690406108335596251e+27
2.595605475380852421e+28
5.246942093225093231e+28
1.888729861095616165e+28
2.559279683116424517e+28
-3.949971016608948294e+28
-4.742466660101580076e+28
-5.743848602761960700e+26
-2.212334631777097172e+29
3.776090731762699786e+26
-9.059465459960639975e+28
-5.227444301850459585e+28
-1.243805435815551889e+28
-5.640207745641809699e+28
1.185295888339999529e+29
-1.118651632381947176e+29
1.090205966577372355e+29
-3.231996400594273806e+29
-1.108342932204204728e+28
1.283291731347498707e+29
1.445369585304461046e+29
-1.110041905147029533e+29
9.072231751642109126e+29
-3.085338326595473549e+29
-2.016235415751143928e+30
-2.571613434787995053e+28
-7.209004329116776445e+28
-2.820469187167863797e+28
-4.824531030679686095e+28
1.596402270919107472e+29
-5.164329822954479918e+28
-1.773901189996514954e+29
-4.738757406827294300e+28
6.088691906399620566e+28
2.289409471010015232e+28
2.176239224176838795e+29
-7.223900901808310596e+28
3.270444959211512702e+28
-5.037255297475879916e+29
4.782207463908574363e+29
2.040359735627878435e+29
1.376373545312674736e+29
1.139393730127080764e+29
-6.383484847786121521e+28
6.092280804102935805e+29
-5.285738741643768971e+29
4.750091965717550703e+29
-6.698405997773457435e+29
-1.277774793157794150e+30
1.684836645326695167e+30
1.658586374297976868e+28
-1.734964552849573954e+30
2.826568488197874216e+29
9.101686175249119459e+29
-3.462036036071060195e+29
2.280031599915313408e+29
-2.395507497658275692e+29
-1.321568209165923544e+29
-1.922059698310116162e+29
1.178477272040635538e+29
-2.089696123820468853e+29
-7.473763567758133398e+29
1.739643599032247620e+28
-1.297995604830638230e+30
-1.484903184674090452e+29
-5.253016249056142095e+29
-1.494547763065252602e+30
7.146010239889793945e+29
1.412607712805217571e+30
-9.127405335655279774e+29
1.243223438229169472e+30
5.391907073659480356e+30
-5.166557267378948658e+30
3.921130560266342224e+30
5.435900368861919501e+29
-3.931249802543595487e+29
2.544814661547941804e+29
-1.147204809803831202e+29
-5.039776735238366439e+26
-7.799968545917217011e+29
-1.434087057087307720e+30
-2.927924935565419738e+30
-4.452810714880914443e+30
-2.367811528116968809e+30
8.528796521161623275e+29
-4.749544714276074021e+29
6.154829101415189694e+30
-5.486991883343360691e+30
6.862183331744619096e+30
-2.248512667438699641e+27
-3.303704503612543862e+27
5.199717710886992570e+28
-2.688590627200842134e+26
3.022235625520536973e+28
-1.212204965793370303e+27
-4.627085321789563561e+28
1.435301013599576713e+29
-2.033796946061990998e+29
1.797805475809327955e+29
-8.993141671100164502e+28
-7.927717753824096536e+28
1.688377043454370546e+29
4.517536710256855285e+29
-2.809140940635113522e+29
-7.950131436786969073e+29
2.702526966217170950e+28
-2.732310248501464831e+28
-4.402406357077493882e+29
1.195628731128671141e+29
-8.661128448227896745e+29
-1.624706526886998242e+29
-3.627324449108350270e+29
-5.849310819679568969e+28
-2.507311449199675656e+29
3.114300312844648610e+29
-9.221923367159716769e+29
-1.770130352225856746e+29
-9.030798848385233461e+29
4.595513595662955461e+28
-3.232644802415626113e+29
9.577984231832023313e+28
-6.953685979357309163e+29
2.037880209753156752e+30
-4.184345072858354582e+29
1.201570518606213778e+30
-1.752983026547573772e+30
-1.156514117437708802e+30
-7.328137314693824102e+29
-7.522486062737669038e+29
1.609673333308301295e+29
-6.803864154554337385e+29
4.929790700853275450e+29
-9.220345502451676844e+29
-1.304335572846391412e+30
8.865096710002262345e+29
-5.908042500712628913e+29
-1.494411634199834355e+30
-4.153829845947692875e+30
-1.010713588054441249e+30
3.808353926311798083e+29
7.679727281283248735e+30
9.695045849774363603e+30
8.957170238110493434e+29
9.220029948845285882e+29
-6.265226269676676306e+30
8.535897053865807892e+30
-4.314425804885116929e+30
6.166826125702801416e+29
-5.056483308363528757e+29
-5.006402507034973658e+30
-3.845195674503459743e+30
2.334401796502753576e+30
3.587148931643553614e+30
8.022107925380394572e+30
-2.808966080471324726e+30
7.029295434034007869e+30
-9.569278044153688208e+30
6.918615583055614254e+30
9.198171609643829938e+28
-3.279319475889627746e+29
3.153971321917092871e+30
3.798357104965986963e+30
3.704441614749600163e+29
1.366226301917221536e+30
-2.417594775290360772e+30
-1.674715736640353176e+30
-1.847268818449479225e+30
8.665166323257947134e+30
1.298171352463338203e+30
-3.862407940438560401e+30
4.512479329631051710e+30
-3.835766440360350339e+29
-6.845883904849502925e+30
3.347275186110659352e+30
-1.949909873633232127e+30
-1.093502449998938719e+31
-2.629701535028760479e+30
7.887405691522036698e+30
6.595421264896769750e+30
5.050521343486415617e+30
1.041437923161336160e+30
-1.745751986479768526e+31
1.144540033354930056e+31
-3.598743082711624817e+30
8.105698192224098805e+30
-2.773370707214819176e+31
2.206417116390087501e+31
1.303316944441199850e+31
1.804377671585889899e+30
-1.224598213570896380e+31
-1.011165256286080950e+31
-3.295210603094824252e+31
-4.353031667687116694e+30
-2.076540043385702124e+31
7.494194958718488085e+30
-2.473088001326130722e+30
1.641761599501220575e+30
4.668703323425397760e+18
1.322938753147039744e+20
1.115283624051645874e+21
2.455789370438754238e+21
2.586710711161348686e+21
1.865798262872711207e+22
-5.531092223067113600e+22
-1.204431067149200859e+23
3.010647905144535122e+20
-3.969554085400625021e+21
4.597350902390563904e+22
1.682122902245694673e+23
1.218324792682347999e+23
-3.344723290316859161e+23
3.959887125049625448e+24
2.547518049504426994e+24
1.457924808059088011e+22
-1.161540042669875528e+22
2.453560349043685044e+23
-7.983720812757518175e+23
1.625016500328550510e+24
2.602623336167491257e+24
-2.442801573360048410e+25
-7.452000093059113635e+25
5.575974424816513555e+22
6.476221676081775557e+23
1.527425257507215628e+23
-1.760438969084088943e+24
-5.486644900694397257e+23
2.623343353300392595e+24
2.181990879957037412e+25
-1.552679534449677481e+25
1.373671040453609350e+25
-2.384528814159322761e+23
1.223108599849129110e+24
6.459508949933405157e+23
-1.923010022247311753e+23
1.796450910514263045e+22
-7.987039138851399737e+24
-6.252145397375135279e+24
1.485199662913993660e+25
-4.516295914101133443e+25
-4.812486029167886402e+25
-1.950985837695615754e+26
5.017943273997132313e+22
-7.489574952121211577e+24
1.151739812131021845e+25
-7.035094580262583843e+23
-2.838288349064262024e+24
-1.825311991071290070e+25
2.482925163314183133e+23
-8.623989396923606414e+24
-2.904750039706107196e+25
-1.246073043893931441e+26
-5.949618516187025901e+25
-3.278415617729185229e+25
3.000798523150078417e+26
-2.037574499116237380e+24
-2.263280685447319420e+24
-3.829544505553465337e+24
-2.657645416765418105e+25
-1.362894354139423883e+25
-1.454315978131082282e+24
-2.046002757733063238e+25
-1.162287634728118393e+26
2.479637805000658992e+25
5.679736235521195444e+25
5.526514711860744534e+25
2.584152691133610273e+26
-7.776704065881945781e+25
-8.737318958023018711e+26
-1.475378465019389353e+25
-4.935603365938128937e+24
1.901128864450854155e+26
-1.460098382990574880e+26
-5.243780180076531419e+25
-1.215370362065523963e+26
-1.044286465881651824e+26
5.486376120079280468e+25
1.564416679017409262e+26
2.697879668944441570e+26
2.357592847173412822e+25
7.735653439740176966e+24
-2.517058137929990192e+27
-1.691429299420728532e+25
-8.423252923031356904e+25
4.029580941837825208e+26
-7.004355735120058895e+26
-8.160361204394689781e+25
8.274604539140856131e+26
8.462470096871914828e+25
7.760180103531463749e+26
-8.361817591995868663e+26
-5.825840617953809444e+26
1.198199094329272470e+26
-1.776182436058626569e+26
-5.582749648568483368e+22
1.652845863949022035e+23
-8.490428767587192894e+23
9.024520799955470191e+23
-9.400827582129678781e+23
-2.632373863892498048e+24
-1.705619762578079558e+24
2.835040746003510197e+24
-1.969035798236626625e+24
-3.350387030579232973e+25
8.226479457884557445e+24
6.987356855243223144e+25
7.841715861866724559e+24
-6.355143112657013670e+25
-1.243266722007615705e+23
-1.575150275329211173e+25
-1.454155774707423727e+25
9.920272941583956426e+25
-3.641917628308839365e+25
3.318793529106359538e+26
-2.662837741934745496e+27
-1.022081697509140559e+24
-1.901168568635846028e+25
-6.269966482736575798e+24
1.480295367213350296e+25
2.217719265374970110e+26
-3.203063212608556881e+26
-1.149859484056759375e+27
4.367232586314394714e+27
9.004425317841455082e+25
-4.188115087929254835e+25
-5.165199069609725732e+25
-1.033660100471413695e+26
2.113613275426689226e+26
4.531072890592069750e+26
-6.501773757350640508e+25
2.489703166524084351e+26
-3.228050039971233401e+27
6.380732673358101883e+27
2.383544325962225497e+25
6.116291834914983281e+26
5.980661799035176349e+23
1.042719697201848034e+26
9.147493507793460909e+25
-1.155247553991126119e+26
1.476216622948582179e+27
1.942115032058728510e+27
2.482836960202248285e+27
-2.280136207563841913e+27
1.304265367300960303e+28
-5.356176751481589711e+27
-9.699263876757665134e+24
1.028331335836859013e+27
-3.704056156852480862e+25
1.183438885419131395e+27
-1.545583808269765629e+26
1.182021681150659821e+27
4.730274016036795623e+27
5.215309330681044176e+26
-1.752448228434935850e+28
9.066289713816081285e+26
-1.361073402851198067e+27
2.512371413063983526e+27
9.297522206861067290e+27
2.238400471756882251e+27
-5.646995529064314687e+27
-3.046386997621601828e+27
2.423790209464477797e+27
-7.388030357648711264e+27
-1.620517436914199804e+28
9.417119820345739619e+27
-3.853300224350466499e+27
2.187517616556971961e+28
-5.706198509509151105e+27
-1.328735462540889153e+29
-7.183463552737544728e+28
-6.069744755788878292e+27
2.681016713728913167e+28
-3.113040001061374713e+28
-1.767989569657929142e+28
2.618696673072703691e+28
1.648169822587692243e+28
-2.665239274218050561e+28
1.916981572780540929e+28
6.775696863876698675e+28
-1.714875667023486014e+28
-5.449678113176042681e+28
2.476896890001560489e+24
-6.000019602876507577e+24
2.947216621769109065e+25
3.917989172026944598e+24
-3.691535798390271840e+24
-1.382466700104024760e+26
-3.050749318627328084e+24
1.996824949749265139e+26
-2.112028235011082634e+25
-8.479541008706274403e+25
-2.234717162448847931e+26
1.008355188446855971e+26
4.822373539583719671e+25
3.390507942591102623e+26
-2.352231659580285425e+27
-1.323768565121068688e+27
1.352923683795691605e+27
7.812695048553336632e+27
8.874251144455214589e+25
3.022270115497795886e+26
-5.799141399984781062e+26
-5.056616055239503575e+26
-5.086817269714092915e+26
3.089676167556058190e+27
2.722503609458024629e+28
-1.798217895687702292e+26
1.008124741138237314e+27
4.881062542043501752e+26
-4.680413424896951432e+26
-2.574899739427018560e+26
5.525855395747844303e+27
6.523400711455005369e+27
7.896105494504069786e+27
4.955874169809500089e+28
1.448248629221046159e+27
1.172228458493362649e+27
7.589295484459746039e+24
-1.649795207225089921e+27
-1.891896266342329907e+26
-7.091800549787812450e+27
6.118014775067105773e+27
1.754171136522972435e+28
-9.330706259853361864e+27
-8.539991938681760697e+28
1.098402332160230388e+29
6.101234189150413955e+26
2.012587688219348839e+27
-5.639689657632253330e+27
-4.100227910834473422e+27
5.236888141097146730e+27
-1.374218474670170438e+28
-6.456606737527335337e+27
4.120262155274485137e+28
-5.182868238898695007e+28
3.954098239729397406e+28
5.756559711983411375e+28
5.589330451024853924e+28
-1.179622376979457030e+28
-3.823692266643768246e+28
-4.660580621139498462e+28
-2.761250871751466784e+28
2.963292250335855604e+28
-1.000439043720960847e+28
5.279752939018853574e+28
-7.120804644727838841e+28
-4.135451866370377980e+28
-4.149101552904283989e+29
-2.440023327618667972e+28
9.254311639723277520e+28
4.484545301054401968e+28
7.317579285402179751e+28
9.008581883450446490e+28
-2.875815579918531632e+28
2.868199497612006446e+28
3.832452448440617272e+29
1.688674228452824734e+29
1.420166732984496003e+27
-4.737186802273724509e+29
1.575887118322026344e+26
1.541674124594180639e+26
4.997414775609077604e+25
-2.709188799709057046e+26
9.795472556550520691e+25
-4.189207894175994132e+26
3.716374071679642550e+25
1.611182538526800080e+27
1.167481853255313279e+26
6.293973652851439247e+26
-2.189741124800709258e+26
2.462779995478507244e+27
-1.016196535520591233e+27
1.137831870849221410e+27
-1.851414422601056419e+26
-2.103297564353694535e+27
-2.993638943229725235e+27
-5.254770001256464585e+27
-1.045477580991654514e+27
-2.268889198059098664e+27
-6.101197200924306868e+27
-4.817162610054913769e+28
-1.541823082197866925e+27
-6.207131716606491388e+27
3.427112339990938658e+27
-2.400110965065597959e+27
-1.071098545503528435e+29
1.091562705099869473e+28
8.087450988940356628e+28
1.042987321826793851e+26
-9.799820638748227464e+25
3.935609239873542688e+27
-5.579425274798051466e+27
-4.139309657862898511e+27
6.029585479675433667e+27
-2.451663335133898024e+28
5.158987738385143926e+27
1.193355950995714364e+28
7.891622525644258049e+28
-2.020876421324673676e+29
-4.762222506968580732e+28
-2.014444598265454475e+27
3.728998185679757884e+26
-5.129831969177519172e+27
1.915541483254610130e+27
-5.961475881772190173e+26
-3.768534410443259678e+28
1.213790972332024662e+29
4.148151384818153283e+28
-1.310590223779088217e+29
-7.434016383904831586e+28
-1.233092532177245705e+28
-3.328275386320198880e+28
7.946974252703061317e+26
2.506575316397637327e+28
-7.248477284879650579e+28
-4.031037474702812268e+28
-1.393617029324363315e+29
2.313116240872588987e+29
5.555903535996426295e+28
-6.341004114908860434e+28
-6.947988019793855207e+29
-6.825523953235399662e+28
-9.646415242411145026e+28
-7.481503058899142089e+28
1.602430119406379995e+29
5.456758380448154981e+28
-3.202035374251894669e+28
-7.286787310934986353e+29
-1.940371933327037582e+29
-5.123211041656517444e+29
-6.788046514167155735e+28
9.008363104750792406e+29
1.919256385304475550e+29
-5.377656053568595890e+29
1.570793753280751475e+29
2.154335493844255815e+29
-1.015627154266925565e+30
2.188119624029462305e+29
-4.609427907602206348e+29
-9.181532312915871742e+28
5.211955141864616203e+27
2.386849256773645633e+27
5.867015419949737684e+27
-3.483848096501668545e+25
-1.234280275263571103e+26
5.492399884822844103e+27
-2.231985556137771920e+27
2.467693301863404880e+26
3.556774004673577461e+27
4.701776918525234872e+27
-1.494741845517763846e+26
-1.752144855462098799e+27
-1.568492449342835308e+27
-2.372144341356941456e+27
1.190953100615418449e+28
1.283648079210823409e+28
-8.098106442369385346e+27
-5.220149207059060448e+28
1.247574719119236815e+27
-2.281693307531242024e+28
4.486064496090292310e+27
-3.450218108548009008e+28
-4.474189018709767464e+28
2.156990376480522264e+28
1.961213925148187154e+29
-5.053268820646922532e+28
4.317716874795829629e+28
1.231852704958316870e+29
2.146462907678516543e+29
-3.067306687020362494e+29
3.604384330935234036e+29
8.435476226881106616e+27
-1.273304600275482330e+28
-1.420987199001574907e+27
3.872222170616037642e+27
-7.926619495184969155e+26
-1.526135520617183080e+27
-1.239660615051917169e+28
1.871816470867454997e+28
4.293804392533360056e+28
2.767908786446368904e+28
2.110420163674584248e+28
-2.230748008209155990e+28
9.040605438837984355e+28
5.423036241907278307e+28
9.628376764509706487e+28
5.193419750976893293e+28
1.483266794312507831e+29
2.349869106100704387e+28
1.446213036586021039e+29
8.302646596539024185e+29
6.123351983646718334e+29
3.118139125644992164e+29
-6.834928096960540851e+29
1.097164256650293518e+28
-2.721845871804025460e+28
-5.259917509368858684e+28
-3.357758399716473463e+28
-2.581467170334440386e+28
-3.424384006160700989e+28
8.385359415328763441e+28
3.038673710186460651e+28
-1.441501478950796088e+29
-1.772942235155111346e+28
1.531837918261491462e+29
-1.357283695258734735e+29
1.027009346155060617e+30
1.388246737304264179e+28
9.615871563889332057e+29
-8.005490249289626293e+28
2.507164632377784088e+27
-1.951467564196725995e+28
-1.527291563236950975e+30
-6.437949906022331760e+28
7.560807211514157601e+29
-2.373179580173243218e+29
2.663981307420723348e+29
2.348712444431740808e+30
-2.688718147868579412e+29
-1.772404270441982050e+30
1.476417703907172633e+30
5.528632774820346767e+28
-6.422151950562713316e+29
-1.878201896304661942e+28
-1.266790627278132551e+30
1.610265863029059073e+30
2.289564146460619102e+30
-1.148852193754263664e+28
-8.051730930531198114e+27
2.746056435162746966e+27
3.463570995773570069e+28
-1.012133751694069923e+27
4.603979708610195164e+27
2.988216470064382606e+28
-1.885205776982713856e+28
1.259199808752239350e+28
-3.033445187974714496e+28
1.173378194997954649e+28
1.450271330252458872e+27
1.387958588951613753e+29
6.420716614930499546e+28
3.937880536981662893e+27
7.094252050056538222e+28
1.219016236651510527e+29
-4.098692110864883257e+29
9.190341154190435471e+28
-1.344913168322871355e+29
1.129983486067167152e+28
-4.106360767486885806e+29
-6.501380158801579307e+28
-7.023559318538442669e+28
-7.988681910292624968e+28
1.871567387988784771e+29
6.907036061270274941e+28
7.943954493961991903e+29
-3.017734407992232889e+27
3.268197340786613762e+29
9.132085934906129937e+28
-1.759524461346892640e+29
-2.192392079105047599e+29
5.923070972702709996e+28
7.266949811578179703e+28
-4.508905865318219303e+28
2.400613575838684495e+28
-1.477676826532575756e+28
-5.708376074979317443e+29
-3.958375964014020397e+28
2.428065755372358452e+29
-1.327779870525590095e+30
-1.023154942464993925e+28
-2.939580562635966249e+29
-9.163628255811358003e+28
-4.172505435311458210e+28
1.140578770327276043e+30
5.288980852421707853e+29
2.245948566439824625e+28
9.747489832467770101e+29
-1.511579872196179528e+29
3.071965307545448901e+30
-2.648688604203385880e+27
-1.333247484344688908e+30
-3.879814282986819494e+28
2.561876288689535129e+29
-2.374957098329686557e+29
4.241524628400212046e+29
4.216051991601206221e+29
-3.121892515372320173e+29
1.568221107865877519e+28
-2.011233797565623997e+30
-1.175883359004450436e+29
-1.132851093345515204e+30
5.286620021771946819e+29
-8.696458487335853610e+29
4.356270001851803272e+29
-2.211299553511904387e+30
3.269363266768107021e+29
-4.366858633789382761e+29
-2.555701415416311137e+30
7.034509069025660151e+30
2.498671473116196380e+30
1.105647851310103449e+29
1.017854543917192359e+30
-1.407246148339384986e+29
-4.736873038527702944e+28
8.712476858314309161e+29
-1.388614828777255756e+30
-1.878764157358815040e+30
-9.946294933304898786e+29
-1.730692122567603476e+30
-3.421624682028784156e+30
-6.913409784691194313e+30
9.299034625525741605e+30
-3.690879546107091322e+29
-1.166891216539678672e+29
-2.708700499556538280e+29
2.174340293408399692e+29
-2.475600922547870437e+29
-5.638331102987848409e+29
4.923925379704750487e+29
-2.489896169197467090e+28
1.709841835831580774e+29
-5.748045345011760855e+29
-1.154056450166140398e+29
-3.469532362665070112e+29
5.918130931276030961e+29
-1.826350531091990719e+29
2.150116101387060803e+27
2.449491294092524691e+28
1.425421860882975362e+29
-7.873906127203323653e+29
-4.492292495832547129e+29
-1.080671060030405527e+30
-4.961282674784664770e+28
3.532231381374881724e+28
1.293907284998092665e+30
-2.135830405420160283e+30
-1.121026803096909461e+30
6.679058460935932900e+29
1.119976777458573049e+30
-9.490564117702058343e+29
-2.573833308404540684e+29
1.032254226026837880e+30
6.146694389654172809e+30
9.865461831233298907e+29
-1.304523541118345843e+30
-1.387834704180278169e+30
1.101052943036121893e+30
1.709299813749133814e+29
5.492892514320180023e+30
5.937992117776110803e+30
-3.481263671679451674e+30
-4.448123204536589520e+30
-4.162343700598163993e+30
3.160665792971176805e+30
-2.930709145569455205e+30
-1.701502752496784647e+29
4.075776152066979179e+29
9.722319645530511307e+29
3.955405859920051495e+29
9.133897829352036598e+30
-4.296722937817495940e+30
-9.614986405072654844e+29
-4.954872179371534543e+30
-1.188914230542152531e+31
5.426460945789420008e+30
7.314475846208642116e+30
5.171676077863088772e+30
1.055303954724537473e+31
1.181561081090026348e+30
-2.972299340894604627e+29
-9.340856994356119710e+29
1.507364235826198637e+28
-6.199445748148047048e+30
-3.469972923282719281e+30
-6.530387157105240557e+30
-5.938849166161285492e+30
-2.389493992525693437e+30
2.313366487246518822e+30
2.433333679801229320e+31
3.022038667173384761e+31
-2.290156716836061175e+29
-6.788903617899620208e+29
