-1.987696167698035200e+16
3.508995466235432960e+17
-2.540424735889344512e+19
5.990626015785396470e+20
-4.164122413837441827e+21
7.442025668857697403e+21
6.218172548035182592e+20
-2.354206592308240261e+23
-5.548144722456804474e+23
-1.413255855319611802e+19
3.524535801960531558e+19
3.396980998543679947e+21
-1.241155280126668513e+23
5.913674590315418432e+22
-6.428253600831567802e+23
-7.932645797996392643e+23
-7.826838009506202907e+24
-2.339425083755130928e+25
5.091553953850504643e+20
1.668412917157450691e+22
-5.484942977391520645e+21
-2.558272674388212638e+23
1.996486291700633234e+24
3.671537873885032469e+24
-3.513155355969035447e+23
-4.303245813758123997e+25
-1.407528605195534521e+25
3.327780299088197583e+21
5.619408784127292342e+22
4.440048813235270991e+23
6.114009762203454973e+23
1.014194805669753514e+24
-3.493999655312663213e+24
-2.920491485877663517e+24
2.494308244912983677e+24
-1.247560577058307520e+26
4.552751540210554673e+26
-1.837296570617259937e+22
-4.847226194844957068e+22
3.075109199920354185e+24
-2.039803163011718996e+24
-3.386905890021922941e+24
-4.070559471695631420e+23
4.658123835945811463e+24
-1.443941361678949827e+25
4.554495461552651996e+24
3.475117757384052393e+24
1.970118710907611631e+26
-7.668723558630704175e+26
9.212138708208879403e+21
2.320148286561438904e+23
-3.434175364427958496e+24
1.464807761841022328e+25
-3.266408939436935332e+23
-2.043576883481594566e+25
4.149664007130271124e+24
-7.395619690345094084e+24
1.457423902122453976e+24
6.076128232825897995e+24
5.406344620091726713e+24
-1.055875836012786079e+26
-1.761899033054459816e+26
-5.667790364150976544e+26
8.318402449791266691e+22
2.063778588880605580e+24
7.644462972929833414e+23
-5.910865846924837948e+24
2.146311955937789502e+25
-1.558263448888117819e+25
2.418094390519891397e+25
1.755978174654891818e+24
-1.470799451517357655e+26
-3.021932198335313256e+25
-3.872306763955242666e+26
-1.271502297721024223e+26
-2.032911610174393582e+26
-3.164773350386210563e+26
-5.950292464506968502e+26
-9.018935489645056077e+23
1.338668724651169478e+24
-8.894242358523608508e+24
6.503811848319166306e+24
3.673973190242096757e+25
-3.632612730453432893e+26
-4.600147337195873860e+26
1.435627151427665916e+27
1.999500410854578658e+26
-1.592162237977789325e+26
-8.423123684771575544e+25
3.095224805152626690e+26
-4.063885112569770146e+27
-1.173025237070119054e+27
-3.061022902887175338e+24
5.064679990961668966e+25
1.916074433166858374e+26
5.545435846983725766e+26
-1.985516466271851188e+26
7.527766400042394839e+26
1.226659129058001264e+27
-2.003243226343255578e+26
7.991107462585825049e+26
-2.055492163254455909e+26
2.619746490828910240e+27
-1.536546834586656721e+27
-2.884160601426036597e+27
1.315446166569853911e+21
2.703264002878593827e+21
-7.845031514617453478e+22
-9.247628718156549823e+22
2.497842378305095776e+23
-1.236290242697229163e+24
-4.343220878449401502e+23
9.504686273902139733e+23
-3.897751839708995912e+23
-1.170229460894001597e+23
1.669979731879584885e+24
-3.107838735371880429e+24
1.381705725068829709e+25
-1.622013048374860306e+25
3.695522018750993567e+25
-3.328005049025732294e+25
-1.573515860105179955e+23
8.989663101989401846e+23
5.215366957073200597e+24
7.255527204189608622e+24
-1.933231257269178247e+25
-1.088729953005681600e+26
8.512869423784992549e+26
-5.802707775869030933e+27
-1.865157969469133518e+24
6.826792699721796674e+24
-1.303922995605935630e+24
2.020692700935113225e+25
6.694291596991665902e+25
2.138223938928230450e+26
-1.098900012898149804e+27
3.205170937837756984e+27
5.398684016826295589e+27
-7.782116422031443786e+23
3.319638997160412776e+25
2.818582896742119323e+24
5.297101474470738908e+25
7.284429580243185531e+24
-6.316820242559212844e+25
6.103504257685735704e+25
1.046205008005790302e+27
9.415970863529808770e+25
-5.048574031144560314e+27
-1.694381285219196960e+28
1.214720791507681258e+25
2.434616602908223147e+26
6.089879500459736784e+26
1.625018989025686953e+26
4.286862744022674062e+26
-4.800242901871052751e+26
3.581411619973995489e+25
-7.260935990458096181e+26
2.191170720522743624e+26
-2.454888020226169496e+27
7.308448835316316505e+27
8.780829380336916355e+27
-1.092262267866372594e+28
2.205887895404218337e+24
-3.067112762250290381e+26
2.081679321360707296e+25
-4.351847687972541343e+26
-4.617080753855870771e+26
2.593572054467163599e+26
3.430373713717914410e+26
2.361341970789245133e+26
-1.191085989211849259e+26
-2.372957554925995219e+27
-1.645810335995229418e+28
-1.361803613203898186e+27
2.241224796466270854e+28
-1.639944638434829188e+28
1.584540035770736736e+26
2.341795209850942941e+27
1.022077566774443238e+28
-2.774056599317992421e+27
-5.110785779437172722e+27
1.482577943590161767e+28
1.270925861401510588e+28
2.826595147264052387e+27
-1.920422888063737516e+27
2.392650490620128717e+28
-1.056320177883862686e+28
2.474081622958847839e+28
2.772356266118921298e+28
4.123530581996344994e+26
3.376099832363562452e+26
5.701846322566208353e+26
-6.489039153831446458e+27
-2.645070498681584644e+28
-2.570537944734345666e+28
-6.183830110913243340e+27
-2.742435494585428448e+28
3.515560606096205871e+28
-2.065989442446678335e+27
-1.734222025086848336e+28
2.534797979805248216e+28
5.237171961409838462e+22
-1.052749060642519061e+24
-4.672843332653785027e+24
-5.445647751089317852e+24
2.754003072358341308e+25
6.783416686002497527e+24
2.604361329341401699e+25
3.083604545177995065e+25
1.657817621654051640e+26
6.986578061452015556e+24
-1.177874470915547902e+26
-4.840948198393154796e+25
6.065537337530238028e+24
-1.038187798948922068e+26
4.295447149785729047e+26
-1.044368911193371775e+26
-3.826424800096164301e+27
2.087735937677750077e+27
5.641583427761895489e+26
1.553608488236544853e+27
6.930286759319737550e+27
-1.532065909423109880e+25
1.012959151757781193e+24
2.223612036231042076e+26
3.390115646745354992e+26
4.221302912455132768e+26
-2.219316952583659153e+27
-1.032690246254519901e+28
-1.743140790491355771e+28
2.138598017291853582e+26
-1.516342089434734588e+26
-7.002377796704446625e+26
8.807261659804031408e+26
2.216260427819011540e+27
-9.718343711169000225e+25
-3.173525986600907256e+26
-1.235063462589950207e+27
3.305660433057383702e+27
-2.810541085995991780e+28
-4.334558982610182314e+26
1.064200805531549652e+27
-8.992531758341904318e+26
1.659186676249517138e+26
8.869396883573229797e+26
-4.164525979765244831e+26
3.604703770917136620e+27
-3.468950783309834241e+27
-2.647966656535423617e+27
2.214840153675263142e+28
9.535000338080670786e+28
-2.581322567831322611e+29
1.488883101410296406e+27
1.013101530114257609e+28
2.174656514562705047e+27
-4.825392315185588443e+27
-4.624023563100612408e+27
-3.653972671148529146e+27
1.735945743987469714e+28
-3.043981630788991966e+27
1.182895929158867451e+27
3.126836075902112487e+27
2.565992172307801265e+27
1.077340616648652663e+29
1.668090416501551331e+29
6.630699985751706698e+27
-3.886124287293272314e+28
1.779509041897644230e+28
1.110745563706205462e+28
6.864926959878972513e+27
4.274864383643041593e+28
-5.483340688657120767e+27
-2.473435353319535141e+28
1.623909318020191953e+29
7.438221348945451283e+28
-4.665740718950356466e+29
8.310555548502236369e+29
5.871310033096606994e+28
2.864057315089533992e+29
-2.028216699131216027e+29
-1.133968874727063281e+29
2.946925256113683563e+28
8.823268064982292802e+28
2.611264759236172010e+29
1.931584491235869535e+29
-1.289609967933362725e+29
1.844667296942111856e+29
3.918325243269142361e+29
-2.690922328521456755e+25
-2.272388521985922018e+25
1.700920175976933911e+26
-2.610443463351596299e+25
-1.664387323179410189e+26
-2.123720844140589517e+25
7.513870328804859575e+26
4.936745338089236638e+25
4.381797448551168793e+26
-5.298318905169767468e+25
2.347406890825570273e+26
4.977769848545684927e+26
-3.925602791354744657e+26
1.841340527789891953e+26
4.330981270752694883e+26
1.147035022953500683e+27
3.060519381261784446e+27
9.772824919788460818e+26
-3.821027956824832116e+27
-3.354998218400974652e+26
7.341372112529652813e+26
6.762291804879277368e+26
-2.894644161942756375e+24
-6.872482167919304313e+26
2.109762933049915212e+27
-5.554072721016138563e+27
-2.541303237096964864e+28
6.646553279752799005e+27
1.853136392807159141e+28
-2.506085467624065382e+25
-6.452580059977534343e+27
1.764411934218251803e+28
6.934290639470632996e+28
1.422708812729040171e+28
-4.443557222713823316e+26
1.262692768397008070e+27
6.051347544254559770e+26
1.801033082345517067e+26
1.031567315087471019e+27
3.306629089520136747e+27
-4.438046820459536456e+27
1.352012035830187118e+28
-3.373251497277853479e+26
-2.649631483474183547e+27
-1.018310272877909857e+28
8.612955671399276629e+28
1.310090445380737738e+29
1.496916629864103306e+29
1.635904998557860572e+27
-1.595130862836596464e+27
2.379587676227943730e+27
-5.828898712319791283e+27
4.255159895639049754e+27
-3.863784124644618622e+27
-3.434812713648040003e+27
4.643147438181676918e+28
3.063298994542255069e+28
7.643058570040285839e+29
3.670225240087810993e+28
8.673375675207896591e+27
8.854703499633929837e+26
6.911271838084071296e+27
-3.667256243260098548e+27
-6.353924267566367615e+26
-6.745019565246148600e+28
1.802097517427457053e+28
-1.194226414725833352e+29
1.214982567688811180e+29
-1.509280253294341594e+28
4.892655130680621097e+29
1.089483847217216288e+29
-8.783246736551676266e+27
-1.658081796548466178e+29
-4.540526608487628307e+28
-1.322959596212570930e+29
1.018537042198127330e+29
2.912156087962258426e+28
1.681946484234504438e+29
6.389090872521598353e+29
-5.585239344193485296e+28
-1.044768716014848712e+30
-6.663539128404840660e+29
2.894618722132702928e+29
9.078896040093604549e+29
-2.944603560417554669e+29
4.243960593884418878e+29
-2.476468116231244169e+28
-7.542114303564275435e+29
-1.104618802428996678e+30
-9.269926697906211079e+29
-8.959764047070644080e+28
2.789655110039493448e+28
-5.169789775443507571e+25
-4.281152745304419759e+26
2.316328256318120904e+26
5.474552741954506006e+26
1.355584571911482094e+27
1.928264229615022382e+26
7.777059151504571409e+26
9.120996498566460860e+27
2.551009354459640590e+27
-5.360733239293673497e+26
9.546337520172710893e+26
-2.192022670211623674e+27
-5.338594270053503850e+26
-5.154358858835228650e+27
-2.144712484243537565e+27
7.517224209654004502e+27
-2.767951411431386881e+26
-2.221661885314077183e+26
-2.256581710244351688e+27
4.214706300919661417e+27
-1.226497988530230118e+28
-5.751286278717442941e+27
8.258911447410605780e+27
-7.374428361894470544e+28
-3.101920253356686951e+27
2.250391618077873300e+28
-7.151108021404545025e+28
-1.449865251427122681e+29
-5.408084157322142597e+27
2.179251168753817329e+28
2.471709180297001267e+29
1.995182977616230374e+28
2.587189780801478558e+29
2.738286468873234551e+29
4.249462716698612926e+28
-2.852922071144012757e+29
-1.520259863732233952e+29
9.418766684694965873e+26
2.873137770562740954e+27
-9.317850915286748780e+27
9.268972902358030459e+27
-2.203318764371733387e+28
5.013875826453910029e+27
4.175152880239765620e+27
-1.439145814299721535e+28
-3.640960255740667592e+27
-2.635773440556863100e+28
-9.736010587778283814e+27
2.077910203065583477e+28
-2.406923969765533023e+27
-4.184393330258923451e+28
-7.100273117373712341e+27
3.245822295378884558e+28
1.424339490008207742e+28
-1.732653372968463465e+29
-7.021499327826944752e+28
1.070831816206222681e+29
-1.472598748558210637e+29
-6.324896708117973842e+29
1.118434320180772259e+28
-5.584697491691003495e+29
-4.549821416705097823e+29
3.178027789106375124e+29
-2.198588398488449185e+27
-2.732558534043672616e+27
1.272472943304144144e+28
3.190173338360876215e+27
-4.220570012482852561e+27
-3.222034576914256141e+28
-1.234853965970871577e+29
3.789135824001352070e+28
-2.403171344880945939e+28
9.763093080135271364e+28
-6.241570929469706915e+28
-6.004236741903022253e+29
3.789007220847546780e+29
-4.829862212510958556e+28
2.974825544398029136e+28
-1.214260203162153004e+29
6.320403920571173394e+29
-1.871405761467018775e+30
-4.536041367378464736e+28
-3.704558304904444162e+28
-3.170792186844087948e+29
-5.203814602977236201e+29
9.930220805081378842e+27
-1.266138892150123937e+30
5.285792784628464918e+29
-5.421300892252908172e+29
-1.266715731471606753e+30
9.133155132109037870e+29
2.481086442429005673e+28
5.848507532281842749e+29
1.351989250596791647e+30
-3.050002974607599671e+29
-2.541827045151599208e+29
9.710314038915631857e+29
7.676200767565386999e+29
-1.591977430573145835e+29
-4.458702462959061047e+30
3.818714112437101247e+26
4.099525005728308648e+27
-9.209397404659753693e+27
-8.939929744956937198e+27
-1.107394957628841827e+28
-5.445624682495951023e+27
-1.278827089131357162e+28
-2.396426815991908944e+28
-1.073988798655253881e+28
-3.895331685878376705e+28
5.668881437367115633e+28
-9.634244869718963419e+26
1.541608871279787887e+28
7.683734436387042437e+27
-5.336822930267677564e+28
3.507567485319413691e+27
-1.803912940349993254e+28
5.767427911854560334e+28
-1.285812354457435506e+28
-1.548931195791375743e+29
4.985010329750254532e+28
5.078260699389501892e+27
-1.549873550776498793e+29
2.624586505102781217e+28
1.497082614147575834e+29
2.550402432761657730e+29
1.850121270842760046e+29
-5.045380423894326570e+28
3.700103168024597626e+28
-1.142380201703627082e+29
4.604810186793931608e+28
-1.162831473421659967e+29
-4.897110666090761976e+29
5.474694279332788985e+29
-3.885638574158224836e+29
5.667391886348084853e+29
-3.697225680888813919e+29
-1.274739964638045192e+28
-1.511543275997967490e+28
-2.825503537944208571e+28
8.626104068441846350e+28
2.045898886036922714e+29
1.278459464751008570e+29
2.792772366913452018e+29
2.423891573779376816e+27
-7.221847774647168533e+27
7.183443817851422784e+28
8.695914174322891388e+28
-1.090030029703589323e+29
-7.881035010345578579e+28
-2.592107411545808254e+29
-3.102989418470490612e+29
4.234687452268760134e+29
1.048568253685216098e+30
-4.285195939042908194e+29
-6.721226554089829934e+28
6.163722341070378410e+29
-2.070902683011216047e+30
9.586696927098936398e+29
2.584467810400233755e+30
-1.251607556252838844e+30
2.267096284806122594e+30
-3.346839686531791128e+29
-1.242176906800378590e+28
4.151343985416672602e+29
2.211193590294347800e+29
4.833557445702432081e+29
2.502442800156895225e+29
3.027981600397768648e+29
-2.287833766636835719e+28
-1.432333794866303772e+29
1.116947480325750586e+29
5.785749652413640699e+29
2.650497637678957836e+29
2.240217316562777046e+29
1.633068936067944735e+30
-2.251774718543685649e+29
-5.972143347465343842e+29
-1.112698979186025875e+30
-1.141511001347398233e+29
-3.144879731230974210e+29
3.742868014810421960e+30
5.511268511130775238e+30
9.141236996444247452e+30
5.417899196060130872e+30
3.784875324678197663e+29
-3.239693112475084927e+30
-8.546592949275245367e+29
2.467284410283172990e+30
1.585044949953582368e+29
2.963636514060266319e+29
8.159716625819346216e+29
6.336515137305928075e+29
-9.877896132562708299e+29
-5.123785995853187933e+29
-3.058411840088345695e+30
2.950648303682832076e+30
-6.095610411460362610e+30
3.532005600540118233e+30
1.496629409289079323e+31
-6.246907409927400520e+30
-2.103703271687859825e+27
-9.651939560824327840e+26
-6.587604034596137379e+28
-4.167393332752675394e+28
6.606919965104771505e+28
1.294397711335642689e+28
9.904491363503413026e+27
-1.302077976247160262e+29
5.178255103986458088e+28
1.003319036628332797e+29
-1.586819298568750909e+29
4.293305644875602847e+29
-1.272815226844613237e+29
-3.033262714779825941e+29
2.844750073935543004e+29
1.709123904996826971e+29
6.413647093345079372e+27
-3.669322798296460218e+28
-4.597588610751893118e+29
-1.373898777168876527e+30
-2.052202475013030732e+29
-9.266104189874506961e+29
6.137263332415036937e+29
-8.712144535107799420e+29
1.148677130639961859e+29
-4.417125703617712637e+29
-4.703957881398124829e+29
5.325877740342105306e+27
-2.106525685789723309e+30
-4.481083584020788222e+28
-6.746556951958182792e+29
4.622099103970975950e+28
7.670648782633785475e+29
5.817276944900673304e+29
-2.831434785698073309e+30
-2.956536147204331524e+30
1.016902405052741680e+30
1.502245804412477857e+30
1.167044800086558383e+30
4.657944010436281348e+29
4.789544341408636675e+28
-1.849299881861482710e+29
-8.474633042353932236e+29
-1.407125690435881666e+30
-2.943382129847945453e+30
-2.154518831693260836e+30
2.587387447806860934e+30
-7.859641940987705264e+29
-5.043604292151626095e+28
-3.922942464277851921e+30
-2.195579153716857688e+30
1.945550043429702016e+30
7.710492358356349285e+30
-5.354777191483373989e+30
-1.590391113058550686e+30
8.101617529719425827e+30
7.450559230374314564e+30
5.666513703784476637e+29
1.629581010291078933e+30
-1.849142658391882821e+30
-6.304918450788529016e+29
-1.489947284989599101e+30
4.777030416847907526e+29
-1.079771256179797697e+31
-4.255321799578610158e+30
-7.810164420989508213e+29
1.006324919379744839e+31
-1.563168280588643974e+29
-8.103885382500162238e+30
2.103363184576834780e+29
-7.231013436395365217e+29
1.560844276195191519e+30
2.768084568979785297e+30
-4.986759157339043707e+29
-1.021018159089955803e+30
-3.949930180843588156e+30
-1.961471592657200383e+30
-4.238980941033892070e+30
-1.065437817800707788e+31
-1.001940288752039946e+31
-1.075005917577917678e+30
9.592529043953800880e+29
1.403139361746315104e+30
4.207356706929362926e+30
7.318616869056816910e+30
-5.200359983723354528e+30
1.526654354175487758e+30
1.197810713461267624e+31
-1.011006249523377143e+31
9.188470759792986790e+30
1.096191118470043054e+31
2.412793392475609864e+31
-5.858466846013185486e+30
-2.199180891895695078e+31
-1.276737546512520508e+31
3.073115859130387230e+31
7.739052838701064896e+29
6.772013924777091637e+29
-2.489095590104000232e+31
9.946253437976800809e+29
8.007074885054594910e+30
-2.522677911940448466e+31
2.282461781917896966e+31
2.224663672898032922e+31
7.695590267605283794e+31
1.707177504712626836e+31
2.242841737802548777e+31
-5.066177214385896378e+30
8.196956514203027456e+18
2.753928510015123866e+19
-7.701145701424106045e+20
4.609107202902149693e+20
8.439634983905858159e+21
1.171859762422951287e+22
8.514888927130465757e+22
-2.330563089567465068e+23
-3.061543294908727951e+20
1.188668219430019478e+22
7.342786319892993173e+22
1.008398218775378054e+23
-4.860286336526476357e+23
8.453486817422513139e+23
4.284544198526945183e+24
4.552077210693656691e+25
9.073765553298059821e+21
-5.937312596355751870e+21
2.362554175209444443e+23
-2.581299959278813028e+24
-4.284222074754199351e+24
4.565997889565539401e+24
4.768534470728287836e+25
1.256718639172986392e+26
2.378585847605936091e+23
2.592812764406469571e+23
4.353745494493047890e+23
2.326400927589252454e+24
-4.830829283315922141e+24
-2.573983697511280162e+24
-1.253675335601145823e+25
1.198452011564186884e+26
-7.261268107321778591e+25
1.188840897867397332e+24
1.303221037642348558e+24
1.574272997604102198e+24
-1.201932798854009427e+24
2.146008534715545671e+23
-1.507370188791498609e+25
-1.957419712609912772e+24
5.365960975816596392e+24
7.963264924395946753e+24
-1.233680396272201924e+26
3.219162032556946709e+26
2.016936854428652772e+23
-3.616602716924420569e+24
8.523121585933510056e+24
8.388254735874673888e+24
-9.810372583267275603e+24
-1.880169427057773123e+25
5.840230196119618365e+24
-2.859287139057962312e+25
-4.183987573077576383e+25
2.875606324419021940e+26
-2.190528181724774736e+26
-1.255823057399581152e+27
5.328336646952210384e+26
-1.076887321742869340e+23
-1.490265551224308636e+25
-1.891485554822438437e+25
-1.434490951353413279e+25
2.445742523536551174e+25
-5.411082355493406159e+24
-5.250067084283173087e+25
-1.022008622867169941e+26
-3.148294902862156036e+24
1.158181131000705838e+26
-7.399978868287457865e+26
-2.533176067634659175e+26
6.078511639582107454e+26
7.690714547981115237e+26
1.345519361333523459e+25
-7.307917552584235709e+24
2.165142088774440510e+26
2.038415625130264025e+26
-4.794546294562121677e+25
7.113531387487825095e+25
5.127696136777431439e+26
-1.154723859243968066e+26
2.580233291401183028e+25
2.686519479677949473e+27
-3.343997271001451752e+26
-1.919577721927142293e+27
-2.127882997511333377e+27
6.559011123304185656e+25
-1.765173488721868736e+26
-2.879157726687081329e+26
6.435690652926730701e+26
4.721641553300684694e+26
5.209731005908427270e+25
1.513167997051415794e+26
-1.686901551730467490e+25
-1.091997463133308720e+26
8.013480022804649091e+26
-9.662833708796694208e+26
1.788983063815670294e+27
5.611129718587537752e+22
1.656660249498147724e+23
4.150087356570471435e+23
-2.421455109673820870e+23
-2.093506178496713374e+23
-1.341370958723775348e+23
-9.744662644713712265e+23
-5.358047678087191698e+24
1.248796228174543583e+24
8.749241647915013104e+24
-9.470837091094320715e+24
4.458855968858251628e+25
5.353450610710949399e+25
1.188681310627183178e+26
1.306498681760828411e+23
3.328086776921718952e+24
-2.967573095595059973e+25
-2.101629374758827087e+25
6.958981182097321944e+25
1.305674853493386693e+27
-2.246225666288879515e+27
6.730790690851689735e+24
-4.624257910588539117e+24
-1.373295458275070652e+24
1.092446065956800266e+26
1.393741879785347817e+26
-1.287276732616111190e+25
1.044887342659843709e+26
-9.364812297209223798e+27
-5.965107687807309151e+25
-1.587214138099545087e+25
5.397183626575828960e+25
-9.115310927285200284e+25
-1.472781866344201556e+26
1.205413899382897555e+26
2.757595167121299070e+24
-9.137989895419710447e+26
-1.214320904670461305e+27
5.604441836983128994e+27
8.248036402155880738e+25
1.348790845693599146e+26
1.190623666065644054e+26
2.041895251815802224e+26
-2.624746608199404016e+26
-9.684710164035804166e+25
-8.307812650036566302e+26
-4.185651629567574068e+26
-1.602547315305493382e+27
7.655857278841395607e+27
1.671919168743469637e+27
-1.117054174142250099e+28
1.941662599593393712e+25
-5.917480405555634372e+26
-6.351834102125794639e+26
-1.903955098800072163e+27
-2.741024166352470132e+26
-6.790530653289262108e+26
1.451568763237783849e+27
3.437189647808849974e+25
5.439649664046411162e+26
-7.505038976336595994e+27
9.991910702057719925e+27
-9.661402539672216473e+27
2.016893159795662321e+28
2.819082753358943798e+27
-1.372071741136209497e+27
-7.803498083626402543e+27
2.739502243353801418e+27
9.967390923688930978e+27
-1.787602530413400095e+28
-1.443697956286761898e+27
6.418207857149309450e+27
1.413174867826705941e+28
5.908831423246793980e+25
2.010973410087414094e+28
9.254286569278336663e+27
6.913456794403102324e+27
1.389908959117784368e+28
3.895461754102951294e+28
5.123601249242709897e+27
-4.291559389260195111e+28
-5.665340967720110981e+27
-3.301678149534547894e+28
-3.304373018457537099e+28
-1.357981582721068419e+28
-2.824250238989713959e+28
-6.988018144421267441e+27
-9.261052533951711272e+24
-2.401428770950772406e+25
-1.032950436394729544e+25
-1.095815832137653520e+24
7.441352122279690003e+25
1.038070879574529969e+25
-4.948594406992632888e+25
1.994541073134128520e+24
1.553691305883747194e+25
-9.668060548470529444e+25
-1.760108431373972339e+26
-1.924119384942918067e+26
-4.907119162269716080e+26
-1.661272245168176929e+27
3.060040272151349747e+27
-3.480689420039462506e+27
2.362289292804871053e+27
4.659890927841221382e+27
-7.297462674499828569e+25
1.939284508154095328e+25
-2.522472916508510481e+26
5.461615480434905437e+26
-3.028334895717399507e+27
-2.285077439675039867e+28
-6.891454828538519613e+28
-2.987815536960693630e+26
2.838439775048736165e+26
8.874612270088204534e+26
1.714908303865153247e+27
2.064893327363410212e+27
-1.301299556131087703e+27
-1.920812030514281569e+27
5.157008435569501528e+27
-3.044039771583516794e+28
7.173019805574134336e+26
1.917419556310174801e+26
1.683247361419220169e+27
-2.613595949579526894e+27
1.785498884893402466e+27
-1.029912254586343693e+28
-3.636119451986697830e+27
3.826491909811006530e+28
-3.675106770108162071e+28
2.939697406736255920e+28
1.645137913432416020e+29
-2.621236796912915781e+27
-8.078718995331752309e+26
-9.437212225206907702e+27
4.037511716029073031e+27
-3.376319968455459925e+27
-2.869614216725354335e+28
2.605514400357427531e+27
3.088443554008690773e+28
1.785312851787957678e+28
3.740723698608254149e+28
2.347676679208772038e+29
2.697974818358996154e+29
1.384857802912275240e+28
-3.850452709361212179e+28
1.926756450815703798e+28
1.285283391901848115e+28
4.112525616659127321e+28
-1.396107441629621254e+28
-1.010436804177581746e+28
-8.944484587066966638e+27
-1.124911760369230447e+29
-9.077829867976265819e+28
1.003061553907216927e+29
1.948606163116201017e+28
6.343502452821907125e+28
8.186086677611525357e+28
2.226634853054584302e+29
-4.287505642320766659e+28
-2.087995362239868777e+29
2.731807374586743128e+29
-1.297913655460498923e+28
-3.229941909203205849e+29
8.052517413185921910e+29
5.930617111408570006e+26
-4.087340956723039782e+26
6.247612356843905751e+25
7.733892850106859655e+25
-6.924579098823828418e+26
-4.235456021313526945e+26
2.991882021078905894e+26
8.558390232870460416e+26
1.284779758962962344e+25
1.183095286139051054e+26
-3.914922919448227455e+25
-2.012676284923335905e+25
5.562449069758299688e+26
-2.430847046396488214e+27
2.833154569000587235e+26
1.807036904984801994e+27
1.910271770818948956e+27
-1.642812330924912074e+27
-7.774987831146218636e+26
-6.317145486217151001e+26
4.330621748780748710e+27
-2.102774950978254751e+28
-2.960017050745884925e+28
8.802904437366289377e+27
-2.421036300213218536e+27
-2.612599660518015869e+28
-2.185670162706821326e+28
-2.159856519205453432e+29
1.817212234089154468e+28
5.660360885742904245e+26
-1.658206166010950327e+27
1.824011895020155208e+27
-6.802377530317965340e+27
-1.440281012851596465e+27
-4.166127207987056362e+27
-1.193458398198188406e+27
1.756063113158292312e+27
-6.393623036207475620e+27
-5.627305779373346849e+28
-4.580089097214876247e+28
-2.185138416130279108e+29
-3.847842181701632721e+27
2.804841277383776614e+27
-4.459685694466030203e+27
6.638425458240136034e+27
-2.318526085246075247e+28
4.960346772511722319e+27
-5.687911329789494528e+27
-3.623096317582206284e+28
-6.158224608046476903e+28
-5.856046962437787244e+28
-2.727347238665579982e+27
1.539090719621475752e+28
1.154517213457605889e+28
1.736057605844395188e+27
-9.746180899316203461e+25
3.578794683627119815e+28
2.188146121431039843e+28
7.937674484907867151e+28
-6.192282965961122228e+28
-1.381411026881163378e+29
-7.042057507180107583e+29
1.588338580629448505e+28
-8.108444032456461164e+28
6.822280569814095377e+28
-8.571853568473476489e+28
-3.042099653637167563e+28
-2.951006423459741966e+28
4.755109232786835247e+29
-1.822373847733057604e+29
-2.320702298975605389e+30
2.809901894656838406e+30
2.287373361820738105e+29
1.460653002920564667e+29
-8.638886550871414830e+29
1.151193968250369734e+29
-3.265950023587683688e+29
-6.396963677439526167e+29
5.044174590267781651e+29
1.002652414480844158e+30
5.837758112122055507e+29
-5.373176920753551296e+27
1.364750868004471217e+27
2.635746966707000629e+26
3.348103754671182179e+26
9.003938597417899201e+26
-4.177123906684383177e+27
1.027619543825636827e+27
-2.980519858648848288e+27
-2.359657593817878125e+27
1.166382521948234432e+28
1.278951500503162877e+28
-1.103491845511682500e+27
-2.587838057765251774e+27
-2.215549184087395220e+28
-8.319236313275456165e+27
6.870520649585584095e+27
-1.207989952601960464e+26
2.197866913903447359e+27
2.628164639213306792e+27
1.435261691581402748e+28
8.670632202177626025e+28
-1.093808495413321388e+29
3.746472812035276906e+28
7.656297283651754483e+27
3.516198663014078587e+28
6.604426472267503936e+27
1.227249835277131920e+29
7.167143785361246852e+28
-3.129728869208589023e+28
-7.087616366141626559e+28
-8.944080269893100342e+28
-3.122883661181761448e+28
-2.071207541978832490e+28
-4.050732600466518154e+27
3.521642347108681710e+27
-4.045272077321806855e+26
-2.116374895122494047e+27
-2.771864103243771140e+28
2.887680798443416515e+28
-2.417712273785914353e+28
2.797290336736044061e+28
-1.152302173986709914e+28
-2.504217201096756045e+28
3.931269463531782821e+28
-3.498019608208954994e+28
1.049177001031344359e+29
2.807808400258392710e+29
-8.583588378290285564e+28
-2.783241018774441902e+28
1.266862122178480040e+29
-3.364474271483305794e+28
5.543325580693041912e+28
-2.794948355417966149e+29
-2.260616886784368162e+28
-1.095745436282489578e+28
-1.524526210057726816e+28
-7.826433942535601649e+27
-2.362548723812534426e+28
-1.560809440813532249e+29
-7.016757650355885112e+28
-2.695306519304257036e+27
2.171049057995231571e+29
8.040560567058592779e+28
-3.079704104972501795e+28
2.808698240949243461e+29
2.775807733260645155e+29
4.370581667263394878e+29
4.258376903851649998e+29
9.101547142623993369e+28
-1.336825479909161135e+30
7.978724487070485682e+28
3.014525476088629279e+28
-1.157103588339848021e+28
5.290693072382791075e+27
-1.735931193248319015e+29
-1.632938359872888221e+30
-8.229846837533676126e+29
-9.077316008995318789e+29
-4.125260251665664720e+30
-7.086189359795319208e+29
-8.730997202306821705e+28
3.328457451653911249e+29
6.812538217753632277e+29
-3.402423743168136228e+29
1.618663663992203436e+30
3.206175519318070843e+30
-8.589220682764492923e+30
-2.077660285232302081e+28
-5.713849844647907309e+28
3.260599550285487628e+27
-1.335046727792986278e+29
1.696956750595141960e+27
1.569855546942921791e+28
3.683661153987288459e+28
-4.152976491460413906e+27
-1.699743983596005666e+28
-2.958342454004280317e+28
-3.673903239320184278e+27
-2.077246184850582265e+29
-1.082338154523898295e+28
-3.984175596220115302e+29
6.896636246881658410e+27
-2.666761574855132966e+28
-9.326948331477706390e+28
1.141181741734008857e+29
1.510282086681382620e+29
-3.313006523541479441e+28
-3.071198882073922561e+28
-8.111976468480071334e+29
-4.327494071341677925e+28
-1.673422160403598171e+28
-5.135693765245387689e+28
-1.218065907824466219e+28
2.550634042491455972e+29
-9.845506193033402013e+28
-5.322144850814038243e+29
3.422075561776578758e+29
-1.842881089728060116e+29
1.338196801902613552e+29
4.139556327358768176e+29
-9.665643453867407235e+28
-1.813735830384386550e+27
3.538760857318023017e+28
4.969897304184592532e+27
1.181407674278168233e+29
2.778782695717527471e+29
-3.607528332870183443e+29
8.127307458402789932e+28
-1.127085641175074599e+29
7.117237317260075275e+29
-1.406196674119299836e+29
-4.117005126423572029e+29
-6.043504432201840798e+28
-2.131167144609809018e+29
-7.848768970195525603e+29
-1.263230858043794213e+30
-1.325632260771580857e+30
-2.063851173134896580e+30
6.182996720709582715e+29
-9.616290534123181771e+27
-8.510631178388324046e+29
4.053896758598874169e+29
1.647346458147867983e+29
1.750482346399198344e+29
1.318224382207801199e+29
2.742146036833490089e+29
7.032563648235532327e+29
-1.194367473956577272e+29
8.319206863078368280e+29
-8.076593945432853438e+29
9.356098863651509314e+29
-6.886820509916432332e+29
4.046480985988074384e+29
5.338335945088430685e+29
-2.503100508867191553e+30
-5.514796887057914766e+29
-2.536664612157416762e+30
1.792218711219373771e+30
2.319274881754341956e+30
-1.846440134137604138e+30
7.400058284757538999e+28
1.334431643224123261e+29
1.291686227536407164e+30
8.319571151361929584e+29
7.143491196775387498e+29
-8.308879184130555339e+29
4.163891019082174786e+30
7.324029396080089250e+29
-1.728997670566814745e+30
1.461301032716053051e+31
3.440952933057453660e+30
8.068369443521750295e+30
-3.089324759590853006e+29
1.115362501244233755e+29
1.820467511696884152e+29
-8.158738429298327360e+28
-3.928401207969655775e+29
-5.477759915690152922e+29
7.392967738623118633e+29
1.417533923480031911e+27
-2.321321219765213783e+29
-4.563474729564539154e+29
2.252708048496708567e+29
-4.970445137372936094e+29
-4.070355185193736119e+29
3.868359625676624685e+29
9.517667062831508645e+28
1.505331020197859720e+29
-5.335606275440886294e+29
1.672615380339147706e+29
4.526383426729698554e+29
7.862936809038779729e+29
-9.111474701270295707e+27
2.889266560996668905e+29
6.018551011745113765e+29
1.411922754650258301e+29
-1.070473889052135053e+30
1.003064521596385150e+30
4.868607596885093000e+29
2.991189327166838440e+29
1.897627573163018730e+29
4.275504782326395921e+29
-5.999005755396911644e+29
1.612333597428479418e+30
7.700639894472827429e+29
5.367783381607084272e+29
9.304919774740915126e+28
-3.766435569534306228e+29
2.001042780529456558e+30
-1.899432612336891064e+30
5.245982187862070202e+30
-8.041736540173749452e+28
1.023024787018373313e+30
-5.329747197962044273e+30
-4.347598523728353586e+30
3.567559361649075008e+30
-8.423225214185892632e+28
3.339308740997306524e+30
5.196679276881272476e+29
-2.968515739640981108e+29
7.331169786379433579e+30
-2.214530780038109520e+30
1.743753043137417523e+31
-1.825022536818403006e+31
-4.353003795727969840e+30
-5.248307686461511920e+30
1.141345692676656087e+31
-2.361226839801891212e+30
1.708442411807105740e+30
1.085924596087745113e+30
-7.432378368521380801e+29
3.649017289442275812e+30
1.955461387343659092e+31
9.831218985763389195e+29
5.632148974707879488e+30
-6.388899415505964137e+30
-7.590705638737478096e+30
1.374381042556031361e+30
-2.413151607128681282e+31
-2.176464991451069182e+31
1.641955815650683022e+31
3.873817102240314512e+30
