2.251079616508212480e+17
5.847258568218756710e+19
2.279601235242319872e+19
3.688834928136931246e+20
1.240458322820394595e+22
-1.030650225339884844e+22
2.841701034869144735e+22
7.842781088300396026e+22
3.306961124401784983e+23
1.447965256344541102e+20
-1.015516048121902399e+21
-1.737832105688788317e+22
-3.035757760181301779e+22
-2.036167960751089333e+22
6.980926199288224442e+23
1.681520443502984706e+24
2.939737066371170118e+24
1.559230910285365072e+25
-1.210377220795664695e+21
6.798734021007293546e+21
2.946248261369128813e+21
-2.322504608278551672e+22
1.423211331375013468e+24
2.088072997312213685e+24
-5.933696178884691657e+24
3.433409925830978897e+25
3.237219337993457986e+26
2.695485176868036936e+21
1.448477588990546055e+23
2.949088134114454379e+23
-1.848483856767679159e+23
-1.818442970153967212e+24
2.192029152862404902e+24
-2.261421914201038573e+23
-3.561112962447141843e+25
1.115633242185643347e+26
-2.611292971568128658e+26
5.043109216310169436e+22
-6.511945983241716100e+23
2.864239747652011141e+24
1.028929461511582315e+24
-3.168462019365970721e+24
-2.406458338328171828e+24
3.911439336427226581e+24
3.386478028588537928e+25
4.725406615301870424e+25
1.804242566571578521e+25
-4.996074285372620309e+26
-7.597874440684548636e+26
-1.153749587489993418e+22
4.635097881701262683e+23
1.189553570106678429e+24
1.821263935874157793e+25
-7.292527834055877608e+24
-3.083473971312987864e+24
1.018017672450583587e+25
4.698953931205664955e+24
9.298204565510820804e+25
1.319977199683195988e+26
-3.757317255512816500e+26
-2.151060258796349786e+25
2.244576237032715014e+26
-9.282772974652635048e+26
-5.371264646949767846e+22
-9.985717890801015498e+23
2.796688932458969954e+25
1.585562532621145642e+25
7.046720657718918805e+25
2.755404427997200648e+25
1.025277117952149371e+25
4.655656322856872958e+25
2.783075643420701466e+26
3.062381519095021064e+25
2.351042972081946122e+26
2.831964292957626538e+26
-2.246784049328353001e+26
-1.379106015879230524e+27
-3.753065222209171410e+27
5.231982652017218347e+23
2.892354759312222347e+25
-6.946978829094706108e+25
-1.279698587461219009e+26
-3.133810956346737714e+26
4.845285221311460238e+26
7.987911944292777739e+26
-7.721011345443204298e+26
-2.130911789057004061e+26
1.604939671729712194e+26
-1.282991115539804490e+27
-3.359508486582259675e+26
-4.365681040070901795e+27
1.033202909026940770e+28
3.283784135540606379e+24
-6.032918540038894249e+25
-3.498726108752880512e+26
2.450161801272685281e+26
7.517504195131829283e+26
-1.423141078655138667e+27
-1.453478676135194204e+27
-7.955278992748155908e+26
3.420153363395975286e+27
-2.247013588271043425e+27
6.536407790426951420e+26
9.112535743751841268e+25
-7.698483718000394425e+25
5.722408800316868526e+20
-5.964985486592553517e+21
-9.054193311507277677e+21
-1.213643162327984206e+23
8.161511915138469331e+21
-3.519214895043297935e+21
9.939033490437560703e+23
-1.614358035208693237e+24
-3.223300420512142517e+23
5.826736861437272963e+23
2.710934568737609076e+24
-1.219310090510430208e+24
3.844062726897328249e+25
8.517751310507146224e+25
1.136577775786944468e+25
2.592289892686306801e+26
-1.317857022292236152e+23
1.235212813373641903e+24
2.452295888244711512e+24
-7.190921686131851664e+24
-5.401852979152687377e+25
1.464930031549754831e+26
1.373351652900037665e+26
3.125888875249112331e+27
2.084734857254760889e+24
1.049811188617777607e+24
3.416783527845555203e+24
-1.517672469526015807e+25
1.001948084717629619e+26
-1.909591705594317583e+26
-3.621297828675467484e+26
8.260864056020415342e+26
6.678833698335823331e+27
5.414922604682151163e+24
-5.936394750934567351e+25
-3.950117595030783272e+25
-4.374530919905019078e+25
1.511923949011334597e+25
2.567999556530942205e+26
6.200108566546147074e+25
9.156777878541625840e+26
-5.289300960811588806e+26
-2.496887282145429248e+27
2.551323002852550327e+28
-1.090624681111101190e+24
-1.853665576051399290e+26
2.576530155138709227e+26
-6.996990854920031236e+25
2.737587006248006626e+25
2.436129807456878031e+26
-3.896871927636310306e+25
-4.774350933673834534e+26
6.954961004743768151e+26
-1.384618405066485468e+27
2.025852774130509953e+26
1.917294471896507248e+28
9.203432851146471785e+27
-5.170084500350150072e+25
-1.620375603502936877e+26
-6.239398431500167712e+26
4.064025720072815203e+26
-7.606250095234068622e+26
-2.408816647406353435e+26
9.901220397425140870e+26
1.043810288690793981e+28
-1.218851099587176228e+27
8.562807228040373704e+27
4.504470891563163985e+27
1.620121651930996821e+28
-4.824615965478361905e+27
-5.624759781904841613e+28
1.920361562221747152e+25
-1.016437354798228359e+27
2.643122262822624919e+27
-1.270554629569551993e+28
-7.294504044241184471e+26
-1.000113800344502945e+28
-2.080251347532759063e+28
-3.960926354409576898e+27
4.696695360684739746e+27
-1.326797906310737738e+28
-4.201420503167496689e+27
7.755578480048590400e+28
-6.549389966040014953e+27
5.629753637054416924e+26
7.417407517687293845e+26
-3.673455792283992524e+28
2.708445146215202705e+28
-2.547221835806807977e+28
2.192834544477209724e+28
-3.836105625382854362e+27
1.452674563172058778e+28
-5.367471404394195569e+28
-5.412583720507402497e+28
3.108576518912580480e+28
-9.960981380112958145e+27
-4.191940582891694336e+23
-2.891091864545121689e+24
-1.130078498527841937e+24
-3.854776679332208232e+24
-1.182075276924313512e+25
-3.767597496266567126e+25
-1.370602591698526950e+25
-3.330583750494964441e+25
5.842313345312339927e+25
2.840171298052947641e+25
-2.296626329433734778e+24
-2.349635139235399627e+26
6.884511682991073046e+25
-3.283252199886749711e+26
1.962710409155558760e+26
1.201184399030393962e+26
1.154312381112765950e+27
6.088036479483321301e+26
-1.898821299091645724e+27
7.901334005010226366e+26
8.270008140755965966e+27
-1.323375031998497547e+25
-4.598303571198558904e+25
-1.006678334521064613e+26
1.387765415376623526e+26
-1.442933954797986064e+27
2.157969482524051163e+26
9.106967407662585962e+27
-4.915567601983455861e+28
2.076438441334358411e+26
2.268238969316234835e+25
4.846116648283029934e+25
-4.181298335888391498e+26
-1.190296715603276156e+27
3.367931409437008045e+27
-4.821386445919175999e+26
-3.371521555058553646e+27
-2.762464119766406727e+28
-6.130474246821011597e+28
-4.686043145306725574e+26
1.684194937957532063e+27
-2.630378815593184459e+27
-1.777139335635026366e+26
1.395580218759474818e+27
-7.832140975462270260e+26
-2.175481703282162950e+27
-1.970957710837178786e+27
4.279519790887688425e+28
3.932083066774575044e+28
6.931151697619646419e+28
-5.611772609232325022e+28
-7.367625179358174680e+26
-1.944649617843466300e+27
-4.073930012362667360e+27
3.329950769544586406e+27
4.962212286037770990e+27
-4.037928333374558791e+27
-3.305886985578944453e+28
4.230520758908951075e+27
3.732694374664625907e+28
-5.452296638500692448e+28
-2.448424136091187899e+28
3.442751805744007203e+28
2.202516129188066473e+29
-6.913828129859385521e+27
3.457715299497958709e+28
3.381808064730712765e+28
-2.880399626916584522e+28
1.042350692311345656e+28
1.297363981043592539e+29
-2.736653707740504441e+28
-3.180976206773584782e+27
-2.452165881288058814e+28
-1.715559185919461296e+28
6.976940721383971452e+29
-4.051784556000534304e+29
-4.219987918245454158e+28
-3.468629789080317126e+28
6.081182055880121361e+28
-2.295375796535008542e+28
-1.017107628741469262e+28
2.561471642917422821e+28
-6.670900556362310667e+28
3.612453281373142306e+29
-1.854107457318774890e+29
-7.557912320097026874e+28
-7.037779081453059698e+29
-4.934859464375909160e+24
3.278326128345906389e+25
-1.043774659297142133e+26
-1.320438269125908822e+26
-2.731849176585809080e+26
-5.197879381724337967e+26
3.849331961843200590e+26
-2.562796677702005433e+25
3.779493373982582138e+26
5.504064507608342700e+26
-3.879925435871786838e+25
2.327293371317290856e+26
-1.205265642575587173e+27
8.340226217989934331e+25
-6.516692071463504800e+26
4.841718911241084414e+26
-2.641081824051623891e+27
-9.349893884208785506e+26
-2.507973481589965829e+27
6.641191739768334968e+26
8.156101305402167472e+26
-1.314382645655954226e+27
-3.663776016237661466e+27
-3.767534347540911418e+27
1.883562336239255046e+27
1.103963547489382239e+28
1.365731640348551574e+28
-9.144894049431376683e+27
1.384609954496418190e+28
-4.140258063715098688e+26
8.810883618919506217e+27
7.972795283952550912e+27
1.078607312360977847e+28
-2.726043554084235131e+28
-6.894702757089949826e+26
1.009238018000567699e+27
2.315031939563208013e+27
-6.774867838858965314e+26
5.989889905104721935e+26
4.718808845072930111e+27
-1.649307028612920720e+27
-2.761193758254696938e+27
7.339470855989163948e+27
1.438728970811342145e+28
4.958751822062024627e+28
1.085185939199198857e+29
1.242011432349627963e+29
3.096004085074690785e+29
-1.241562847499885561e+27
-3.322750405001321041e+27
-3.018850252848070077e+27
-1.347813926334846405e+28
4.226361992404246534e+27
1.150107302890022653e+27
2.243754698764410981e+28
-5.123767947464101903e+28
-2.845188361490142176e+28
2.610337179329733207e+28
2.023753960247677768e+29
-4.169786881461245560e+27
7.187256825309670767e+27
2.861080107898177181e+27
1.701493191130486714e+28
-3.838663507821442028e+26
-1.211927563820321328e+28
-1.017753287223679322e+28
-9.974005645812083287e+28
-4.735417675961914021e+29
-3.509963290081891768e+29
-5.841823088979280302e+29
-2.636795067744453933e+29
1.468475979657002805e+28
-1.641171127601990605e+28
-1.137761399866810753e+29
5.355956266809099485e+28
-7.119267541261944179e+26
-4.846003774203930015e+28
-3.185055706836797178e+27
-3.725162879077414680e+27
-3.183624116774597262e+29
-8.382282896721550762e+29
1.099385997815727296e+30
5.530531154691944379e+28
1.095595977370290605e+30
-1.147330979834407158e+29
5.928611376220290101e+28
9.855521947094070192e+28
8.906680049125018271e+29
-2.976768664066404936e+29
-1.450268924743124804e+28
-2.516131385146207520e+30
-1.614317282944723280e+30
-1.751300100557728963e+26
9.696267716941950747e+26
6.409046613740055638e+26
9.143341595259204366e+26
8.846974025350109165e+26
-1.752458218765133363e+27
-3.933264765013939972e+26
1.366210151697013125e+27
-6.731585539367936846e+27
1.558192473084907410e+26
-2.553414931031671285e+27
-3.677602223172119278e+27
3.239029488830016443e+27
-1.731352476268243020e+27
-9.540535143965783240e+27
-1.889367861859645984e+28
2.023187571528889639e+28
1.195403146790347712e+27
4.556204810699627863e+27
-6.942889223483397587e+27
7.042498491389951540e+27
-2.340435916373408965e+28
1.998183473669424236e+28
6.132700272836998513e+28
-2.671421013617884881e+26
1.451562668434290993e+28
4.026078205880028395e+28
-3.043748488600107681e+27
-1.063437520638888023e+29
-9.307083053450116468e+28
-1.490996871163854418e+29
2.834937017504143464e+28
-3.679074268215546655e+28
1.777820954097638775e+29
-1.777475510950520497e+29
-2.176727831106808123e+29
1.985649497488292450e+29
-4.068709687751396135e+26
-9.284008754411475645e+27
-4.980249345399206069e+27
-1.399612308921557449e+28
5.352775279392912961e+28
-1.043616221237697077e+28
-5.064970158938005225e+27
1.427630599680976477e+28
-1.991185791962009325e+28
-5.041745255985562387e+28
-4.667713732474635110e+28
3.197975383901848288e+28
4.157378327729720874e+28
-1.571272964267523705e+28
-4.243116961591885826e+28
-1.684856533774938847e+28
-1.358592460827666288e+29
-1.972334593456850782e+29
2.522150612059566482e+29
-2.721784186948181707e+29
-1.406149280623764727e+29
-7.715005795396591679e+29
-1.431129655465948270e+29
-3.775962785408593313e+29
-1.034662692130491343e+30
-8.061505106350786164e+28
2.381306047225159273e+28
1.675931610311241971e+28
6.660095881485694138e+27
-9.917719631505596250e+27
-5.817620836424126651e+28
-4.741010637461235084e+28
-7.199837533484318192e+28
1.054401348637668009e+28
3.116164686680781793e+28
-1.879069669491450277e+28
1.319855266225736960e+29
-2.669690190723851381e+29
-1.595087537515957314e+29
3.140821334022660678e+28
1.374622367336331548e+30
-3.411999325972840575e+29
2.427720614171040831e+29
4.909015167405624320e+29
-5.371231537078210940e+28
-1.159042944665720905e+29
-1.686504769957393781e+29
2.742734856793599790e+29
6.963709891558835574e+28
6.243607550690859910e+29
1.206702333814629928e+30
9.366028814965089689e+29
-4.962392975339043016e+29
1.309068342276600871e+30
2.086009607155982968e+29
5.262179002313878788e+29
-6.726417614514729675e+29
3.521823141575476914e+29
-3.461750476580781337e+29
2.251604443158934338e+30
-9.577145793283509826e+28
-7.488634911715515059e+30
1.412886291827129676e+30
-3.893885544397740224e+25
1.716283423638976295e+27
-2.643622184504085157e+27
-1.545973406716139514e+28
7.039350207831184987e+27
2.428999247082537859e+27
1.273648143263965410e+28
2.411841311051228374e+28
8.475250341098833613e+27
-3.994572866719293874e+28
-8.061031381905376949e+28
-1.733207560279193902e+27
4.484634427337566109e+27
-6.827560469455968515e+27
-1.993423712351740379e+28
-2.155685073385062124e+28
-6.782754398778186608e+27
-2.567056710633964848e+28
2.233748714155426555e+28
5.260709348416022924e+28
-1.994235745012076634e+29
-6.872147618812496028e+27
-7.749617342263826915e+28
-6.898500488928854323e+28
-1.222964116608855515e+29
2.819958725783699482e+29
-1.156216936064192595e+29
1.336032390911754986e+29
6.947886553463128631e+29
8.053212573440062512e+28
3.254363550415347517e+28
-2.633295718143772781e+29
1.632403939298269248e+29
3.114061696006396612e+29
6.826162316335020658e+29
1.759962380566028189e+29
1.104300687842782555e+29
8.942166109166928402e+28
-5.784978901046615390e+28
4.482005166400057612e+27
-5.285779505197921721e+28
1.092675280022041273e+29
3.621211584410357671e+29
1.238957194228437972e+29
8.142305168609467702e+26
1.235388995815547033e+29
1.129981006699160715e+28
8.807338050965623075e+28
1.851142500308415991e+29
-2.551112552877725045e+29
4.309154149022164206e+29
2.935667055883187202e+29
3.715445409237486967e+29
-6.818681008076706742e+29
-3.982004988421425867e+29
-1.168929140315483619e+29
3.899591352304288057e+28
1.176845775379441051e+30
-4.687276077480120998e+29
-1.488673572136836416e+30
-6.799670702822021022e+29
-2.855184176051724710e+29
9.269968088476504559e+29
-3.436178922275655331e+30
2.835929495474776001e+29
5.577064347582235645e+29
-2.642727583424338682e+29
5.825921590344522932e+29
3.706817928478073882e+29
-3.207349041118655355e+28
2.182120807633586696e+29
3.652095816260376360e+29
2.636607362447579249e+29
-5.054886381785208770e+29
-2.121542236126626996e+29
6.442879714945052434e+29
-3.365124698487837598e+30
2.675620331039816330e+29
5.262328305481693901e+27
2.595338410767937894e+29
7.767025814223033657e+29
1.700870701393296300e+30
-2.435138573556901497e+29
1.951140446491156628e+30
-4.604894609641041156e+30
6.349083400120356346e+30
4.796658036192947825e+30
1.801731768334346488e+30
3.786691402584824347e+29
-2.744730438123530858e+29
-8.464336092937747879e+28
-1.567494053843808534e+29
-9.588134529993062503e+29
-6.044701121583481328e+30
-4.423535405913357084e+29
2.887394502407825621e+30
1.324349641079868323e+30
-6.463465031939843883e+30
5.301277238648579505e+30
-1.753473168783281020e+30
5.942347754705407222e+30
-2.440284571928841173e+27
1.953329213608976808e+28
2.833520776884292126e+28
1.746662732121539928e+27
5.080263800137947426e+28
-1.279491692620501041e+29
-1.978849086059991088e+28
4.707239521567955184e+28
-7.621933621856772397e+28
-2.676562291802622899e+29
-6.619366081824298873e+28
2.618084399201680053e+29
-8.310156597396566761e+29
6.786201586852344514e+29
-3.701771448703655149e+29
-9.018701467734701894e+29
2.482594826131807837e+28
-6.141471444807181673e+28
-6.921964227966316064e+29
5.786068206335685750e+29
-2.932875519584280912e+29
-7.669090321844889486e+29
-1.826079001564792597e+29
-5.912745625581138270e+29
-5.979918432849584885e+28
8.718488192686895186e+29
1.017460796628675486e+30
9.560218921919896655e+29
-1.318211754407210708e+30
6.184590388484491290e+28
-1.711874972001091202e+29
2.242650799215020770e+29
8.576278613275893999e+29
4.151112903217139798e+29
2.184216875557052240e+30
2.647461397998800592e+30
-2.549393722573798686e+30
2.627032561491964395e+30
-8.762144425112497131e+29
-5.894227060724859731e+29
7.035997624075935275e+28
-1.376802069908976398e+30
1.495572205974019688e+29
1.212613184490863583e+30
-2.735061605496303843e+30
-1.383379695587838339e+29
1.797636439760465932e+30
-3.540706797545338501e+29
1.102436841056020019e+30
1.014090576288309477e+29
2.283246122222224956e+30
3.281644681457982774e+30
6.182843382193078641e+30
3.900217026803710424e+30
1.017303164496949048e+30
3.707120107564961194e+30
2.950674604736411364e+30
-7.565808865272177155e+29
3.026883386181193135e+30
2.280012139924599396e+30
-4.146830888749981056e+30
-2.503939214915332063e+26
2.532594499108498309e+30
7.254763126688669611e+30
5.505865218784770805e+30
9.320542682113990758e+30
7.750808082650018420e+30
1.182976964947117627e+30
-1.867359441150807265e+30
-2.762796973492459527e+28
3.234263184129288089e+29
2.315626404090281128e+30
7.139712403266248687e+28
1.659512317296632664e+30
-1.567216553586862311e+30
-1.399282337188486820e+30
-3.670754764766618325e+29
-1.229146387962344309e+30
4.048103790094542247e+30
4.244223316498610134e+30
-1.679163449118332271e+30
1.552614249188500479e+31
2.769940278547716950e+28
1.064363699832566656e+30
-8.011727598382467964e+30
-9.742562513964996662e+30
1.759246928448894045e+31
1.012789926467928081e+31
1.584938184425030919e+31
2.719329809770791768e+30
-7.302498118160694477e+30
2.234306724535506064e+31
-1.888798858271190960e+31
3.860417631756621423e+30
-7.239046908231784679e+30
-1.769161784925689119e+31
-1.895103183885599953e+30
-1.071620735115072959e+30
-4.618043577737458139e+30
1.326754201699014606e+30
4.495688230737003792e+30
8.235606510534504530e+30
1.343684478017116731e+31
-1.941003860413668328e+31
5.582450277980917370e+30
1.737288273175875763e+31
-1.350877319359648056e+31
5.259936035711084825e+31
4.141957978587513651e+19
-4.888653411969738342e+20
5.682193454727328563e+19
-3.502468453681969758e+21
9.442813780022274294e+21
5.097105921910167831e+22
-3.870441005797480637e+23
4.180295409765266437e+22
2.861427247479523901e+20
-1.091069985027717595e+22
-1.726313257893559838e+23
-2.317435807266967336e+23
9.082167817611124723e+22
-1.512048532925896697e+24
-7.896737677512505582e+24
4.187455345643523937e+25
5.530358307819343708e+20
2.774687407816535599e+22
4.122245982311151986e+23
-1.011275543391795451e+24
-2.614930147251609166e+24
-1.727474685345442346e+25
7.334677470247007669e+25
-1.094462408244501525e+26
3.772537075159875453e+22
-1.772164240746758957e+23
2.108143438903406273e+23
2.395742001426412616e+24
2.351575935665096456e+24
5.226522968838891691e+24
-2.853750914803152214e+25
-1.469277798782116798e+26
7.116200710104678801e+26
-6.177849524897461945e+23
3.496621500422273764e+24
8.636909046234604414e+23
-3.307786521337573593e+24
2.867606671130164405e+24
5.241425633120447837e+24
6.115633170898217886e+24
4.608517327367242143e+25
-2.744910165065769968e+24
-1.523471632217299890e+26
1.682206075836705641e+26
-6.298578747908658561e+22
-7.825809218873096443e+24
-1.393198838810110864e+24
1.093588805671345174e+25
5.146871263310866891e+24
-1.209559606133439271e+25
-3.435134900453412365e+23
-1.519906643995424806e+26
-3.599159709321608825e+24
1.657207565490464003e+26
-6.205174164093543100e+26
9.229796317451283365e+26
6.415219974053162823e+26
3.279896612113809991e+24
5.146278601580330195e+23
-4.167256435174393180e+25
2.844135848505260745e+25
-4.105054647822995708e+25
6.486432100505073336e+25
4.810016005138285727e+24
4.063234389773291986e+26
1.693066716887878432e+25
-4.408902964194749636e+26
-3.889879779375902819e+26
-1.696432482063669955e+26
3.290244535921767386e+27
2.207184714574030935e+27
1.825798773196165308e+25
8.476773880602486711e+25
-7.085399754473963687e+25
-6.094160531814287497e+25
-2.931793255920411093e+26
-7.286465557426212279e+26
-7.162050291639521150e+25
1.559872232702614673e+26
1.285933563633762150e+26
3.815324094095590031e+26
1.943174369527087447e+26
2.956563139443122344e+27
1.160079943599200204e+28
3.143247753677610029e+25
1.066501544531438634e+26
-3.082804205456441222e+26
3.225716272283395421e+27
2.446621882645980759e+27
3.126977590223054220e+27
-7.972944699247239584e+25
-1.102800908070026072e+26
1.299204420948561377e+27
-1.604818643937837636e+27
-2.507804246455400495e+27
7.375202184175383086e+27
-5.132928399476964249e+22
-1.623718142345856051e+22
-1.382136362824858778e+23
9.186768839289183708e+23
4.011316026350771582e+23
-4.492820527945294914e+24
1.433632973648952329e+24
6.772580359171042485e+23
6.649204084931700302e+24
1.007533513219915970e+25
-2.053978621784457129e+25
6.242885829663689540e+24
4.282474259666810889e+25
-3.245825071775689100e+26
-4.129000897908196770e+23
-3.260426257457117846e+24
-4.767299982397252279e+25
-9.876546966287843393e+24
-7.270657950776913775e+25
-1.661715489397579156e+27
-3.119064255387068122e+27
-1.234147942494168467e+24
1.250166154246278144e+25
5.172405958721952184e+24
-3.765402676042389101e+25
-1.582621311990517030e+25
1.611125867095561159e+26
1.409501433904599011e+27
-4.835316861665393099e+27
-2.645770825310884497e+25
1.940250983488420420e+24
-1.537499932780283949e+26
1.090466865121612345e+26
5.902063390606812012e+25
-1.974333741214170032e+26
7.871584779181996682e+26
1.594028449124173786e+26
8.133556256206432197e+26
3.952186608362172161e+27
1.771306693784841154e+26
3.786870482719108424e+25
-2.119475634316577022e+26
2.960387658363713729e+24
9.286941070796466633e+26
5.162222721325096134e+25
1.480857961138445726e+27
3.797815903915174620e+26
1.171565874085541157e+27
-9.521070477779269406e+27
-1.733728507376424813e+27
1.509360998943919809e+28
5.415322874958090638e+26
-1.067897730965510115e+27
1.034828543680342781e+27
-8.817200635954906898e+26
-1.114663388510606414e+27
-1.338810053573712250e+27
-3.426104750816949116e+26
3.710662743883664182e+26
-7.641659437419746590e+27
-1.219575405393208916e+28
7.887273923360856683e+27
-1.242225026941071094e+28
1.434702725204161855e+28
-1.349572102614971544e+27
-1.012783606061125723e+27
5.533313888206831286e+27
1.570248170307409904e+27
7.427525956541084840e+26
-2.868184071855835848e+28
7.851947277390633447e+27
4.070884683906672123e+27
-3.948237451535238998e+28
-9.435936650903789170e+27
5.336398020514104437e+26
-1.573165951176259589e+28
-9.508141926703824319e+26
-2.461089269321386192e+27
-4.796806846029699888e+28
-2.871375833599515976e+27
3.102322316942143325e+28
-6.056756962974940426e+27
1.238036984000113988e+28
1.091962965372228144e+28
-2.645815013109538572e+27
-5.051965003897198508e+28
-3.312989310755037604e+28
-3.841566950837792723e+24
2.322057203121861920e+25
7.663233142416076173e+24
8.020912693358536117e+24
-1.862702078023308914e+25
-2.812354473801475624e+25
-1.188865615445286260e+25
2.926589953473041404e+25
-6.153811956262535683e+25
-1.265666090182196651e+25
-1.657323784988333394e+25
-1.061140770939146416e+27
5.517325674249118097e+25
-3.688782223508269847e+27
-1.505170110443791930e+27
-2.302730110271690300e+26
3.751314427616771953e+27
6.386980466211774490e+27
-1.703850680788475242e+25
-3.579720113948862210e+26
2.399699694806766698e+26
7.901357287057650581e+26
-4.072792515753232143e+27
1.065004832570512680e+28
-3.428561029345044601e+28
3.528088863879710386e+25
-1.470073973960742256e+25
-1.151622791716507661e+26
1.007981551346348054e+27
5.571010626497477607e+26
1.958062514651632578e+27
9.273702277429459031e+26
-1.118063440349330188e+28
7.257714113121781695e+28
-1.078303273623131671e+27
1.018321254817812838e+27
2.467892820930700178e+27
5.912541043586704959e+26
-6.116024969516384760e+26
6.292011241074066289e+27
1.114795413530463599e+28
-1.354799999356273791e+28
-7.018169432946341341e+28
1.838276370840841176e+29
-1.456892217097622151e+29
1.452336381644770655e+26
1.852104935956734668e+26
-3.272006822670865712e+27
-7.343130722656767749e+27
-5.837730468451972075e+27
3.976638104737103374e+28
-4.347285363343241606e+27
-3.503644404535112848e+28
-5.752021716828865823e+27
-1.002354572675675266e+28
1.152230386751091360e+29
-3.772410981723990481e+29
-4.860261632489660147e+28
-3.066338659493714921e+28
2.864623396255555409e+28
6.887026051757055910e+27
-8.749380108882600570e+28
-4.100678473885579915e+27
1.992441201466605063e+28
-2.142685465630549131e+29
2.857725346850941777e+28
-5.069972733402978616e+29
3.175867466660334720e+29
4.891811168437372802e+28
-2.525851682473548430e+29
-3.405956479990421472e+28
-9.439903003628100528e+28
-3.361404401626882287e+28
1.654008518112265011e+29
2.418798658127896685e+29
4.602708357330840237e+29
-1.150308919227907139e+28
-9.619842189299395432e+29
-1.796954941884385807e+26
-8.120843909756194791e+25
-1.374882379671930763e+26
7.672097634569038951e+24
-1.728071685534920626e+26
1.254407241473566701e+26
-3.416808736134502964e+26
-1.650773889044090686e+26
7.973711272378764892e+25
-2.316388483350785412e+26
5.284268140228039451e+26
1.147500357849579374e+27
9.606951198906512253e+26
-4.489040188593367161e+27
2.141906741550699724e+26
-4.111473292544574916e+27
-2.635196940038377280e+27
-5.514800809228435217e+27
-5.936659556171507799e+27
-2.235897363935805702e+27
-1.844699661669683924e+28
-3.903666575356696083e+28
2.466773087372907546e+28
-1.989395582182998533e+28
9.608105379706994070e+27
4.151795991395195210e+27
4.282901272181038762e+28
6.299518693906459293e+28
2.304472105720411488e+28
1.520337039440276597e+27
-1.087321232468190835e+26
-5.624841339472409191e+27
-1.516873665995716461e+27
-2.459181848671474455e+27
-1.001543556755251401e+28
-3.636649768573721687e+27
6.431174628998952822e+27
2.632511206760568858e+26
7.052796036324282869e+27
1.989208361736397325e+29
-6.997650770331139863e+28
2.609274478312441619e+27
-3.504247709767600936e+27
2.419506965653008510e+27
-1.292359879663523521e+27
-6.892779144316669704e+27
8.867569094475801069e+27
-8.140722349546366207e+27
-1.103122857336066473e+29
-2.212754650626069351e+29
8.919796347311729446e+27
-1.037119225130369467e+28
1.892218791012120547e+28
-1.156328758272426977e+28
1.091968839736637948e+28
-6.429126652220139175e+28
2.149961342065779632e+28
-1.932981584359408984e+28
-1.206951530756589422e+29
1.473461387842390789e+29
4.494314854401489403e+28
-5.252927587703901813e+29
-9.811977003048130464e+28
-3.472066824832316541e+28
8.563936747577584248e+28
-2.035685401624015124e+29
3.576606960239393285e+28
1.769693166132558368e+29
1.340269783406666685e+29
-4.919133426632288722e+29
8.163612386792755973e+29
2.648711279694908800e+30
-4.581404983897336196e+29
-1.640214557992956060e+29
6.671557128574812867e+29
-4.695969767819263371e+27
-3.313474084415412020e+29
-4.730514594653313115e+29
3.089057394134361110e+29
8.825463363952651851e+29
-3.277014767670805847e+29
-2.784695692876201887e+27
2.429375189081223482e+27
-8.846595617530332854e+27
-1.680278287718062693e+26
-3.155000225937963694e+27
-8.881976083699725565e+27
2.990443200897742785e+27
2.659180040022789157e+25
5.301554823407158803e+26
-1.216701044551415815e+28
-3.979825543256786337e+27
-4.708698172450283159e+26
-1.806612071864997061e+27
3.474886285714007988e+27
-5.835239084186279318e+27
1.522471415608872527e+28
2.130192788800063873e+28
-4.944409922765539181e+28
-6.478577366975241576e+27
-2.059885672835108246e+28
-2.569923232942835325e+28
-2.740124812501568777e+28
-6.369776002670122053e+28
4.875557827946947081e+28
-1.846590308900054566e+29
-3.962665555224465123e+27
4.700404109537259343e+28
1.432125543251479777e+29
6.619072131719712175e+28
1.570825893873952840e+29
-5.015459127039768882e+28
-3.173149975732122029e+28
-9.520276089746328030e+27
-1.474323402796283923e+27
-1.092580609068714074e+28
5.830866410892847741e+27
2.617303570482417756e+28
4.056454202063103611e+27
2.930194033413785320e+28
4.747943533874170830e+27
4.227346308923699234e+28
-1.494191139271875181e+28
-2.388701581270386748e+27
6.379506434140181904e+28
-1.582898835418394364e+29
-4.182484942738274275e+28
-1.219320646405190041e+29
-8.829370344674722781e+28
1.504355603383709956e+29
2.983236090844492545e+27
-3.164732086303928719e+29
-1.758501743855743241e+29
-7.296617667108835375e+28
3.488981986121490840e+29
1.797126752578211212e+28
-3.880463255290142008e+28
7.482431905411569289e+28
-3.589471248249851555e+28
-5.720598404104867408e+28
-6.143292291978797042e+28
-1.342183948753448675e+28
2.513810190097156376e+29
-4.421499898745486231e+28
-1.649627445380652400e+29
3.183865292956218037e+29
8.672522678358894065e+28
-7.236314062497286966e+28
-4.357965955430860562e+29
-4.411270154104847383e+29
-7.961350022496569285e+28
4.389187719498403180e+28
-3.035946977226436476e+28
1.156586172215127547e+30
5.359204901130059909e+28
1.624786658441568766e+28
7.773081516270415874e+29
-2.440347626307281596e+29
-1.735412826544461098e+30
-3.116728753654197443e+30
4.219391618621103270e+29
1.035931322692486834e+28
-7.852346766643464116e+29
-7.915294266924246796e+29
1.987096492792976536e+29
2.994123135130656495e+30
-3.427254645258550996e+29
1.105358316050871928e+30
3.076675524523312872e+27
2.677323617993490403e+28
1.389710553928643582e+28
-1.413762695822328459e+29
1.194399955568083400e+27
1.300889337088730434e+28
1.225420309621994202e+28
2.312317906408134856e+28
5.595558882574959645e+26
-1.526301973890528148e+28
2.266127133466660569e+28
-4.642607641351965014e+28
-1.352503986995399676e+29
-1.892856940987106268e+29
1.628582723475140539e+28
-8.487170179125778225e+28
7.205642237114274339e+28
-5.061551529235853410e+29
1.074874556798764134e+28
-5.981026909551243015e+28
-6.455672235553868317e+28
-1.388096930240631150e+29
4.060554203584511697e+28
-9.147056707782068295e+27
7.671876408735185458e+28
-5.094029521437583503e+29
1.184829538828442490e+29
1.552411226313659816e+29
-5.480659160166843207e+28
3.156706033115073167e+28
-1.046041314634335368e+29
-1.057332235984079404e+29
2.877748971111561604e+29
-2.769471294066437263e+28
-1.271617102245717464e+29
-3.763865739085039360e+28
2.830656514558198782e+27
3.070795369874352974e+29
-1.372279737023178017e+29
4.872478326038603179e+28
-3.320863129374369464e+29
4.072108618658954387e+29
-2.340941199304591313e+29
-8.379849436101928318e+29
1.381237533719860592e+29
-1.685967929065637359e+29
-1.033609075796370431e+30
-1.332951640696974349e+29
3.149436220211744116e+29
8.671858395047865519e+29
-1.814690869357140613e+29
-7.534023076369870504e+29
-2.575681497991853741e+29
6.273324368896186070e+29
-8.118865022314338613e+29
-2.077688212830390213e+29
-3.840103075458262287e+28
7.030667372632717578e+28
-3.331765826190977347e+29
-1.074339720048686697e+29
1.800954930548381369e+28
-1.619944672215246214e+30
-1.418144624718073864e+30
-1.941603995802718948e+30
-2.083916820348366854e+30
8.297301011299006469e+29
4.099890506181527335e+28
1.051337044941326741e+30
-4.828477013532496711e+29
3.255658554336730116e+29
1.348772072262210235e+30
3.218847615379011551e+30
-4.993684528116848400e+30
4.964251641157229487e+29
-5.032740201913496782e+29
2.083416179843797818e+30
2.049213206172309201e+30
-3.311219170557283501e+30
-2.740280433466784138e+30
4.644993087154629258e+28
8.699530377007018928e+29
-5.153512631680629443e+30
-5.033740694758858188e+29
4.670412349972840838e+30
-6.141733467675879692e+30
-3.289376058212965399e+29
-6.417813765698895738e+29
-3.029463127944740387e+27
2.260852054904964911e+29
1.108037599969788185e+30
-1.739797769136607445e+29
-1.619885904478228777e+29
1.475834487571332040e+28
-2.520161164536174985e+29
6.416925942084421423e+29
1.763382900353553794e+29
1.975058157379019472e+29
-2.253359196820983267e+29
-9.826841896976855513e+28
2.534876888109832136e+29
-8.827333386425200030e+27
1.274752495664474201e+29
-7.801816906770801786e+29
2.821463163401580026e+29
-6.322914741041253247e+29
-1.047827321574263944e+29
3.230579244614054235e+29
1.314597123052953715e+30
1.324018613388399511e+30
-4.699391691180601406e+30
-1.439747508544454052e+30
1.220826553477158745e+29
7.134125128544737234e+29
-1.052897175992904721e+30
3.316212203930240012e+30
-3.318644499892945776e+30
1.309436223120873276e+29
-1.674233846847164994e+30
2.513525677831601382e+29
1.292452202548400471e+30
-1.573741202003212755e+29
-2.141041532688397599e+29
-4.822755372280801302e+29
-1.603776407253320315e+30
-3.777899079673690573e+30
-5.506080562523907786e+30
4.778497983347361640e+29
-7.288939010273794867e+30
1.546456157430227455e+30
2.248231133760537988e+30
6.040702382929121070e+29
5.369940811613004235e+30
-6.379504282166279568e+30
6.031869264730398026e+29
9.457766707849172179e+29
-1.453883345978085496e+31
1.798202569113210471e+30
1.154673958160514849e+31
8.184929436218868967e+30
-3.908295273347799462e+30
1.002971569450333489e+31
3.218898700196035499e+30
-3.702388012774770237e+29
4.212330189632309505e+30
-1.974546493050510584e+31
7.585676380566914632e+30
-8.823298189355692176e+29
-1.325230739235210488e+30
6.275062053623521697e+30
3.291079423114792270e+30
3.170888166538545096e+30
-7.047078376432881572e+30
-4.141905412710070037e+30
-1.616414675506866712e+31
9.292379520711500905e+30
