1.375596224746396800e+17
1.672325652363067597e+19
-1.062601914199738679e+21
-7.935887855034691748e+20
-3.750611873803380720e+21
-1.868009103572280279e+21
-3.913571865814157283e+22
-7.584672176223347645e+23
-1.352315734621392812e+24
6.516010462243590963e+19
1.143431736582062998e+21
-1.151691292558614122e+22
9.377548644030352667e+22
4.931809341593910572e+23
-5.493039712487764950e+23
2.828568775896623105e+24
-1.207668534559605943e+25
1.658593268379656045e+25
-3.501373292912752722e+20
-1.772845217808228601e+22
7.258412834781141978e+22
2.379207592368777472e+23
-6.674753293440025111e+23
5.602168610669947724e+24
4.630243819702878164e+24
8.773317911311788427e+25
3.177188071957563826e+26
-5.469317089848710922e+21
-4.074424611395943478e+22
1.947640138942616206e+23
-3.065783976688289694e+23
1.529259535518341104e+24
1.793937407383520661e+24
2.428894009486121315e+24
-3.255647564661156028e+25
1.651623931150854886e+25
3.576791219871972146e+26
-6.116004853869682098e+21
2.873981792025352623e+23
3.089347282982853608e+24
2.561846712745667741e+24
4.995282236174887461e+24
5.680301590257674146e+24
7.700006414826643600e+22
8.906252885408263168e+24
-1.883680807070590703e+24
5.435912220283021311e+25
-4.741795792006028799e+25
7.770913338313509615e+25
-3.031900022331782096e+22
-1.537520667193618419e+24
-5.440267519820521630e+24
-2.599237972883044571e+25
-1.594642831905353769e+25
-1.005478488455764460e+24
7.820030736062662098e+24
9.559079564462112886e+24
2.433708996732575709e+25
1.103588547361692619e+26
-3.228362229063661897e+25
-4.196467688036137194e+24
-2.988556261900426165e+25
2.512017795177732067e+25
-5.208759053643693634e+22
4.072307527217542332e+23
1.075591368375814566e+25
-8.627508412848856307e+25
-1.493555753049576700e+25
2.817616135944972169e+25
-3.653373496874606953e+25
-4.872030467172499697e+24
2.868281941872999299e+24
3.798846809065187123e+25
1.724686576266436838e+26
-9.374525956673307953e+26
-1.007728129527037478e+27
9.135032151903305257e+26
1.853598258479183063e+27
-5.390960390866595113e+23
-6.428824101419131804e+24
-5.068729489818338600e+25
-1.284447010542756393e+26
2.638118549936874773e+26
8.823773063053371294e+25
-3.731805496824495411e+26
-2.688372333157130783e+26
-4.502669917585824353e+25
-4.230678004734276764e+26
-1.876774994981317225e+27
1.844935767130140402e+26
8.291836782418621762e+26
2.757851499889486657e+27
-2.659848828798128318e+24
1.117753585776773497e+25
4.845622887907456582e+26
2.690880357182442516e+25
-7.886806475723161820e+26
1.787052595311799155e+26
-2.519031374344414150e+27
-7.025226057477084083e+26
1.322283092238818776e+26
-2.900946202719283642e+27
7.996550394135988368e+26
-1.292478249782851746e+27
2.834997036782968278e+27
-4.114140461440407962e+19
1.987984260342235529e+21
2.723356642103699859e+22
-1.205222569822892295e+23
2.516806422186785904e+23
8.127481887159340467e+23
-5.794617334080878055e+23
-2.288008057220341732e+24
3.248048044734970593e+21
-4.438935555469951524e+24
-3.536032758251805842e+23
1.586915442945828175e+25
-8.753620422665667820e+24
1.337780914014896958e+26
1.666087382696414927e+25
-1.899289179328249886e+26
-2.619615083643719154e+23
8.602953706518767710e+23
-1.704660143073716911e+24
-1.077598362033539369e+25
-3.866208906554823701e+25
-4.866516251640981915e+25
-7.879970867259635637e+26
-1.054940103632016658e+27
6.852401624617770748e+23
4.346244471546550749e+24
-1.449954618044567965e+25
-3.216601616405082877e+25
8.722726658658336294e+25
-3.000061264706324563e+25
-1.120737550940804271e+27
2.395454646345996370e+27
1.651642371986581340e+28
5.775548162516748134e+24
-7.762268762781904977e+25
1.426646383511451105e+25
-1.417925930554342660e+25
3.319181746774061278e+25
-4.251963690849375352e+25
1.908477160477105186e+26
-4.261298456661057967e+25
-5.662263597505858723e+26
3.837529605655610086e+27
-1.047613443782854087e+28
-1.653210902640223351e+25
-2.601475288403336491e+26
2.496993192923393282e+26
2.609959327092544530e+25
-1.875646815976960183e+25
-3.581113317517758708e+26
-1.151841031160481279e+26
2.227208601201535566e+26
-1.103195973309538755e+27
4.222835530758913321e+27
1.144805638953345062e+27
1.541610208960130201e+28
6.909260543596036216e+27
2.473926161176042533e+25
-1.643072242801600313e+26
3.154997995943388909e+26
-1.418696769562461887e+26
8.793950602987387286e+26
-8.457597464890412918e+26
-1.662862419739842915e+27
-1.210346947658667520e+28
1.598947371679244039e+27
3.249539341912455279e+27
-1.288598351663993199e+28
5.466251405799771595e+27
1.238530221707812917e+28
2.324028969281433102e+28
1.524201649894328526e+26
-1.672886658631763609e+27
4.064219396753507927e+27
6.120731558134558875e+27
1.335559467466263857e+27
-3.335273630945784179e+27
-1.760815151751355446e+28
-6.219430148928919449e+26
1.093947136718631379e+28
-3.089938911737948171e+28
1.677458739239221332e+28
-1.212341114727078018e+28
-3.142521449068599723e+28
-8.291706145616208686e+26
-6.862026699572981673e+26
-7.838021236484216808e+27
-2.967270703238470747e+28
5.544080277416346157e+27
-2.390057604004036729e+28
1.564773718412982768e+27
-2.104115699835128077e+28
2.856947036820275615e+28
-3.242162525329174658e+28
-5.091631184860588737e+28
-2.442545543917353265e+28
1.095028672803480430e+22
2.356335738949767717e+23
3.485516432287435911e+24
5.386874705969831192e+24
-1.133155488139187038e+25
2.362736299447198377e+24
8.893216688184180311e+24
1.299436247867078230e+25
-4.325808052743880855e+25
-1.454479330221155813e+25
-9.887487783898872933e+25
-3.747646635504189134e+25
1.983167285457702374e+24
3.204978318994359243e+26
6.142096107312390052e+26
4.902476811208485245e+26
1.023553610170672134e+27
-3.257741216208388137e+27
1.089381936159412890e+27
1.191001166423507911e+27
9.570540824288769270e+27
1.890330356472516555e+25
1.299901168360677789e+26
2.909267897157360338e+26
-4.231280928878985698e+26
-5.909118209156137019e+25
-1.863814092804289145e+27
1.287100592279509946e+28
-1.483055390300476759e+28
-2.262691142056711249e+26
-2.766993908877757124e+26
5.685791598032472202e+26
-4.516999182036375775e+26
3.381274123883792836e+26
-5.846343811180633563e+26
-9.154067792323997016e+26
-4.440852175168178856e+27
-2.173681822779568167e+28
-8.429645452441583158e+28
2.730545246796747938e+26
-7.757803048623465767e+25
-2.148534260295532992e+27
1.003648520915192327e+27
3.297339087176812490e+27
-8.298952132795207238e+26
2.850130435963553464e+27
-2.734086400245290067e+27
6.137977832311940660e+27
1.933632233646947708e+28
-3.154075300217045394e+28
1.097373887415608741e+28
3.953979921520683238e+25
-1.313006185651371093e+28
1.002923838886816087e+27
-1.607542949143958411e+27
5.114621614500976106e+27
-1.110993052215313537e+27
-4.218868400529793390e+28
5.025759004496213055e+27
4.840673523866226399e+28
1.626884739319961321e+29
-3.389551251710867223e+28
1.920227552977100568e+29
-1.833025301401407443e+29
-1.774107303182546380e+27
-1.722673083943357168e+28
-5.645592844953797120e+28
6.754662628752869355e+28
-8.358292674763540344e+28
-9.383659843510019012e+28
-4.581482136921333734e+28
5.525067065786887359e+28
2.009309683153266758e+29
1.526568814109686447e+27
-1.237840188183507453e+29
5.161439793268269999e+28
2.026946791701381433e+28
-6.119376797965512143e+27
-3.059988933991264392e+28
-1.895086574595988012e+29
1.125216886911189045e+28
3.902463009262595960e+28
-1.488435882571066586e+29
-2.118602050340431583e+29
1.448006456100902749e+27
6.149955346948812020e+29
-1.310532213131338006e+30
1.282352209762768797e+25
-7.565000612718382849e+25
1.591593898473128248e+26
1.476234912305213475e+26
3.968354586975583359e+26
-3.858548919959464483e+26
1.978786655376735029e+26
6.386531064411516069e+25
9.245662306283121929e+25
1.158702243684619614e+26
6.031461412405470033e+26
7.566770555194490207e+26
-2.370797169285478796e+27
5.537371612088612747e+25
-7.184519089353594618e+26
1.878659707301685931e+27
-1.616339494178546965e+27
1.028093603866281264e+27
1.575249651669543991e+27
2.590671698195207656e+26
-2.710817063269856334e+26
-1.710601354679271418e+27
-1.030932352008236191e+27
4.213262873133984210e+26
1.177833505176561330e+26
-1.244152219706968273e+28
4.646763044872936129e+27
-9.599312814577009901e+27
2.185441641586918980e+28
-1.822113679107734224e+28
1.835148893307610596e+28
-3.430406293429907634e+27
-3.434221431594939749e+28
-2.340362447337419042e+28
3.598701214370090334e+25
1.419822023952462220e+27
8.814793433112857954e+26
2.453023102558512516e+27
1.468916771134859804e+27
-2.372228082898886225e+26
2.183008761899560407e+27
-7.033011859874922499e+27
7.935793579017746308e+27
4.155345256013895471e+27
-4.745902257070815118e+28
1.706417580505484733e+28
1.609038956201424240e+29
-9.456322670369805246e+28
-8.407875658090673673e+26
-1.240636234712826789e+27
-1.674688959470222481e+27
-9.269321079947864359e+27
1.345611681570356213e+28
-3.673649637296695431e+27
1.859526157807104501e+28
1.874602513382182292e+28
6.508342831860624599e+27
8.741580528473351452e+28
-2.190308313602429196e+29
1.863172798190037099e+26
3.194764099938748971e+27
-2.163500709924429575e+28
3.223374100125415284e+27
7.902655172446550255e+27
-1.859406895559274627e+28
2.179995260163653119e+28
1.157452436934689878e+29
-1.506794419299599245e+29
1.166780576484389946e+29
-5.532638883408991095e+29
5.450021398712777947e+29
-2.188141886692786951e+28
1.216021636441571988e+29
-9.691093568839111383e+28
-2.828001273280927229e+29
5.342469116226199057e+28
-6.201517767709013402e+28
-6.551075799671083214e+28
-5.688065234779815788e+28
-3.198502319392605981e+29
1.173720780227769575e+30
5.418247356781241563e+29
1.468031129829292063e+29
8.811674369769475827e+29
2.087323830497591068e+29
5.207232397637049497e+29
-1.816953450888814371e+29
6.841303940521963965e+29
-5.164554226325670436e+29
-7.522663769635821933e+29
-1.993137120843642295e+30
-3.071858073155960292e+30
3.938374441036240946e+24
-5.124188099640090367e+26
1.059477397799485367e+27
-2.512084051047320287e+27
-1.132751540376810121e+27
3.336558996737727375e+26
-6.175312708427530937e+27
-5.803922266140068022e+27
9.105600752394278167e+26
3.989374356702833097e+26
9.458332198333319878e+26
-8.030675602827360846e+26
1.815598078990697139e+27
1.586144810601228986e+26
-3.450743400691619845e+27
8.212673868837167044e+27
-3.027350432468236959e+27
-7.046845942655207710e+26
4.995527172195096423e+26
-2.801796300334733366e+27
2.156120255832053902e+28
-7.877926737647835914e+27
8.478026852115814190e+27
3.033079455423388598e+28
-1.682819850415700243e+27
4.094087352402404681e+28
3.742484279930480892e+28
2.710169719308908975e+28
-3.024640757365697889e+28
3.634244358451629848e+28
3.040389996281468909e+29
-3.276463661205200046e+28
1.331847414002868572e+29
1.492901606552755003e+29
4.360700422307084455e+28
-1.659764337937236552e+29
2.899567750284928695e+29
-9.639130304139229943e+27
-1.401487129807282981e+27
-2.316009354127870802e+26
-3.545376222802106687e+28
3.498433591489049356e+28
3.162523557183029964e+27
1.072466648465492316e+28
2.010973880998562851e+28
4.356640477516990011e+27
-3.706551548395444300e+25
-1.822268608442450656e+28
-1.686173316241251009e+27
5.366466060101702390e+27
4.074940018072996219e+27
6.107009004323753934e+27
-6.037796178946267042e+28
-2.324389948639359662e+28
8.430315820383587312e+28
-2.448459111917433473e+29
4.477592977847141024e+28
2.545796340697741042e+28
-8.088544409376229694e+28
1.037494852383332679e+29
1.254426108030075041e+29
4.953198202524280437e+29
8.552552389531947489e+29
1.341088213237474872e+28
1.867425457597099438e+27
6.507356815008537541e+27
1.368176545081005276e+28
1.508524063501125944e+28
-2.689068379820356002e+27
-4.653955931742184875e+28
-3.087203986360206471e+28
1.986941918291924698e+28
8.289340869931947815e+28
-1.224497705381742368e+29
8.859116619093602176e+27
2.118374818933858927e+29
7.872943061866635320e+26
-3.516318103094407061e+29
-1.299592676457415844e+30
-3.742947367552212761e+29
-2.390105724095012659e+29
-6.797040905383246153e+28
-7.090186461967589046e+28
-1.962238708595729985e+29
9.993282639433930752e+29
-3.320285361500243074e+28
5.689547522147328332e+28
3.467500410727556441e+29
6.053608803283125467e+28
1.037822306613716868e+30
4.481866324718044402e+30
-3.307521889960175297e+28
4.048140705217770607e+29
-2.680463198506560516e+28
-5.986867859969871308e+28
-1.726583937313226949e+30
-7.014003412560137854e+29
2.957988807480740631e+29
6.379873089891429653e+27
3.485932374736829522e+30
-5.986636272774531151e+26
-1.699338681316363324e+27
-7.329923314620550261e+27
-7.979979522213740187e+27
2.951106528410129166e+27
4.842134358870325757e+27
1.046397772767816504e+28
5.796921677513578765e+28
5.001323134179340450e+27
2.365035847987716653e+28
8.887633302685720268e+28
-1.107651013362965024e+27
3.687008793138793439e+27
-1.315891874515100239e+28
-2.933512211214315558e+28
-4.174133682066099040e+28
-3.729953480586979284e+28
5.633656703989665192e+28
1.387538248333209263e+28
-3.002073022377527177e+28
-1.996386945459717369e+28
4.942937701159857964e+27
1.274263733147168252e+28
-1.755463667914458009e+29
-1.570031971137192755e+28
-4.919245270667728740e+28
1.502829437742743144e+28
1.325871004102781838e+29
-1.668124775917639982e+29
3.928362003191925974e+29
5.215300973285854921e+27
2.175193699403453706e+29
-5.946881719248021866e+28
5.184096055472262516e+29
7.053581559397135129e+29
-1.029629106869578681e+30
-4.876801050460445022e+28
1.999358415855588611e+28
3.917020731910701773e+28
2.567746098775882513e+28
-1.656244583330752350e+28
-2.562631525832964573e+29
1.809231102677379922e+29
1.670295953341770478e+29
4.476141860349819409e+28
7.414012072408734917e+27
1.159736151595472770e+28
-1.367522362061219651e+29
2.946573928817170454e+29
-7.380303619818067448e+28
-1.863840105913735842e+29
-6.350367992040746654e+28
-5.117935157841004504e+29
-1.220935887573965421e+29
1.697949933329355538e+28
1.949671577799166114e+29
-1.737500720833165480e+29
-8.316366138656896622e+29
-1.347643516921414322e+30
2.696188269333108860e+29
-2.699914952469986120e+30
-9.096722872071303711e+29
-2.809631273722744835e+29
-9.979958785966110078e+29
2.213020879900447392e+29
3.552449934611798043e+29
6.744201445060842439e+29
4.332515312964638651e+29
1.368717715418489516e+30
1.004501132131374903e+29
-1.417319713707047680e+29
-2.119266978880270693e+29
-3.086168384045594158e+29
4.189231666443905350e+29
-8.447752401533036334e+28
-1.023416640130116764e+30
9.957479353745050384e+28
-1.319164560933160160e+29
4.500621832487027692e+29
4.010827518178466434e+29
-1.190397917521352916e+30
-7.680495433114780906e+29
5.940566828629781500e+30
2.107259270738022023e+30
-7.970478306325915721e+29
2.363745466024865671e+30
1.038139472147740690e+29
-3.477036556390050019e+29
1.359256534061963290e+30
4.230049427359967510e+29
-3.004340638965895024e+29
-2.621612396254205499e+28
6.273338951098485156e+29
-1.236573604080185513e+30
2.752102937479237819e+30
-8.673084193089326419e+29
2.112897337870391625e+30
1.552063647414174424e+31
-1.743892732497843089e+29
1.361991799285507550e+30
2.291277813184631757e+30
-7.432768497634612213e+26
1.099182624003232440e+28
6.023731417256589261e+27
-8.979754746943098008e+28
7.207530011469113253e+28
-2.022503446716761877e+28
-4.115943666776510570e+28
-7.435816592719978237e+28
7.988324608865296441e+28
-4.615399984034946701e+28
-3.053266164084763770e+28
-1.035194717439137989e+29
2.714488081528890876e+29
1.038139787298487901e+30
1.195671898555944447e+28
-9.945915942250844974e+29
3.629097877562207998e+28
-5.448335471227493017e+28
-4.111992747972854930e+29
8.870314782843514803e+29
8.857552489456387456e+28
-7.168497058839972592e+29
4.885554269059256221e+29
-2.124451359089818330e+29
-4.052936039137228056e+29
3.290567060589144389e+29
1.314260697500929060e+30
-8.291065106302470142e+29
-1.590908951931227345e+30
7.621426151527451851e+28
-1.720674207663463359e+29
-1.868634632203355184e+30
1.731763486205718861e+28
-4.943617483160397709e+29
1.422243525967898372e+30
-1.257486829673386256e+30
-1.445671052714947207e+30
4.937953135282233804e+29
-1.083399397255794779e+30
6.281833032112695579e+29
-3.677888571255340769e+29
1.194277383835078602e+29
1.293567092075591221e+29
-3.345754959624971513e+30
-1.238033883271057884e+30
-2.373725866916198260e+30
7.401134891545255182e+29
1.147997839132457289e+30
4.415330955845247112e+30
1.674869358087751738e+30
-3.247938999986001071e+30
-3.730663276920222610e+30
-7.031231351186598147e+30
-2.556621515291211177e+30
4.049647524501628412e+30
-9.611902847130421873e+29
5.718965445760728384e+30
-2.320490287329629655e+29
-3.911488958787605809e+30
1.580808370202841162e+29
-2.596757491017025103e+30
1.761899992147451467e+30
-7.948464116122573469e+28
-9.626069977071632182e+30
-3.976307927109390268e+30
-3.902149673136863905e+29
-1.722290979267736777e+31
-7.847493516217435563e+30
1.211189104183450721e+31
1.399451078641696125e+29
4.071633883062993148e+29
7.076495192534048904e+29
-1.416000359415633830e+30
3.632545561240576816e+29
-3.535131599494994223e+30
-1.631588759664492074e+30
-1.899745514537592283e+29
3.364639417408239285e+30
-4.508092346619937180e+29
6.842714900147454090e+30
-3.029549533753050950e+30
-2.249748979046204424e+30
1.251469142086661223e+30
-5.412247271852103087e+29
-3.400604127867576284e+30
1.035383446450780881e+31
1.247284105022311431e+31
-5.334096946047994594e+30
-1.518118015249231891e+31
-9.247501247953849507e+30
-8.133582060819734880e+29
1.136222556590614389e+31
1.272056689221229338e+31
5.630608955888333284e+30
3.457220407746780840e+31
5.035757221776290992e+31
-1.819606924730265124e+31
1.551741182918782497e+31
1.132391684367617593e+31
4.002133296718726619e+30
-1.217141732670014764e+31
-3.276504636521727095e+31
7.450451181191754599e+30
2.128373255370043145e+31
-2.142076657957706674e+31
5.413545123248251839e+30
-1.923645179277388716e+31
-1.893378814249305148e+31
2.096329718109648384e+18
-6.671095741491471974e+20
9.504120415062301082e+20
7.725740047564771688e+21
-2.957550974293781565e+22
-3.170812139857734795e+22
2.219902825842960163e+23
1.115188652291218079e+24
-3.815424350844665856e+20
1.253647203983905784e+22
2.098668031298517001e+23
-1.492296013305881863e+23
6.703603454313125128e+23
9.437288811913896002e+23
9.403726042989917534e+24
2.129990146845473571e+25
2.400325190553180307e+22
8.178119968540817831e+22
-1.068091476649753874e+23
4.913190554354414822e+23
-6.924010670855549551e+24
-1.761304407996127051e+24
-1.534911883780651184e+25
1.430480637701535516e+26
1.893048836447855968e+23
2.236930728254194833e+23
-6.644750597595777288e+23
6.578989541867669024e+23
-2.616741589126416119e+24
1.342148588619654654e+24
-2.576410061288638495e+25
2.118731031780424738e+25
-2.184593262239719942e+26
-3.304958138601830477e+23
-4.195081121656002293e+24
-2.158783585884741231e+23
5.403060205605327167e+24
-2.302848902723912151e+24
3.899046210009411655e+24
-3.436836543957624982e+24
2.524140235796444374e+25
-8.133535648425319445e+24
2.088231216430030344e+25
-7.670510164779354602e+26
1.768604424539857496e+23
-2.340808396167517328e+24
-2.878555198176266604e+25
1.643810457709943772e+25
5.083447365289375410e+24
5.394166282804336431e+25
-1.543349271264511268e+23
9.429244076319550752e+25
2.703380771125850983e+25
-4.132465881820140261e+25
1.907054619468637656e+26
-6.683934754400599678e+26
4.803497417180280202e+26
-5.182662036469643613e+23
2.106225636156637788e+24
2.754899380232962568e+25
-1.740368095730692798e+25
-1.099771650107016709e+25
-2.137437958339875544e+25
9.618645139457371477e+25
3.207706380717797782e+26
1.603905326887772969e+25
-5.530349542827225524e+26
-1.322739819912833058e+26
-5.031023266840761864e+26
-6.119064737105525973e+26
2.007715393099555100e+27
2.008791899237293634e+25
2.438080522964854215e+26
-7.894955138775439508e+25
-2.621589334289294021e+26
4.824492272873002493e+25
6.515588763198759853e+25
-5.213306444497202586e+26
3.697662220513701438e+26
4.376978821383403912e+26
-7.326433356178080993e+26
3.080542167463720298e+26
2.257973520997001394e+27
-3.567726627150937457e+27
5.020983142785760445e+25
-2.637184612019900303e+26
-7.599014184484165407e+26
-7.842349002188614186e+26
8.159096716228601482e+26
-8.779041964844994257e+26
1.277371978250953070e+26
-4.204029144993936486e+26
1.585694175473833184e+27
-1.717401076904440053e+27
1.487280641858878510e+27
-2.846937841730725323e+27
-8.587696808243379569e+21
1.039019262861668033e+23
1.437870078455711961e+23
9.664784458410806015e+23
-1.497674898944797893e+23
-2.565346542714925986e+24
8.836024702265655736e+23
-9.382722097834172256e+23
-1.608326052517965562e+24
-1.492492916178515475e+25
-1.559775083013916022e+25
1.120116767002779206e+26
-5.083365080308439303e+25
4.242967979759759121e+25
9.168666897355355802e+23
1.211147014094040454e+25
-2.893535169803597683e+25
-3.772668903160035014e+25
1.336176283252400714e+26
1.334634506081600362e+27
-7.110849161512801258e+27
-1.198116927166708376e+25
5.780997162830749174e+24
4.388649762362820982e+25
3.380577543977145293e+25
-3.487995590714471881e+25
7.574585240822995105e+26
-5.977158057180292197e+26
7.953238439064368367e+27
4.528229783292626443e+25
-4.557960619861438861e+25
-1.510650967664044171e+25
1.064851683949733646e+26
1.202497115884526836e+26
1.020029104299982490e+26
-7.216180726764033831e+26
-5.697751855494063591e+25
3.343722146716283873e+27
-4.053768969118507810e+28
8.067568010088513560e+25
-2.488298875838935932e+26
1.388473978572842213e+26
8.324077482186755571e+25
5.806881292368262902e+26
-1.318340042013244305e+26
-2.297078499362949739e+27
-1.603478546431985922e+26
-2.776393771237384433e+27
5.587885411456075735e+27
1.372146256957220481e+28
-3.814875673178581904e+28
-4.013760004793961743e+26
-2.003130376328543594e+25
3.163144000290618303e+26
-8.947890816958488544e+26
3.248684189618291414e+26
8.692304758876291352e+26
-2.140222019573754741e+26
-7.674183760205640598e+25
8.765957495160054725e+27
6.039188785946554078e+26
8.800157519320582336e+26
-1.234258974372020652e+28
2.533855993531809210e+28
-1.884429858762033430e+26
-6.555841065784346243e+27
3.826919762780382215e+27
-3.265410537828686027e+27
-4.568572742262683200e+27
-4.760493002110379236e+28
-6.445312026169361192e+27
4.437163465558362897e+27
1.249804277984770778e+28
1.091495299483088315e+28
-7.169216749960037788e+28
-6.702676275208527946e+28
-8.567408883164290969e+27
-2.225428846544331272e+27
9.214143317995595932e+27
-2.488644568311067421e+28
-2.490829332688269586e+28
1.073079883102826848e+28
3.172102473177555352e+28
7.789451713193602008e+27
5.860132766818563692e+28
-4.340001695595337105e+28
4.634409232055491260e+28
-5.198432976591070140e+24
1.439279398145613780e+25
1.936551160063377532e+25
-2.073838023476728109e+25
-4.215840766150817024e+25
3.015677433353098697e+25
3.673399629851804546e+25
6.505849954560472113e+25
2.586820605118780138e+25
5.530804575501211259e+25
-1.167837580400748104e+27
-3.481705475878306673e+25
2.783235138459379648e+26
-4.247978987908471977e+25
1.926654898445537534e+27
2.898204272343175069e+27
-4.147367254128822831e+27
-1.236971152453045976e+28
-2.841035678277689829e+25
1.379643441751606788e+26
-7.644912352987368577e+25
3.549680521198572453e+26
-3.061510903743677526e+27
3.014025159916095920e+27
-7.138540127714127284e+26
5.517737525978252835e+25
5.535949814964424888e+26
6.585766533058161081e+26
-2.519276105988967902e+26
1.295372658946166464e+27
-8.527764795301121588e+26
5.789544265280480455e+24
2.566258970171180333e+28
-6.987825864287047086e+28
1.077705015841612486e+27
1.399405316698840216e+26
2.014958657676887944e+27
5.986267266324763326e+27
-7.268581416674185135e+26
4.697031541146776497e+27
-4.543327761590901428e+27
4.140606419786190845e+26
-2.577260790579014884e+28
8.242568017033101138e+28
-4.453533259183513138e+28
-1.627462026377457029e+27
-4.265355268491741293e+27
-2.248033433869676531e+27
-5.971687774028864728e+27
5.145158653894471220e+27
8.647827227983871606e+25
-1.103325650516270929e+27
-6.566624194759879895e+27
8.934402328179339389e+28
-5.542340598640519674e+28
-1.268872750276985397e+29
1.478626729085259099e+29
-7.266070596027564604e+28
2.449492217420756910e+27
4.529039055594790786e+28
-2.588963268753382196e+28
2.554579990201068571e+28
-2.383758040176479927e+27
-1.972555320955270185e+28
8.203779055249468584e+28
9.972103007478704149e+28
-1.567170519958290435e+29
-1.660732154082305382e+29
-7.402620597094609247e+28
1.192834081917471815e+29
1.448050035446661979e+29
-7.039955495081996750e+28
-1.596094070798846603e+28
5.857587583640770163e+28
7.661932266197529165e+27
-5.559544804933040319e+28
-8.561451693528097893e+28
6.142990143980339972e+29
3.733976009116196327e+26
4.496643875183320857e+25
-1.842718855315672757e+25
-3.011501678388800890e+26
2.538668602524151183e+26
-2.349236750265716862e+26
5.660566950825335772e+26
4.048436498091192959e+26
1.033024725353224344e+26
-1.983969922475600959e+24
-2.711541875671223568e+26
-5.603413706778891466e+26
-1.665970093164490489e+27
1.095178931856672827e+26
-2.712253750441935973e+26
-2.523134168826202268e+27
1.624862373012589151e+27
-1.705993561474279445e+27
1.208240197161472146e+27
-2.616312925170365958e+27
3.733922495917317461e+27
1.235221819281607201e+28
1.613229941077709945e+28
-3.297222634914470512e+27
-5.799717056003297061e+27
-4.954651171218729509e+28
2.239543761152699874e+29
1.726602974253313220e+29
4.014339243632042054e+28
3.704676489105368827e+26
4.314000609721807890e+26
-8.405139235090295256e+26
-1.995734007060597850e+27
3.105227206297065833e+27
-2.100384465515492636e+27
3.305823557639756741e+28
1.748090895433626814e+27
-1.362687470537452834e+28
-3.740623689815276365e+28
-1.647809245673362118e+29
-1.171411423416882110e+29
8.809586280298922544e+26
-2.932378576747096181e+27
1.572454370346849128e+28
-3.338330123725633867e+27
-7.201262863805051003e+27
8.063027568072355717e+27
-6.998049221509690738e+28
-1.060134768966289185e+29
3.118926713515968326e+28
5.956390365685738910e+29
-1.083302532014902287e+28
-1.035214290587039322e+28
-2.742098907152910200e+27
1.771054395960751009e+28
3.935140166859251492e+28
3.881314580105931987e+28
-5.647963651583497689e+27
9.687356807732589497e+28
-1.961948595333748304e+29
-4.099323515216818640e+29
4.746219463855326314e+29
-4.518983362520498019e+28
-4.238302641569031206e+27
-5.670361359018835654e+27
1.255186053362264477e+29
-3.694580430861809780e+28
7.376099405212455970e+27
-6.604139306558879932e+28
-2.646091372055571304e+29
-1.219489071268884102e+30
-7.088276689295205546e+29
5.894059911903375299e+27
4.935862112065567444e+29
3.957377395294002557e+29
-1.252123941250084148e+28
-8.825264768740272686e+28
-2.309388275564734037e+28
1.029899764276062717e+30
3.323708433712040700e+29
2.432605998739509071e+30
4.449857318159883511e+27
-4.715530634100656477e+26
1.302466828756486190e+28
-2.975615923917567844e+26
-4.497217890753717872e+26
4.214347372814831454e+26
2.513027727180851279e+27
-9.485600608463898501e+26
-6.208092669950908265e+25
-1.239220891791693550e+27
6.283326090762075079e+26
-2.447686289876398245e+26
3.306401512062911849e+27
2.585863714560508380e+27
-1.341094151296679474e+28
1.530077567841289261e+27
-6.714492027687438399e+27
-5.017155469452155570e+28
-1.126497181054459512e+28
-1.630590722283800075e+28
1.582169535963212004e+29
1.054537491220111457e+28
-3.886396521822764951e+28
8.331170128298385933e+28
1.110988271746434587e+29
-2.003145886210400230e+28
2.001199524245190361e+29
3.537677565792563659e+29
1.973921717829020848e+29
-1.886220695988838797e+29
1.134191272792859887e+29
-7.646537102887215503e+26
5.162134522781696184e+27
1.286068370027907003e+28
-8.222266253515068290e+27
2.232402085859134944e+26
-2.063596910321610853e+28
5.101215887658509176e+28
-2.044137910032549477e+28
-1.933306386918880466e+28
2.105595140238305202e+28
-2.541755091779626450e+28
-1.936826254888944203e+28
-2.558084597964714672e+28
-2.546003636483466983e+28
-1.050406017943155545e+29
8.600662189383345213e+28
8.810922689731323515e+28
8.318331175381752271e+28
-7.246264559102991302e+28
5.953403632096128311e+29
9.372833515710430848e+28
-1.974192473525410733e+29
-3.031510458376848842e+29
2.222432980089265185e+28
2.643793143592168355e+28
-3.154450586436651341e+28
1.184456702977364535e+28
6.654007607753497867e+28
4.947762673045778763e+28
7.484696171220485184e+27
2.080562007732469365e+29
-6.588225718168282879e+28
2.795681472335449666e+29
1.197182639941440859e+29
2.055172710337772774e+29
1.171102154228196894e+30
5.603960032874178831e+29
-3.264503124326145307e+27
1.411826393162938604e+30
-6.564619087415578616e+28
-6.209033213356020311e+26
-6.514350267113925457e+29
-2.781973258799940596e+29
-2.922545677880418744e+29
1.162043247965184967e+30
-1.582392229546049573e+29
-1.568211042501417026e+30
-2.477689406896545668e+30
2.758230734720424741e+29
3.238344677869011086e+29
4.434063050558148133e+29
-1.599118032408464899e+30
-8.620487312656238743e+29
7.202734472716513228e+29
7.644926750188638205e+29
4.352911637418928582e+30
-9.463183116116257118e+27
-2.519323732446312237e+28
7.477285519681521354e+27
-1.914102293761384726e+29
1.467457808665362056e+27
-1.593337604185394339e+28
-5.827555010532683658e+28
1.831077095743904512e+28
-3.216368509371569781e+28
-1.822649007474692603e+28
2.958329224210353047e+28
-1.599210990021607908e+28
7.504323218898609809e+27
-2.370919542705577188e+29
1.996428658087420143e+27
2.796377558827973447e+28
1.230999929854251975e+29
-1.615905775669651314e+28
-2.245796417550351107e+28
-1.442510642195480181e+29
-5.178144809927311997e+28
-9.481933011697842784e+28
-3.614139773042150922e+29
7.361472447363878014e+28
2.114718523350720147e+29
-1.699696917259786714e+29
3.115844217674484746e+29
3.358294435124698764e+28
-4.839851089349458041e+28
1.892774952854441129e+29
9.379009750565665055e+28
2.054862737199370495e+29
-1.809663799528846720e+29
-2.443087510299422707e+28
5.726340094559488853e+27
-9.339999033902357398e+28
2.839409238584928073e+28
3.681271933920098442e+29
-2.556669634815922698e+29
-1.558405788231266232e+29
1.701168008317662808e+29
-8.587604432345770554e+29
1.096172558511214719e+29
5.607312881143265699e+29
2.240431774153843670e+29
3.248043566348485421e+28
-4.784987998846530649e+29
-1.581156816232801128e+29
1.848262462879171875e+30
1.858077716310301846e+30
1.050797835947692252e+30
6.492315321622335520e+29
-1.740561587825275863e+30
3.108149133560260476e+29
1.518727705384655842e+30
1.089646525595217152e+29
8.012547534659190667e+28
-2.869956344131532988e+27
-1.013851480344904380e+30
8.249199864397588485e+28
5.800654246685530644e+28
1.753102455365639475e+30
-5.974746746254717899e+28
-2.416622474769681246e+29
-2.971082402796582972e+29
-2.119481194262000934e+29
-1.938291438273345821e+29
-1.632627360408338902e+30
-5.758600631578651761e+30
7.965039290634940001e+29
2.691945892889852187e+30
-6.968423881049089768e+30
6.461603112837376731e+29
3.710386328644506125e+28
3.466824555678006490e+29
3.718126720225925171e+29
-3.519570941997160062e+28
-2.484828989063620253e+30
-3.616734530145306336e+29
-9.587185842074858818e+28
-1.861973313257717762e+30
7.262929338978801408e+30
-6.200312158577198000e+30
-5.991517012387882349e+30
-6.514299525896598633e+30
2.443024087729733366e+29
-3.898520487578115696e+29
5.802101351284257814e+27
3.534544321706211772e+28
-1.399068975152608396e+30
-5.859295078850287198e+28
4.802796415862082597e+29
-8.997877443656814052e+27
1.280759527602533437e+28
2.180810985220787832e+29
-8.246000113501140478e+29
2.665093158754151775e+29
-3.370795749277089610e+29
2.254855877156366434e+29
1.858851470787393459e+29
-1.554635104526436629e+28
1.005646757969135962e+30
2.312061514508664441e+29
-9.399556421752166556e+28
-1.897428122068681107e+29
1.977245277691892447e+28
-9.898871228193514834e+29
-1.339149609585604633e+30
-3.481380911178128114e+29
-1.689067770847386222e+30
2.432294508941604887e+30
-5.149303055585827347e+29
-8.398276808599051029e+29
-2.851268133835238723e+29
-1.222248455892536740e+30
-8.814364742864169487e+29
4.437961344659942596e+29
1.809260608420332769e+30
-9.569456950612083865e+29
-1.114874417644357095e+30
-1.432672827800610567e+29
-3.114673384637049004e+30
-4.536270290195633496e+29
6.101334936448288618e+29
-5.668698061174008837e+29
7.799062129377993606e+30
-6.853575582371982631e+30
2.042375634679209971e+30
6.557179614078696838e+30
-3.711526154766960048e+30
-4.957420800474960212e+29
-1.785175480187621700e+29
1.286067923375944351e+31
1.383474869286446528e+31
-1.521952182913299174e+31
2.718357651631954050e+30
-8.731086952727273729e+30
-5.766279156525663641e+30
1.448571586504936326e+31
-6.491837930808765193e+30
6.388908408358291822e+30
1.974325041130633148e+30
-1.735144169710674185e+29
2.454090267844880479e+30
-1.397854631797046739e+31
-7.727053855512301773e+30
2.429299708903612053e+31
1.622612425204318434e+31
2.371623078053165173e+30
4.177995634649358482e+30
3.985896410872300590e+30
-2.085944988756956140e+31
1.596059340309529389e+31
-2.902510730852400952e+30
2.079249197180097125e+30
