-3.368392746783844800e+16
-5.646239866952065024e+18
-1.592327146318054687e+20
-3.727859180506651034e+20
4.533932985062193234e+20
1.246748769953211482e+21
1.826302941973972202e+22
1.239902719143849188e+23
4.946362715041516612e+23
-2.571699687737680691e+19
4.977570912927018516e+20
1.649746888715083973e+21
7.688758678417404907e+22
-4.315091453289943165e+22
1.312194129677472676e+23
-2.865766581949459155e+24
-9.914485943308099078e+23
-1.275729802970252189e+25
1.208735203018873078e+20
1.978459347117021961e+22
-3.302357521119575645e+22
2.252181473181192725e+23
-6.468051185643301026e+23
-3.204262250922802636e+24
3.350154711919506206e+23
-5.604289452475965268e+25
-1.257211895456189607e+26
3.210411333267737281e+21
4.864089599283002606e+22
3.388314340847771955e+23
-2.529692570412656382e+23
-5.255013689208820224e+23
-5.307278705874447085e+24
5.226385581945795249e+24
-1.060152283793953701e+25
8.897909507008053114e+25
2.167095824754378303e+26
6.097283680146468897e+21
-4.006341660114007831e+22
9.603674923840925189e+23
3.092420236683735246e+23
-4.916980691560072743e+24
-1.144199116779485902e+24
-2.767186403430861883e+24
1.436663445752249440e+25
1.680787794595362211e+25
-2.789970111232178548e+24
-1.440701372671915217e+26
2.057948646253526871e+26
5.013901564228281565e+21
-2.222789097277465370e+23
1.150111883591469828e+25
8.179716845985001344e+24
9.706523008746988266e+24
5.012322123175850798e+24
1.341399280776754759e+25
2.584104918363656501e+24
-2.705306652737002676e+25
-4.250510103831555951e+25
-2.441789027140106360e+25
-2.977863310815434986e+26
5.168948130486892501e+26
-1.020952506855850393e+27
1.432718421185024575e+23
-1.868487419153591929e+24
-2.129782143192231103e+25
2.649565798404762790e+25
1.306622435382551957e+24
-6.305591636982711663e+25
3.804519092295346034e+24
-3.179345314325006005e+25
1.444709081870335464e+26
1.323483950745945639e+24
1.263990339463403474e+26
3.101161655503847830e+26
-1.570350902244364623e+26
-1.514972831709643806e+26
1.688833600777780200e+27
4.889612316063743796e+23
2.114012156389687314e+25
-1.670958478625742230e+26
5.520519529644602424e+25
-4.996504826941415108e+26
-1.353423763767693524e+26
1.039754802837001970e+26
6.143441867978911803e+25
-1.486309184764456820e+26
1.535421590183826167e+26
7.140873972054595691e+26
-3.726493205456824644e+26
2.070500578266481991e+27
6.647765076053159604e+27
9.250536145711386455e+23
-7.172257078902008725e+23
-1.279409389264154622e+26
9.989745481149495040e+26
-7.425006470355628639e+26
1.576527514148320328e+27
-8.178611523634608517e+26
-4.080882988024801508e+26
7.565892096125784194e+26
2.807321383800338964e+27
-9.122365209722825898e+26
-5.935671415799262531e+26
4.725738173438226025e+27
1.580882989098945479e+21
-2.445613327412203880e+21
7.192159397209797611e+22
-9.019476583255840181e+22
-2.828874451220119547e+23
7.317783723666519422e+23
5.144344723933751358e+22
-3.764402724103726062e+24
-8.188237179009518388e+23
-3.230471124737623323e+24
-5.417444599382255755e+24
-1.948960387488108662e+25
-1.976320360387268867e+25
7.315304313769418586e+25
4.539262686446140132e+25
-4.208073098696861841e+25
8.030263929472308111e+22
4.285343753091831384e+23
-2.744386132714692790e+24
2.717433673826687955e+24
2.491673039028747709e+24
-1.929790721964946756e+26
-1.133641783840255715e+27
1.314846501581482013e+27
1.336247425970575065e+24
-3.405667856338522621e+24
-1.773346229067558385e+25
-2.988485444624731081e+25
-5.373668093161326012e+25
-4.396774799729202712e+25
1.581094907702428410e+26
4.014190477321588406e+27
-2.346558534819130185e+27
5.865874695895955110e+24
3.664642207428768127e+25
-1.752115079200618637e+25
2.410381564601865146e+25
8.658620675467223239e+24
-7.324476542819852286e+25
4.087189658435234467e+26
-7.748607164830796214e+26
-4.958242090460695435e+25
-6.349445299659761770e+27
-9.362683246992936285e+27
-5.582382995277963917e+24
1.199020256248204537e+26
-1.941107652660820335e+25
1.085431509323715014e+26
1.115993308177071648e+26
-2.397765665504947191e+26
-3.170590446454814804e+25
-4.096138187694064837e+26
-1.776100031619771782e+27
-2.241566948950315663e+27
-1.059852834747090644e+28
-1.412877745990132925e+27
2.632747132448145399e+28
2.046414566784722003e+25
1.939161502270376276e+26
-1.370535829781899857e+27
7.623783990134545956e+26
-1.540032796845287682e+27
-3.790645569998775753e+26
-4.544245307578000234e+26
2.164080041758389175e+27
-3.039931422669690642e+26
1.841527115634130497e+27
-7.551223283193231374e+27
5.813459539740417863e+27
-1.428842030125847701e+28
-9.891774460259260154e+27
-2.154925350928113704e+26
-1.180239829264679447e+27
-1.092245513496752962e+28
-2.558198115914394358e+27
-1.809895966797544101e+27
-9.987495685735038228e+27
-1.437171088505987110e+28
-2.555398985146373014e+27
5.478017773308741219e+27
-3.824784897604363446e+28
9.945610799962796671e+27
-6.053316729489276009e+28
-1.219901764482494196e+28
-5.788559402948252010e+26
-5.925186388591531910e+27
4.115973173925274038e+28
-9.175474041478115239e+27
-3.068650431439595522e+27
1.332184976975288846e+28
5.733091067070307234e+27
2.595507903973641128e+28
-2.188973869427086727e+27
5.194912352782141112e+28
-3.680217831288241575e+28
8.911158304048757415e+28
3.395006295821910561e+23
-1.564635481194095889e+24
-4.944183692158306001e+24
8.373730842088233406e+23
-2.898207025815154720e+24
-2.235858785787711137e+25
-6.710263806853137432e+24
-3.472805760434131456e+25
1.428738462963430425e+26
1.712731839061574545e+25
7.604867338690852713e+25
9.144400609656445294e+25
-1.123786646785527291e+26
3.337980433255539018e+26
1.356844504026258896e+26
1.071598208381502589e+26
9.281103789873246663e+26
3.294648827718817723e+26
3.582589555387493806e+25
1.338390141472113829e+28
-1.077679953962020645e+27
3.976863985328725917e+25
3.304010834046399820e+25
-2.216696521564619774e+26
5.380181288924752990e+26
-4.926995017133545590e+26
-2.329881049299762931e+26
-2.831564447785860691e+28
2.675583877465191376e+28
3.931660111992866770e+26
-2.218521764565985402e+25
4.576323037278946113e+26
-1.463867944464371944e+26
2.965399238325012178e+27
-1.033831899518782360e+27
3.017485773064196818e+27
4.961586547294004138e+27
5.208778161092739862e+27
-1.821015581526600181e+29
-6.604652083399030055e+25
8.572149782622804004e+26
-5.747352824998884967e+26
-4.888795000695836016e+26
1.888085757460945561e+27
-3.297534446308658329e+26
3.320404763070081260e+27
-3.534664602746142242e+27
-1.290100983237185370e+28
1.484065822902685321e+29
8.515105477083965251e+28
-2.843636703349879038e+29
3.355604928993091731e+26
-1.102730857363662838e+27
1.008682847564257930e+28
1.025337354289166337e+28
-2.020806599452306365e+25
-6.982763547615159360e+26
-3.616788067747287372e+27
4.376782498278284324e+26
-5.946208748341229038e+27
-1.657118353122996932e+29
5.109656858904885393e+28
2.853575514424509908e+29
-4.009463790142732693e+28
6.983538475479871885e+27
-8.835991457874037347e+27
3.284535900414014016e+28
-2.260187638778229177e+28
8.437150588336022491e+28
-5.956696344787494469e+27
1.484857201930400185e+28
-1.712624510046082781e+28
2.292097276518101243e+29
-7.203241238224491692e+28
-5.853305833188345312e+29
-3.441797054174522197e+27
-1.830502629758827400e+28
-1.795434943672469701e+29
2.046959517317995223e+29
7.400786409920371819e+28
-8.127445245449532825e+28
4.703806170041839293e+28
-1.053496652128403296e+29
3.172026003188940417e+29
2.644861198086585547e+29
1.113914792430679640e+29
6.847202354315948664e+29
-2.781274859493527404e+25
4.368892414648082805e+25
5.597257503194883646e+25
1.332334756638346642e+25
1.168165218383292281e+26
1.914357144692186261e+26
2.475485193975947465e+26
-4.410358585287952061e+24
-7.825452465178930509e+25
-1.882671674206576714e+25
2.999046027913625126e+25
-7.148134891105401497e+26
9.725504485391167997e+26
2.472648256452826109e+25
6.137200989394147172e+26
-4.617731141109522480e+26
-5.513979854663149810e+26
1.323064777464039478e+27
-1.312933397170857681e+27
5.605754029201469384e+25
-6.955309979659002723e+26
-2.566726895091066950e+27
-5.426227087981260386e+26
1.178022058086045667e+27
-3.115393980650277060e+27
-1.230035259915248713e+28
1.512163336810233770e+28
-1.241889625390246490e+28
-3.958435913898160363e+28
-6.965414294718406065e+27
-6.202665727953870188e+28
-9.278610383701097590e+27
3.536633732705899428e+28
-9.517431739929099219e+28
-7.780474166374303936e+26
-9.990722962772806859e+24
1.321711461369436158e+27
-8.648713225885928307e+26
5.959088717052111014e+26
-3.237612787232355357e+27
2.449390558439578524e+26
-2.376773601245444275e+27
-5.176037289195949498e+27
-2.709687254897020785e+27
2.175232601360956910e+28
1.272401050338918531e+29
8.948288263925020185e+27
1.628006098902005889e+29
2.719766801083793713e+27
-3.856474294625785422e+27
9.202034449479507993e+27
-5.787985374471194048e+27
2.352537916406958278e+26
1.975248613055738265e+28
-7.491008287382833431e+27
-5.257671033063298291e+28
-1.215750766844839376e+28
1.958777934533929234e+29
8.826447696466820135e+26
-4.390480612460832311e+27
2.758915180165671522e+27
1.366593592679622685e+27
-1.762669049951967579e+27
3.112567717602545459e+27
-1.090413240720722545e+29
4.003046961723592896e+28
2.182000381943645749e+28
-8.882754363743198018e+28
2.017819911589079452e+29
2.960468113825345968e+29
7.317250783640127317e+29
-1.982310877130627666e+28
3.000128911153197854e+28
-5.139881434868041633e+28
1.029915702586924991e+29
5.163135143350985804e+29
-3.975916346672373833e+27
-1.563018537580740051e+29
2.319964155855643664e+29
-1.732332169948828265e+29
3.952569625333064018e+29
-1.786195466764965367e+30
-1.848322164905847611e+29
2.988365818038291302e+29
1.213156676687893916e+28
-6.452074345675231048e+29
1.625343502638880125e+29
-6.444924027453096187e+29
3.193667458075340495e+29
-4.601447507947000393e+29
-2.145939843337115151e+30
-2.745378335449064041e+30
-6.230854163920929858e+25
5.630828420072552695e+26
1.668741656726958711e+27
-1.433609099293673669e+27
2.103191229929261686e+27
2.096966040918560264e+27
1.333793789018928673e+27
2.713955090295097249e+27
-4.825852914882906308e+25
-4.217217987497758358e+25
-1.831364677987023012e+27
-1.004106148774484315e+27
1.441468433124478252e+27
-1.602091508584702830e+27
3.556639474197804500e+27
-1.578389818580049252e+28
7.244870081185646550e+27
1.659830307968957903e+26
5.046689712061994755e+27
-2.388277033449919178e+28
4.164971435563827400e+27
-2.066937189980525989e+28
-1.178051264952766241e+28
-5.621128480996754997e+28
7.547053257820264556e+27
2.333328746020591410e+28
5.060175430097692808e+28
-4.962420579916499596e+28
-5.809163740659938717e+28
1.267368834625499462e+29
1.337634418300166464e+29
7.217729655415230325e+27
8.652067453649500646e+28
-2.449956058159165219e+28
2.465364609571863967e+29
-1.613314825841326210e+29
-4.709096928091178850e+29
2.796580276825705370e+27
-3.783074654446325107e+27
5.146394564626608328e+27
-3.037200048979206002e+27
-1.117628548338088817e+28
-7.873729269202484677e+27
4.441743597147191018e+27
-7.136239684562726040e+27
-1.406812401932296436e+28
-2.975115427053717683e+27
4.149384780047716774e+28
7.937083742529551966e+27
-3.824792806709350619e+28
3.711990730470226176e+28
-2.009543065663570281e+28
4.600955430260825265e+28
1.016123015943694902e+29
2.279821942558448445e+28
-6.578674806256539667e+27
1.072187664832679743e+28
-2.610968641085201583e+29
-2.373774860937969181e+29
3.131820826322827589e+29
-1.641215195127464114e+29
-7.560611644091029140e+28
2.843528258572734745e+29
-8.404951065844540839e+27
-3.175397837368472304e+27
-3.362732649802144343e+28
1.527669189823757033e+28
6.554409030750050491e+28
2.007853038778887497e+28
1.225952749936596476e+29
8.327820084034396916e+27
3.137635959596917945e+28
1.777528044702754371e+29
-8.447106666391086460e+28
5.895812282406604282e+29
8.541217259968106173e+27
2.198248258790965036e+29
9.250047690129983570e+29
8.158567254293317788e+29
-9.922367768930497072e+29
1.465889976120046997e+29
1.086495767306722748e+29
8.528269490865091351e+28
8.526367706526583966e+28
4.491849733357057240e+27
4.474400036871730453e+28
-1.946418961312318654e+28
-1.208831252440384096e+30
6.373062056930148397e+29
-1.684703396059151369e+30
-9.036786290490842976e+29
-3.016571396721025542e+29
-7.136723060109226893e+29
-6.950057446559407919e+29
-3.481360873298361080e+29
2.490483534092315366e+29
1.116394482402120748e+30
-1.398116729228785534e+29
2.026851433612044248e+30
2.782850136868282657e+30
6.040088373430324018e+26
-8.493502053514770752e+26
-3.299918709648676278e+27
4.821009607878801197e+27
1.447429440909058922e+28
9.199154490515578858e+27
6.572832439973211239e+27
-2.558332738372539880e+28
-3.877267962810620604e+28
1.044775731125631413e+29
-2.946418755885188322e+28
-4.160020994632033929e+27
7.726427289633261612e+26
1.629498936386592381e+28
-2.642977513732780338e+28
2.264974814715065621e+28
-3.868234545718085155e+28
4.617635963340100397e+28
4.436147866900341233e+28
-1.185255010180286618e+28
-3.921307627431805131e+29
1.133822487194005084e+28
-4.781390191153865892e+28
-1.170021406911274501e+29
-1.546477150457486812e+29
1.028579960793667014e+29
4.480997243037187851e+28
8.523120644324224797e+28
1.855084254323694005e+29
5.301626431077867209e+29
3.430924285711799147e+28
4.894248788772206060e+29
-2.820565345678513632e+28
-1.703840847527665954e+29
4.397522813002118856e+29
3.585559564438784964e+28
1.602139834132493121e+30
-5.998511733445110964e+27
1.072301468026509982e+29
2.271567387869276021e+28
1.983995321828636791e+28
1.131992759130900611e+29
-5.906751008549675707e+28
-4.241902245895767008e+29
1.077905857187890054e+29
6.894010139217269052e+28
5.004582421907166809e+28
1.892944748331214512e+29
5.771143042337587339e+29
4.875405999068031769e+28
-3.482880616518468514e+29
2.962695560976669902e+29
-4.985336753067624578e+28
3.923957147459680863e+29
1.254490562370731460e+29
-1.190551866200000349e+29
-7.316581771395206561e+29
9.104960379200652757e+29
7.858656146224182072e+28
-1.463954214242552110e+30
-1.523154690106124070e+30
-1.139505305793345991e+30
1.102327121569742811e+30
6.149549004904596848e+29
1.140212067465702250e+29
-5.804241840950544231e+28
3.515845611500348529e+29
4.595128840794134239e+29
-8.303150246369443147e+29
-6.010081186211911903e+28
2.754948098174098478e+29
-4.394030576737585730e+28
1.149953012167678418e+29
-4.987415161010242838e+29
-1.159488466193767784e+30
8.334670818238034848e+29
1.982877856504955149e+30
6.316583877667521885e+29
2.292324264426682092e+29
5.736261862928837478e+28
-3.864224105751447221e+28
-3.574323743998360715e+30
4.678433283463588424e+30
5.777786734062170137e+30
1.473495925276751825e+30
1.332068478510550814e+30
-7.580337868793635300e+29
-8.496970690233913938e+29
-1.335594633558639187e+29
-2.834459840343824356e+29
-4.459089131362101004e+29
-5.765572228988440051e+28
-7.977939784102923081e+29
-3.164917383695380558e+30
-8.373055754136303659e+29
-1.048342702170993160e+30
-1.498388829673922951e+29
8.032735759454008992e+30
4.306881013410583589e+30
-3.511778532826157014e+30
2.055038594206303415e+30
7.670921946847654934e+27
-1.729478067713268144e+28
-3.540350582827716181e+28
3.710504115133821096e+28
2.707562817006905291e+28
-5.627321846809948199e+28
8.899932154497589670e+28
5.430921822074664254e+28
4.758008507355095045e+28
1.005937609959736814e+29
-6.024154122927052841e+28
3.596089538493383756e+29
-2.742364471831206965e+29
1.572328048140540848e+30
-3.825510761924579468e+29
-1.151652074692811888e+30
-2.725638558634686748e+28
1.771403235248772295e+29
4.379531427808915459e+29
-5.171798588661454587e+29
-1.351361151908444518e+29
1.115991332491719560e+29
7.334162726422502298e+27
9.743275745246712423e+29
-3.314940739237539214e+29
4.903149358328342153e+26
7.080685188549886267e+29
2.227597415252854271e+29
1.807038698543969138e+30
8.900319162526073467e+28
-1.022787525986949415e+30
6.572602926467789856e+29
-3.317947111193643524e+30
-1.386665342109323257e+30
-4.681633578628245980e+29
4.225218383573740602e+29
8.771122653943288915e+29
2.161601180494733425e+30
2.194666122322680384e+29
-1.786742927251845547e+29
1.904771104992522553e+29
9.448723434754735141e+29
4.713076522356198124e+29
-2.684284632041980912e+29
1.333589878883030005e+30
1.827561405262177561e+30
-2.948355283519209300e+30
-4.060988983120268930e+30
6.216134285781185524e+29
3.782553240274357571e+30
1.134288414288131966e+31
7.488104022461301699e+30
5.506920630089876023e+30
1.492393674532242864e+30
7.170929560125075811e+30
-6.595815926770821305e+29
9.859271698326166053e+30
-1.637493726098631231e+30
1.610334152792501511e+30
-2.861330774663205509e+30
-5.745789935042760239e+30
7.193486332132601007e+29
2.423370950591429086e+30
4.437410642009004773e+30
2.097725121869575297e+30
4.233010045034714876e+30
1.054760622004464257e+31
7.303944492119847561e+30
-8.806537748362824962e+30
-1.303615494219965701e+29
-1.116302256640618030e+30
1.788125837889974652e+29
9.907387209795882496e+29
1.556871719082990718e+30
-2.992555640933874443e+30
1.403065987026967044e+30
-2.864343573245168874e+30
-8.530492793300877029e+29
-6.239203494542557900e+30
3.987477570459876643e+30
-1.555047746792190224e+30
1.247838186575332450e+31
-1.949940433148980004e+29
-2.215937581289932452e+30
-5.186963453081513127e+30
-9.798991065586438330e+30
2.510913063984801017e+29
1.603412865154109532e+31
9.827487302570602280e+30
-1.685469589092925497e+30
3.855606585229417226e+29
2.897533885931787107e+31
-9.090282335822672097e+30
1.938392760593897653e+31
2.481320785846994002e+30
-1.938891920005542540e+31
1.091483297042972402e+31
3.189116999179577139e+31
-1.056244091808935587e+31
1.113362121200697302e+30
-6.835822546555806544e+30
-7.617150494223721665e+30
1.922333418704633341e+31
2.121314598465782047e+31
-1.029879532392623191e+31
-3.689272229031888044e+31
-2.165989771217712855e+30
6.959851689786792960e+31
7.352159026500784128e+18
-5.337841814971930624e+18
1.116967188835126477e+21
1.076025390719324127e+21
5.446890963638716203e+21
9.165504072050348655e+21
-2.281371635800811787e+23
-1.169599293656889096e+23
9.037079226352055091e+19
1.109652698223112880e+22
9.811036254358958454e+22
-1.623442671691757309e+22
2.028183595656755104e+23
6.887447107263120015e+23
2.583692762585964778e+24
-5.704265005005691446e+24
-5.943606198497173307e+21
6.639129260886203983e+22
2.478351587559982970e+22
4.740939797441816235e+23
-2.907830057148772075e+23
-3.640326808287213341e+24
-4.617669266700003531e+25
-1.798269769908397895e+26
5.734433161204014357e+22
2.306026066186045961e+22
-6.706576279140530515e+23
2.896203947391736575e+24
1.478469088616379914e+24
-9.183487892715092186e+23
1.034054387738668450e+25
-4.413812082041069362e+25
-4.855327917939670579e+25
-3.661538246825949507e+23
1.186666070426034823e+23
1.686638504002093733e+24
-4.430340342396601462e+24
-3.606209898645335837e+24
-1.793429702548664464e+25
1.150619017535231907e+25
-5.190561030393356708e+25
-3.949782883050074865e+25
1.019783989225950217e+26
5.093453018349068791e+26
1.032256930660137780e+24
-1.810338884989134614e+24
-1.429908597693327230e+25
6.136004899414606923e+24
-4.730827465565270228e+24
1.106164492127724717e+25
-6.190961900827203571e+24
4.507334857550353582e+25
2.957613606032493279e+25
1.243876361686556760e+25
-1.418622953487296841e+26
4.653371332080429868e+26
-4.204747459017758154e+26
-2.204035590592627948e+24
-1.841792989550256284e+25
-1.127092779448860013e+25
1.287978886811671620e+25
-9.847869758717420436e+25
-2.981527430110185134e+25
-1.769785002769571602e+25
5.090096668920882463e+25
9.800786897636766859e+24
-9.677251007971755138e+25
-1.773445328512824840e+26
1.753411500054546485e+26
-1.150566875147522160e+27
-7.034944590784384816e+26
1.078799615039437468e+25
4.314630174817999230e+25
4.168881015070335556e+25
6.780289362350095433e+25
-1.959995316973596939e+25
-2.350862473754664787e+26
4.019994965082363080e+26
1.158946015026239305e+26
-2.349021957705307562e+26
1.875333713898189597e+26
3.786400609537127802e+26
-2.512611460842980932e+27
-2.502143722843782639e+27
-2.195176306505558992e+25
-1.658500782486259203e+26
-9.703095967134182766e+26
-1.104139328240932664e+27
9.115232308420474847e+26
-1.010323176822017363e+27
3.093842811584212946e+26
-1.079871288313979812e+27
2.421400007133368454e+27
1.176264093510042223e+27
2.756402014344235908e+27
-1.800292174926763363e+27
1.230295024325404026e+22
-1.358637744565824940e+22
2.112253488115260745e+23
1.425132455197298299e+23
5.841609425397481053e+23
1.603702324083172254e+24
-2.091442063336031994e+24
-5.361609070575175179e+23
4.629407250435550940e+23
6.019715627027077582e+23
-1.552915663365013176e+25
-4.780632214364197706e+25
-1.414232984147613051e+25
1.899478275917435338e+26
6.210432239007758266e+23
-1.229066071329772619e+25
-3.285396588580596978e+25
5.374017539968457440e+25
9.447990292315590494e+25
1.431543037363630377e+26
3.759062851814397403e+27
9.016990102995496935e+24
-8.166729786655748208e+24
-6.521404156529583970e+25
-3.736363264802938068e+25
8.092980435085336625e+25
2.143369981901177266e+25
6.565480920115680423e+26
-5.635220240188315456e+27
-4.906636621944477183e+25
4.604317845708847692e+25
-5.442085842447308578e+25
-2.650976340238028652e+25
5.296704016397993242e+25
7.993569280138766877e+25
7.525655393540104515e+26
6.625093110344515032e+26
1.807455223917916283e+27
8.663646990247266540e+27
4.335294751277034139e+24
4.536682277914459234e+24
-8.271243837839389814e+25
-8.606166081548586274e+25
7.308149904196972965e+26
-4.365252755303781044e+25
1.407701107189770272e+27
4.621713126286660786e+26
6.184221681365081898e+27
-1.180969013544863085e+27
-1.048234338701115401e+28
-2.514804310024775764e+28
-6.287441243007070713e+25
-5.255817187802341146e+26
1.553141874759574231e+26
5.788745161297768136e+26
-9.053739491510469601e+26
-3.691984075794165214e+26
5.330393389000909012e+27
-5.294239717130669269e+25
9.196430256682522845e+27
1.360312559549499135e+28
-4.695770600285920527e+27
-8.387590457364930252e+27
3.464034415555125354e+27
-1.906863818929612278e+27
-1.857282132520825643e+27
-6.965490905932988924e+26
-2.636827989896926500e+27
1.969051117200821976e+27
4.198095062429161510e+28
-4.779856554039509897e+27
-1.162609675237069251e+27
2.152069987141522815e+28
-1.424021405349251611e+27
2.239392995780492093e+27
9.698944980721036599e+28
3.125786608579259072e+27
-2.357711690559536374e+28
4.494959083252125948e+28
-9.557954828051006772e+27
1.176983394700062468e+28
1.439689948049118304e+28
-2.778498681894354335e+27
1.687104875944734065e+28
4.209886654749397739e+27
-6.221479684317153015e+28
-4.645738553841854089e+28
-4.213971137056397255e+23
2.356575349600400969e+25
-5.052542152017539796e+25
2.509797543645328341e+24
-2.781287766840133238e+25
1.099770961582518713e+26
-2.738065298960568451e+24
1.529165934449743962e+25
-1.103106126967658317e+26
-9.604954159427713250e+25
5.706454761655072278e+26
4.723872959948725910e+26
-5.325189849690802809e+26
1.443035404164336289e+27
2.618345989257932409e+27
-8.063418377319880605e+26
5.383105699380928661e+27
2.728536215368787851e+27
-4.813493530782354844e+25
-1.942376241928835319e+26
-2.118892511061685897e+25
1.193102133459166707e+27
1.324717412120472052e+27
1.387522223277649743e+28
-7.386234379786534761e+28
2.338110328655300699e+26
-2.025299679241440614e+26
8.691390143259824921e+25
3.798029018146654929e+26
-5.579541861316294839e+26
-2.882234887095782285e+27
3.765707350163603046e+27
1.106822096529964222e+27
-8.399425221364979304e+28
1.832438766210055022e+26
7.912506254371514456e+26
-1.399259586051051939e+27
3.943275328693808573e+27
3.251991602410395859e+26
-4.944290315446150575e+27
5.282425623478384698e+27
-2.543900046852693229e+28
7.111074412885165105e+27
1.683841210042323117e+29
-2.025814718577034435e+29
3.048060240463147755e+27
3.806095597554143129e+27
-6.785389084752005797e+27
-5.900531824392949882e+26
-7.074949088827950816e+26
-2.141601934669021662e+28
-1.888432752938570997e+27
3.314654347290289992e+28
2.341609437084585657e+28
3.164883268103993442e+28
-2.236516314744519249e+29
-2.047656522543055622e+29
-1.622987969202321904e+28
-2.851340403444560241e+28
-4.530314920674453573e+28
1.760673734715945698e+28
4.570411211433278835e+28
-4.417954656027321805e+28
-3.604796109539084489e+28
-6.198707488264685496e+28
3.654840227672679517e+28
-3.433379994222449869e+29
-1.108506855944311158e+29
9.339905757980882948e+28
-2.159549105894598758e+29
-5.367141964540367365e+28
1.900050459092383812e+27
-2.406584439853167797e+28
2.532420064015630304e+29
-1.430533280196559905e+29
1.909204118037545054e+29
-1.434973010832429555e+29
-3.758515347684804329e+29
2.451397233491498972e+26
-1.167088186735117510e+26
1.726841983885309387e+24
9.852298394039443104e+25
-5.717595218316946951e+25
2.368763258253935790e+26
3.445793447052481994e+26
6.273759545745526176e+25
7.609525602795227937e+25
4.098558896650260658e+26
-4.432332129483778968e+26
-1.206670710945717356e+27
1.138058992445345010e+27
5.372139103024119752e+27
3.469691368390909063e+26
7.299375706085724789e+25
2.690489156155959789e+27
7.228231050942082589e+25
2.362652604335355645e+27
3.032754267054629149e+27
-1.413998995977960786e+28
6.033134416115267775e+27
-1.659825434989636131e+28
1.197889504082735911e+28
8.648308942422152505e+27
-1.370503623811927024e+27
-3.766432490485623590e+28
-6.603196547024746798e+28
1.402642691446328213e+29
1.187833006255523338e+27
-2.654974867804244600e+25
-6.764484776007591276e+26
-1.585814365660397395e+27
-5.100571807109667834e+27
-2.398548443904856987e+27
-1.046068476416889685e+27
-4.499902940718191110e+27
2.812506254887195980e+28
-1.797762998637245951e+28
-3.328614842279018221e+29
-1.481366659146368307e+29
-3.002054415035272834e+27
4.286098725308244830e+26
9.138856731319574032e+26
1.947052721967509265e+27
1.036812958000765952e+28
1.294104144731368329e+28
-4.091917235044223553e+28
-5.424131199782065173e+28
6.692726002176144932e+28
-5.224524863097594940e+29
-8.352191788098599508e+27
8.750287456039481351e+27
-3.324450048119460327e+27
-2.177457359270638477e+28
-4.808114331820735107e+28
-2.746659623513544822e+28
3.124174852304629135e+28
-8.960927042570622356e+28
-9.637777544004145644e+28
-3.457842499378797073e+29
1.256864623169839625e+29
1.212191163890409802e+29
-3.069127404342831859e+28
-7.304518117494571838e+28
-2.837375904887778210e+29
-2.437115241902565863e+27
-2.938785621371126260e+29
-1.906991315090899208e+29
1.080093920253928373e+29
1.043980987519976483e+30
1.071165424880377901e+30
2.276066580258893744e+29
-3.484285943365336931e+29
-7.411356805049999301e+29
-5.205857053197399642e+28
8.774392497394456692e+29
7.898975326326284071e+29
-5.045398510578099366e+28
1.457575280779479799e+29
3.911528663643404834e+30
-5.048964539489285859e+27
-9.016849230577881193e+26
4.046199397049778116e+27
-1.135749031248718763e+26
-1.602415379566616798e+26
3.719748885271297527e+27
1.369874132152382492e+27
-1.982725204677499216e+27
-1.658499995272425200e+27
3.009582450535268968e+27
-2.500867776729164446e+27
2.386031354313075723e+26
3.822850248529986865e+26
2.180608751450428649e+27
3.028751712920063814e+27
1.621155094224228196e+28
-3.551604699844698092e+27
7.683032498575435053e+27
5.398484705190217463e+26
1.683978719819276105e+28
-6.765232526690305966e+28
-3.558192100988149956e+28
2.289530923675876257e+28
1.200210900543321784e+29
1.996033771071307357e+29
1.319856617034647847e+28
-1.160934803351433609e+28
1.535709392344973811e+28
5.099248446695970451e+28
-3.518230031540431835e+29
-1.225547961822702707e+29
5.417696718061193214e+27
-1.217564048361030490e+28
8.615203892727819902e+27
-8.227890709785734015e+27
3.232368374634287405e+27
-1.388119422400254920e+27
-1.247076060953347432e+28
1.013006988616094524e+28
-1.459530636449296648e+28
-9.952108176585678165e+27
-2.663749506540710222e+28
-1.472664953649181154e+28
-6.692154536340740248e+28
-1.724562763041755581e+28
-3.603261684270429736e+28
-6.867556941628019133e+28
-1.291618213702310081e+29
2.096155875667541611e+28
2.877115145732441227e+28
5.024944373713132606e+28
-8.489558938042231440e+29
-1.227762906304055641e+29
-4.561432791447850195e+29
1.205994009116776345e+28
-2.045512530085452366e+28
-1.030623247103396801e+28
3.847528003403021212e+28
8.254907324842259006e+28
1.845050781998030300e+28
-3.767046587808690178e+28
-2.399593589877772047e+29
-1.274116163025491447e+29
-1.480205727386163271e+29
-3.408584473082822117e+29
-1.096483252739615832e+29
7.945488429095961087e+28
-9.651670962665177496e+29
-9.814043622865121009e+29
-1.207029227511077233e+30
-6.239473950919528000e+28
3.035208466463565320e+28
-2.618594516415666148e+29
7.380327380411370382e+27
5.212210662471777059e+28
-1.033866659615810103e+30
-3.508965668128886778e+29
3.107955913241316488e+30
1.808973155683600604e+30
5.862533058458649968e+29
1.129130530419630107e+30
-8.736861588494390324e+28
1.287622321421061654e+30
1.330716053382949135e+30
-2.938368109218411267e+30
-3.885053307857361540e+30
-1.490861081500180584e+29
-6.596820227394646872e+27
4.543159743070112780e+27
1.193077393464197207e+28
4.196867052905196579e+28
1.720011856216521009e+27
-1.159302989501878783e+28
-3.300577787350007470e+28
4.323350804231803524e+28
-1.580843040789423548e+28
-4.607415181740001916e+27
1.113323849256603595e+28
1.479173252148249410e+29
2.818102226614120770e+28
1.598567785750165265e+28
-1.309995991557413930e+28
8.821182080280840337e+28
-8.036109412098224102e+28
2.898442562380574857e+29
-1.730336842530265466e+29
1.084047367758505080e+29
1.904839266795142968e+29
1.078926346556698639e+30
-5.398449975099930718e+29
4.598464044278986172e+26
-7.904691092711056755e+28
1.413753641742646864e+29
1.468128474507766058e+30
7.097826245285105479e+28
3.307529547272624181e+29
6.475834363965013443e+29
9.650709465856839267e+28
5.190647088605687536e+27
2.308790397606326226e+29
-2.276631947935243748e+28
-5.284856895767577289e+28
1.649653308912779883e+28
6.916167789719095480e+27
-2.297488346250194129e+29
-1.443350255005349999e+29
1.072256090052622516e+29
1.121364242609400659e+29
-4.628085492285322370e+29
3.256698695417480014e+29
4.727648825769911290e+29
-5.773462882317686761e+28
-8.591403104039845899e+28
7.950662773267396434e+29
6.061352822248358634e+29
-1.124610283917172433e+30
1.189104507509940191e+30
2.196933240923284980e+30
9.309684027413407359e+28
4.960952743591160492e+29
2.518665051400248257e+29
1.185891710722250211e+30
-4.392840942752239291e+28
-5.043297576208047078e+28
-1.067677010745170212e+29
4.371434043410221724e+29
5.500617712626122979e+29
4.904588521338829259e+28
-1.558652149107677826e+30
-1.037857839340488737e+30
5.951413044440950957e+29
1.952042371928128616e+29
-4.632077706584029565e+29
1.913977887351690820e+29
4.723513930787121739e+29
-2.789875408329851383e+30
3.178063376369044202e+30
2.746396356049872242e+30
-8.759801170870935302e+30
4.925486989524456434e+30
-2.915514445407787546e+28
5.514961720769344818e+28
-9.508110651813379425e+29
1.576821877107821809e+30
-2.349602916772607613e+30
2.231805662399184901e+30
3.297445159603116231e+30
-3.901441047699474873e+30
-3.845390931415181718e+29
-1.433191377266927327e+30
5.491487163564799781e+30
-6.622565559049068439e+30
-1.007506237113146082e+29
-7.209649364103896127e+29
1.704641086761510190e+26
1.722548834672810441e+29
1.351544545112211991e+28
-1.188648623482348828e+30
8.260909924103255846e+29
5.488748402996055464e+28
-2.227656752835500722e+29
2.756075437965289111e+28
8.723716748189505137e+29
1.976976451097664917e+29
3.042805873619198555e+29
-2.931618352412647419e+29
1.568525700805425093e+29
-3.410854510241510284e+28
-2.911750174884350835e+30
2.470209694037014047e+29
-1.899312854117725018e+30
7.154360802013404619e+29
-3.136770396243299921e+28
3.769087896918298783e+29
-8.605142695708549377e+29
2.763343740513125800e+30
-3.011276627865524620e+29
8.055124623130541581e+29
-4.075715697059785561e+28
2.261641421021908606e+29
-1.462579790969783231e+29
1.992460181790379498e+30
-2.019387170025061528e+30
1.643905862383911994e+30
-1.924095885622291191e+30
5.564735122217844926e+29
1.511572161729216919e+30
-7.078789307877266427e+29
-7.489544361756737318e+30
-5.528010957196549542e+30
5.955627567760644796e+30
-5.247371011983396493e+30
8.319282349725265630e+30
6.899138929413384569e+28
1.195261717394322168e+30
-1.722135390019061373e+30
-9.856776480947282312e+29
-9.576437194705363230e+29
9.562327733219989805e+29
-6.163285709487187124e+30
-6.939756724766924573e+30
-8.697372345405312270e+30
1.765621292323235882e+30
8.157031067607167033e+30
1.882978061494114109e+30
-1.856579393287720179e+31
-7.967745814799374348e+29
1.007469893741540608e+30
8.461310882412018505e+29
-2.639230626455053840e+29
-9.219872677298797608e+29
9.444412060382516243e+30
8.864629656050421444e+30
1.283428814424892599e+31
1.348663566263115438e+31
-5.513027111874019326e+30
7.286783377969236713e+30
-5.258380895789345737e+30
2.358372410780031538e+30
2.023104385939859874e+30
1.390367970522594179e+31
8.921076249430029687e+30
