2.250758137064501600e+16
4.091121803232501760e+18
-6.010610310078029824e+18
8.846852844442117734e+20
-1.747058078454359523e+21
3.682774083105787478e+21
-6.803768107888472490e+21
4.347414152245558641e+20
1.111341110610013737e+23
1.684251669974761062e+19
-4.580730662216337818e+19
5.005545965885862183e+21
-4.189767534989120373e+21
1.621854659500376211e+23
8.923460911508174877e+22
-1.032595452674449772e+23
-1.506117824367042656e+24
1.456079681680213025e+25
-1.009579241781965947e+20
1.504634617502357678e+22
7.047025614664652292e+21
9.030644535785006773e+22
4.919287915195808382e+23
-1.626987968294394484e+24
-4.538370485521575546e+24
-1.004907781516643073e+25
-1.436886110271970225e+26
8.200571328612562371e+20
-6.555834331512973558e+22
-2.280291654275490162e+23
2.870359580598617632e+23
-2.357743222206895982e+23
-4.133331800476262754e+23
5.673991112431091864e+23
-9.369213769038070924e+23
7.127462986517987763e+24
2.811825878127292963e+25
-2.789791572704067322e+21
3.496703185319638126e+22
-6.791869431202012327e+23
3.838941355510624021e+23
-1.424904736192734815e+24
6.417185840279657749e+23
-9.575366794411877381e+24
-9.802811607479161203e+23
-6.993805358968239783e+24
-1.544167492401756047e+25
1.192983782517221699e+25
8.567504343835021381e+25
4.219135902050513060e+21
-2.407767769211510509e+23
2.049565619440448455e+24
-7.248505177125380371e+22
-9.343274524079979527e+23
-2.813910583404992974e+23
2.555239813024085780e+24
-6.774209698287544644e+24
8.363095835040921267e+24
1.348227138822088685e+25
1.768428605822818622e+26
-5.230179105234792180e+25
3.592897230440226638e+26
1.971030514419712911e+26
-1.404170574799354567e+22
-3.203109999222912493e+23
1.000395089890819199e+25
-2.190627479897141042e+25
-1.944969245037848311e+25
-6.177337775079175001e+24
3.533778523090448831e+23
1.378461778090826768e+25
-8.695805070520637464e+25
-1.153635503701536319e+25
1.011501366612063588e+26
2.705343738095385039e+25
-3.257452943028566789e+26
-7.407812282193593788e+26
1.890105388280064369e+26
1.757693930843694065e+22
-9.986796796251468433e+24
3.251686513315641817e+25
1.606647270339782146e+26
-1.603698109532202221e+26
-4.705888814147615129e+24
-1.464280872936424477e+26
-6.718025181786261044e+26
-7.519094824131552382e+24
8.481327053016976924e+25
-3.311012609791559668e+26
-3.479005278727656606e+26
-5.147949647518291973e+25
-5.565208120839857970e+26
5.856890651037068480e+22
4.683249311530529556e+25
-1.283457339341940768e+26
7.004533830488620966e+26
5.396759640067957450e+26
-8.479620753617979763e+26
-2.557882143002799818e+26
4.179130973310294648e+26
2.089401876995711643e+26
3.386597379624325601e+24
-1.796769861808827789e+26
1.497954000373721313e+25
6.359738913282289380e+26
4.445587866833682432e+20
-4.587375296326863421e+20
8.176162203097471386e+19
5.449113784861935534e+22
1.128834104123948773e+23
-3.212679627631978737e+23
-3.155816761838794116e+23
-2.535807810848280826e+23
-1.026243177766456134e+24
-5.965874042146659810e+24
1.441695333861395800e+24
-4.377896173449750356e+24
8.382331858872295336e+24
-1.836803238787392121e+25
8.105359052806480820e+25
4.188060778148482170e+25
3.265885741625253455e+23
-1.898564734593993848e+24
-5.949899683266456048e+24
-1.787941004256717313e+25
8.789062478543144249e+23
1.897519065513980103e+26
3.369334555591525573e+26
-2.562669242230310782e+27
3.447870709513031361e+24
-1.620371771171488417e+25
2.236108792209181735e+25
-2.033019534170778249e+25
-9.082301652854441452e+25
-1.076103065742992462e+26
1.608138715355604009e+26
2.538728178295956122e+27
1.080043314224025176e+28
-3.738049426657693028e+24
2.234934774841621806e+24
-2.270386915854233478e+24
-8.184441008197828132e+25
-1.278553351316315845e+26
-3.773631288973851391e+26
1.634689765075124454e+26
2.990110012474592168e+26
8.390788836397953071e+25
2.275372747663466762e+27
2.931467955602224161e+27
8.076709566553543869e+24
-9.367952643049105361e+25
-5.696008212284828952e+25
1.371099220075622871e+26
1.427229496483815830e+25
1.105030484313421611e+26
-1.126920371498160553e+26
-6.198472082822518166e+26
4.613916622657838256e+25
-4.175147127214595792e+26
1.186931311632714035e+28
-1.374143941089573588e+28
-9.643524729801529018e+27
3.665203687437601695e+25
-3.641258378431754085e+25
3.591605623075437901e+26
8.199984434370160206e+26
-1.342910780951262957e+26
4.840477209699767926e+26
5.311499242613405836e+26
8.357898723321808905e+26
7.793959657466746467e+26
-2.012798083309339396e+28
5.633915413796764591e+27
-1.369512067669948141e+28
1.677530157286334285e+28
-4.172789610041316645e+28
-1.335343215703436541e+26
3.205331159702284824e+26
2.015145918571533069e+27
5.140187689407405120e+27
8.232398496605495051e+26
7.582734608959629662e+27
1.746928398587324932e+28
8.627940701295263508e+27
5.517083561274725145e+27
4.364383578248049508e+28
-3.674023046133204289e+27
-1.893488678855333597e+29
-9.017259017769285361e+27
3.146863082324677187e+26
-2.667529644234391765e+27
7.483007631888252306e+27
-4.147899484598524297e+28
1.109847858589994138e+27
2.831598571096876689e+28
2.453972975139541514e+27
-3.755146362726372981e+28
-1.747814794018384271e+28
1.143040465715777081e+29
-3.882827657070836811e+28
1.113157889775706075e+29
2.691652786756310186e+23
1.465392952675523380e+24
-1.325754394888543368e+24
6.268041666105577528e+23
-3.155955559278735530e+25
-1.525056718939163129e+25
2.846748323415498535e+24
-7.056789140681621119e+25
7.857408053953076578e+25
-3.075182591703022956e+25
1.623933611581758042e+26
-8.964046908504855069e+25
-3.003064684427580734e+24
1.775688488824511414e+26
1.588683185683542157e+26
1.977153943261256916e+26
3.447813473247302606e+26
5.721128805314021966e+26
1.276794329792915262e+27
-3.643127538841450986e+27
1.130116027810176994e+28
-3.530695950639158992e+24
-1.446903621854291687e+26
2.562444164181592821e+26
4.731294218163165084e+25
-4.580703427267519035e+26
-4.452072123779150791e+27
3.215986551611984798e+26
3.200154206456146079e+28
3.835640702984813201e+26
3.122138501758492229e+26
-1.370779881648670907e+26
-1.058578060654447603e+26
-3.167529186906236023e+27
-7.196309511858005778e+26
3.676973225701630629e+27
-4.539543119400539460e+27
-4.012795992536609033e+28
-2.669993634691691650e+28
-1.132965756668151027e+26
-8.714828937268121176e+26
5.300251063632723996e+26
-4.577340093742317293e+26
-4.769941370909481111e+27
-1.001715255011833549e+26
2.806931237166793658e+27
-5.064707997373808830e+26
1.872469192345369021e+28
-8.215805748418640583e+27
-1.106606894674517211e+29
-9.503092821564748854e+28
-1.372257956246127789e+27
5.148942104823910625e+27
-2.563041894752032804e+27
-4.492063790060306300e+27
-4.671619432043400024e+27
-4.125970351341992048e+27
-3.383220472803832379e+28
1.850077608355659099e+27
5.927794829920395531e+27
-2.235604973675706206e+27
-9.179641328431708151e+28
1.265492618350637735e+29
2.035852596240734997e+29
5.467145661359705643e+27
-8.867518729041646581e+27
-5.372490109775821428e+28
-1.772789966105083855e+28
-1.727910150173342739e+28
-3.964599324289486355e+28
-8.869075689275532904e+26
3.964613977400563991e+28
-6.384521550882706911e+28
-5.334127919449535645e+28
-5.619048899527612350e+29
-6.748884343522357957e+29
3.027833996616062532e+28
1.397996410794641779e+29
-2.424843060526428208e+29
1.893848966379059239e+29
-1.916786287199579751e+29
-1.165412445933209117e+29
-7.031432337947907838e+28
4.598919794262496695e+29
2.975452481904991282e+29
2.681536024079465776e+29
5.821204845731347693e+28
-5.739630768258654465e+24
-5.413032188697955241e+25
-7.038935893976130964e+25
2.691815976845773201e+25
-2.773404403031763702e+25
-4.376287107955959099e+26
1.411363186731046209e+26
1.884377791089355635e+25
3.932189329502055373e+25
-1.557248697662619486e+26
9.414605389116199228e+25
-3.165165649590784797e+26
4.816400424208214389e+26
9.312140326356849259e+25
2.314197282782549037e+26
-1.397530516217731598e+27
1.189267179640122707e+27
1.753202728263517507e+27
-1.367114433930371684e+27
-8.621967212229166495e+25
1.925448745123522764e+27
-2.681434901584269644e+27
-5.404526728061568639e+27
1.608733369024845810e+27
5.115791433083868063e+26
-5.272807844472796905e+27
-3.146816642616245169e+28
-1.917800617457046347e+28
-5.424209023017479546e+27
-1.607419899741881805e+27
-4.256622221070578274e+27
-1.973891751284352922e+28
-1.564757294291338484e+28
7.449621770348985213e+28
3.961907677361398591e+26
-1.176868881521709723e+27
1.131418382474641030e+27
-1.091019093580968851e+27
-3.023382805329523773e+26
-4.434448600643556643e+27
-3.721394146587654918e+26
-9.401200907742951598e+27
7.759484081722010650e+27
4.876607735464591977e+27
3.009697337412320713e+28
2.958844338199307067e+27
1.465115440133924502e+29
1.923925620485737960e+29
1.775741596528386125e+27
-4.989934319587615012e+25
8.675975408521619980e+27
-1.942955228498873397e+27
-6.165765650295802681e+27
-3.915476026750999635e+28
3.604890066652838226e+27
-3.435218745329511962e+28
-2.452923102415141689e+28
-7.471007961462393370e+28
1.515411104637594722e+29
-6.920588356938565424e+27
-1.914164976623570936e+28
-2.005532817278459167e+28
2.087715845055507004e+28
2.176905968220229472e+28
-7.817793952546851723e+28
-1.435496806463724941e+28
1.747214887942724446e+28
-5.499630802164827011e+29
1.685925693264909418e+29
-2.775192320227978338e+29
1.736830605565628623e+29
-3.985851446299079498e+28
-1.781395331248960455e+28
-1.013171649110846642e+29
3.421139143516576805e+29
1.874405298819752898e+28
5.329610644304092362e+28
3.657982876938237973e+28
-7.040533402580261766e+29
1.013422242600083111e+29
-7.247067109953214767e+28
-7.518026810077403612e+28
-5.206806442217983490e+28
4.778899994930455838e+28
-3.561590108848294250e+29
-1.412019867368063282e+29
-2.013470806095917603e+29
-1.120614570781547089e+30
7.691314854171019214e+29
-1.021476113693032997e+30
7.750333754635774121e+29
8.339866672198481900e+29
9.057697207083497547e+25
9.344925335178218182e+26
-9.526209491346650170e+26
-3.529503225186957182e+25
-1.764468604946042880e+27
-2.686759604343985764e+27
7.495928302855802285e+26
-3.030670151593793024e+27
-3.127390198206123254e+27
-4.365278441219505826e+26
-2.435399284187595418e+26
3.018532657460968947e+27
2.835859283161729253e+27
1.607604962107722857e+27
5.891647975397606425e+26
2.146338415665108895e+26
6.786061240137045772e+27
5.837534845599145027e+25
-4.504919089567026324e+27
-8.421303592250682782e+27
-9.845291191459178636e+27
1.551828610158848904e+26
-2.265146725357547447e+28
1.911363999930941424e+28
1.196502468204608683e+27
-6.159089249261937151e+27
-2.734826958554858274e+28
6.635574877189041262e+27
4.761899642579348794e+28
2.325263042835657526e+27
1.287972344770848626e+29
-1.051660023432117029e+28
1.296166233200463383e+29
5.697699823768798973e+28
-1.559145508454647466e+29
-6.990437147340905435e+28
3.445708017980141891e+29
-6.807638019394640037e+27
-3.054825873051025968e+27
6.404087818775814601e+27
3.155336720727265401e+28
-3.323077053351212333e+27
1.965907593089855186e+27
8.228665422345118352e+27
2.040123222498738618e+28
6.187427862247236760e+26
-1.118573833420150183e+28
5.384890628984304522e+27
-6.248764037491800431e+28
4.593131867063345408e+28
1.797489618362463353e+28
2.007715679665719633e+28
1.024024897499302396e+29
-1.199717802972399014e+29
-1.203885395569164622e+29
-3.820994741399742215e+28
4.832468451680649731e+28
9.239060783549927058e+28
-2.002114249722671623e+29
-8.953782100692931666e+28
-1.361604238387475688e+30
-2.433187873307742630e+29
-2.740634708043782263e+29
-1.548110655966992334e+28
-1.241194722173744639e+28
-2.172693002474408728e+28
-9.044108605355631503e+27
-2.062256151758463501e+28
-9.306271953958450405e+27
1.670027575039275934e+28
-5.128074856328507776e+28
8.917801383087317065e+28
-1.731387994942774502e+29
-3.281664283447953599e+28
-8.787089716043879435e+28
-2.329986217364978819e+29
3.863613594958271002e+29
-6.984086603149897064e+29
-1.055657827548026494e+30
-3.788600980617258286e+29
-2.044409270340751051e+29
-6.615242014087151726e+28
-1.096263130726385431e+29
2.135181305151826010e+29
-3.769543477882755781e+29
-1.448493950214470181e+29
-3.527924990502163194e+29
-1.374476592690433442e+29
-4.026359077507450297e+29
2.223869383145613428e+30
-4.304882735406897564e+29
2.110690035756579949e+29
7.790848834484113546e+28
-1.090322324600191990e+30
-2.556185794963185715e+29
-2.126002544165749680e+29
-2.969058205765076616e+30
-1.679114437029186998e+29
-1.064490026437468723e+30
4.711811481763581211e+30
6.441164559640234811e+26
5.343097120178910595e+26
-4.436178579518693982e+27
3.060936403475991026e+27
-4.676818345181024906e+27
-1.091879137463163936e+28
-1.128171395105906913e+28
3.975160569245556655e+28
7.052729627453899939e+27
1.328373643023861995e+28
7.852862110504656064e+27
-4.058506715190461078e+25
-4.020460380578281833e+27
-5.644626362007010629e+26
1.160037724195557337e+28
4.510927649441916474e+28
-6.405690802973204673e+27
8.108573057112812046e+27
-1.106455591502662432e+29
1.192876123680528007e+29
-6.218126386666883207e+28
-1.140455664564070960e+28
6.163061890695577601e+28
-7.500039639217933143e+28
-4.727598290113215936e+28
-1.856539765004513106e+29
-3.192816300141633616e+28
-1.403700031054369792e+29
2.256170481435291007e+29
1.401960027800892824e+29
8.015919959286563354e+27
2.439281642825783476e+29
-4.546913883290926776e+29
1.122227479865626497e+30
-6.597714027599797134e+29
8.311143034849972302e+29
-9.787295655552386660e+29
4.452233018580348802e+28
-6.804116948820410418e+28
-6.486246917256035997e+28
-4.426828370057104212e+27
1.964067246790092253e+29
1.118135694347177233e+29
8.333806833614598673e+29
-8.364147957934274822e+28
1.419204389627255115e+29
-9.884211500696035195e+28
-1.519751430036328365e+29
3.429787052253351410e+29
8.043355924864561336e+28
2.757763270195646115e+29
9.431997885580177882e+29
1.184761056036227576e+30
6.718808784550899946e+29
1.561820025070595062e+29
-3.442283886387935383e+29
8.227925427009044507e+29
-2.313814143146531418e+29
8.156429509771202451e+29
-2.615216276080401585e+28
-2.121178926663843665e+30
8.623389187700264468e+29
-5.441139080487715033e+29
-1.356988935791261391e+30
-3.436932916332609680e+29
-1.037543145575337228e+28
-4.601412207388609393e+29
-1.158663311144107049e+29
2.084453573625298486e+29
-2.529660073994526744e+29
-2.039118325835362361e+29
-2.484563038548254487e+29
8.595277482964746642e+29
-4.657507547619463237e+29
1.761289262704098585e+29
2.972515001501582019e+30
3.747859494176745473e+28
-9.995674868808025564e+29
-8.758919662426735721e+29
3.269116620741618868e+28
2.089262567940540176e+30
1.617913559837569801e+30
1.080607144953093227e+29
1.848714803657698554e+30
2.689880037660836379e+30
1.345687847109369737e+30
-3.888042007382181942e+30
-7.557390094704474579e+28
-6.482558625871540272e+29
1.527053666508270223e+29
-4.776601498797082645e+29
1.317617070207070965e+30
-2.581669477485010877e+29
1.354364080126195381e+30
-5.956651487820769988e+29
-4.041621305519350493e+29
1.284029438825216593e+30
-3.926122188210613110e+28
-1.260742492609857727e+30
-3.757562924076636887e+30
6.794854922130364911e+30
-2.535715550263982624e+26
1.041406387088231750e+27
-2.243398450098800509e+28
-5.238364293392456299e+27
-1.826495863973305074e+27
8.071375754634358183e+28
1.143188531405112720e+28
7.254481680406326477e+28
8.461418733041235090e+28
3.436681592796599606e+29
1.865947446657622921e+29
5.669082589117920220e+29
1.095070629000141718e+30
6.173990886207008900e+29
-1.830125452249128694e+29
-5.557617883839154465e+29
-4.743691566912479280e+26
1.611518656722133144e+29
5.171925521846402841e+28
-2.448348496061438659e+29
3.044910359158785601e+29
-4.486028836927880414e+29
-9.939248659627932508e+29
-8.351515893612534392e+29
-1.380142582004580719e+30
-7.550042559603648959e+29
1.447400783876110696e+30
-1.215432500954221747e+30
1.042004366745143326e+30
-2.824740479789646095e+28
4.089736928847453771e+28
1.574527455237861434e+29
2.208930165881791431e+28
1.963176227607527342e+30
-1.769689668578679021e+30
-4.834372234000513377e+29
1.481507863069400320e+30
-5.985451702021226139e+28
4.385927041044736093e+29
-5.706239639914283536e+29
-1.190984482510919591e+30
-1.483603907955700362e+30
1.273531457693637670e+30
3.338706080555403733e+29
-3.683120305123090973e+29
-1.220898879236610779e+30
5.523496041150304116e+29
1.747074226769195178e+30
-3.166256238191434390e+30
-9.277516494653448238e+29
4.947116307884855054e+29
4.629563428811771578e+29
-1.232384708190157984e+30
1.176236271746506945e+31
5.976883888545858463e+29
4.479535603104909595e+30
-2.004226429215215491e+30
-1.582170127732548264e+29
8.651281514060903477e+29
-1.379638540721208681e+29
3.241892744122061459e+30
-6.574016958331898908e+29
-1.777361551292414741e+30
-5.179879366165633839e+30
5.943517392784959690e+30
2.668664134008318438e+30
-3.229842972722268360e+30
1.444612513368087959e+31
2.204850310390593001e+29
-2.245055089143287626e+28
-6.191459125715669681e+27
5.387362001731563888e+29
-2.590743514169389084e+30
2.897194642279319926e+30
-1.553917096973300171e+30
-4.999802384468240715e+29
-1.331947122120793403e+30
2.060114467398638606e+30
-4.846801536671137523e+30
-9.031902211364475144e+30
1.354193742493415381e+29
3.029086239905043552e+30
4.867998063074470485e+29
1.631994272150812787e+30
-1.395741476265700366e+31
-3.673397214941431629e+30
-5.389748633339091507e+30
9.669816139526711163e+29
-7.176867386383176750e+30
-6.301594431523476067e+30
6.267940471223049072e+30
-9.300710043646654085e+30
2.819413315163063422e+31
1.870089512170136106e+31
-1.319989094585997511e+31
5.179850663068857847e+31
-4.250667043318890581e+30
2.928112003488492444e+31
-1.411824988942890428e+31
1.966859171584801973e+29
3.528093156641018272e+30
7.031893237696713405e+30
7.092650915414318494e+30
-3.869929006609014956e+31
2.680240998526463463e+31
1.696501741802649591e+31
2.071989123582746423e+31
-4.529952513643772675e+30
6.530167719792308224e+18
1.151154230718143857e+20
-3.927174107991153705e+20
1.334877360435461489e+20
2.962515281599809454e+21
-6.111432271091066733e+21
-1.914127855563673122e+22
-1.390218857874966268e+23
-3.524277607100227584e+18
-3.768132479448274436e+21
4.404278074058527579e+22
1.211493530079731279e+23
8.165821483154755132e+22
1.847843691851800421e+23
-1.298201304750861207e+24
7.543054074597312697e+23
-1.354878500993574424e+22
-1.001385851577931137e+22
2.586147839668876309e+23
-2.172178952469738506e+23
-4.155858140412130623e+22
1.972827238564354524e+24
-2.894668819398235623e+25
-1.490514639303131572e+25
-1.252692411112723673e+23
2.701792712784894073e+23
3.899295610373780432e+22
-1.066062587561644491e+24
5.755210247443930866e+23
5.182414175111171434e+23
1.733131777197796804e+25
6.734415740123235751e+25
6.812282346776049018e+25
9.310985312561457109e+22
-7.085625032837683877e+23
6.789558127220051516e+23
-7.497827751819739639e+23
1.097682266155771983e+24
-3.302690793731460946e+23
-1.022921840251612739e+25
-1.194229166610516203e+25
-3.294643801501527358e+25
-3.165600613198672487e+25
-1.058092195694164057e+25
-4.155055629675818857e+22
-1.554379041097446700e+24
6.548200870394330255e+24
1.319916509228518921e+24
-6.464304133647445216e+24
1.525548194649003173e+25
-7.846129553956275980e+23
2.262327680514467931e+24
-3.893612962049331013e+25
9.282980663361377559e+25
1.548141999330891533e+26
-2.056201219828311995e+26
-3.796473143481084122e+26
-3.695603327558627581e+23
-5.756901559937714742e+24
2.628454037099112569e+24
1.904663054987239910e+25
6.622512532208079837e+24
6.168028755601844584e+24
-3.994590905760307619e+24
-7.366311500580563327e+25
5.829959541736716408e+24
-1.394916833911477913e+26
-1.756628419209203607e+26
-7.634777448130739832e+25
7.949694622768605106e+26
7.627125427267374627e+26
3.868571043807606275e+24
-1.339839563255461404e+25
-3.008882784228022471e+25
6.777019061487052034e+25
1.069602696061484493e+26
-2.101059300657304695e+26
2.021944078080489500e+26
9.632208320489502835e+24
9.639144683515966766e+25
6.871356897157278458e+26
-1.846669711327199149e+25
8.372591383447060012e+26
-2.070985412864555155e+27
-6.795541929322331599e+23
1.434495065016862425e+26
-3.247009119348179922e+26
-4.818359236826641732e+26
3.567254733104814522e+26
1.046055881362796172e+26
1.261005751315223561e+26
-1.117046586259623065e+26
3.772679282293899423e+26
-2.782112477645997940e+26
3.056270793005496578e+26
-1.798447089576409704e+27
2.345188769121227191e+22
-1.817328018595157985e+23
-1.440359022966113965e+23
4.040399604660624687e+22
-5.879818235428390841e+23
1.174588019847675983e+24
3.588267532939949360e+23
-2.470513476900308692e+24
-1.720608522096578828e+24
-1.189681206057528224e+25
1.809421608508068091e+25
1.418387109518343541e+26
1.780836767870518759e+25
9.956741142879033168e+25
3.619736449064520752e+23
4.415216173875642902e+24
1.284561488046098840e+24
1.479294402559776756e+25
6.298377902323630049e+24
1.121393385649012991e+27
1.000293613283291625e+27
5.029961321846199416e+24
3.671483346119931353e+24
2.953011434134997898e+25
-2.981312371372770770e+24
2.305947397799551285e+26
-1.815744943474896849e+26
-2.152856545346986177e+27
3.072568636960149741e+27
-4.716301933273435168e+25
7.074297872735965322e+24
-1.377226117242666163e+26
6.045394832082484626e+25
1.092829623614797729e+26
1.137102689157488117e+26
8.168541402665310787e+26
-5.586066407796333367e+26
4.441395163206156781e+27
6.052225275921641881e+27
2.610820975508650541e+25
1.720123726069846818e+26
3.636093227889088767e+24
4.046693956203637356e+25
6.086852455221944492e+24
-2.173816346482372907e+26
1.821962855616644170e+27
8.223025874813696249e+26
4.521502415020923366e+27
-3.615671146190206524e+27
-1.283160225499603464e+28
-6.600455152029510098e+27
-3.763592262503323001e+26
-1.020500803183054382e+26
7.120523494383167190e+26
-2.863392410545813367e+26
-5.751359363052009213e+26
8.601006175718813454e+26
-4.423775925715782338e+27
1.495104954102619725e+26
-1.364336717726189836e+28
-3.978720681822594186e+27
9.925515541521174583e+26
3.696294041815851063e+27
4.018927167620792665e+28
1.024786038683117553e+26
4.781897910335239627e+26
-1.565939222128638720e+27
-2.669532580716166137e+27
5.034591829319693649e+27
-3.676400320457027906e+28
1.042952174362652184e+28
-3.974540602642108561e+27
-4.532692189477896928e+27
-2.338713807611857991e+27
3.635793923501717916e+28
-5.136943037563843563e+27
1.072128417758563633e+27
-1.056871801039930348e+28
-1.208770509361536060e+28
1.528628769800285905e+28
-1.334403287314829576e+27
-1.208001884780119496e+28
-2.669395592844828755e+27
6.631987013453617872e+28
-1.496970763759580195e+28
3.918711782152580796e+28
-5.545088133498781979e+27
3.846764105349549208e+23
6.024024654855626046e+24
-4.210455577824218025e+24
-7.302533977368473222e+24
2.511681791381345191e+25
-1.220419669348464427e+26
7.287608910104781038e+24
1.582508192026304097e+25
-5.618022015664450274e+24
5.620035266686607165e+25
-5.955722511868824463e+25
2.476167429097910459e+26
2.123700188616699159e+25
2.441859362980655791e+26
2.393374186389052703e+27
4.732944140375999096e+26
-4.928984401504155956e+27
3.433834599239535618e+27
3.533536814232266646e+25
4.436871428801910947e+26
-3.955143252677962793e+26
1.404927487859383496e+27
-3.226050046537324270e+26
4.349905140315879075e+27
6.004163705930426445e+28
1.098193175100138843e+26
-2.735419896824062661e+26
-1.061592159327866516e+26
-1.292681118906259038e+27
-1.491544335565776446e+27
2.766036673014647557e+27
-1.031944071831050351e+27
3.799070450645741223e+27
3.901991596718202441e+28
8.281624039785685265e+26
1.194698510996125952e+27
-3.736981250337012455e+26
7.419851986243108280e+26
-3.644698298138528425e+25
-3.631173373871230573e+27
-8.041155032967410560e+27
-2.645445481623722495e+27
-2.200179910293354440e+28
-1.315361478798802116e+29
3.957125172915839356e+28
3.989811863239984118e+27
3.127010823824894428e+27
8.664584271257200153e+27
-3.089070929586628069e+27
2.581442320013290915e+27
-5.358242000168067667e+28
9.372203095235526365e+27
-5.020753303640135882e+28
1.992102821513248461e+28
8.105305825230445901e+28
1.245248795339684824e+28
-1.312882999640280275e+29
-1.269748976335982975e+27
3.428958346742567846e+28
-4.460613256508831112e+28
2.846153639754342541e+28
1.738800290916318813e+29
4.645647819640268159e+28
-2.400442892750019337e+28
2.823551738055201193e+28
5.794428833922598007e+28
6.286870078190950591e+29
1.419866264095317770e+28
-7.675088909143122818e+28
-1.765915496131975515e+29
1.808013200575105916e+29
1.816803275074052010e+29
1.078572648638925872e+28
9.341658821487867149e+28
9.102229719100887012e+28
-4.862176438250039648e+29
-6.722975900266733807e+28
3.087481191951931606e+29
7.065168631451820750e+26
-1.821352270324576937e+26
3.837062993284360961e+25
-2.023399516861002994e+26
-5.871908142118006014e+26
-1.166256442756985955e+26
-1.757224935017821618e+26
-1.229879275717169301e+26
-1.506763382460870867e+25
3.182768052434131167e+26
-4.037643797925356020e+26
7.495897232444131756e+26
-4.967856276628897425e+25
2.357115184802684313e+27
-1.231954067883952461e+25
2.620735431870384895e+27
3.317262578779974201e+26
-4.492735917696165383e+27
-4.419501578607515639e+27
-9.888725262839921986e+26
-6.227063844557790904e+27
2.609146232978473175e+28
-2.355624890622324807e+27
1.120494792441901357e+28
-9.086876853786351291e+27
-4.437115713068122065e+27
-4.929276243753892524e+28
1.440924679993184552e+29
-4.732601422483580497e+28
1.130181748847148162e+27
1.960109951315736054e+27
3.500999252628499720e+27
-4.917050842771490822e+27
1.236697394908989318e+27
6.072623184269903803e+27
1.260933366221832440e+28
-3.264210630701997272e+27
-9.583652751969779498e+28
-5.431642301741560874e+28
1.744889362695337067e+29
-1.583220328643029379e+29
5.132896614238233219e+24
5.257660846811300406e+27
1.220531017021354929e+28
-4.919973539157409584e+27
6.906145168977494003e+27
-3.463728757410940688e+28
1.569964799668401668e+27
6.351269970253187537e+28
4.032411635111532970e+29
-4.131932398169926283e+29
1.575616178216031369e+28
1.183455595324013605e+28
7.941941883613031468e+27
3.533532243225073556e+28
-9.760043561892854093e+28
1.268434246293629756e+28
-8.832594199069384275e+28
-2.498736241942953464e+29
-6.769225944049728904e+28
2.067702705982456198e+29
-4.366429540105471763e+29
5.366669948362031912e+28
1.020633245228208519e+29
-1.698099575616384913e+26
4.067810194477236074e+29
9.266188724763779659e+28
-1.724542739376853411e+28
-1.369525231847410264e+28
-6.702266204756879383e+28
-1.856739461821046189e+29
1.704041896184776892e+29
-6.779162599774489634e+29
2.318386263811724034e+29
1.757536027687323112e+29
-2.012882746010760195e+28
-2.070830057258429626e+29
-3.418257161705661653e+29
1.099261913671034248e+29
1.639109968737505434e+30
9.553881776949048231e+29
1.623423589405620205e+27
-2.847762586999899279e+27
-5.569379273327263170e+27
-1.751880300392141244e+26
2.481179397040660582e+27
3.606265240717379685e+27
-9.720581144027813962e+26
-8.284456138081732392e+26
-7.824082193006945224e+26
-1.232905327657088194e+28
2.227839695023681111e+27
8.710471029065286139e+26
1.430805030382172495e+27
8.997310299271851178e+27
-2.396737504067135741e+27
-8.362996793541060581e+27
1.454230656481149813e+28
6.395436608843359991e+28
-2.831246688775430244e+27
-4.259156581907340226e+28
-4.708078980736008499e+27
3.408054469634959274e+28
6.444803597416309644e+28
-1.001959258403925848e+29
1.078498283636480365e+29
1.317983764548336749e+28
3.295562702307840414e+28
-7.436846581642327651e+28
1.125220885437024623e+29
-1.200721419501576743e+29
-1.607123876385567566e+29
8.282363355331415489e+26
-3.073734029455559932e+27
-2.377086857392417830e+27
7.523622805525906502e+27
-1.381893265622337775e+27
2.227205265628335924e+28
-1.807634603712743535e+28
2.033053844304708351e+28
-3.168781661056189017e+28
3.266954592878748991e+27
1.248565050455349289e+28
3.640105412755701957e+27
-4.932909632852048084e+28
2.519217810164843321e+29
-3.143504609263075587e+29
3.420167342072979140e+28
-8.867210450457030482e+28
3.389913479757652978e+28
-5.440569036027167971e+29
-2.488696523409902024e+29
-3.068559641620329488e+29
-9.044366216564724369e+29
-5.630931276296534212e+29
5.581311780903005525e+27
-3.163827658069756102e+28
-5.548923815864508806e+28
5.049202021964157412e+28
-3.316347991028727182e+29
1.448838905212716680e+28
5.827457258009774957e+28
2.829913232105532578e+28
1.756773208859600974e+29
2.874232943117605471e+28
1.598053271391389163e+29
3.308535345750823902e+28
-5.141366390511985111e+28
1.481127232632583760e+30
2.146025575333698347e+29
-1.815897522630509452e+28
-3.554499745989987615e+29
-6.513224552571949535e+28
2.116757094777075989e+29
-1.901457355407830833e+29
-5.640168085393313380e+28
-6.030000115922003328e+29
4.614121372951565660e+28
-1.997381381443839885e+30
7.771840779028614485e+29
1.274225804586746959e+29
4.546570907318031488e+29
-8.379815108530217016e+28
-1.558492604714183703e+29
3.391969062553113973e+29
2.863036621437336675e+29
3.454602202797699738e+29
-5.462990810115330600e+29
-2.812615649035658474e+28
-7.178535163348044911e+28
-2.568736463624300601e+28
-9.689223158752000928e+28
-1.787129327122916935e+27
-4.496169410234874145e+27
-1.258385548313675635e+28
-1.146747356148693149e+28
1.658718042488535605e+28
4.801802888396878911e+28
3.802017645594681921e+27
1.655329826979383922e+29
2.297159231435843674e+29
-2.236106701534531390e+29
1.275378993625322465e+27
1.280417429196444117e+28
-2.940437503707669894e+28
1.054002251671065840e+29
9.011337372379378914e+27
-6.627358087863234941e+28
-1.130032924171055861e+29
2.074620353790831010e+29
7.307173507967532816e+29
1.215500572195025119e+28
-1.704133703512010830e+28
-6.132648250771756782e+29
6.641090910453844222e+29
8.099906024427096458e+29
-2.473559512769655163e+29
8.916983938688742417e+28
-1.075529927304951795e+29
1.153197348414107369e+28
-2.377635047765091368e+29
-6.490944971795176342e+27
1.393101123792953603e+29
-9.323161391308943200e+27
-2.070675920033158841e+28
-1.240213402944791033e+28
-4.499645500133126045e+28
-1.121971911794333442e+29
7.261902106524760765e+29
-2.810409717161019599e+29
-1.279551445939749962e+29
-5.535363042676376844e+29
6.070533854625836951e+29
8.537761973229779469e+28
-3.761529758499218955e+29
-1.053530676165405501e+30
1.042686791007207858e+30
-1.654845073230988988e+29
-1.770449751718703048e+30
-8.768180709217759032e+29
-1.075344143664008635e+30
-9.883739055175900303e+29
-1.495181464798336290e+30
1.424399868400738972e+29
-4.558162325744842383e+28
1.339311309728482727e+29
1.505621319618102147e+29
-5.403719739437838488e+28
-9.030465219373216810e+28
-7.102539508190420664e+29
-1.694726262014085688e+30
-5.906243934234733802e+29
5.926201927364664862e+29
-1.240013656428304751e+30
2.292340598167889909e+29
2.327162925855395351e+30
-1.507003989028037121e+29
-3.041241780012182248e+29
2.309118364731864160e+30
-4.150380235718695247e+30
6.422976364943591565e+30
5.573793561187137433e+29
2.384786312092635752e+29
-5.271961053097451519e+29
1.650153812134628582e+30
2.114565901763261664e+30
1.247383622444052541e+30
-7.320712783653009769e+29
1.910238284377167722e+30
-2.242997846080230938e+30
-1.641183181153735896e+30
-1.167394024397980770e+30
-9.034226971093792691e+29
-8.522430653979628510e+27
-4.003566413510393467e+29
-1.302641877332422753e+29
1.768719789026504873e+29
3.745051620069875977e+29
9.471291364973778351e+29
-6.135498107805108651e+29
3.542443299732113604e+27
-2.434769507195309294e+29
-4.440649361017817205e+28
9.927089787938918561e+29
2.030643059303396907e+29
2.120047559517144252e+29
-2.181002270979754326e+29
2.281669068536330073e+29
1.447835101581674247e+29
1.488416264333310397e+30
-9.567088033067225165e+29
-9.132989883830096006e+29
2.424330318951820785e+29
-5.779912983582306372e+28
4.163493445443525446e+29
-7.589537113511709369e+29
-7.327616111309734568e+30
1.334845375845724440e+30
2.367898371483441046e+30
1.085403268336094625e+30
-4.827506032592823241e+29
-7.160716460563213115e+29
2.316892084056457063e+29
-9.897374967743507289e+29
-2.601315633711600054e+29
8.926925103105279895e+29
-7.582063965085760494e+29
2.469504437891005905e+29
-1.885158686136012329e+29
3.362247549745187687e+30
2.413413063516402686e+30
-6.324312746815210637e+30
-5.773908070861654510e+30
3.936009680547743986e+30
-2.779751734804322065e+29
3.944611189886808851e+30
1.672394288284537862e+30
4.332626938070438028e+30
9.151653611360340190e+30
9.752267890435160615e+29
2.489395139446251733e+30
6.154530112699455463e+30
-6.658717418786557929e+30
-9.961789838385157358e+29
-1.248056359678985007e+31
5.785162551053909051e+30
1.074059501111375284e+31
1.317619182684345276e+31
7.038259704466502906e+30
-9.661832600251474311e+28
4.465842022726101265e+29
-1.801130974658946040e+30
1.345129435187257057e+31
-7.453133832406730031e+29
-6.312630392898670711e+30
3.213130045026888433e+30
-1.563470787629234044e+31
1.290810028548924165e+30
1.874845646067773075e+29
4.810993991820196111e+30
1.784466753030325093e+31
6.014954679586631521e+29
3.277934919969123403e+30
