1.115555771000964800e+16
-1.555400261186643354e+19
1.896292434724186358e+20
-5.357508796041499771e+20
8.433936538704173597e+21
-5.986430789656075305e+21
2.645877810907956275e+22
-1.353779259373209141e+23
-1.391835156094111936e+24
-6.522422313556328448e+19
4.316783297219808461e+20
9.366012926910828380e+21
-9.792980932038347457e+22
1.493910552149703021e+23
-5.483395668528863379e+22
7.269788295814774260e+23
-4.110045567808032381e+24
-9.788606273251621130e+24
7.918089309064783462e+20
-1.539585491787977431e+22
1.026853755279919379e+23
2.319014657586807083e+23
-1.324564308276953808e+24
-8.336947078393155310e+24
-6.503663056206289397e+24
-4.858040129941047764e+25
1.895677834448634830e+26
6.018228115999869108e+21
-6.892069549110748565e+22
2.557290102249648355e+23
1.344250049237128472e+24
3.495362960652382880e+23
6.902256291963575386e+24
-8.391440932818662023e+24
2.679930251741671309e+25
-1.718305870466492412e+26
1.124891660860664750e+26
3.685853254982214405e+22
6.412224295752633565e+23
5.735431878819679400e+23
-4.155080505123555309e+23
3.257915168370571686e+24
-1.733568232761871181e+24
1.421166528529431237e+25
7.060161227758853236e+24
2.618809725078304478e+25
2.882965857993466025e+25
7.402432443602392341e+25
4.911541300044246808e+26
-5.804389981770764780e+22
5.421356012782829017e+23
2.176979263316173290e+24
-8.912399005303654209e+24
7.823543501675069522e+24
2.085936373182386726e+25
1.951407831615770976e+25
1.252244272048097649e+24
2.356428908673540896e+25
2.338151365152897570e+25
4.999573087689852750e+25
-5.543057501054145046e+26
-3.389931334023904992e+26
-1.318473560742474907e+27
1.036413199555169920e+23
4.956842424935562640e+24
1.607135061710580525e+25
7.947144083792169260e+25
-4.315480327264037276e+24
6.451002938918055139e+25
2.714421624762406229e+24
1.102477900663449438e+24
-3.782639450449988004e+26
3.619379027334760994e+25
-1.780627610703217639e+26
1.819109340220651501e+26
4.762847178353864371e+26
1.063970730841391926e+27
-6.715432971894648484e+25
-4.717160385597249442e+23
3.850862779268215926e+24
-1.170053749398200258e+26
-2.544518327842010835e+26
2.783916961230197391e+26
2.713005449643223351e+26
-1.194024834737348419e+27
-1.575515691787231405e+27
1.391459023122268682e+26
1.083331986245495341e+26
3.472552509890120413e+27
-3.838384556903343836e+26
-1.380652838215115323e+27
-5.422231721103900077e+27
-2.406912014908437209e+24
1.552641829470005214e+25
-1.474767359149710608e+26
-6.482480571286148939e+26
-3.206741393792206960e+27
3.538603391569493340e+26
6.347046852418472211e+26
6.822802413575939133e+26
-2.561459959979004063e+27
1.698438181044676773e+27
7.251608983960811055e+26
-4.519266487048806970e+24
9.902305629368720048e+26
8.711597993773827359e+20
1.378693050017177928e+21
3.861179868278653400e+22
1.685442895291774916e+23
-2.748237109335651265e+23
-6.610849014813417066e+23
7.616678831126210916e+23
3.112059067851834068e+23
-1.623005892776898633e+24
1.528553885931339159e+24
-3.137010558818394321e+24
-5.566690169053023295e+24
1.820624437232995465e+25
-6.312446373246956297e+25
-1.757121014882084632e+25
6.753883666030678761e+25
2.072739995223870805e+23
4.303140182928035005e+23
6.709086724600184835e+24
3.259103421930195653e+25
-4.840419197685432649e+24
-2.007273257832039659e+25
4.561112360095413531e+26
-1.054690168554006712e+27
-5.541266291109416025e+23
3.121039680436470479e+24
-3.942947178536686821e+25
-7.760094820116860991e+25
3.070054657429834528e+25
2.723416309899011652e+26
-6.876431696835689442e+26
2.453828446735870210e+27
-9.654732191880598141e+25
-9.809754333195377872e+24
-1.462268945890165527e+25
2.183007392892205628e+25
-7.045065660088106750e+25
4.442869724638863888e+25
3.526069536634427886e+26
-1.461170878105923283e+24
-2.906562444525637001e+26
2.130380094071784694e+26
-2.675931482551853806e+27
9.205993784109789383e+27
-2.563950688828568474e+25
1.883713992641754765e+26
-1.299182984674218092e+26
1.209894370557886304e+26
-4.004708595681903420e+26
-1.652851720369023157e+25
-3.234322189294431963e+26
-6.886410091953482896e+26
2.044089318218472454e+26
2.432562550591933536e+27
2.045242672794845327e+27
3.021802816366947116e+28
2.398698115053867139e+28
-1.411019454742681928e+25
4.373672204027102133e+26
-9.321048481233752589e+26
-1.422239467638182209e+27
-1.676469717098968250e+27
2.617313107286777067e+26
-2.753887405279470986e+26
-8.961547993424498248e+26
1.927359441480202231e+26
2.682887916105689516e+27
2.699500966485855836e+27
2.814498140400635398e+27
3.517006593070604258e+28
4.585516493594703436e+28
-2.822734927502523972e+26
-1.299935675550736121e+27
1.199574121404164496e+28
-9.393236615280173221e+27
-1.020171771469506951e+27
-6.667247510253139045e+27
-1.676306502963021847e+28
-3.696879836164699856e+27
6.924235446600401795e+27
-1.160349496598299706e+28
1.473076576315688856e+28
7.605947713109997148e+28
1.547723721442844812e+28
-2.871169527226348839e+26
2.307732058485183771e+27
-1.181289896036619879e+28
-2.805089194523060945e+28
-3.266537477696336950e+28
7.720903010498695628e+27
-1.194820825178259994e+28
-3.015372680512021265e+28
-1.853446196610773543e+28
-3.037249052074405920e+28
-6.224718276203450988e+28
4.017740089669065298e+27
-3.765911746899100293e+23
1.098829828312279772e+24
7.266221600172355229e+23
3.095730033678446706e+24
1.142545625749910379e+24
-2.080277860482893084e+25
2.156418322228499158e+25
-1.164217896410017543e+25
-2.236192008838064589e+25
-1.756132723705954794e+25
-3.091179543617244913e+25
3.929066703123520614e+25
2.703925371429652070e+25
-3.182014783789086448e+25
9.437098085655016538e+26
-3.853054267233742580e+26
-8.182301452149066074e+25
1.016302206151838620e+27
-7.290604683740049375e+26
5.299830704756016156e+27
-4.812243818402549016e+26
4.731551285721986846e+25
-6.482850766727425887e+25
-9.837654446041594869e+25
-1.514904259416516726e+26
-7.137204074765506447e+26
2.903706713484066892e+27
3.392977350360335959e+28
-1.931732476585361459e+28
5.637994703316428051e+26
-2.411564417571727572e+26
4.057030488698336240e+26
-5.363699086908100101e+26
-1.308221833126073270e+27
-2.678785158370623160e+26
-5.590616322940496194e+26
-3.648957960858389710e+27
-2.313558487362972459e+28
2.039447148571981168e+29
-6.718682905413475587e+25
-1.109146306578560401e+27
-2.352908798584198030e+26
-1.888374931579761553e+27
-2.429887052759664382e+27
1.273888003693740036e+27
-1.140497880855191462e+28
-2.475359407812924481e+27
-1.629274132752665939e+28
-1.343976700926372914e+27
2.022659998914995252e+29
-1.412360672602364501e+29
8.733574121406798547e+26
9.645283265749261579e+27
-2.868929025706428765e+27
-2.168006082969164961e+27
4.565754479747955602e+27
8.262917639584040445e+27
-2.089700949805177509e+28
3.885757191225588066e+27
-2.210588654588725973e+28
7.896644122373470291e+27
4.410222130667816590e+27
1.562857847955708230e+29
-1.376707008439859704e+29
-4.853080531577805219e+26
2.668023088230446783e+28
-7.525178279864268953e+28
1.615554167838665136e+28
3.904358165741794380e+28
-1.224288645599082929e+29
2.816015982714546600e+27
-3.846495174020991094e+27
2.751486774179999380e+29
5.116929673668187500e+28
7.049007959033347572e+27
-2.911064014312871275e+29
-6.015426492674065839e+28
-7.832470158543327942e+28
1.923887387180662454e+29
2.936874953911160849e+28
-5.063879257830523642e+29
-2.687032374299600457e+28
-2.880037479471324799e+29
-1.238279493384820868e+29
-3.563550497646394966e+28
-2.114888567892985081e+29
-3.234100209714269796e+29
-2.374925334000615538e+24
4.673423491972701873e+25
9.793702256999442894e+24
1.829308419604943764e+26
4.188239057446297057e+26
3.080785785942153935e+26
-4.285397418892804329e+25
5.915780711859655910e+24
-7.404547926341363388e+26
-1.900735905637190371e+26
-3.646735884090745911e+26
-8.113551446524491051e+26
1.133790769511970717e+27
6.096910851882041849e+25
9.881640681223399597e+26
-1.603597464502345668e+27
1.760226435694167428e+26
1.192142041778919889e+27
-9.299561588156151059e+26
1.162563529065657464e+26
-5.969872231438472725e+26
1.315883082442810800e+27
-6.747429670186267610e+27
-2.853864820162631484e+27
-5.906009082922477831e+26
1.693566144495239785e+28
-1.643493543274470031e+27
-1.091088345201801245e+27
-4.864437077460423402e+28
-8.318953605131446333e+27
-6.966720609193222024e+28
9.307427357179962914e+27
-6.525662790715754767e+26
-9.360893768501396551e+27
1.726497378041470770e+26
4.401196165690239907e+25
-8.171090853251162202e+26
8.573759860881843553e+26
1.530438601500627422e+27
-1.833669838300435357e+27
1.376602385623877476e+27
-5.978313342693967826e+27
-3.970087804288430543e+26
-1.062306586450292735e+28
-4.343783557437814615e+27
5.180001490984776804e+28
-2.617590503090888646e+29
2.249679093231059850e+28
-3.463748852274773949e+27
-4.160946787139635827e+27
-1.660261803291371975e+28
-7.622511691252024645e+27
-4.790789881469574630e+27
-3.288151003003591595e+28
7.192076805866409053e+27
6.125783709987324040e+28
-3.409844167612913619e+28
-3.860815954729042547e+29
-4.462263687503860048e+29
-8.013227075465762957e+27
1.508154795839743294e+28
-3.063605514458451351e+28
5.535574090190657936e+27
3.283889508861832795e+28
-5.590680148615190056e+28
1.415517715534705228e+28
2.967209674925152373e+28
2.397385774607220320e+29
-2.446580697725379328e+29
4.169232605687156201e+29
-1.827198689282819754e+29
-1.201400906539543955e+29
-5.797506723906528559e+28
-3.072754750045790850e+28
-5.979165636257435260e+28
3.607006124343624419e+29
1.398251601727449376e+28
-4.259111800585653485e+29
-5.332456126866279347e+29
2.683691784187235235e+29
3.102885050294601206e+29
-3.744874228117474740e+29
1.736592374091019049e+29
-1.894102815036152749e+29
5.207378470814476988e+29
9.164364446369609114e+29
1.672933423115097355e+29
-1.115743342428231678e+29
-1.163396267563094084e+29
-5.833393047446879969e+29
-3.686504635122960115e+29
2.103480881966630185e+30
-7.922228304060401185e+25
1.687395911089240353e+26
1.136330332916187269e+26
1.504898177715678305e+27
-3.720864876743067981e+26
-2.164900674023334565e+27
2.898982691012563598e+27
-7.845080902266571251e+26
7.071743902356817521e+26
-1.860835899210331009e+26
-4.007557778743814174e+27
6.137352029147104740e+27
8.237088866010074112e+27
-2.515874696496408069e+27
-5.470426513968939412e+27
-6.927861952878045266e+27
1.227100877451938097e+28
1.523328619229453372e+27
-7.155636723576137489e+26
2.280071170921636637e+28
7.690451953800591217e+27
-9.479484838129104710e+25
3.210937159522037060e+28
-3.049516939703182993e+28
3.715143942916125180e+27
9.536222219249195564e+27
8.056046790261439852e+28
4.097692904813678781e+28
4.340008284416274619e+28
-4.830816846168464754e+28
1.118246715696141540e+29
-3.449720661009955558e+28
6.467648575057282256e+28
2.612496623560181543e+29
-3.978911044872824715e+27
5.998153736167944536e+28
6.424824886522260916e+28
-1.382233272503573248e+27
-1.184408650238385401e+28
-3.187874005255006057e+27
8.493194842913909265e+27
-8.996503008659016675e+27
-1.123829862791070142e+28
-1.345282330004158759e+28
-2.951096875442071533e+28
7.832833305641262835e+27
-1.511699998075073100e+28
7.993185570179902744e+27
-9.931305854919788989e+28
-2.892148670467585522e+28
5.833630221893319279e+28
1.127252017434349499e+28
-1.077509242172822159e+28
-8.831791486666948891e+28
1.998756891830582175e+29
1.645663804878511123e+29
2.837068839122601750e+28
1.842963020937668157e+28
-4.250279612064584056e+27
1.448746621947570013e+29
-4.583585269173962471e+29
-3.079159663597891712e+29
-1.829845263121899382e+29
4.836228418631008704e+28
1.567050760935701391e+28
-1.602241882080677461e+28
-1.374438966881900185e+28
2.995490241888112997e+28
-2.223829216358458368e+28
-2.419633735468574171e+28
-5.473993202780220354e+28
2.350411153277151913e+28
6.368961487835745642e+28
4.977524325078588461e+29
3.023380625055818177e+29
-4.502120319384005817e+29
-2.728726525083912738e+29
-7.346404819935438972e+29
-5.486161207496401109e+28
5.864488820158398999e+29
-9.715276483066943946e+29
1.483486896669545617e+28
-9.337565545822095687e+28
-3.653757241276952810e+29
8.490262063091300522e+29
4.213308039522774131e+28
-1.860806634099780827e+29
-5.120308961943785417e+29
-8.634519672540985156e+29
3.898889786709711624e+29
3.719078641471061460e+30
5.435015005941288083e+29
-1.866587960414198232e+28
-1.625497871950080195e+29
2.775312126510145427e+28
1.129801126919086371e+30
1.207810063196407668e+30
-3.572162291947049150e+29
4.125617223167999293e+29
-5.339819501296855571e+30
3.369642694961995451e+26
-3.861489291320582841e+27
-1.891074582923445812e+27
1.547916995342870991e+28
8.543778024046924828e+27
-1.166753983736741858e+27
7.632686544676434611e+27
-3.999524180522529864e+27
2.916439538713511566e+28
6.310393820649471188e+28
5.528212803584292042e+28
-7.629349473024829001e+25
-1.755244617901599484e+28
-8.861640131726796183e+26
-2.380022158660798252e+28
-2.729953430930373178e+27
3.950056991705351574e+28
-6.602886047393125078e+28
7.489379359503746255e+28
-3.120175805927418166e+28
1.625392422610779586e+29
-2.661877483025748522e+27
-6.362220350454514891e+28
1.639466434436126151e+29
2.229284113416375274e+29
-6.999490497838248915e+28
1.478813138595352549e+29
4.138108031972011952e+27
3.325116830957052961e+29
-1.009497091257624812e+28
-3.251824156009742914e+28
1.828805436587957511e+29
7.015432269179395140e+28
3.397348575020263513e+29
1.737357778508142553e+30
-1.257228284521036475e+29
1.672695029220029264e+28
2.950153228305089887e+28
-5.848837444672624189e+27
-9.317532361344348866e+28
4.321262118257542751e+27
-3.332610972462240826e+29
-4.077685421090542223e+28
2.760122383984152569e+29
-2.837935457255034571e+28
1.578452369322560783e+29
9.241004114760426485e+28
2.576085104272860496e+29
2.909225947908090730e+29
-9.457723614701776203e+28
1.466904096298786904e+29
-4.905346452735787594e+29
-7.245406715965295189e+29
1.252687152978091476e+29
-4.545735814963904827e+29
-4.217459692330290456e+28
5.760942165491357517e+28
-7.667835964931977607e+29
1.236012651237186112e+30
-1.355193354307754733e+30
-5.592993691423460203e+29
2.071306050625118398e+30
-3.829206129704671048e+29
-3.221883970860571806e+30
-4.445278434206909505e+29
2.247647871899131352e+29
2.217500564127838713e+29
-7.116052484315932361e+27
1.498394650514421131e+30
-4.050143752778337436e+28
6.784706894172215804e+28
-1.907840240114226597e+29
-2.447560542809296019e+29
7.673255887597250253e+29
-1.395843666264449766e+30
1.446584390512736276e+29
-8.585239853261382782e+29
8.434423100591011508e+29
2.780167870840646037e+29
7.331829656531517299e+29
2.225443323019919015e+30
8.944582276423475569e+29
2.791220001893849717e+30
7.937583907890243641e+30
3.561200897325062561e+30
-1.199195388432599993e+30
-1.624851153186115310e+30
2.369264186182783576e+30
1.158146447094090506e+30
8.060254690631576032e+28
6.073686982325428175e+29
3.768177558378833523e+29
-3.108016486219983786e+29
9.872359614051444242e+29
-3.949402745739239792e+30
-1.956780391386347312e+30
2.328921432398170374e+30
-2.516237848425733244e+30
7.189424390610463119e+30
-2.977584318125623797e+30
3.299651356233335059e+30
1.392138502188415544e+27
-6.997531053234497793e+27
-4.417173818321510401e+28
-2.034629634730298997e+28
-2.030831562933050820e+28
-4.415807973884334400e+28
1.442343801029834200e+29
-9.026277513362183324e+28
7.089158123860135721e+28
-2.633183253561079503e+29
1.101776628847229195e+29
-2.088829267254601492e+29
-2.633844460408189714e+29
9.050838253097984545e+29
7.820660471610678557e+28
4.025105488043244254e+29
-3.925919833992390133e+28
1.916501128749081255e+28
2.966735052615496639e+29
1.696271528114688902e+29
-4.448649127274994194e+29
-8.291246659609496778e+29
2.339842115145474780e+28
1.104329057098865529e+30
-1.064701971145176136e+30
1.337372821554036324e+29
-1.156899748107459696e+30
3.820705653724802242e+29
1.234924257603252311e+30
-1.997187196774311035e+29
6.975062102176217451e+29
-4.508554883062859823e+29
2.697144868212668566e+30
2.308229162721636418e+29
4.615544087563152808e+29
-6.819707004725132315e+29
-4.217364200575126121e+29
1.257991595262733007e+30
-5.271335251824312995e+29
-3.297378003925968459e+29
-1.715067156629976852e+29
-2.169610095968658328e+29
1.049104349168009703e+30
1.282458881256484828e+30
1.721652269605855853e+30
-2.173363914101032480e+29
-3.016408682171167650e+28
-1.090044478460604047e+30
2.764212814002695174e+28
-7.129810871932655579e+30
-5.404697677468228974e+29
-4.322419128131675876e+30
-2.570810992216197224e+30
-4.164443177107546624e+30
-4.263560385615844708e+29
-2.724462163657253639e+30
-7.246888835731717177e+30
1.283644575993679985e+30
-2.134726212775841285e+30
-9.753377402901977491e+29
5.695911877485386608e+30
-3.557867262112108757e+30
1.259825334895598825e+30
2.264809759844074235e+30
-5.304709281671096516e+30
-8.810968067681503680e+30
4.356831035063363389e+30
1.412952335031385646e+31
-1.635748469385227455e+31
2.857614917494979377e+28
-1.587493583892721993e+30
1.070849495090626885e+29
2.975994490255446261e+30
7.542351166052155155e+28
-1.154817407233141965e+30
7.082505185437701354e+29
-3.145724655427997733e+29
-3.566347488467213181e+30
-3.415695595070908639e+30
-2.465114063126014148e+30
1.326684469897051988e+30
-2.662771286968608763e+31
7.009537035721604551e+29
4.899323423445749755e+30
-2.139102299071498275e+30
-5.519005977340104295e+30
-1.142404734090767882e+31
-8.191128960761770021e+30
1.941863452544038226e+31
-1.143862345975665852e+31
1.354042515963358336e+31
-1.129752954354677076e+31
2.699423397359157819e+30
-6.488241202390334842e+30
-7.047380025087035382e+30
4.802271756955259200e+30
4.793175360284926026e+30
1.542347347868370696e+31
1.292363799666496844e+31
2.631155040517879287e+30
-4.560131854349564675e+30
-8.354263592115026679e+30
-4.575769168191406538e+28
-5.301114329901713248e+30
1.675699747001428916e+31
-8.610768941624220431e+30
6.003995183293553406e+30
2.064561705594559663e+31
-8.264345000813849600e+16
6.024519722809973801e+20
-7.020536709496107172e+20
-6.397755984715868799e+21
-1.033026596962333150e+22
-1.194312675309104870e+22
6.335808606173333658e+22
-9.074433344276637533e+23
-9.937903626645005926e+20
1.459337810990700115e+22
7.621996107998872941e+22
3.516100378167234842e+22
2.583784592573166109e+23
-1.134259840059017980e+24
8.285507191800116650e+24
-2.090234336358192552e+25
-3.121149860501503187e+22
5.128249138189770424e+21
8.718549535039153441e+23
-1.287581390184388537e+24
3.689111855360327507e+24
1.925106298762968923e+25
-3.746733625037536296e+25
-3.271205111510214434e+25
2.797402937310389574e+23
-2.128956509872455596e+23
9.656442384966862378e+23
-9.601865715694258681e+23
-4.618347006604552291e+23
-3.520421789458438514e+24
-2.544071112224203950e+25
5.874222004464718322e+25
-3.778530310997800525e+26
3.473773272193652081e+23
1.440017850984489506e+24
-2.950985390737492627e+24
3.109721356342466435e+23
-1.001134367819330535e+24
-3.579129692324601669e+24
-6.564778354414240756e+23
6.072911325295584591e+25
9.629914997955742895e+24
4.620707950043994370e+26
-8.952138588536062340e+26
-1.940089855448080898e+24
-7.948672622468912445e+23
-3.247278695043970586e+25
6.224599377777753527e+24
-6.609691195239806433e+24
1.527756257693942514e+24
-4.848242664082030295e+24
4.125948298584044700e+25
-6.212220028425327998e+25
-3.488126914024709579e+25
1.697076310587654661e+26
-7.611427339125305041e+25
1.308301597635641971e+27
-4.944997385213192899e+23
6.944571334211881289e+24
5.336408395391184926e+25
-4.226177848692943129e+25
2.189185676813998121e+25
-3.707333541346741000e+25
-6.562127537928089225e+25
-2.783017152492526198e+26
2.609138806234667217e+25
-5.464515519748075364e+26
-5.519522915906036300e+26
-1.300039137820261105e+26
-4.231910934942581280e+26
1.812668754331851389e+27
1.937519145168428606e+25
-2.767619466113151553e+25
-7.829303304813766947e+25
-5.499336597871295573e+26
2.142991733156800545e+25
2.322741907805480100e+26
1.287421018574250883e+26
2.862590673447555864e+26
-3.648495460109499536e+26
-2.435891374631026255e+26
-7.264143510912155228e+26
-2.861660752587016554e+27
-2.682368361328805311e+27
7.062665061620324680e+25
-4.585165426415502465e+26
-4.401725800341677811e+26
-9.525691805086502443e+26
9.222517120542464648e+26
6.410260308971984373e+26
6.157146469242789331e+26
1.093107605239973674e+27
8.387029243242532389e+26
1.501508249654066565e+27
4.351619488030281737e+26
9.946281926197305944e+26
-2.200154859150290348e+22
6.690936783846710759e+22
1.619395628576777699e+22
-8.840608227061344774e+23
7.499035941617146213e+22
7.892473714487530766e+23
1.158171643907883506e+24
2.472174195037372622e+24
1.364852052040279317e+24
9.757818776470860228e+24
-1.068950002109001429e+25
4.740221518392552456e+25
3.023977898174172864e+24
1.388214048941696197e+26
7.197886042484470889e+23
9.693863256830119992e+23
1.336470357139214375e+25
3.510145883489821457e+25
-1.924245409034592446e+25
-1.610527033484276098e+27
7.943344306059971351e+26
6.153610007370495936e+24
-4.507640376761716604e+24
-1.255550138051938881e+25
7.151384821697389121e+25
-4.228198749988267878e+25
7.614308669899234594e+26
1.506207487936344173e+27
5.620403927850065721e+27
-5.129870944268949982e+25
2.673620123896055219e+25
-1.049632387765485062e+26
6.419836835666578779e+25
1.860751844306480235e+25
-5.539116151695370173e+26
9.967522680969702272e+26
-8.580702070318455125e+25
-3.776876680443523401e+27
3.761609922390803980e+27
-1.681825575244649456e+26
-1.333531353181217083e+26
1.582556248729714383e+26
-1.046000587938446503e+26
3.598084756231981267e+26
3.175311229570918398e+26
3.487723533660732670e+27
6.159304747000084567e+26
2.749997207893452591e+27
-1.141200610597349784e+27
9.388285435463763171e+27
-2.678304058338886313e+28
5.074024037966740423e+25
4.324629819582916260e+26
1.659612148920386652e+26
-5.702545634073083595e+26
-1.573758221857640961e+27
2.263529955214316133e+26
4.943259170379857881e+27
-1.229278575842682262e+27
5.113896988588770911e+27
-6.494386403100479814e+27
-1.415257205204542409e+28
5.288188406671879942e+27
-5.683664285640066174e+28
1.612656527085624804e+27
-1.164274349661198002e+27
1.101940043259908805e+28
-3.210332401284108673e+27
-8.052790145674151215e+25
1.774240811524107798e+28
-2.941286523107355180e+27
-2.410116616924952606e+27
2.480117207580820173e+28
4.769820407223315001e+27
7.501252698657435685e+28
-8.155501002770934210e+28
1.509234375640349809e+27
-6.897883676299656555e+27
2.186164527071371804e+28
3.025549344718199822e+28
-1.392959209858543741e+27
-6.010015442644260501e+27
-7.369716992039047220e+27
-7.710669797201657341e+28
-3.317608816649468377e+28
1.106348989931134326e+28
1.987695297452409210e+28
8.164797235829676096e+23
1.144128310030260907e+25
-2.274643379128944124e+24
6.201787146213706244e+24
3.597157662849544911e+25
-5.804138059062332277e+25
-1.866118545155588731e+24
-1.927114167471580081e+25
7.099264737003383188e+25
4.633155076764552032e+25
1.769933063177497838e+26
-6.053341514669457277e+26
-4.361556363366144203e+26
2.510562931302684706e+26
1.523687187193294760e+27
-2.856419552635284313e+27
6.014945267891936792e+27
-5.388761694307056682e+27
5.625349703186563279e+25
7.124064152199973165e+25
-2.463595492480634560e+26
1.116835417410205306e+27
-1.419142610233973318e+27
-7.015179733047787147e+26
3.804729786789926454e+27
9.631189297257376162e+25
1.424541872169819566e+26
1.899310983810121900e+26
1.782169923316694004e+27
-1.110248336203798108e+27
-1.423558856199146961e+27
-2.643582086380626704e+27
-8.833990906944661764e+27
-1.170388951514621095e+29
1.007204823882855916e+27
-1.207662977254565144e+26
-1.369264390918627394e+27
3.550668472118414326e+27
1.027164208369232740e+26
-2.104053439798731364e+27
-7.961817557213735086e+27
-1.988849127386143120e+28
-2.517548093910132180e+28
1.360079255670613893e+29
-6.955470568144471674e+28
-6.711607519063669648e+27
1.634837960608594107e+27
-4.904268767623247739e+27
-5.128791366213466896e+26
3.443651180987514913e+27
-2.419411588287493787e+28
-1.482034538209299205e+27
2.217458749986662227e+28
5.633627166043029515e+28
1.969157225729774291e+28
-2.762324633692700633e+27
-1.488401932999216668e+29
3.139620717442740759e+27
4.561447278528703591e+28
9.138789829734914838e+27
-1.192156632815989628e+28
6.475604822220350435e+28
-1.379026431960371510e+28
5.136306712178465462e+27
-2.782129436558958552e+29
7.872439094254170836e+28
-3.201270919317384026e+29
-9.902185234247679927e+28
9.492788071207719157e+28
-3.552742076584717437e+29
-6.427359117050568768e+28
-3.476196556399092996e+28
-1.718004828524217598e+27
3.937789411521883918e+28
1.646089307834756007e+29
7.176540812937203199e+28
-3.576888005835033641e+29
-3.889217601536442038e+28
-1.042500899454618968e+27
4.762255112846345129e+26
-1.298935618343992329e+26
-2.266995234529483592e+26
2.360418093822541636e+26
8.642232926786177210e+25
3.444656723220153400e+26
1.882333670003813638e+27
-1.361852781701397341e+25
-5.597721392159227729e+26
-5.787736756573824670e+26
8.455888303168005653e+26
3.098644678177487291e+26
-1.688859694932944312e+27
-8.617444293022375487e+25
3.759904594984538774e+26
-2.264421700561127596e+27
-2.532610877448544955e+27
5.842913317801269196e+27
3.679223562477640224e+27
7.125484720405234830e+27
7.497532006319951937e+27
7.441449107529854485e+27
1.141989224299363874e+28
9.965757854396526431e+27
-7.640384583977576145e+27
-1.039742275994000315e+29
-1.478884987415971710e+29
-8.049688159099993168e+28
7.466894812485404079e+25
-1.947153699167932725e+27
9.600185765701558862e+25
3.362304946704397085e+27
-1.148308975848436050e+25
3.960406995271732869e+27
-1.248326004932651697e+27
1.959383803931687700e+27
-2.990015912618171779e+28
4.123355138425153264e+28
-7.534529586682983129e+27
4.187621587876781511e+28
-2.912502570278455595e+26
-5.230209817441965522e+26
-2.311940562811978225e+28
-3.734247712069310337e+27
8.743708527366791965e+27
3.852414854265846872e+28
-2.022455043183791994e+28
2.176080273030469420e+29
3.206625487577998206e+29
1.676284066044670656e+29
-1.070015274790188997e+28
-2.651791621211172922e+28
-5.437663040928741692e+26
5.358057346568752990e+28
-5.009122665946757665e+28
1.064256819540517864e+28
-8.362733644051913855e+28
-1.486745338404208850e+29
-2.873930348957324865e+29
-2.306952684253945452e+29
-5.082161222890144405e+29
5.903432770647799641e+28
-7.161599170316803168e+28
-9.438464327338912994e+28
1.461356824550591642e+29
1.037728578677335030e+29
-1.893192555630826676e+29
2.426389940455492878e+29
-1.852179257919207283e+29
-9.839181989671240979e+27
-1.042762853040373443e+29
-2.077084285351076172e+29
-3.669217131567973883e+28
-3.918114802255991627e+28
-2.520885830114843426e+29
-4.510711342931655574e+29
-6.091968591555632528e+29
-8.524852673267557790e+29
-1.227264964469506077e+29
1.092402932276274457e+30
1.691576907803264311e+28
-5.192054966589058888e+27
8.902394890834527637e+26
-2.928416945634227959e+26
-5.929302680997571339e+26
-7.957336481808589377e+27
6.355007684496279554e+27
-2.615607452709283724e+27
3.366654924430042767e+27
1.373119045182215873e+28
1.594536409318385883e+28
-2.118775791814960350e+27
-5.255784300618885246e+26
6.100853419844250545e+27
-4.572566995450934298e+27
9.801259554515581200e+27
4.306035390073348711e+27
-5.291090106242304591e+28
8.302885475626512594e+26
1.249366051050808376e+28
-6.662850776811186819e+28
-1.211499655800621213e+28
-2.751682216680097307e+28
-3.547669662024248275e+28
-1.825894854841800939e+29
1.749838803293098875e+28
1.225601722111775977e+29
1.661546008029150872e+29
3.106446029876268519e+29
2.717007777852038883e+29
2.039546754491073127e+29
-1.050627083767171569e+26
-3.280464706492843871e+28
-2.030258036713456875e+27
5.444257671311364255e+27
-3.274140227561731075e+27
6.685314370743204301e+27
-3.361090339640565719e+28
9.548686771096251126e+27
-8.349171203628246113e+27
9.824819108031735392e+26
2.135268731226053512e+28
-6.289053226379665484e+27
1.313276137200668604e+29
1.024360607421274861e+29
2.213849278203040106e+28
-2.240404549148070363e+29
-6.924042176223468818e+28
-1.187052432771646742e+28
1.478852729460899020e+29
-2.222886906600417565e+29
-1.943269303946928528e+29
-1.838476203047203975e+29
-1.008207063906537407e+29
1.137123826759318837e+28
-2.144896155770478528e+28
2.468049217407460043e+28
-5.799072980908628449e+27
-3.251605329363593095e+28
5.019462397736275952e+28
-1.556952811959391951e+28
-4.493801141473622178e+27
1.114376653103731120e+29
-2.209566226589619976e+29
2.077062551671521022e+29
5.370240902570064828e+29
9.676040543005236391e+29
3.372917147048902765e+29
4.035811157237399928e+29
4.651865352561782622e+29
-1.485512171866297630e+29
2.522680438985238698e+29
-4.059085593438107260e+29
-1.763016449311591539e+29
-2.534368850716600833e+29
3.868658924713565092e+29
-5.412746089567621420e+29
-1.518265930833878111e+30
-4.221195009056002366e+30
5.825266797068610693e+29
8.585920153242490750e+29
-1.019543545735590501e+30
-1.179371831020900456e+30
2.656576584878069852e+29
5.656296998688019940e+29
1.068202280527451805e+30
4.544463350000458682e+30
-3.817205261969024120e+26
8.861402256877971594e+27
7.650170639209393358e+27
-6.888419469189597486e+28
1.898311993568175892e+27
-2.257256813594488132e+27
1.693579813766251222e+27
-2.468227786361209208e+28
-2.427565503485048422e+27
1.602659979350087765e+28
7.072152731934498045e+27
-1.237461563050544188e+29
5.164144757138265386e+28
3.756506589569023801e+29
1.898315418749701334e+28
1.793648522047019698e+29
3.833514670477801344e+28
1.161391912340482999e+29
9.466967519812748724e+27
4.948788550383044382e+28
-1.113262158114202847e+28
7.684894727499171586e+29
1.269216707076115232e+29
3.944059336870616431e+28
3.043016708729303853e+29
-3.514127301128324372e+29
1.182188062103196698e+30
-9.497063613510676711e+29
3.508435214686493475e+29
-1.292379629783592472e+29
-5.267039321894312145e+28
-8.258568193434005987e+27
1.571314762227875641e+28
2.283903230724931844e+28
7.113454757367920441e+28
-1.012179238584317518e+29
4.874653452800409330e+28
3.685323821939800958e+29
1.663769592268669348e+29
4.176638421977828130e+28
5.881160369147151874e+29
-3.641085568603172486e+28
4.440185082184647196e+29
-1.983986169900042316e+29
-3.824867184309541554e+29
3.504662989414495787e+28
-2.988961364756643260e+30
-1.144104094811368052e+30
-1.587028332915760048e+30
-1.108406802053392023e+30
-2.493987378421713551e+30
1.449027432890242314e+29
1.203813324407456883e+30
1.096594619693110543e+30
-1.112923092332046081e+30
1.867740376873781128e+29
-1.587094080836231468e+27
-7.996070883957785502e+28
7.601408624907731822e+29
1.065961213416577869e+29
1.579889846148813005e+29
9.297439328775911892e+29
5.050748053872437335e+29
1.709667198419904814e+30
-4.723210866584297062e+29
4.308965925968779624e+29
4.012852140317857648e+29
1.121026347564330054e+29
4.110633633291135700e+29
-3.937906339320092632e+29
8.043570213018093537e+30
-2.032286189917693957e+30
1.515392866368933039e+30
1.994237582879386055e+29
-6.494276599579567019e+28
3.061930863189197947e+29
8.919190882016968835e+29
1.613319311547298969e+30
-1.585149805089529398e+30
5.819439736269542992e+29
-5.686444172138446715e+29
1.754278326621301557e+30
-7.127712336565031698e+30
-1.283709124103160743e+30
-7.638199292406800695e+30
1.128725596893942226e+28
-8.732305327874516368e+28
1.064955390397970517e+29
-8.081865160746331168e+28
-7.460012148034564564e+29
-9.893810877220491901e+29
5.787288137399233575e+29
4.285188176965754805e+28
3.937749165621002201e+28
1.723107246201570989e+29
-6.272472510535154481e+29
4.823472652337563539e+29
-3.083895986315328504e+29
1.724785435114423512e+29
-1.688343220243368268e+29
-4.349484975498169771e+28
1.081517541720480775e+30
-4.026657190697724354e+29
-8.365610218188270011e+29
1.432343914784072381e+30
2.875034001756273053e+27
7.061378318228165443e+29
1.296813043720224885e+29
2.674985023939847596e+30
-1.720628897596412769e+30
-1.366139727429436231e+30
-3.624363439316831065e+29
-1.143547640784610972e+30
-1.262561315739353537e+30
3.297235573927979191e+30
-1.226013147229000489e+29
-1.901325770360446411e+30
-1.251283020188499913e+30
1.271240420897878746e+29
-7.403113290166768382e+29
-2.939326700966473506e+29
1.328110575139119964e+30
3.750974747740187924e+30
3.754250058773316193e+29
-1.807982130713799848e+30
-4.625234898478374695e+30
1.493581370104674313e+30
9.972672018888638901e+28
-4.763539373201233050e+29
1.380804376624106271e+30
1.765157091716061479e+30
-3.420719459064736062e+30
-4.207374280492744785e+30
9.799158073804852465e+30
-6.425894901093356603e+30
1.814284144745526227e+30
6.239252078320635473e+30
-1.658399621751885169e+31
-1.210834500605335035e+31
1.525884195355370342e+30
-3.851969090501645870e+30
-5.282969212301282793e+29
-1.285623539863835999e+29
-4.316543133447246297e+30
-5.384030487552737311e+30
-6.002459270761581979e+30
-1.930821036112686131e+30
7.243286189891866280e+30
5.052176787259118883e+30
-8.069941114576305194e+30
3.164693258866701192e+30
-8.655315190577902841e+30
5.607097171049117543e+30
-1.348662192483867781e+31
-2.427753666174345540e+31
