2.993589667504688000e+16
8.623629181004689408e+18
-3.538672011245213450e+20
8.602208703888462971e+20
9.816965427262583210e+21
-2.882361231006101196e+22
5.101075832296175147e+22
9.773244668375692476e+22
2.613654194459320328e+23
-4.738744777123535258e+19
-2.711961080864513065e+20
2.600232848268507428e+22
5.512796283579630879e+22
-4.043383196310651504e+23
-1.896271119101732942e+23
1.066490064485745680e+24
-4.149890640441063999e+23
-3.688831804514408427e+25
-4.506899199893012480e+20
4.689418540703080776e+21
4.374897038651294535e+22
4.386385122734005394e+23
-2.924538031102339748e+23
4.747338701827153416e+24
-4.544911967068911967e+24
-1.067979660612287428e+26
-1.037242228270302415e+26
9.113711608333860864e+19
-1.195034808389582748e+23
8.980708693301076899e+23
2.174486056865587140e+23
-1.000611204173982903e+24
1.579565277946454305e+24
1.602401409087505227e+24
-3.918472873805171754e+25
-2.991003057431071651e+25
-6.890366324969603456e+25
1.551896858979483832e+22
3.442320982832157452e+22
7.705614174249572389e+23
2.059007599329932592e+23
-1.521425158445264156e+24
-1.385410425421426699e+24
-2.831635563753924370e+25
9.135374542504471965e+24
-3.055306902402324077e+24
4.268114262198529045e+25
-1.865913077977495377e+26
2.079403744868015869e+26
1.710034187659678581e+21
6.055982354285400603e+23
-7.116326731208658308e+24
-1.038159458928314302e+25
1.081740088374179381e+25
3.757878784848791117e+24
-1.839864720489528898e+25
-5.560773193813171299e+24
-1.488199266229372472e+26
-9.395957731567944022e+25
-1.958598301865280745e+26
1.564446937213295510e+26
-1.578770697530096216e+27
1.039805351588646262e+26
1.423736275723537571e+23
-2.952101256829791071e+24
-4.448785561273845561e+24
-6.186363297531147248e+25
1.355836881456638598e+25
1.492448236898404628e+25
8.347971403761535959e+25
-5.309331175411155801e+25
-4.107802879422819511e+26
-3.308350488082454396e+25
-4.014800990630562173e+26
-9.201213219526650221e+25
1.520345822884895615e+26
-1.817434635612502815e+26
2.438607128880924001e+27
4.993215486966372667e+23
-2.077086279096858625e+24
8.557569434766514171e+25
-2.636364912053340734e+26
-2.466416819921246145e+26
5.429099948461513425e+25
2.257785674879482073e+26
-4.944721840519705497e+26
3.005920703833322081e+26
-9.300029438983936500e+25
4.558938163290360346e+26
1.775756150417715356e+26
-3.360439237582832955e+27
-1.700880744752085414e+27
5.949042344311954258e+23
7.215776548836003798e+25
-3.006159865529389808e+26
8.903448459436003103e+26
-7.116621584612591073e+26
8.209749744668166127e+26
3.810359317966955435e+26
-4.833677355808726522e+25
9.817071306472786006e+26
2.109766890113977250e+27
1.800058654036740876e+27
6.742838596213486510e+26
-1.490696365614592443e+27
3.345071946327326065e+20
-2.152182016851889357e+21
3.150506956451972802e+22
-3.060478313040686696e+23
-3.168400415199809294e+23
-3.043589973768410864e+22
1.124201560691139926e+23
8.888086863768249528e+23
-1.717195655056675849e+24
-4.334941607253744151e+23
3.314223849083595202e+24
7.549193527576908679e+24
-2.411948637867324617e+25
-2.658523575050283122e+25
2.865652617062680992e+23
-6.770299027559048090e+25
-3.259828428197728983e+23
-1.335316551631229816e+24
-6.701575735591043575e+24
-1.552987038356928137e+25
-4.260992913596875411e+25
1.218765593550490661e+26
4.069279359849615908e+26
-1.741872756425082360e+27
-4.764721500748693635e+22
-6.367330515016990092e+24
5.096483678643271875e+24
6.160119024948136913e+23
-5.930339341173410820e+25
1.660910337360848048e+26
-1.743846107934037843e+26
-2.582020042680041737e+27
-1.077450902110335190e+28
2.103867276210237004e+24
-2.381971514428188775e+25
-1.398870124594413506e+25
-1.971149692037074185e+26
3.227140077356599987e+25
5.168510913279697841e+25
2.764076375105306076e+26
-7.029771687970961258e+26
-4.928954078243812203e+26
3.577669798957781928e+27
4.984656943464137777e+27
-2.401547666309302417e+25
-1.171856704699983204e+26
-2.163328276804841631e+26
9.808451707155069456e+25
1.445862451812944464e+26
4.425329145359595274e+26
-3.667886359122788951e+26
-8.977412072299565224e+26
-1.089368543307609707e+27
3.130521697614805983e+27
-1.236319522913319568e+27
1.448954920330989841e+28
1.137544918719242335e+28
2.306271896502656014e+25
-6.218912559071495210e+26
-5.289402144746727442e+26
8.281442441773638807e+26
-3.446049732745803653e+26
1.120846569090514730e+26
-7.588804042221348317e+26
-1.784196034103123107e+26
5.170866967477415139e+26
1.128267386772031646e+27
5.115042010623168647e+27
-5.375950157495850344e+27
4.217216322391077701e+28
-3.172499165757831733e+28
2.869746265666386852e+26
1.398773544152669208e+27
-3.538080652595779726e+27
5.775840080340367045e+27
4.831132591776944090e+26
-3.053177944744452174e+26
8.534351921650243246e+27
-3.042573704686128092e+27
-1.438223244808315427e+27
2.088783734347547418e+28
-1.159054796899321977e+27
6.148383295089643995e+28
-3.798363985906862384e+28
-7.101762342984871163e+26
-1.250446753585739687e+28
-6.589415556962238579e+27
-2.356069978917977206e+27
-3.264891446831250979e+28
-2.240946128548069306e+28
2.214007623694660744e+26
1.903462746947248122e+28
-2.019730774255393327e+28
-5.027790363532271370e+28
-2.381921510164569507e+28
-3.833310103417339181e+28
2.783775393661537474e+23
-4.977269756444630267e+23
3.780394801714071003e+23
-8.101340982389772051e+23
3.020471511364578904e+25
-4.435673630355168196e+25
-3.135381218706343976e+24
-6.424125254421766141e+25
-1.112669791259981258e+26
2.392187663652076244e+25
1.036744787711323592e+25
-3.366742994097990391e+25
-5.877846845114948914e+24
-4.811155370167424326e+26
-1.161256544411427212e+26
2.683097418644968337e+26
2.499809579916835146e+27
-4.474519424296939456e+27
-8.853235713333242521e+26
-6.627619892053621141e+26
-1.609981135692153217e+28
1.646188974884166024e+25
-3.073068135191975907e+25
3.577073418468219801e+26
4.924041889701655623e+24
-9.278197127786646052e+26
1.919137085482017563e+27
5.995039035857428313e+27
-3.673907167235010649e+28
1.547559689276125223e+26
1.507161328127281346e+26
-2.774479258974367375e+26
-6.944174615216496573e+26
-9.283066219703157440e+26
-6.534189735637173593e+26
7.097133005064001458e+26
-2.618184904779869581e+27
-1.528716903300244888e+28
5.713360419932458296e+28
8.883952041639649534e+26
6.366861918996153267e+26
-8.595330522455344767e+26
-2.868920600780755682e+27
6.305713696884161201e+27
-4.392455372878151831e+27
-1.807283568643020599e+27
-1.937719937681318655e+27
3.266929008416160435e+28
2.541196442789930132e+28
7.679151361142459993e+28
-6.083187125919037206e+28
-2.956124654580510612e+27
1.436430628403564998e+27
7.269542456900568416e+26
3.416815305664820983e+27
1.912203544217937817e+27
-2.627384917737702691e+27
4.786439101303987212e+27
5.530308495586662466e+27
-1.522661484355254030e+28
-1.004577600672744728e+29
-7.621697181028641340e+28
-1.139906941985116168e+29
1.151563376924857474e+28
1.034094978764326842e+27
-1.753696950354332528e+28
-3.264846407934274725e+28
-2.303679579595452972e+28
4.406213928380304914e+28
-1.094261253748621563e+29
2.134017363148191360e+26
5.042326405722323319e+28
-1.054158462105755268e+29
-5.431963383380219731e+28
-3.784335885798195642e+29
9.005759084140513865e+27
-6.445838384923627494e+27
-1.860600957048040350e+29
-2.925043392903582145e+28
5.434932752485788704e+28
-2.693681564193798832e+29
-6.989270136046761805e+28
2.717484378984294475e+28
5.954012788718228042e+28
-1.552659277004203019e+28
-2.978688717345338352e+29
-1.882598805659638893e+29
-1.866010366049863524e+25
-3.344828176501032304e+25
1.073468592111715682e+24
1.627470796773720691e+26
-2.096847721338936295e+25
-7.486958557777575292e+26
5.117044779064912986e+26
7.144057385924823685e+25
1.071960438502961081e+26
-4.656384366066899890e+24
4.600785465377446022e+26
8.815784222680791556e+26
-1.926874447153584437e+27
-5.087227770216513407e+25
-4.152364493998355059e+26
2.695523183764188875e+27
-2.141623378871780876e+27
-4.873819250288558003e+26
-4.991237717035239138e+27
-7.296062639792837188e+26
-1.379651927799720701e+27
7.696224431526103319e+26
1.180744359421734792e+27
7.882355269150298250e+26
-7.121126081621865948e+26
8.775310463313569923e+27
2.425624391140796337e+28
-2.278451207429217032e+28
1.344776971178777330e+28
-1.017699225559026408e+27
1.167530228092297283e+28
2.115278382930268009e+28
6.731163464313031643e+28
-2.507974924011372949e+28
1.262624337974285785e+27
-1.318750512660012177e+27
-2.194554431673555083e+27
1.738467386821676453e+27
-1.638906877213137381e+27
1.776770707022475272e+27
-4.280056709371612171e+26
1.282050339353659731e+28
7.115521501740162974e+27
3.075482059921919293e+27
-4.336985892952160846e+28
3.831089633950544413e+28
1.197472717131943711e+29
-4.527635223376055805e+28
1.252812428376932234e+27
3.947660661688999880e+26
1.402664451592387273e+28
1.407110826760325136e+28
3.581535881473092587e+27
-1.017676300554398997e+28
-8.202359725243693917e+27
-2.030723379558070187e+28
-1.710725882799908317e+28
2.627408735686388563e+28
2.794096887774735585e+29
-7.175142191529758005e+27
-1.053034877338472814e+28
-1.102015817148012450e+28
-3.271041267737473972e+26
6.776073377910667502e+27
-1.221056752035192073e+28
2.557606999863358333e+28
-1.470744282701635282e+29
-3.814579054219352657e+28
-2.015742991370369338e+29
-6.540531321045732636e+29
3.965665605185934153e+29
1.946278384824289897e+27
8.605831480114205787e+28
-1.749397535838879005e+28
1.794360639999988381e+29
-1.315328598129850857e+29
1.469014229325845209e+29
-1.865795850384564804e+28
-2.097475664155699738e+29
-1.002757555973215032e+29
4.182428377881027258e+30
-2.021106313312910188e+30
-2.224148523003841978e+29
6.944633235417617755e+29
1.444281512321331530e+29
4.619531620210816956e+29
-2.100244732093590527e+29
8.524157008114224015e+28
-1.113113676500905449e+29
-1.858035965446298620e+30
1.515945001210611383e+30
-7.201545908268855379e+29
1.288085623354534873e+26
1.298994392002073692e+27
-1.834070195623322665e+27
2.348663315231291053e+26
-2.000703828312217418e+27
-2.830570397695478393e+27
-4.150080026734554837e+27
3.951061767290090886e+26
1.218192262716432034e+26
-7.176378386209597539e+25
7.316038198109674844e+26
5.529265963109923278e+26
-1.549244284294208983e+27
-4.973431342921471816e+27
-3.288311655082649093e+27
-1.274714745677126466e+28
-8.353637977619281718e+27
1.043078625459613537e+27
-5.536437031943880980e+27
-1.214614095523950548e+27
-1.326018062872986211e+28
-1.905121067902713080e+28
3.154960027714694629e+28
3.728188073775462889e+28
3.987823415558565387e+27
1.353911773519805432e+28
3.362872393634090416e+28
9.184343495335625453e+28
-1.885977889150973991e+28
1.938796067354756553e+28
-3.199702579664407482e+29
-2.051095056958734619e+28
1.572746020123618543e+29
2.096042203771171387e+28
-2.591935073327502489e+29
-2.852087614102506691e+29
2.831665944785221383e+27
-9.037712063190095640e+27
-4.250189444979766365e+26
-1.879772084301396579e+28
7.261120114066668130e+27
-1.678354024520714587e+28
1.591458942883546766e+27
4.991271399724924172e+27
-2.973296192608906045e+27
-5.243205936804411436e+27
-2.200446208416595700e+28
-2.392626171705293387e+28
-5.070182893757969097e+28
-2.888604103373485758e+28
3.283467925327478870e+28
2.812542306753970445e+28
-6.391673242706486163e+28
1.435884729564092827e+29
-2.474463906674949009e+29
9.403403961381710069e+28
3.335715490659081942e+29
2.513502972967028047e+29
-3.619322644672486427e+29
1.960626365118383112e+29
7.363549174761164124e+28
9.894512322578372917e+28
-1.599260871588776309e+30
2.040899076456122280e+28
1.833387512631864163e+28
-1.382019958683251909e+28
-2.224382076955641637e+27
-2.201718712902344480e+28
2.131900046434826511e+28
9.738005011188800039e+28
9.369959132936798714e+27
-1.855297836832015487e+28
9.207660195737513626e+28
3.377809815902616689e+28
-2.116378203796590833e+29
-7.586380279291807395e+28
-4.799564038962883044e+29
7.443633385477657625e+28
6.611697573837491203e+29
-8.041639701771608668e+28
-3.434776137557602386e+29
2.419674340930890080e+29
1.038080775502215021e+29
2.084038306037180292e+29
-2.587203832025701292e+29
-5.488139566309951217e+28
-6.054137696077339827e+29
-1.901457497668595546e+30
7.079474292018172946e+29
3.840975618153763149e+30
5.801856298541768848e+29
-7.470572674421921043e+29
1.622546885492603497e+29
-5.824110804447603415e+29
-1.203202099042397479e+29
-8.545195952491441585e+29
1.609640871697533118e+30
-2.191887645563013734e+30
1.715068832504526644e+30
-1.028228540546409211e+30
-5.374885643505929410e+26
5.951300445237509782e+27
6.435345561346559945e+27
1.968971988908268252e+28
-8.592726767232574388e+27
-1.596462001411046636e+27
-1.446816577385165230e+28
6.485828404619351465e+27
1.614839791258485546e+28
3.307268248769800122e+28
-3.599947346922565787e+28
-5.792827136261817900e+27
-1.022102809252833103e+28
6.355464304628008134e+27
1.139902171943529798e+28
1.082181746388546985e+28
-1.569732640962118058e+28
2.291829800903593863e+28
-1.904789829915108690e+29
6.881113561995531208e+28
2.330366473086846438e+27
-1.413720058483106705e+28
-1.602063405315144277e+28
-5.551216670047501333e+28
-1.909127000686948072e+29
4.132658327592948209e+28
9.711506767243110509e+28
1.433478879617921837e+29
-6.557847246990418125e+28
-8.542573808267936285e+29
2.882400248655021306e+28
2.896658467550053901e+28
4.586987381826907341e+29
-1.250736438406665295e+29
1.731928564369459813e+29
4.956065412282005471e+29
6.391195513339930360e+29
1.223934128590509678e+28
-1.644120944895880702e+28
1.155957195046032975e+28
8.264885219865205163e+28
2.572055930453000563e+28
-3.132092572734088757e+28
-3.641375001138770611e+29
2.923770990030522059e+28
-7.301786480799121271e+27
2.282586784063611404e+28
-6.899231752823009530e+28
3.661197057723762295e+29
1.853328867281482209e+29
7.671533427591206060e+29
1.054677251411787674e+30
-3.598951327467217615e+29
4.849536460535895227e+28
6.174790621456062739e+28
-2.509644735743485675e+28
-5.865364604579338601e+29
-1.136366803732122996e+29
-1.277213409241741737e+30
1.922852070791211430e+30
-2.770877214158858038e+29
2.336240564119705359e+30
2.554677995035788778e+29
8.986668191574139221e+29
-5.967603635437048508e+28
4.236851522793725236e+28
5.167462102016474907e+29
-5.260687225636035336e+28
2.282100650334016675e+29
-5.430917919430837654e+28
1.051450975045990082e+29
3.064056207433288734e+29
6.768877480819639889e+29
-5.880922477220701907e+29
3.012526153032234312e+29
2.401263895489611145e+30
2.441493307392856087e+30
-1.513591153770676837e+30
1.042031836650381215e+30
-4.252073402214387874e+29
-1.029184614797706127e+30
-6.753028304887846655e+28
7.417065676076662723e+29
-6.030342855898638770e+30
1.904303999523507022e+30
6.915050982136317055e+30
6.515726605126731183e+30
-8.337652894133604062e+29
1.082723942750378455e+30
1.868429194462417693e+29
-2.954106872320221622e+29
1.310064613209922756e+29
1.054161356761640884e+30
-3.079077430953483005e+30
-1.620460170320138342e+30
9.512603740254488886e+29
-1.194243171516633751e+30
-8.689766710043162018e+30
-3.398347494605662864e+30
7.376937814124105282e+30
4.208618435790159679e+30
1.633198937032234203e+27
1.059732528023352172e+28
-2.668359318788653540e+28
9.170302224756420280e+28
-1.228686625780327016e+27
-3.047413519570586303e+27
9.334118626814606298e+28
-1.721842788384722527e+29
-2.136117131984098002e+28
-6.812199337920033433e+28
-2.294878745898868755e+29
-1.852611923351507257e+29
-4.250253720629562636e+29
4.752631245394701146e+29
2.690080099828639957e+29
9.057412575002429682e+29
-7.588325064542976682e+27
7.492522790410018631e+28
1.388343422987658028e+29
4.872427401967836285e+28
-3.608672390637943748e+29
1.494598588203449628e+29
-3.702107454280807524e+29
-1.395136130563301541e+30
-5.482249514135049351e+29
-2.291724037989145484e+30
-1.419029749443416269e+29
2.528783669078691323e+30
-1.170278128280538647e+30
1.445737015193510530e+29
-2.639086197367074045e+29
1.235546487147071577e+30
4.152430943066491938e+29
3.194719341714459630e+29
3.408189762471653064e+30
1.648893123924905136e+29
-1.622493441886252814e+30
2.682910712916673011e+30
-9.542541637047618716e+28
1.702127649643035837e+29
-9.266615871285889024e+29
-1.744644002188630878e+30
-1.491050072885886536e+30
1.011061696954823155e+30
-2.179085803793048529e+30
-2.988620543531810186e+30
-8.056221376087036672e+29
1.308863979979079296e+29
1.515673845615850858e+30
-2.744808461518972505e+30
1.303695189449701212e+30
4.290924837829421806e+30
-6.760915731344717353e+29
5.039677943319034088e+30
1.176139559455628101e+30
-4.936827909846857822e+30
-3.981414263956079542e+30
-5.544153653214397833e+29
4.449412834921085608e+30
-4.403963286656838012e+29
3.333406210798012761e+30
-3.646618198621190081e+30
3.178743420370489799e+29
4.660473589545224973e+30
-1.317734886552206079e+31
8.271138420574821793e+30
-1.296869304635340928e+31
1.662920723639849937e+31
1.690978965510674448e+31
-1.035543837739697404e+29
1.746383338689906244e+30
1.423447107913821944e+30
1.011152594899368473e+30
-9.126236441916848230e+29
-3.394058554662060491e+29
1.051906529138557798e+30
4.233013052673301616e+30
1.303559086022874186e+30
-8.056262508325182960e+30
7.076433688519824551e+30
-8.744233771865255486e+30
-1.580475446304566494e+29
6.262424689329183810e+28
-2.545003534913760170e+30
-1.084849774229453215e+31
-9.983360342848852220e+30
-4.887730734537404228e+30
3.243502457885694347e+30
7.837157406090665608e+30
7.898385498734432791e+30
-4.183262210104889492e+30
9.109554750429155455e+30
7.598022845588515127e+30
-6.085016151653861174e+30
3.615942833844121114e+30
-5.560927074859987833e+30
1.369665449681879581e+31
-5.046590757807704032e+30
1.540057510354621302e+31
-9.286312883837123253e+29
-6.098309586184193904e+30
9.227068577843073519e+30
-1.480411017961780596e+31
5.229145329054740984e+31
1.271104976763443892e+29
-6.683053619163680144e+30
-3.950117775826661326e+31
-7.145009499262528877e+30
-1.830689703445417472e+18
1.930326340851155927e+20
3.726621474308934861e+20
4.045610701422074528e+21
-1.925476636470722272e+22
-4.959118960902013767e+22
-7.204456164796043939e+22
1.320901039134407676e+24
2.933182703249399153e+20
-2.167392033076999619e+22
1.162676230463039734e+22
-3.254109212598909975e+23
-7.813090833873396428e+23
2.090251511056976944e+22
-4.995507232817630193e+24
1.511335380589825307e+25
8.388405531494144016e+21
1.266748490196927591e+22
4.350346617135441621e+23
-1.573362358899102848e+24
-9.894190651792924569e+24
-1.068542512189377083e+25
-2.940406117061956245e+25
-5.087798502033842390e+24
-1.384940115165461579e+23
-8.813194922063718410e+23
-2.732337448788529596e+23
-4.514873725541272257e+21
-2.442678506907247862e+24
-8.128472213316990841e+24
-1.886181044310447790e+25
4.245689640569586411e+25
-7.395065693655800535e+26
-1.159673336140055380e+24
-8.767482487397824143e+23
-2.654343441606204574e+24
-4.831298619644548095e+24
-7.341043190526243095e+23
-2.778903533732688281e+24
-3.596924007338993215e+24
-6.795259804698624627e+25
2.098547062379165491e+25
4.100587739560915341e+26
-1.541898812438808390e+26
-2.908859012526978942e+24
7.645921080105009720e+24
-2.541707477056171147e+25
-3.303366988202118453e+24
-1.280436976465397638e+25
6.426967505623770674e+24
1.060020223837581383e+24
3.369682877337769958e+25
-7.958196637717108902e+25
1.023625715561629889e+26
-3.504612216772492916e+26
-2.011353470580508205e+27
4.135106556383550470e+25
-3.521849968412711329e+24
2.540123341887223122e+24
-1.343439985224627823e+25
7.645278334816088586e+24
6.789467449853004263e+25
-1.229106125019916447e+25
-2.676212788574367065e+25
-1.232075547985501284e+26
4.532887505972361759e+25
-3.404317728322892062e+26
3.064462689672855125e+25
-6.743762123642636347e+26
9.872117171611813349e+26
1.993517572391519052e+27
-1.255129531585536698e+25
6.061453981267635526e+25
8.401070539562495964e+24
-1.096564966157622614e+26
-3.009676300088664852e+26
1.196288346754445817e+26
1.314468394162279468e+27
1.017572194569211780e+26
-3.124237492855285333e+25
1.161106872387097296e+27
1.127935938711334944e+26
-2.293123811445174768e+27
3.899994322963500433e+27
-4.315535885795663726e+25
6.477078829114506503e+25
-3.684094094472410668e+26
-4.382839492209668156e+26
1.123318835543835567e+27
3.744348941268239968e+27
1.598830210213682414e+26
5.919867058559985179e+26
4.292601021537453638e+27
4.227117468428436499e+26
2.040518306261985061e+27
4.565324830321132375e+26
2.971914098548956096e+22
-4.571346980477047354e+22
6.823302654789237395e+22
-9.779311721685600405e+23
2.917130810795537969e+23
-1.223270132952741586e+24
-7.276914768321963465e+22
-1.790554763311151644e+24
3.478673072908680468e+24
-2.454327121821663893e+25
2.676346039474268464e+25
-2.277144704438976862e+25
1.662115132426377593e+25
9.768509633917302847e+25
-6.120573637124926409e+23
4.243739798247527315e+24
-1.493394286366582908e+25
6.396876149015226343e+25
1.741552628926205168e+26
-6.273386032230057807e+26
-1.523288592648954293e+27
1.228302550613803085e+25
1.221004500125794613e+25
8.694362357292084238e+25
-4.775563096127398190e+25
-6.658265642011669896e+25
-2.514444072616812845e+26
4.545223971439827053e+27
7.516873250669314679e+27
3.786566802608653063e+25
7.782638699128385012e+24
3.134132388741395255e+25
2.360557013977097341e+25
5.376946777733166789e+24
3.915095796371323531e+26
1.216918026160647135e+27
-5.102471248624868584e+26
-4.332703997672394200e+26
-6.925099247477635652e+27
1.778880462559826595e+26
1.746198462063825248e+26
-1.871232097396855803e+26
-9.719848793304507073e+25
8.465166325255532092e+26
5.468180548577665758e+26
-6.391052342737605103e+26
-1.412547478729144532e+26
1.602868216348030591e+27
4.897289912106543805e+27
-1.775507479104153827e+28
-1.789064932293108318e+28
-4.165792849514929250e+26
-6.851832522820146878e+26
6.920250553118416887e+26
8.829471897413609114e+26
4.643606650247550804e+26
2.248382739469139088e+26
-5.125392070336976860e+27
1.615439833045103620e+27
6.528672137469159316e+27
1.156593938442074205e+28
8.108972645889197777e+26
-8.300746744920771611e+27
-4.784894850987201578e+28
-3.033722467834281795e+27
7.174399696301790641e+27
2.535185760444180793e+27
1.376477131391670644e+27
5.651185600732741456e+27
-6.441871590532048128e+27
-4.943925166436135325e+27
3.368347416006718072e+27
3.865500067801903382e+28
-9.579314194880456548e+27
-5.897191423655994038e+28
-1.023193595268017529e+29
2.859327958557376113e+27
2.061953500185718525e+28
-3.831172124689217382e+28
1.807173715171792963e+28
-5.903467966351660258e+28
2.702857477605119804e+27
9.818982726638406201e+27
-1.694997665054911674e+28
6.047524963379146050e+28
-4.239855565044914219e+28
3.556594541394084767e+28
2.944041624466803304e+24
-2.681877026956317617e+25
-3.564240034359050374e+25
1.502372512910197102e+25
4.352403469122407607e+24
-5.692041422320280185e+25
-2.199434285878668985e+25
7.747165603939701792e+25
2.060024050533526201e+26
-1.197630711490399488e+25
1.256650232504175057e+24
1.162704137470025391e+27
5.421229010992710433e+26
1.316517996309754822e+27
1.814450833286787027e+27
-1.627760849182467282e+27
-6.405124433739928912e+26
-1.033827914618856929e+28
-8.491115456708258489e+24
2.438411743879439692e+26
-1.569725175878305596e+25
5.039688502735809173e+26
7.568122276599381017e+26
4.252010066831027476e+27
6.073892879648403228e+28
4.637288621105316924e+24
8.104486561586577672e+25
3.190556697179067604e+26
-3.446951526145956161e+26
1.388132343261075046e+27
5.081116278197457852e+27
8.606793839962123103e+27
5.171116926659874741e+27
1.477249833616439519e+29
6.377151448715602047e+26
3.736755465905052241e+26
-6.394311630170092634e+26
2.874662863894535102e+27
-5.796617927160251613e+26
4.194499034766221526e+27
5.092718796741820527e+27
4.820827278582566768e+28
-5.617559604639098995e+27
-4.745273339261805594e+28
-2.746736701401418766e+26
-5.943757240921649074e+27
-1.835693799080685272e+27
7.754706014205462364e+27
1.565014636820981318e+27
4.075679698807116054e+27
-5.461766843968032946e+28
3.616764719361653591e+26
4.884097878477869695e+28
3.943819875399688176e+28
5.630713993568552913e+28
-5.398047611847395438e+28
3.533205709975488924e+29
-2.106662296157221947e+28
-1.429904757799110954e+28
-1.966775487243262881e+27
-4.735775302247436118e+27
-1.069166117388284549e+29
-3.429581384484434180e+28
4.969094695684972872e+28
-3.668117161766348175e+29
7.686209564057721305e+27
-1.456430311052571032e+29
-4.145398428741648993e+29
8.955228615073573393e+28
1.507741263234567743e+29
8.835631988197544140e+28
1.072504238965330957e+29
-3.026004997430218221e+28
2.409046153438526215e+29
9.165480899025299323e+28
1.418689375609713421e+29
4.718562388139652644e+29
1.120638410933592595e+29
-4.872292967477110328e+26
2.414227036922858059e+26
-3.155422655666368447e+25
1.695489805643094109e+26
9.745655731716409954e+26
-6.407698247873995368e+25
3.014782048160046274e+26
-3.888031278317889930e+26
-1.722326672232986867e+26
2.359181262146069251e+26
-2.330697844246462599e+27
4.706669039372724413e+26
4.165611392443965654e+26
6.839232494216609053e+27
1.555287746372797237e+26
2.756575320902813148e+27
2.228524612062015080e+27
-1.404107699305086177e+27
-2.103113266732655069e+27
-2.436477581775442555e+27
-9.829661129291776208e+27
1.459693864888274256e+28
1.752186388562101652e+28
6.356496948791297041e+27
2.627455553141794401e+27
1.977154322470902877e+28
6.594175702146208979e+28
2.849993569157348056e+28
-1.004116439716276928e+29
3.296743557354385494e+26
-6.673930882604136649e+26
-1.640948361346622815e+27
7.198091828666978200e+26
-4.006231586061980783e+27
-9.799184552025045335e+27
1.497774274236626332e+27
3.262142826222450628e+27
-1.253556609875041876e+29
1.281093309829251315e+29
1.892846677411588298e+28
-1.006602462957514309e+29
-4.669451964664158303e+26
-5.789643449069842523e+25
5.066919082351554198e+27
-5.798889182612086271e+27
1.041602506189087967e+28
5.198640187487339962e+27
2.139912852542896706e+27
-2.213392942203709413e+29
2.576063148607219483e+29
-1.585399010191465708e+29
9.793287594769606553e+27
-1.484170637820374067e+28
1.094537736427100169e+28
7.217108560257545687e+27
-1.040865889510270123e+29
-5.811478275350173081e+27
-1.490110962086028162e+29
-8.312395552348616436e+27
1.275417010625343377e+29
-1.950079726110875355e+29
-6.724027426169026278e+29
-1.509726604750749917e+28
-4.192303723707606813e+28
-6.175722216631432479e+28
3.476195243149445965e+29
5.590044032048354195e+28
1.229713081636699492e+29
6.955067468426796207e+29
2.094466754817733701e+29
4.122789758805291617e+29
-2.108129307968149616e+30
-4.934193463790395564e+29
6.212669379831016567e+29
1.931517467859736774e+28
1.504896081536635983e+29
-3.679655474093827995e+29
3.871821764219223292e+29
4.154833000673380559e+29
1.444097874650888292e+30
2.640920127861311706e+28
-2.460666828126238994e+27
3.496821815463412937e+26
8.798776954443753084e+27
-1.097745578229785167e+27
-1.163639744596188673e+27
7.654190477178072961e+26
-4.448410716847610713e+25
1.438305803826243051e+27
1.161624896147774880e+27
9.973162990099744082e+27
-1.900618243273019015e+28
-9.984590977608418677e+26
-7.870017730473063046e+27
4.816742230414057591e+27
2.223442127167658775e+27
-6.052423459496324213e+27
3.105798699185196225e+27
-6.235575979077921253e+27
1.153530144490843881e+27
5.622249225602728622e+28
4.483933420289862956e+27
5.193918337877234373e+28
-9.202777128085399247e+28
-9.283245107920174806e+28
1.238187748250904659e+29
-7.263042794652598125e+26
-3.444707045793342179e+28
4.410722818571443864e+28
2.710205212381706731e+28
-1.850392219187424779e+29
-1.939706995596973280e+29
-7.087818258957137258e+27
4.033213582786212772e+27
-4.607200079507615472e+26
3.663644754793647792e+27
-2.090294223187218239e+27
-4.614410943942675572e+27
2.457937649041310670e+28
-1.567745336322804106e+28
1.029545346588323981e+29
1.359407173283375302e+28
3.433758462541312951e+28
1.941409480273776759e+28
-1.900287571779531056e+29
3.697650262839829012e+26
1.452501834019154507e+29
-2.208350933643432854e+29
-1.257835833307398463e+29
4.452066286398316300e+28
-6.475976345393656268e+29
2.018403078406673097e+29
-1.549387941213665548e+30
3.571208209647372548e+29
-7.138466098876398464e+29
1.036289169344559863e+28
2.624936477664264559e+27
5.822046833732805662e+28
-6.361146572646606094e+28
-2.358126590816518643e+28
-3.769512150358435146e+28
8.311947838675355628e+27
-3.747000255763882779e+28
1.679276532992015737e+29
-5.198473401367075974e+29
1.758890339325441666e+29
-6.305175302150082966e+28
-6.734318260294669593e+29
7.533235191555561441e+29
-1.513165033970353981e+29
-2.227680896299985513e+28
-2.787232529810807630e+29
-2.477206585065437076e+29
-5.702697296519874663e+29
4.948390107085427817e+28
6.218997133265401163e+29
1.230447715451932476e+30
3.957627040256897446e+28
-1.734906014706685258e+29
2.885898008977824517e+30
-5.913251821718988783e+29
1.300086886930235823e+30
-7.298119958019167789e+29
-5.118477146557422151e+29
8.676399968575521036e+29
1.010875853687176431e+30
-8.956123073584570796e+29
-6.210305239790739445e+29
2.592722293993990544e+28
-6.017641352747394482e+28
2.899740284164661287e+28
-3.251437615008878709e+28
2.523566631276713827e+27
6.393650224974826102e+27
4.468471336811540503e+27
1.056005764699819098e+28
3.661643200345404732e+28
4.517848499657997370e+28
-1.774292731635059021e+28
1.151904579815414255e+29
6.315485663645382354e+28
1.348784880030320572e+29
-1.021815488982252745e+28
9.546088848065614368e+28
-2.867337531773824919e+29
-6.135952149331607944e+28
2.365672870829667425e+29
-5.107892521435719760e+28
-5.557251839992570037e+28
1.391755368944094524e+29
-9.773413818983308709e+28
-3.422704256384840257e+28
-2.761310723945101652e+28
3.841992920082436656e+29
4.696395424901540883e+29
-6.148296679484968700e+29
-4.943680869871834313e+28
1.362724639985172740e+29
-1.718168131371695956e+28
-1.259158536568280953e+29
4.082072769718836094e+27
-3.230659220154760925e+28
-1.982936160198355513e+28
-2.329044309998129264e+28
3.315482705305903035e+28
-7.030718332166915251e+28
-7.937942523252770521e+28
8.028495778464677943e+28
-5.507860440065866349e+28
-1.253174872539495526e+29
-1.025603256012674416e+30
1.833729108868682844e+29
2.297291958620513804e+29
9.897319959938212244e+28
-6.088999594522814348e+28
1.491592116246439498e+28
2.249391128300783535e+29
5.613120780034530719e+29
9.973015433492920191e+29
4.100101332723094009e+29
1.273484603390630320e+29
-5.225369468939920546e+29
-6.148668149240794358e+29
-1.112348306693602807e+26
9.459614177177450848e+28
-6.380744132957808053e+28
5.992952309444789180e+29
-7.188241479442930784e+28
-4.819491662268539684e+29
1.649844714292266075e+30
-7.309105184679979580e+29
-1.839618403410973880e+30
1.553473718295378726e+30
-1.658248794794065388e+30
7.153367549150002915e+29
2.234976941351225006e+30
2.544167856990976819e+29
3.022514439769195603e+30
-4.837781386833605397e+29
-2.648315226968632511e+30
-7.464423364988292242e+29
4.022400249813786813e+29
5.711964339373282691e+28
6.011223391842086011e+29
2.574727417254730233e+29
-8.764916460803694473e+29
2.231608183331159392e+30
2.432406428796935305e+29
-7.393973458222114396e+29
-1.302668675344022056e+30
3.608922278789325043e+30
-1.044682943783360617e+31
5.883431346687663958e+30
-4.483806329979907507e+29
-4.382217622860195130e+29
1.816836081006587953e+29
-1.658880499068637035e+28
-1.212156613561834156e+30
-1.046923351460635321e+30
4.168699017404596505e+29
3.283680253769957927e+28
3.218836099832735898e+28
-2.579396704440590875e+29
3.292234880607072360e+29
1.592099284494673164e+28
2.757310655627264324e+27
-7.428066584914743317e+27
2.349392747669805724e+28
2.530313770259753758e+28
-1.159559924520889353e+30
1.267872650788851937e+30
1.260254982595677167e+30
-4.283290555718351765e+28
2.061038378959623512e+29
-7.978334523749026082e+29
6.743789571330833878e+29
8.793500874934443388e+29
3.322494638314941617e+30
-3.612137432644116284e+29
-1.070362185312750688e+30
-4.937271980485152874e+29
7.294528149244295345e+29
-1.388475257152282190e+30
-2.189355438855914450e+30
-2.813492867090690610e+29
8.287729179533507594e+29
2.107197736572297244e+29
-1.465574281309809559e+29
-3.692134897512021678e+29
-4.769218520208504583e+28
-4.421679362845970826e+30
2.801427088243281735e+29
-2.148390478296508651e+30
-2.856797852363196454e+30
3.325464242437192200e+30
-5.741019791942642534e+30
-1.585503869577525431e+30
7.143460200483930884e+29
4.788487817323885973e+30
-1.837921536867817948e+30
1.378739874414668057e+30
-2.813021270148439432e+30
3.301082175326024303e+30
1.434982563456248197e+31
7.611913427402215841e+30
-1.670073617018405083e+31
-7.471162654838127192e+30
1.049831274445566590e+31
1.598432791594275520e+30
6.222375620024862171e+30
-4.991656124779971541e+29
-3.371366247785183376e+29
-4.202515011755804327e+30
6.568002140031802524e+30
-9.374335615903776085e+30
-9.340404347610294994e+30
-3.852821436451531814e+30
2.419170674282302416e+30
-2.794164681386935166e+30
-3.562033104300764535e+31
1.844049634646108105e+31
-8.863378175563316964e+30
9.598500433820354572e+30
