1.353313398535320000e+16
-3.019656790744780800e+16
1.108272079674324419e+20
-8.704779603476126106e+19
1.126440479071742329e+21
-3.572851443263108284e+21
8.420582968396105646e+20
4.727722878518194864e+21
9.106244237952186896e+22
4.887337825953914880e+17
3.075787202398835098e+19
-2.974451139867367178e+21
-2.596821252493149628e+22
-3.433860242803252213e+22
2.747149740908193755e+23
3.484591635022103886e+23
-1.331332438337062403e+24
5.570461687769962193e+24
3.713208707570970788e+20
2.512655255248009429e+21
-2.362371577529901462e+22
-2.788924541050651977e+23
1.323595312885926189e+23
6.235343572132119278e+23
5.488765906216310083e+24
5.071597589935773041e+24
-9.914682462801353675e+23
-5.161106270270105846e+20
3.578099978202774294e+22
9.485267548895909301e+22
-3.128516894177642435e+23
3.573683571372078693e+23
-1.429793109516621477e+24
-1.276106040975746711e+24
-1.595197888048304488e+25
-5.020080756997122833e+25
2.555046550660339756e+26
6.585005670097084219e+21
9.149334749440624296e+22
1.672672223996413817e+24
-1.006520539315958433e+24
2.804921677667853318e+24
1.627320634101953724e+22
1.812903787388414487e+24
-3.690842985430497509e+24
1.818977147601947202e+24
4.917630433489636557e+24
-3.126708230804967323e+24
-1.268037468259071085e+26
-1.325581301265554263e+22
-6.025340082271582526e+22
1.559243772086182094e+24
-1.256467977211729976e+24
-1.861209231851079296e+24
-3.006057190678115553e+24
-6.934018038846918222e+24
1.977542948472389655e+24
5.915284053807523462e+23
-3.873868779160080999e+25
-6.403427700240858356e+25
-1.268903280188378654e+26
-2.407484216371855782e+26
-5.704813635542735778e+25
-4.605798676210949030e+21
-8.476925365184385683e+23
7.205317547386066958e+24
-8.694970094846201712e+24
-9.965998436795960317e+24
1.259396976921557598e+25
-7.930805178188574436e+24
-1.190035065392577486e+25
-1.830063227320747195e+25
5.760025896074758746e+24
-1.903639885281260743e+26
9.068813563287587711e+25
1.461568966993901580e+26
3.481808261817498068e+25
4.849006451059059401e+26
1.232153284248745699e+22
2.456707093425243298e+24
-4.229512512223177699e+25
-2.441325120560314432e+26
-3.441064328179569666e+26
2.466001649593861305e+25
-3.554213534256648320e+26
-4.247750180607150605e+26
8.836495489147013925e+25
9.247450459045916907e+24
1.570372064402712666e+26
-2.183677811716125526e+26
-7.263464165024033979e+26
3.035467935064861835e+26
4.036880112106720524e+23
3.110750725330233176e+25
9.733127480899812427e+24
3.330138873368000666e+26
1.002782515052632866e+27
-1.064888986220505665e+26
-2.441324660941963511e+26
-4.208450173444732731e+25
-3.746744744557089439e+26
3.899420941882250936e+26
9.496923172717204450e+25
1.229774887024590621e+26
-2.820960221367477420e+27
6.227167614702830223e+20
-3.951519169785293177e+21
4.754820519373351944e+21
1.233651652363339075e+23
-9.008864104661685948e+22
-2.240327044753787852e+23
2.641648573129785354e+23
8.034088750424240475e+23
6.295164643101298498e+22
4.176202291580415630e+24
-4.152219745729918230e+23
-8.182600418915636893e+24
-2.420218902591276460e+25
-3.045457295748524253e+25
-5.625490660749762690e+25
-2.254644031636978917e+25
1.258164001520668901e+23
-2.101062453135273676e+23
5.717754798201951201e+24
3.460887653926743543e+25
-7.789493111116148402e+24
2.248859410055557043e+26
4.276588604260737777e+26
2.716206031587527257e+27
-3.760217393746258512e+23
-1.067747931547397334e+25
-2.606279600426984711e+24
8.623449280396420668e+23
6.659014739446291455e+25
1.057749285603248826e+26
-1.755015642799158584e+26
1.770487634058154466e+27
-1.284601156930970499e+28
1.222236497904604312e+24
-3.008261737152194414e+25
-9.612451379207572707e+25
2.147715173114009210e+25
-7.767606712135558040e+25
3.897994052370426841e+26
4.348593669119932256e+25
-5.811580426432671851e+26
2.068765136978346736e+26
-9.722266602519565539e+26
1.275986949625521409e+28
9.464948798335120526e+24
-8.510179171459486556e+25
-1.695163404637298595e+26
-9.439419451360325910e+25
-3.008781827029472849e+25
-2.601274955134780564e+25
1.538789560035490695e+26
4.173212603181017474e+26
3.213877017791350716e+25
1.967303342979714836e+27
2.289215542461902331e+27
2.120476740520421404e+28
-1.088852659018248676e+27
1.773373976337665383e+25
1.034581432623700234e+26
-1.614236939387792403e+26
-7.254947611348740971e+26
-6.220549479503507192e+26
-2.878303164381415628e+26
1.149761615005656964e+26
4.664008429379178629e+27
2.793592968183761974e+26
3.503086649738142244e+27
4.978471568337795894e+27
1.265895737707879387e+26
-1.215688138699737965e+28
-3.135881835088897762e+28
-1.662590167688054635e+25
-1.205012718036813519e+27
-5.202167362674902431e+27
-4.966866164833319779e+27
-1.511026673117201390e+27
3.803753597704898485e+27
2.951264664884159895e+26
-2.923913709628792580e+27
-8.505874377430264440e+26
-3.392385858422272629e+28
-5.929743071776179745e+27
-7.523010758780568806e+28
-6.652278914921043152e+28
6.112170633761868088e+24
-2.293650167320687631e+27
2.621551496242606499e+28
3.538095555629459942e+27
-5.487719348915308033e+27
5.516211439174757778e+28
-5.783140922971068610e+27
3.245063239884999163e+28
2.989880120306393766e+28
4.413214625021894873e+28
4.612020505405913209e+28
8.120191242600673592e+28
2.838864873303772968e+22
2.783406273899194929e+24
-1.000930523105044770e+24
-4.571206317002572968e+24
1.959459188863473384e+25
4.634530265085079632e+24
3.769247154585486678e+24
4.307207214919837750e+25
-8.942886381674550460e+25
-4.570695165570832952e+24
-4.151719936326089285e+25
2.745811746361324323e+26
2.030758375544832278e+25
-2.576084362981699593e+26
7.849197120269427387e+26
3.929716701980769766e+25
-2.770616686737376743e+27
3.167541193615689869e+27
1.470876180153692579e+27
2.076992984244516750e+27
-9.688593426963815323e+27
4.049883405286216732e+25
8.221191277613242300e+24
3.274549672967907667e+26
2.655148078212691752e+26
-1.546059806474951530e+26
-2.772580166521492463e+27
7.075380063334507493e+27
-8.687763433063105134e+28
-1.154764296636493066e+26
-9.251546197288737983e+25
5.001000535630035071e+26
-1.743779197283649229e+26
-6.102712185711034642e+26
8.140969075327481064e+26
-3.162339255716302619e+26
-1.259479838222654876e+28
2.717669683993815331e+28
-1.903475210305377535e+28
4.149697933707902151e+26
9.484155293365502314e+26
8.115582126335731018e+26
3.002789519628900166e+27
6.587390824595859429e+26
-1.189781862139345633e+27
1.349154883357516223e+28
1.489556418876928434e+27
-2.425406554984922320e+28
-7.703834018359092723e+28
3.016376409857387720e+28
-2.587083390292809319e+29
1.489138166342430467e+27
3.089034941649636577e+27
-2.167350774655392835e+27
-9.240686434956286256e+27
-4.323882188201432258e+27
6.945110694478375888e+27
3.164566279172997801e+28
-9.121789648320814351e+27
4.895190547799219993e+28
-9.927596704186452839e+28
-4.025596649444683103e+28
2.204901723299788281e+29
-6.979346825263945498e+28
8.826695138732791891e+27
-4.646974683791441734e+28
-3.321475873340105921e+28
-4.926687153153452381e+27
2.840429685159698021e+28
-7.574394824095978494e+28
-1.411199861318166358e+28
-1.378125821563544697e+28
1.619805336382974171e+28
-4.231453488434872488e+28
7.390032945444885288e+29
-1.298730229182241637e+28
-1.993061358193323434e+27
-1.714733347441667409e+29
2.462298468748115799e+29
7.131902780702914014e+28
1.483267910431504743e+29
-2.704457947176314647e+28
-3.509403318700368367e+29
-1.058535097370616316e+29
-9.508772504754096883e+28
-2.355495987590093103e+29
-3.268753297573506977e+29
-1.791259269734215852e+25
-4.476299769055288531e+25
-3.149967882411572731e+25
-4.162667331220830142e+25
3.230018134560102044e+26
2.165194886431272808e+25
5.608499972041293399e+26
7.780357047680288906e+23
-3.105908483852157434e+26
2.933532630283524440e+26
8.337386925214760779e+26
1.049308348159733475e+27
-6.732803537117205014e+26
-1.314998335778133320e+26
3.407037535085757038e+26
4.970433191874461186e+26
-9.095344896498258813e+26
-1.561712526128870804e+27
4.423074297813745016e+27
2.298335665993024256e+26
1.374532350898413461e+27
3.638973527882763996e+27
-3.182628959973256025e+26
7.078361797309377934e+27
1.140049148289114189e+27
-7.424055804030322359e+26
-2.269344764188182060e+28
-2.353544163150383058e+28
1.204141914250571441e+28
1.967127896792571088e+27
1.853236507910871458e+28
-4.198248607681685329e+28
1.974470131469656007e+28
-2.233968469125036021e+29
7.819605389257200505e+26
-4.389051385740254298e+26
1.928555854749234511e+27
4.684804547282669958e+26
-3.909442766507833443e+27
1.450645005027993574e+27
-6.694986752490476233e+27
6.287464098851922231e+27
-6.512531407113568851e+27
2.837785728216439358e+27
-4.740263459043835504e+28
7.014674504242142248e+28
2.188708266043401936e+29
-3.290380330815498098e+29
-1.067540664706297915e+27
-1.940990183739462356e+27
2.135898212646622895e+27
4.117364297750700549e+27
1.054570439939038169e+26
1.804049102499999839e+28
6.090443927881332325e+27
9.514419718193484596e+28
-1.364627419552146916e+29
-5.493417907873712940e+29
-4.396000080091041283e+29
3.782698808795567986e+27
-2.349154010753039593e+27
7.716676075285174376e+27
-6.006554122400223535e+27
6.193629079086367530e+27
-4.128752757390834327e+28
-3.039971216023253559e+27
-3.255482926906263875e+28
-2.405696549839271603e+29
1.581850691744586967e+29
7.689657157216113350e+29
-3.832383226868858629e+29
2.971831963394896962e+28
1.974003272388086546e+28
-3.977940753426460330e+28
-3.459098885651785665e+28
3.165070271475044000e+29
-7.894389947381275714e+27
1.246450439459704228e+29
3.798308105533001197e+29
1.951712377299808447e+29
-8.164784448095812032e+29
1.220747187956813935e+30
-1.069216833702716116e+29
-4.924861343359741730e+29
3.553771980002061744e+29
2.790347461559930137e+29
1.129443071663562025e+29
-2.011826948487469177e+29
-1.765281329244176050e+29
-3.390256969188508482e+29
1.897085719527740991e+30
3.419264459614108149e+29
-8.356058737316633079e+25
1.122551163971468339e+26
-1.062768866924380170e+27
-2.699758501611769609e+27
-3.457773956221289594e+26
-2.535661537674849626e+27
1.313476440372322158e+26
8.273449992147118487e+27
7.315721280175253535e+27
-4.355680860552260263e+26
-1.240125717476854287e+27
9.505686810303544851e+26
-4.199367585203792421e+27
7.264023900126989092e+27
-1.181059967070681592e+27
-5.930166639978665196e+27
-1.356643658942146610e+28
-8.155689752148426306e+26
7.457364827493313943e+27
-1.412418335655770670e+28
-1.904530222990220380e+27
-1.528330400920998743e+28
4.821428918921336785e+27
4.498126185082438709e+27
7.016849324920099799e+27
-3.348985236572806313e+27
3.084975756941150913e+28
1.315626387103165601e+29
-5.702665903237999066e+28
-1.292169382433484366e+29
6.404972155508574159e+26
3.505950144905701581e+28
1.246850404313719992e+29
3.101068247434639098e+29
2.060342273806811148e+29
1.551634751941398024e+29
-1.048215730341191622e+29
1.206174995804265259e+28
-7.258099943937157254e+27
-4.862816729342918551e+27
2.496964965445311890e+27
-7.904327129574566218e+27
-1.158424735561879387e+27
5.967429400072094877e+27
1.496594247871764615e+28
-6.467727348954866420e+27
-1.017921962344411473e+28
1.575795242197301554e+28
1.195524021621179434e+29
1.086255069222924679e+28
-9.633858900175441941e+27
2.059965776248795409e+28
1.122860074775502558e+29
-5.192483187434283160e+28
-2.793973614822794770e+28
-1.289589072038471559e+29
-8.748498535535448318e+28
1.449398817758005350e+29
1.269316824194276712e+29
4.071523249272539422e+29
7.147504667829879892e+29
2.351280741781406816e+29
-5.800741120549392566e+29
2.258877744567019754e+28
1.822439994444251156e+28
6.902565795291482388e+27
2.457216965821438492e+28
1.360286476585180424e+28
1.826894150926221969e+28
-4.230734826922022919e+28
4.638497392979769745e+28
-3.569110070161093157e+28
3.517661299090712405e+28
9.197055907765567931e+27
9.468090853605218245e+29
3.249781343556787751e+29
5.332171861517036589e+28
5.688215043964384053e+29
-3.763040214219013771e+29
-2.325757492909223887e+29
-3.477823497824996005e+29
-2.397716240890759990e+29
-1.957978110079840201e+29
4.613222029429609998e+29
-9.833649452561732579e+27
-8.859002378933695515e+28
-5.837579793669226157e+28
7.249538407920004289e+29
9.484282546341297929e+28
7.067429826076481206e+29
1.420921940268856270e+30
1.033867819310852961e+30
3.284045612730797704e+29
-5.511287827253975228e+29
-1.065596211393691361e+29
-2.819777769603864000e+29
-1.973850310886684756e+29
7.730605010114132959e+29
1.072798063363657772e+30
-3.804165728999622975e+29
-4.355435865241341309e+26
1.786728897332934853e+27
3.653406252573932416e+27
-7.303943181254216089e+27
-1.085316125823376424e+28
-8.877169187188666493e+27
-1.512116319586055727e+28
-1.545135625144397893e+28
2.864912119962546679e+27
-6.478393006940000972e+26
-2.999565813847111662e+28
-2.596775801801152996e+26
-1.570800681831856431e+28
2.641213102488677623e+28
3.016901552511101875e+28
3.901227025278291830e+28
-2.661852754280890792e+28
-3.539393543888523200e+26
-7.231315647590346916e+28
-4.660255140900729674e+28
-2.634837530016006713e+29
1.371498259914505502e+28
3.682859509613327905e+28
4.061400465404420751e+28
-2.776584685654292791e+29
2.288425879934654547e+29
1.289761819977799683e+29
7.450016640703847449e+28
-4.838460520031953123e+29
-4.432621595479427429e+29
7.055298928974788860e+28
8.161106449101969174e+28
2.246942497075298842e+29
-3.556140367576160701e+29
-5.450557608185119434e+29
-9.842489948809098105e+28
9.120019091152238428e+29
-3.799552938498215882e+27
-2.631329995392163965e+28
3.012023119844045224e+28
-8.007088121246431196e+28
-1.038703763576302101e+29
8.974796640144987769e+27
-6.472619882327262729e+29
9.874222887281869609e+28
-2.361948704785060149e+28
-5.595106878991792058e+28
-2.570321305367288075e+29
3.299020793850432770e+29
2.724032721155409776e+29
5.386753156280977139e+28
-2.443086814473756470e+29
-3.421782032945207498e+29
3.090351986570556000e+29
3.800969620444006137e+28
8.952499323072159200e+29
2.023661438184035918e+29
-1.586883898489318104e+30
-1.086614869004212162e+30
1.056550438611769375e+30
-9.817610084374049296e+29
1.133964649492489511e+30
3.397981693404633830e+29
1.135436363654373877e+30
-4.082430665643236353e+29
-2.539227212685611265e+29
4.619689990920212250e+29
2.952123769769259795e+28
2.743841444689939174e+29
4.434283643291100117e+28
-5.688859626743804143e+28
-1.348407580520139506e+29
4.972689655265488949e+28
-3.985814034918773058e+29
8.792603260232729883e+29
-5.293046593628158481e+29
-9.411772509543173313e+29
-7.351144201162659029e+29
-5.732783605562080817e+29
-1.526140450077841919e+30
-8.457618503423153856e+29
-1.552466578708117063e+30
1.759892889525992955e+30
4.968363505744077133e+30
-3.176723380233973356e+30
-2.792803350713595649e+30
-5.427284341549749240e+30
-9.013363167181477102e+29
-3.097845946412980664e+29
6.614537069060271434e+28
4.971695761769993155e+28
-1.128440983120019937e+30
8.305259153723252091e+29
-1.716233680104560721e+30
4.474809582989772465e+29
-1.418396974646607281e+30
-1.989107600287246542e+29
-2.446512122560148167e+30
-7.932726730595746275e+30
-4.507243927630112569e+30
1.212577524175220507e+30
-2.342494410563747389e+27
3.003939253570824846e+26
3.217353063610544517e+28
-4.201986438543639218e+28
-7.117732433221219628e+27
-2.282865737837701385e+28
-4.558044732397621871e+28
-8.917833253996683656e+28
1.545791187283680877e+28
-2.754130845100199544e+28
2.449175817380850437e+29
-1.966888060790641283e+29
-1.268440827379141230e+29
3.873100557725383043e+29
-5.146264541135922480e+29
-1.647710193873521802e+29
-7.364507701586636335e+27
8.972219903495665864e+28
2.122653305309524526e+29
1.468147993974628193e+30
7.957692935180167060e+28
-6.030906834194645723e+29
-9.569727713540862797e+29
-8.532642622075295382e+28
-2.589175093203234187e+30
-2.195758370931033661e+29
1.954415331417118976e+30
-2.402849663512714720e+29
-2.307821505758813852e+30
1.737032250351257762e+28
3.592775996994665348e+29
5.815210226483415703e+29
-1.123820915942848269e+29
-1.200309599211605127e+30
6.962194012898383989e+29
2.108221171841270174e+30
4.697188254605158034e+29
-3.600506428308102249e+30
-5.916807224205043387e+29
-1.452849827814567938e+30
-1.029027239355123382e+30
-8.697665130738090113e+29
-1.539031459946757321e+29
-3.335112301778663629e+29
-2.449400293034766983e+30
1.523572772848108921e+29
1.712923205490934128e+30
2.292864509545564293e+30
2.115277551270166375e+30
3.743551338058034092e+30
-2.704375735036907388e+30
5.488477074490097145e+30
2.322692600038081204e+30
4.898126859239065000e+30
-3.907006432216956640e+30
6.638225606799622942e+30
3.228751165760840041e+28
-2.900821099111886836e+30
1.418959405402142198e+30
-4.024648644396315751e+30
-8.884482692141942813e+29
-1.753463816526367872e+30
1.719534674422043559e+30
2.127070771401825833e+30
4.201008118244982054e+30
-1.870013337143611094e+30
2.096697024776546624e+30
1.354552470745460926e+31
-1.862568019032461577e+30
1.457783689575982149e+29
7.461473568788481883e+29
1.573755078059157797e+30
1.229533727574110775e+30
-2.210678492517306038e+30
1.944249704815471005e+29
-3.025924309999720945e+30
2.664520515921832992e+30
-4.420619789400314784e+30
9.098034069612461258e+29
-8.565778181514408718e+30
-7.868664516666770561e+30
1.004528803998631763e+31
4.755957358221755554e+29
-9.587168232558813854e+29
-1.629603295819035222e+31
2.903848766296635505e+30
-1.370502156394903420e+31
2.031480967375816092e+30
6.953041211012687763e+30
8.038460431533330267e+29
-7.692898782356360600e+30
-3.388411432998363427e+31
4.927568394648585841e+30
7.505649594279386937e+30
-1.909647483718921132e+31
3.458107263394627526e+29
2.914568726591805304e+30
-2.576558562828729052e+31
-7.683673897828857320e+30
3.719014519203805346e+29
3.851414445005099327e+30
-2.336983548034710862e+31
-9.127238478434056660e+30
3.434721970077800418e+31
-2.301677370395982112e+31
-6.117529226959763170e+31
-2.911918269957819978e+31
1.026937370699661680e+31
5.704171001046294528e+18
5.045824102385630413e+19
2.914083021037164626e+20
-6.090373028995216179e+19
8.262109833159151452e+20
6.475985367412594704e+21
4.300337562045019849e+21
-6.132797177076069171e+21
3.573845429798984909e+19
-6.215006336569038602e+21
-8.526219930136284758e+21
6.234697385110745907e+21
-2.343286670594443009e+23
2.744734925974302443e+23
-3.102584648641188532e+24
2.905737486473421941e+24
7.802148461290256859e+21
-3.042385321688350222e+22
4.064968394352028444e+22
1.021683498375771553e+24
-1.461283145683171606e+24
6.219996174987738177e+23
1.762562265645501677e+25
7.824015165176080828e+25
-4.169736679458374418e+22
-6.164788034874137536e+22
3.067951298167140893e+23
-6.192633316702666694e+23
1.378374839646591826e+23
1.010281988790337097e+24
-2.638583270801984432e+24
4.211897434224938286e+25
1.264807021764602961e+25
1.051641645955522641e+23
-5.275948895532446908e+21
1.492597894708260409e+24
6.530960554926419718e+23
1.466301460824847706e+22
2.525206627863173725e+24
-4.210641665325626498e+24
1.816016041273663085e+24
-6.077920916809047792e+24
2.759491534511803905e+25
-9.444138154345632631e+25
-2.688181159396453919e+23
2.676340546026912791e+24
-1.949887977424475424e+24
-2.080129162191214310e+24
2.256968807911367064e+24
1.180543565004578960e+25
-2.559683017290697708e+24
4.533273766408736691e+25
1.151321973268491247e+25
-5.853188011679563918e+23
8.303623765539144948e+24
-3.462103939484100389e+25
5.544668594587084156e+26
1.616657498558814642e+24
-3.484420058315011180e+24
4.068883359109082660e+24
-1.025706022411269481e+25
6.295943282493912978e+24
-2.610898123134975894e+25
9.409245560286980126e+24
-5.059272940267558682e+25
-1.356993440597744699e+25
-2.626232036604654624e+26
1.732453360447090996e+26
1.932675949151632478e+26
1.231649938470015460e+27
1.140117520252410024e+27
2.809114193420536659e+24
2.267689154212952692e+24
5.340007405100984666e+25
-3.906896024877695957e+25
7.397035573918625025e+25
-1.336541720307577218e+26
-2.542536187404250937e+26
1.493110230327459809e+26
6.030964883913344814e+25
-3.183578759124184089e+26
-2.479436730187087038e+26
-2.762566032861868982e+27
-5.582995582752634627e+26
-4.593987078195992329e+25
4.817721743171725346e+25
1.229961855913256992e+26
-1.056103958018095998e+26
-2.104708143528521661e+26
4.553661189730623077e+26
-7.923103573438427547e+25
-3.282961739752470578e+26
9.531108423037384097e+26
1.659980674076029402e+27
5.869819221301921002e+26
9.167971235054236614e+24
1.267526186174850793e+22
-1.500017431408780562e+22
-2.623420509201180813e+22
-5.208583256655650074e+23
5.727106836479317461e+23
1.081094319599710248e+24
1.654011329637254194e+24
-2.332256071421130392e+24
-2.605651009946707019e+24
4.733022614491633988e+24
2.118135954890066293e+25
-2.598476975795171103e+25
7.145938855664281536e+24
-3.353714201637941358e+25
-6.046172273091528612e+23
4.378578697918577868e+24
1.718614496673541063e+24
-2.335428301742444026e+25
1.838247239191399346e+25
-5.040073010414252951e+26
-9.254237202393822684e+26
-2.504410430241809199e+24
-9.079013590861958632e+24
3.151350305514481808e+25
-2.042962697143935385e+25
2.037296954941123090e+26
5.621084956179480489e+25
3.084084624452862431e+27
1.001911816291919704e+27
3.250803712154466640e+25
-6.609405282084914918e+24
3.237175776381934192e+24
1.691594371099827553e+25
-3.774517519761976133e+26
4.428747704903750069e+25
-1.185547085166229633e+26
8.967214261867846915e+26
-1.446511932076061740e+27
5.274113362636434813e+27
-1.391318704519479659e+25
-3.620726308814975579e+25
-1.775648351479841386e+25
7.332595538331655410e+25
4.867117534631960209e+26
-1.723133817433229570e+26
-2.624954198148989231e+26
-6.535475090009734364e+25
-2.829492810132257833e+27
2.812395133566019958e+27
-4.677783977481080643e+25
-1.235973401285344330e+28
-5.358204130673724306e+25
-7.085561086159724096e+26
1.666555947129322841e+26
4.788804884283952639e+26
3.463406396218021203e+25
-6.693165339545282548e+25
1.494977283846113186e+27
-4.819940352856884865e+24
-7.967142359150948693e+27
9.662771033589700279e+27
1.822358675614840960e+27
-3.540436939747707573e+25
-1.535444722567362398e+28
1.491747878989651409e+27
-6.191677531889342031e+26
-9.327289507949142582e+27
-2.703093583075693632e+27
1.553508149933269301e+27
-9.622277195275144591e+27
2.843821912947129133e+27
2.243126062560329062e+27
2.856824988908214975e+27
-9.948498080586909223e+26
3.095375772751504858e+28
-9.623749458506098860e+28
9.175709813711083713e+27
1.264309658655417898e+28
2.312807280238685793e+28
-6.276922396067940843e+27
-3.898711574005010209e+28
-5.849724329146067099e+27
6.679462712522433548e+27
-3.182886647309829496e+28
-8.944900349085023350e+27
1.517084234966999500e+28
1.009547821512336641e+28
3.944936771169667978e+24
-1.018724524483822446e+25
-6.199090976281564810e+25
6.015555655487870451e+24
-2.140580951555803707e+24
8.655331803063072784e+25
1.319577437532235568e+25
8.446151018632347151e+25
6.276494006589386918e+25
-6.384016429055723334e+25
8.669596482877815035e+24
2.455837319425317067e+26
1.125564416172485564e+25
1.197614909197119658e+27
-1.655533451539609021e+27
8.630503718357568494e+26
1.509673132182295976e+27
3.179582457135596257e+27
-3.144898479553403966e+25
9.796184095501221206e+25
2.016054429155761076e+26
-3.389738119854106976e+26
-2.519262736270631325e+27
-1.487757447298019890e+28
-1.238927224012043764e+28
3.468832336459890666e+26
2.823013142469588267e+25
7.150459052954561451e+26
-7.989084001656827828e+26
8.331418613149966876e+26
3.998041615786239461e+27
-2.732053752688747119e+27
2.608445027840920627e+28
-1.159982737601664143e+29
2.975471770386953962e+27
7.933725363037946260e+26
1.772219527059141693e+27
3.527269897121706808e+27
-4.152961988562346949e+26
-3.010388302874574278e+27
-5.900467210573757126e+27
-1.961002117880995206e+28
-1.398523611644836630e+28
7.910953052446864775e+28
1.161074444046036653e+29
3.199819026969637636e+27
-2.264334259746446957e+27
-3.165303250990419169e+27
-1.973806969851262890e+27
-3.573768599476820463e+26
-1.363652450648599561e+28
2.602370960625944866e+27
-2.279671284919262098e+28
-2.749657784471772369e+28
-5.055144737874776343e+28
-1.090704067913663575e+29
2.071793444135036675e+29
6.841496958969180196e+27
1.624259266453645173e+28
-1.687526494755854900e+28
2.616326484041081819e+28
5.919633053533510642e+28
3.201742210534250749e+28
-3.194873522896409308e+28
-1.052219905168650524e+29
3.883682651429589375e+28
1.244829983758351808e+29
2.304222833338287944e+29
2.351881801678800791e+29
3.473986203865876471e+29
-8.695335585935705619e+28
3.827930938456699557e+29
-4.268283411838844373e+28
2.843337033408691094e+29
1.408444245767697058e+29
-1.526790764376608088e+29
-2.199860363149977853e+29
4.519939606904040141e+29
1.145502765170751910e+26
2.634103119656654690e+26
4.998119745217565271e+25
-3.134126921811373397e+26
-2.709657377054980415e+25
-4.395198199828814561e+26
-2.114312172885355490e+25
2.468136369384491285e+27
-5.169585488070701481e+25
3.708089343056008815e+26
-7.988723201182276875e+26
-2.687491998970194159e+27
-4.959638316266548534e+26
6.098097527172155810e+27
3.443033274514154352e+26
-1.317227882592499155e+27
-2.153762100276430808e+27
-1.260357991977509298e+27
4.701568984087264154e+27
-2.723261046021942698e+25
2.023406410753571063e+27
7.228730588731440013e+26
8.540086728870466298e+27
-2.232296403482937801e+28
1.582385000786978691e+27
1.536344304614432387e+28
-5.859736534814076905e+28
-2.339947416969059797e+28
7.624745554947025968e+28
8.290513073826348592e+26
-6.928982369374854793e+26
-2.238552101951699132e+27
-1.069460424383880043e+27
-5.260559783518967194e+27
1.046024549372076538e+28
-1.514895325853986284e+28
-1.721542715075028263e+27
7.588652476816375880e+27
1.149497643648890717e+28
2.115004958085425134e+29
-1.037730752593075084e+29
-3.183058464011141314e+27
1.863669252212286841e+27
-1.404806566660825587e+28
2.144300618481967111e+27
4.800309816617084383e+27
2.402129138643232356e+28
1.235532085445455589e+29
-9.811386325668445490e+27
-3.092695610856268893e+28
3.672441493905588294e+29
-2.932950421811491454e+27
1.266830728027955336e+28
-2.444541598310012331e+27
-7.941701356380225644e+27
7.890824536416054276e+28
1.699769549057929440e+27
-5.127245367255842948e+28
2.572227148926223862e+29
-2.090814330033984359e+29
-2.937353388817138607e+28
9.890211185507676241e+29
3.398632631267348163e+28
-6.915152439016416227e+28
-1.789684660521836673e+29
-8.378789919847579927e+28
-7.919135525018457180e+28
-8.725063065312539495e+28
-7.827036542935215668e+29
6.160020789494202876e+28
-1.236086609743788793e+29
4.674833744413261789e+29
-4.046969458980928518e+29
-3.043564571353683609e+29
9.711999076164954662e+26
2.886713519352097826e+29
-1.798146687363376347e+29
1.049876796756090331e+30
-2.419328690035189176e+29
2.340449617529066441e+29
-6.206296527679040805e+29
6.036718816992253495e+26
5.265784719875828799e+25
7.640290148261067217e+27
-5.724102233773669201e+26
-2.041056827110082902e+27
-7.559392629796264173e+27
4.466973385491335735e+27
2.374823560290622914e+27
-1.821294358483480088e+26
-6.370497931611608432e+27
-1.309951201771290502e+28
5.250049674117783405e+24
2.794568344649644873e+27
-3.003840696417866434e+27
2.385576655613267492e+27
-2.256322563894817378e+27
-7.094037773657261675e+27
6.937529209343679917e+28
-6.005596234383664743e+27
-1.427638578245588073e+28
-2.703620734808410049e+28
1.685984917609992813e+28
8.497696366535643533e+27
-4.203795507973215718e+28
1.398845470910363221e+29
3.321400774420054100e+26
-3.983253013061549731e+27
2.018019214285390196e+29
-4.578678252667926524e+27
-8.498560111873415861e+27
-1.682211363894304355e+28
1.634720548979924542e+28
9.942771415825101338e+27
7.649461239017561251e+27
-1.018591767684358845e+27
-3.275782787133586040e+26
-6.794559036931098575e+27
2.585927060607494352e+27
-9.716058278110856410e+27
7.298591571849269826e+28
6.144989189341686042e+28
1.953328520905508418e+28
1.141338789992022856e+28
-7.646775239050669619e+28
1.379325361823734340e+29
-1.491620248289491584e+29
-1.014811520833304206e+29
1.353213667856028976e+29
-3.579556974134074626e+28
1.885689780988605276e+29
9.372227619203402727e+28
7.403041894186424241e+29
2.641381320397225042e+28
3.620530597279278382e+29
8.998399893887309879e+27
2.994326785467439765e+26
2.525964054743510874e+28
-1.192689125360903995e+28
-8.288683773507386115e+28
4.684137945914155152e+28
-3.962341121527922634e+28
2.371490636180868877e+29
8.276507548310922599e+28
-2.325378967787652159e+29
1.859000327956490196e+29
-3.812333394950871150e+28
-3.886471496765158387e+29
-1.186055303047863889e+30
-6.119894143048820736e+29
-1.396668049275225587e+30
-2.788968156161676590e+28
-3.665854255752134316e+29
-1.166573566592544874e+29
7.705742266991505438e+28
7.419011270941947677e+28
-3.500132571150679040e+29
-2.617715717186283379e+29
1.265044419026320777e+30
-1.321910506843882343e+30
-1.598914120086470879e+28
-8.961479386204839393e+29
2.256190879896619297e+29
-1.200611152113545204e+30
-9.693261585650736499e+29
-4.919202121227673313e+29
-1.247335002669617799e+30
-4.201907789334489372e+30
-1.138806152620681368e+28
-2.001482474278093543e+28
4.059861270848308749e+27
1.667469219321084659e+29
-2.889848465738914684e+26
-1.196957762922697606e+28
2.114425353923562263e+27
-1.423935830422162941e+28
-8.708521398126340376e+27
-9.062793304355895462e+27
-7.477908846603332867e+27
-8.411176453931644187e+28
7.575591235901140687e+28
-2.128950065659398600e+29
-1.745262947770528006e+28
-8.280653030899983709e+27
-1.654101422982520271e+27
4.166184693992127180e+28
-2.044123115258857217e+29
-2.380212768098695431e+27
-1.008035016098689894e+29
-6.701849591648852591e+29
-2.346082602671699159e+29
-3.742305022014434775e+26
4.890659077785539002e+29
3.262156776185316325e+29
-1.863221218436901203e+29
4.267802336579660688e+28
-4.505290187468235941e+29
3.611030544793221356e+29
-1.263509467177828114e+29
1.775002598346471476e+28
2.298201184327190542e+29
5.060433488658385994e+28
1.445684408725139188e+29
-1.364831715181502995e+28
-3.159467573989599633e+27
-3.265099228068386302e+29
3.908453185405031278e+29
-1.637180416572323081e+28
-5.191483378138013781e+29
3.285903404865846966e+29
-7.113968308546499834e+28
-3.161511668306089490e+29
-4.615107677213250652e+29
4.583100775486545681e+28
-6.163243180291382070e+29
5.905300213702554724e+29
9.487594524081977474e+29
-1.560848340665724330e+30
2.063671668698848045e+30
-6.390092747672848016e+29
-1.393520522877535004e+30
-5.158765986198421992e+29
8.114819708054881501e+29
-1.001293631410399650e+29
-2.662881017151137495e+28
-1.320904842500140380e+29
-5.600679802150201059e+29
-3.665344290823508488e+27
-1.269831819558024505e+29
-1.267880726697802383e+30
-6.399278924628080111e+29
-5.307640127832060309e+29
1.237500650405754836e+29
9.453152822820152798e+28
-2.422288014528565168e+29
1.646164859590967719e+30
4.494755759527586067e+29
-2.720311193915782357e+30
2.554610861513966235e+29
4.790316524128867097e+30
1.793436246616971991e+29
4.221862013398720872e+28
3.093442703515519198e+29
1.122645414514842850e+29
6.521534401916560992e+29
-2.787420988711171030e+30
1.012999595042768004e+29
5.279724084153327867e+28
3.998120466297191668e+30
-7.172054749919219217e+30
2.422402495242858564e+30
1.540179504655558363e+30
3.516931161208975799e+30
4.616757030764536102e+29
-4.212503910954934321e+29
1.443564033785029953e+29
1.339566942818267705e+28
1.815005024780569382e+30
6.419600505773265646e+29
-6.071577745415540175e+29
-2.630834207586864381e+28
2.310580716304957249e+29
4.455249378392171752e+29
6.710533699414293621e+29
-3.041859491178867004e+29
3.447834251161680015e+29
-2.817680345097877042e+28
1.404088656392676123e+29
4.704375140979091435e+28
-9.664575160420556019e+29
3.378367636526651886e+29
-1.763339041194477440e+29
-5.713672327543689686e+28
-8.751022047227425406e+28
-6.034897489834540770e+29
-9.401829404599900275e+29
-2.571537734525579084e+30
-2.927493403920178453e+30
6.863810256601267689e+29
1.158519332892314689e+30
1.688827178725338241e+29
-2.148480461291158796e+29
-9.087294068896188333e+29
-1.115980391300588271e+30
-4.517764264770765044e+29
-5.569593159627423682e+29
2.013564057910853434e+30
8.708640586994246970e+29
7.914143674330929472e+28
2.976119171803328148e+30
3.819854127344314016e+29
-3.328049108127916971e+30
-4.717137384708591802e+29
-3.644657161748375647e+30
-4.346158669541309415e+30
-5.519738393200956479e+30
1.300122109016691506e+30
-3.420115432051378056e+30
2.096351735996642701e+30
-8.772164734594128184e+29
6.181443071172729917e+30
1.191300999877869934e+31
6.487681281323173689e+30
-8.531303863216040268e+30
1.297222231282218290e+30
9.245979665205783770e+30
1.250695306601107202e+29
-7.238040673210592941e+30
5.173564403029993032e+30
-6.179424519043968094e+30
9.601483433887599537e+29
-1.528378814684565002e+30
-5.903172256704588036e+30
-1.183244280829885401e+31
1.489097147888647938e+31
-1.524427736674555562e+31
2.840890520242088729e+30
-9.322375509423607916e+29
1.778829536265640009e+30
-1.568411140795362633e+31
-1.751882246417298544e+31
-1.056591640432337427e+31
2.264100918031998049e+31
