-1.285956059246489600e+16
1.324996646478903808e+18
-1.224821299777085440e+19
2.178543861342139843e+20
-1.514171484066679030e+20
-6.777485540670792794e+21
3.622969005613489062e+21
7.379217258645699953e+22
2.136900190843616908e+23
3.015399652945590272e+18
-2.841409706817482260e+20
5.269195108480390791e+21
3.157509355156304560e+22
4.577112887398493061e+21
-5.077256908150260787e+23
-1.199340217460627048e+23
-6.795820188454762697e+24
4.279934053686941493e+24
-2.018482817462333604e+20
-7.192718176093690921e+21
1.374775344175960031e+21
3.713041235661464829e+23
4.521659966857291393e+23
3.665326189356907076e+23
-9.047968476480609599e+23
9.123739848334737284e+24
-5.663900097073326149e+25
8.177403123319413146e+20
1.424672936565646400e+22
6.615721562470776989e+22
1.722041710268261346e+23
-1.130850938500531469e+24
1.966102602500165830e+23
5.084360798349049964e+24
5.331915482130551872e+24
-2.312586926737766405e+25
-2.126282263796453825e+26
2.176337561488062939e+21
3.795086128258267176e+23
-1.317381048528854051e+24
7.493839648538574130e+23
-1.297138111648053277e+22
-1.010743983592540589e+24
-4.468152979421778019e+24
-2.354390635909069993e+23
1.957818495628050758e+25
2.345426208674164660e+25
4.474711130219984376e+25
-2.609088108976523191e+26
-1.199398724766763529e+22
3.771726573146801365e+23
2.484807184659684371e+24
2.656734601395202981e+24
-1.053280841249814800e+24
-1.970515302325504640e+24
2.468250920209295160e+25
5.426997359053729536e+23
4.075639032874830046e+25
7.824593907556510658e+24
1.119967844088686219e+26
-9.515428494193053024e+24
9.450762298805125418e+26
9.311785426211076516e+26
4.303090814459083489e+20
-2.230542323373709367e+24
1.983055621527962791e+24
5.079406314601954168e+25
-3.643223719336591613e+24
-2.663077628813587991e+25
-1.829897152875944373e+25
3.707938650168980467e+24
-9.421440430889294248e+25
6.513937302569684667e+24
1.787128435161356803e+26
1.978331704281433190e+26
3.223477006205213144e+26
2.398555669788735215e+26
-8.304446661505833419e+26
1.889005118307810390e+23
4.859841629075240141e+24
5.794836284986827523e+24
-1.101022260339353455e+26
-1.051849387488300805e+25
3.914785367849196483e+25
-2.314288206932896324e+26
4.012850296808793959e+26
-3.512200539692829163e+25
6.780307147175602147e+25
9.072493879569338791e+26
-8.368090384282119797e+25
1.205995595810450548e+27
-2.401569134858012384e+27
5.700970343233593719e+23
2.304260140952250760e+25
3.487214702392983112e+26
3.175021856435878318e+26
-4.567187072063524749e+26
-5.201596774565780533e+26
-8.560531770720637781e+26
3.591590932208840268e+26
6.047162084814046971e+26
8.585432401531830763e+26
-8.303780025154025265e+26
-6.131792475566461969e+25
-2.328752538435081511e+25
2.528848265990436291e+21
2.537426524540116140e+21
-2.161211745644745798e+22
3.482463692764025664e+22
2.423895899394310343e+23
-2.158753365381490053e+23
1.237953222415560592e+24
6.094041265172982404e+23
-1.088988789860025498e+24
-1.298132555755434423e+25
5.459510823747540379e+22
1.217602991315129143e+25
1.731213328076401797e+25
-2.437861851384731931e+25
8.495154935616795916e+24
2.397728748185332603e+26
1.608940848898490017e+23
-1.052597685449635347e+24
1.036451204417953420e+25
-2.874250018359559343e+25
-9.499880004360638161e+25
1.531321965018172780e+25
-5.263546121681789156e+26
-2.315225641022524193e+27
9.497297836940025922e+22
1.566355567313563690e+25
3.029463877035044648e+25
7.088923888392637252e+25
3.202058003368259485e+25
-4.847614470581895550e+25
-6.119838804021095420e+26
3.171756513510884465e+27
9.402422255087793342e+27
4.272921656745623479e+24
5.479188109350347859e+24
-6.017297117056798091e+25
7.780331974606686195e+25
4.795229596138697274e+25
-1.409410589417418827e+25
-4.916284910409302997e+25
5.617808221788822456e+26
3.635829282576942831e+26
2.332406504972613249e+27
3.601223282923837105e+28
-1.484971108328784251e+25
2.349213200799691114e+26
-1.722801921514155965e+26
3.289787689436459892e+26
-2.532680379002562564e+26
3.805423150882438170e+26
-2.635181766199152216e+26
-5.561813150573954044e+26
-4.758366414415101531e+26
-2.719577419441629949e+27
4.514164187363193916e+27
-3.573925003781398441e+28
1.912325615044902974e+28
1.703028183146037156e+25
2.957302287663873568e+26
5.799166218225588704e+26
5.659648422551923057e+26
2.106049948092391524e+26
-3.702070091947647985e+26
-7.724831813123379164e+26
1.845107488176867696e+27
-2.433554570498081458e+26
9.009722756029942352e+26
1.983385496796477699e+28
-5.629159720019212621e+27
7.983080738069333152e+27
-5.809805094024281056e+28
1.003303076917110560e+26
4.277821766292337513e+26
-3.826353311545903089e+26
2.416678186434575706e+27
1.054314938929455579e+27
3.986506185964151976e+27
-8.868048637182840269e+27
1.535205840341001536e+26
3.768802037652609542e+26
5.173036450270933521e+27
-2.775234384785559050e+27
1.143723883108802757e+28
3.240784895456701557e+28
9.215021429677653201e+26
3.815569112862876250e+27
1.987820859032240504e+28
1.842600497643010065e+28
1.475890190470758109e+28
7.232903696250526798e+28
9.861895656548627179e+27
-1.871300858168277690e+28
-3.131832624145342138e+28
-3.776965448638568760e+28
2.027799901925052992e+28
1.321202607638554671e+29
-2.014371160794456077e+22
-2.614628641055499901e+24
-4.598831093716440148e+24
-1.494183385070231292e+23
-1.029335243349188132e+25
-1.973536899728136557e+25
-1.705054022019315277e+24
-7.253622056699052442e+25
-8.327651554535955426e+24
8.746351475968027568e+24
1.013505519226084696e+26
-1.622523308273323742e+25
-2.501101121436133035e+25
-3.711200077553168045e+25
-2.416948569366070667e+26
-6.097384662147491272e+25
1.451235672262345079e+26
-1.929226869453158667e+27
-5.577621827572800739e+26
-2.060791094975669210e+27
-1.869535798404322522e+28
1.379429872989720906e+25
8.401647028150430249e+25
2.925072403615928823e+26
8.250563379366874767e+25
7.262328286320818426e+26
-5.444095279145838892e+26
6.006099324095706010e+27
8.644307218645262732e+28
2.556951581618409473e+26
2.173721318011555242e+26
2.203327826221887692e+26
4.861432808339267670e+26
-7.896588062860290489e+26
2.281685425472409272e+27
1.359394315403461869e+27
-3.199997881177538014e+25
1.554888336342567979e+28
-3.219708079392900946e+27
2.871178366541126406e+26
-2.812369744024308515e+27
1.088119013743614256e+27
-7.688704504231820891e+26
5.702178873695736827e+27
5.793282150844642343e+26
2.786926038918729959e+27
3.338025089974498542e+27
-7.364582866732700119e+27
-3.090850825209652451e+28
-4.841447108202262322e+28
1.125353096615395029e+28
2.785819607309511262e+26
-9.827314825534855830e+26
6.479417850334847611e+26
6.455384015297440868e+27
-1.179188892754824013e+27
-7.472275923044397086e+27
-4.975544943337957737e+27
-8.491726103956925754e+27
2.994999454806182481e+28
4.841866345310256379e+28
-5.893190259873674225e+28
-1.975656709952497745e+29
-1.804756543877924479e+29
2.331244424108875985e+27
-3.284349842653727857e+27
-4.850306227684327931e+28
-7.280975847992757208e+27
-5.708323291119731040e+28
-9.362534124482619714e+28
-5.923522696270956108e+27
-6.692158675580623957e+27
-2.894987258068994819e+29
-7.416910655671792327e+28
-2.808281824871568369e+29
5.055941254442750003e+28
-4.927144010653214858e+28
1.539877056951730321e+28
7.841514756798835507e+28
-1.023702332726992282e+28
3.362220083327713413e+29
3.260763412644118617e+28
1.077109729531034392e+29
-3.933619130797574044e+28
2.822027219782452052e+29
1.161639731394898198e+28
8.879248325367327058e+28
-2.760352854165014712e+24
5.001474221177589184e+25
1.303182312132642202e+26
-1.348100301588799701e+24
-2.370807012230867647e+26
2.174936018525314955e+25
8.059363615335636829e+26
1.113887138710323924e+26
2.326599165966985311e+26
-3.854705524392303333e+26
-1.313564436791842855e+26
-9.722792469811737692e+26
1.549954895138772330e+27
-3.079919441921327415e+25
-1.059478496802708347e+26
-5.305503426622826289e+26
1.556195723336169973e+27
2.480145442446526199e+27
4.033462410683107439e+27
8.897790233230114827e+25
-1.578459467959353844e+27
-5.639575593983219671e+27
7.607220567741279684e+27
5.120703516728697965e+27
3.491286249228345170e+27
-1.161316654559522018e+28
-2.000925280310482643e+27
-2.275467011226947316e+28
7.511532981869456816e+27
-4.332100636205000923e+27
3.312302908158615593e+27
4.941848318206452846e+28
-4.045778079670569821e+28
-4.015404682807087992e+28
7.730414832648864531e+24
-1.112745173241314282e+27
-6.084402925833533161e+26
-3.636084840667743870e+26
3.443402920045681111e+27
1.934134356201865810e+27
2.764734336886328940e+25
5.694217574575740649e+26
-4.056243634736657201e+27
5.345801542950513610e+27
8.175467826020928141e+27
-3.889643554222613400e+28
-2.073215270604649047e+29
-3.910185042057471917e+29
1.435206653251834889e+27
7.724815238234350823e+26
6.591705801122097412e+27
-9.492159026771521838e+27
-1.097814320373660772e+26
-1.147295758474991611e+28
3.137029732134117334e+28
2.659230873988329225e+28
-3.543119237932928969e+28
-2.466494133430818698e+29
3.242583526665166957e+29
4.798196122781925615e+27
-4.749491615953791922e+27
-2.362590884876992802e+28
1.394657878422359872e+28
-9.986879125497171110e+27
-1.029395733273934237e+29
-1.208458461048893710e+28
2.465440475153884990e+29
-1.001534631365336302e+29
-3.263762603067329847e+29
-3.480425602056911965e+29
4.886567701825349719e+29
1.620749558244386187e+28
1.056237975739334761e+29
-9.949848696920039097e+28
2.289697563557904024e+29
8.838655904407158570e+28
-1.454883299348224718e+29
3.424723073480515363e+29
2.563299590153770280e+29
2.434945196668971576e+28
-1.356776486038432214e+30
-1.322050565778882700e+30
-8.263902133189675710e+28
1.186852928879420698e+30
-1.080684090114571465e+29
6.410818894301382684e+29
4.511023689573018863e+28
-5.229843958315428959e+28
7.317299463434690269e+29
9.220768740326302776e+29
1.070955126029305204e+30
3.256252629247957860e+30
4.341324907068736197e+25
4.141871923156334292e+26
-2.160564821258401636e+26
2.955306375420267842e+27
-7.930640342069001384e+25
1.654173049219006873e+27
1.554940597166915769e+27
2.434148373967210158e+27
-3.459091066387345381e+27
6.079034049516865106e+26
-6.123708505274949535e+26
-1.904448568620713628e+27
2.453093175167866387e+27
1.629743507780407312e+27
-1.088411499796258205e+28
5.044327755138001224e+27
2.855354812248513184e+27
-4.343544694257575205e+26
-2.621031456802246696e+27
6.654036617786562785e+27
8.992018063051200035e+26
-2.526432772820284050e+28
-7.175442308012449894e+27
4.351405620775610567e+28
6.928682958375299308e+27
-3.238110533255108466e+27
7.557892257017637814e+28
1.257285159534126496e+29
3.820248186957407133e+28
-1.167459883326068031e+29
-6.750837838020910037e+28
1.145528679119871570e+27
-4.619862411873444314e+28
2.773843389900689610e+28
-1.358657231749576977e+29
6.284266575139547107e+29
-8.551598743400744511e+28
-9.434218277737385400e+27
2.885622969270877064e+27
6.866811176670092262e+27
-6.712014962618186933e+27
1.441873210207685290e+28
-6.787279365742676405e+26
4.471540912698262946e+27
-3.426413593539611155e+27
-2.511660857226991584e+28
-1.162736444950932120e+28
3.218625697455186505e+27
-8.215129935060177217e+28
-5.105576174506991442e+28
-3.800335085442843827e+27
3.537855104087736613e+27
1.633598542749273475e+29
-8.843670359890124365e+28
3.294797122273441224e+28
-2.623594614188142739e+28
-1.330277423127457469e+28
-2.547216083556152441e+29
-4.615938410060889380e+29
-6.687966540465506821e+29
9.514462088616609525e+28
5.624926509665846931e+28
-1.441286462283757841e+29
-1.185181000298523496e+28
3.178571806270226631e+28
1.599167926810607280e+28
-1.570039697554776609e+27
-5.683537348146147684e+27
-4.787992199106295647e+28
-7.818878215390676629e+28
2.760820563319700998e+28
-1.512819569673208064e+28
1.694804754318386763e+29
9.569007877809665218e+28
8.487903414729777705e+28
-2.360807183078376906e+28
5.541521782043023617e+28
-7.998694817987759149e+29
-7.059814232685662305e+29
1.059870320448596061e+30
-5.698319295666821425e+29
-1.091286640843727466e+29
-1.105510203617068492e+29
-2.907152357188948604e+29
3.844461667780096959e+28
-1.849780490619671884e+29
2.696705919709462414e+29
-9.555217385904778112e+29
-4.001256269886644982e+29
6.898042796544512398e+29
2.304990740857843419e+30
2.219058716824666509e+29
5.093973470751348007e+29
6.445570321950495772e+29
1.928905832004827012e+29
9.847305654556112155e+29
3.464523873442385221e+29
-2.310155164095441255e+29
5.163574197059804986e+29
2.742605757047646760e+30
9.413705639910460526e+25
3.851287110701753764e+27
1.406586680290738094e+27
-6.544730121221468535e+27
-6.590651208950640796e+27
-1.399900219854694008e+28
3.608544691042748484e+27
2.320175919004421902e+28
-9.182971166184030662e+27
8.107800506293522695e+27
4.519401071247381455e+28
4.729824247066836708e+26
3.002145233788749336e+27
3.919794903970541585e+28
1.740783398792887255e+28
-2.604127610972945552e+28
-3.098307938886977093e+28
-5.479494904196597028e+28
-6.353327525563102924e+28
7.918988494141543082e+28
-1.078314357834695096e+29
-1.534467424244655162e+28
-6.229609369713610027e+28
-3.260138667226414950e+26
7.222900766157288077e+28
-1.628863541525579062e+29
2.829017413221283359e+29
3.390013314500306937e+29
-2.789984317245110742e+28
-5.348477768765804500e+28
-4.142442767019909236e+28
1.974881813011579053e+29
4.171130692982665969e+29
4.080874739430449390e+28
-5.411823739429206562e+29
-1.031162913511074289e+30
-1.689693997983161249e+30
-7.775867597912828696e+27
-5.884637734556199163e+28
-6.356162119390440311e+27
-1.798143684164098380e+29
1.951189371812111478e+29
1.039974566842117017e+29
1.128137717140896967e+29
3.307846835673545913e+27
5.970062925922774104e+28
7.079167588727078323e+28
-7.754371249043311902e+27
1.862393893622333715e+29
-8.397245559238165794e+28
4.412184396311477057e+29
-2.927420928119650408e+29
-3.247949732616682520e+29
4.775310590738806734e+28
-7.159380541009503489e+28
3.601557705472225142e+29
-6.555250075698498556e+29
-7.745510346479585279e+29
8.663545923896466457e+29
-2.258478655119564279e+30
-1.148540027294671603e+30
9.419116759247959379e+29
1.175499623947910913e+30
-8.227818239444122706e+29
7.301771000788621820e+29
-3.402404676585426734e+29
2.769235725537605293e+29
-5.138927294547771864e+29
2.158899555355269443e+29
6.471196379199507162e+28
1.748183129025184430e+29
3.366219814244876761e+29
-1.049056570767956984e+30
-1.314661624765932840e+30
-3.041936800852184172e+29
8.986423799287567974e+29
-1.724063074291001704e+30
-6.836552165136605652e+28
6.766581386402184846e+29
-2.592503973479716879e+29
-1.067010907326081676e+30
5.150380123101963052e+30
2.355629975842759152e+30
2.638905808295813206e+30
1.821446811351641981e+30
-5.582410336878592482e+30
-2.886827362822731253e+30
-2.251867582112610063e+29
-4.616411208109858421e+29
1.867549689633472058e+29
3.534578523515155928e+29
6.279118772424328079e+29
1.210578489302648440e+29
-5.816839231614373510e+30
-4.317193605186040412e+29
-1.131480744839620062e+29
-4.006019866224763462e+29
6.785443275401120673e+30
1.032483687834844103e+30
-2.530314055854861447e+30
2.034593530650911066e+30
-1.312337335502761677e+27
3.557298394162130715e+28
-9.780861193188964157e+27
9.425706331295078776e+28
3.715523391822210355e+28
1.892335364634240525e+27
9.439895700721243070e+28
1.034693877749516349e+29
5.888645220577478247e+28
3.383196017695854111e+29
-2.395305569858465714e+28
-1.048722725289939333e+29
-8.441704479972100279e+28
-5.881240903409275863e+29
1.674786361100933043e+29
3.672830749450797867e+29
4.723917860865133827e+28
2.798195902888992700e+29
-4.238584898546266652e+29
-4.317468643603191976e+29
2.701633035126888220e+29
-1.250551967338349490e+30
4.695439390326925441e+29
8.358774191924065177e+29
-2.552020082823080389e+29
-7.534047724882519450e+29
-3.069364818136348592e+29
2.385614803684742121e+29
3.307966551816910786e+29
-1.348358552766674338e+28
1.859200555473156463e+29
1.638307586523547382e+30
-4.134494060986560500e+30
-7.034166095217080847e+29
-1.504499242325935324e+30
-3.055050225707569518e+30
1.033096594573298658e+30
-4.401567086260393669e+29
-9.127136010387009617e+29
3.250492755691970944e+28
-7.315253413329880181e+29
-2.049266502682516556e+29
1.291848724857922506e+30
1.607070653137514801e+30
5.268272574992727266e+28
1.189702015170407417e+30
6.859306860822325599e+28
4.010106655651760602e+29
-4.687600960868468578e+29
-5.497001646545363702e+29
2.738182654566370671e+30
7.017136176653990401e+30
1.360193744267269163e+31
2.086863751255453023e+30
-4.772057223437201448e+30
-5.523078371629049311e+30
6.678508253145502129e+30
-3.857880696601929461e+29
-2.690705706514989126e+30
-1.348868138241730214e+30
4.544110482097592030e+30
-1.387258215432000966e+30
2.431539752871831674e+30
-1.475178863862813644e+31
1.161328128312630476e+31
1.035506011013385942e+31
-9.295481036340175002e+30
3.702982585768632549e+30
1.494302152945396614e+31
-1.834260950673947374e+28
6.345932600400699968e+29
-2.410877421375331667e+29
-1.610641732059892668e+30
2.214534693672263594e+30
1.772539822753581389e+30
1.645932026171558507e+29
-2.970835790073655125e+30
2.511941517938510462e+29
-6.310116482906888477e+29
1.127013939898996469e+31
2.507296859423858849e+30
-1.100469681766902522e+31
9.263968008189086889e+28
-4.442475597720336233e+30
5.249749060513061418e+30
1.533337311677479588e+31
1.079748286270285048e+31
-6.907784538544544106e+30
1.062460971051043817e+31
1.259252128469006869e+31
-1.860841087587183090e+31
6.138622302022084635e+30
-1.572514978511463456e+31
2.869350438956487365e+31
-1.539120620299858488e+31
7.266490983907203347e+30
-3.126668218846916936e+30
-3.868742529393503467e+31
-4.102449176212019420e+31
9.757113547630231106e+29
1.157079400354054669e+31
5.311292173471774406e+30
-4.342314981557229342e+31
1.240048425312015162e+31
4.238421776199131415e+31
7.706378011182131081e+31
5.849199460208411874e+31
2.334169365592845744e+31
-2.934302147121903616e+18
2.427068653232260301e+19
6.924586787352956109e+19
-4.788381809098719887e+20
6.443338983118952202e+20
5.374350245040477962e+21
1.245414732209778485e+22
-7.770622319734938822e+22
3.086875044155184906e+20
1.130564543298758771e+21
-6.845090578516631827e+22
-1.575848319688555920e+23
-2.228751441054829338e+23
1.102192860546199403e+24
-8.854838463665706407e+24
2.022910344838139555e+25
4.145626475430521340e+21
2.610997723593668611e+22
9.845494512427442006e+22
4.749459912713041451e+22
-7.683309749651604515e+23
-7.339417525583693407e+24
-6.697967070206188484e+24
-1.258871930417171412e+25
-1.364545876089257748e+22
-1.609880574091992152e+23
3.645926089775714297e+23
-9.747979438841214628e+23
-3.347371302575337479e+23
-7.831016918084327817e+24
-3.360239098255501458e+24
-6.404054058893369757e+25
-6.705659373024273245e+25
1.692367435237570023e+23
1.231105106761543242e+24
2.015948245101937598e+24
4.242771279078918183e+23
1.644823297975253790e+24
-3.507097712184614357e+24
-5.713973195500385519e+24
-3.990929860778904317e+25
2.871326339058766900e+25
-3.624024509919937981e+25
1.008133414143250563e+27
-5.068673103149054537e+23
-6.697419204261781772e+24
4.303873427647251664e+22
-2.329538672208694896e+22
7.240911082779815444e+24
5.628502720741450105e+24
-1.002778151001536034e+24
5.614059745276374286e+25
-4.561953853417326717e+25
-1.978374452793769722e+26
7.725387282924653024e+25
4.647231916547015812e+26
9.203240015896116157e+26
4.330495872098708604e+23
1.475082951901341580e+24
4.312498791763022427e+25
-2.700218694729807554e+25
3.320637771259616428e+25
-4.285681297810204305e+25
3.430510431068952627e+24
1.702402342167715150e+26
-1.462041519651884714e+25
-2.104725564889915611e+25
-3.222657603790379381e+26
-4.091413705044858545e+26
3.022240227213593119e+26
-2.233660630969784987e+26
9.387180995554835306e+23
2.355134046673178560e+25
-3.800141156687722209e+25
-2.667943459474633501e+26
1.507552376255799659e+26
4.014872527222001403e+26
1.548352880307683369e+26
-2.711392923438596162e+25
-9.497021453005467613e+25
-2.075186219252810795e+26
-1.802998027245976334e+26
1.086800839936082752e+27
-3.096671482490833163e+26
6.434976353235991363e+25
-1.511388605629186246e+26
6.655636431040421929e+26
1.166022732517981822e+27
7.608718948198979826e+25
-7.271324247712791965e+26
-4.554553870460537065e+25
8.480856609548556012e+25
-8.701704169539614783e+25
-9.175024345931822366e+26
-3.618958249777651785e+26
-6.379598396808114831e+26
-3.487689816309030191e+21
-3.641662552848492344e+22
1.918189968107803509e+22
1.491845951970154723e+24
-1.956125890138468329e+24
-1.270642545978021211e+24
1.475182790619404589e+24
7.320415078380795045e+24
6.081071277514321560e+22
-2.396333770892948255e+25
4.244477897391803738e+24
1.153739697438289908e+26
6.120310581250350245e+24
2.936078793863558452e+26
-2.366274685135642333e+23
-9.694130023996206971e+24
3.176039145050479729e+24
4.197331019920375874e+25
1.899221922352479637e+26
-2.821921557874152150e+26
-5.327105697746535941e+26
1.326340394593071232e+25
7.346194024949512720e+24
1.004547991847275564e+25
3.523559764387968831e+25
-2.590550791113726364e+26
-7.371293740010817466e+26
-1.502262216607438334e+27
-1.085605889823233783e+28
-4.988017424886713462e+25
-1.349648239180134492e+25
3.367657317285514517e+25
6.466899647010356483e+25
2.543028922820159810e+26
-4.644607573519667381e+26
-3.846101205050094511e+26
6.335408017169587385e+26
-4.489209921133496396e+27
-2.168663866088068675e+28
3.640896093811428946e+25
-1.558511064182694152e+26
1.427355039548588671e+26
-2.641685926013910308e+26
6.444074048152362374e+25
-1.627189232709150489e+26
-1.562760544833568795e+27
6.656157406508218193e+25
3.041189547170999650e+27
-4.523938776401124929e+27
1.659844121582283752e+28
-3.459114275924826634e+28
4.273702704378120876e+25
1.113899718211935963e+27
-4.240066595208197011e+24
5.819729646282558159e+26
5.698113628047567590e+26
-1.510960980959050927e+26
4.608212908108071668e+27
4.992882379338315925e+26
-3.702163287205249978e+26
-7.743878594058345771e+27
1.538294348170115463e+28
7.421578429003953551e+28
6.161881902427373768e+28
-7.638126182133401005e+25
2.727068597301436806e+27
-4.540120050117870901e+27
-4.759679923235908148e+26
3.289019226541773073e+27
1.112155461562781154e+27
1.143762685049624493e+27
4.307930282688392527e+27
1.486704099297258490e+28
3.894516337680291608e+27
-2.441471294964800783e+28
-6.489543558174159975e+28
-1.041050264937288352e+27
-9.295692197003835001e+27
5.764728153684002636e+28
-1.078349789728697053e+28
-2.547774748566435631e+28
2.430628501973351624e+27
-4.821815270766968459e+28
2.306580174603062201e+28
2.347365611818116611e+28
-1.387347853530164843e+28
6.529083813913529060e+27
-3.221270868088706382e+24
-1.504620175473024460e+25
-2.282926415121602152e+25
-1.016842134898499343e+24
4.198384830924194409e+25
1.223612332027667675e+25
-2.130527596605130327e+25
-5.867868002481683336e+25
1.804900241049627858e+25
3.979280331017781653e+24
1.765215135796213878e+26
2.300292879546531633e+26
-5.171513425499023492e+25
7.078890880844291302e+26
1.796438079870312824e+27
9.177114395471243258e+26
1.008905058911205290e+27
6.701291901768567048e+27
2.072434498777231068e+25
-1.401151550244331867e+26
-1.597700666151160087e+26
-5.165645019177251202e+26
-1.218692737590333519e+27
3.456237411480085146e+26
5.188601709452042672e+28
-8.229098619831740701e+25
-7.286626592986322568e+25
9.513233939679165230e+25
3.570107889496611316e+26
-1.146197891863892408e+27
3.858952898613832425e+27
-1.134745875367684380e+27
-2.214688208436946732e+28
5.540650074661485137e+28
9.853938069106067845e+26
-5.976546941610350959e+25
-3.585598121444478968e+26
-2.274367822053777295e+27
-3.215329417947954156e+26
3.092719421821883520e+27
1.165703623371037488e+28
-3.404813092445487834e+27
-2.104288156584367239e+28
1.787831002767574314e+29
4.089268246306779417e+28
-1.092949706010972470e+28
-1.083970522608601981e+27
-6.390754936289191253e+27
7.600086390444038469e+25
-1.818098670478448118e+27
6.461425353459087264e+27
2.285468367750320693e+27
1.218323338985239111e+28
-1.525084220051015054e+29
-3.388885667339095110e+28
-1.210020073171686172e+29
9.005130803547076099e+28
-4.564378155711107145e+28
6.862727960101563000e+28
2.568256179127910364e+27
-9.441100497862132820e+28
2.268307289149223316e+29
-1.753536195617319114e+28
2.845107085539282096e+28
-3.350869654035653258e+29
7.687474212168957434e+28
4.109961895171393455e+29
-1.012913311022202491e+29
1.149381132596013736e+27
7.704414623619541001e+28
1.437421160802290848e+29
-6.509417073343143460e+28
-4.923955627524480160e+28
4.804153806398408322e+28
5.463451430044108540e+28
-2.063803237391362218e+29
3.277761159155586375e+29
3.946996824719967730e+29
-6.375892860629261507e+26
-2.975550192167084725e+25
-5.981986067163990052e+25
-3.667116657307271501e+26
4.725911528564090177e+24
4.088914016303539348e+26
2.189635415501943631e+25
4.051030712059376358e+25
4.988342780077294884e+25
1.313258927433966810e+26
-3.508660082135455229e+26
6.105815695589860983e+26
8.275000008647909181e+26
-2.408204515831969896e+27
1.849820093105758516e+26
4.981385681911852439e+26
3.550805770505435801e+27
-2.996371312425809286e+27
7.727502361338396590e+26
3.419465564054920213e+26
-1.432777414747358795e+28
-1.684474745530979078e+28
-1.056809575578477215e+28
2.408903898698470981e+28
-2.075987723738016003e+27
6.971540254166874223e+28
-7.180604577025648396e+28
2.978919483129356916e+28
-1.680962720825788435e+29
-2.762718075689611067e+27
-2.053268330825802609e+27
-4.676204925717240838e+27
1.565019612612926206e+27
-9.997000997318308603e+25
3.710107436479848932e+27
1.735685778547419871e+28
7.063413557939906244e+27
7.467476302110633958e+28
-4.783837390099192008e+28
3.870906625136178515e+28
3.111481713754137773e+28
-1.962587596914228615e+27
1.912045072935809080e+27
-1.056391761600257831e+28
-1.523756814082309679e+27
-1.432752630253645682e+28
4.190437921679147640e+28
-3.926494968865598660e+28
-1.047495708200617859e+29
-3.218878424297095813e+29
-2.229833005318882781e+29
3.524636865767414337e+27
-5.844314017287806787e+27
1.162013562981431713e+28
1.106147492848727623e+28
1.158691726211832218e+29
-2.197207193869298767e+28
4.127619027269346013e+27
-1.283090700905277386e+29
3.286798364281975879e+28
2.370006390006391667e+29
8.622254035830623692e+28
-1.773447661326453208e+28
-4.087419741053036726e+28
-2.232713946775333157e+28
4.170505367302366543e+29
-7.480148300941650736e+26
-2.214222165773878569e+29
-4.290709577335774502e+28
-1.742618134722310730e+29
-5.043695522846606785e+27
9.856244701761478949e+29
3.543838133689567297e+28
-6.633346797164900809e+29
-1.836219857257401197e+29
9.993733307520351264e+28
-1.293181414283442173e+29
-5.550846659057235907e+29
5.810420632381061777e+29
-4.418970818000544978e+29
-1.303554693689936095e+30
2.965290569820711011e+27
-2.611334371091022911e+27
-8.911428657737688293e+27
8.050757846204198967e+26
2.407629052732940572e+27
-1.959266016421802077e+27
-1.110690301416697564e+26
-9.800792898871266117e+26
-1.435324061405311038e+27
-5.826577545759956753e+27
-6.627252695029285555e+27
-1.633021187422755321e+27
4.332332688347520926e+27
1.231579119729980259e+27
-2.394924551871179276e+28
2.153915697688170736e+27
4.916485657587248993e+27
-1.642877254786023408e+28
1.303887957496154976e+27
-3.020944703311040109e+28
-2.127929999152015307e+28
6.827586388533041144e+28
9.917286318158543467e+27
9.031125006250799544e+28
4.721331803831140549e+27
-5.494838846696896690e+26
2.030741472756218479e+28
-1.924956455782221516e+29
-2.257203800277246743e+28
-6.447400162846244833e+28
5.205046670791136944e+29
4.938516399034028810e+27
1.423177334316989331e+28
-2.243413246284636190e+27
8.462928004117025603e+27
-4.690508685452112807e+27
2.935481270656763105e+28
-1.436652805843935619e+28
1.888350841018358953e+28
2.990551898958525972e+28
-5.053474496475553256e+27
1.897405927026359420e+28
6.171709828567215805e+27
-8.655125652048597236e+26
-1.131615947446866807e+29
7.472525968087290341e+28
-1.300659009396902208e+29
6.878121916050375919e+28
-1.953691029886793276e+29
1.436282799588209747e+29
-3.514699614665576969e+29
7.616291334726958458e+29
2.708081292460025337e+28
-3.472002714406724729e+29
1.614670521679308782e+28
-2.714020702733887793e+28
2.589781350127218459e+27
8.390197633482621167e+28
1.112948059317935463e+29
5.035960008715856283e+28
-1.202591065356015534e+28
-8.843556337548780488e+28
1.539156300325809059e+29
9.104482061585921349e+28
3.586164127361419690e+29
-1.968275878962864758e+29
2.769559433302598766e+28
3.321979434236088297e+29
5.764162077450565776e+29
-5.804504292650300912e+29
-5.753094974934168900e+28
-1.042382037395885442e+29
3.052483134451710005e+28
3.004523350860642805e+29
-6.229004165581607700e+28
1.211826941708624628e+30
6.375635899098508963e+28
1.270627621148047779e+30
-3.027204218001358513e+30
3.080131104624745794e+29
-3.879472614977332988e+29
-1.627826977892630077e+29
6.613602356213699968e+29
9.364745948707933610e+29
-9.041913906453397992e+29
1.772898805018876857e+30
-2.464538782360824523e+30
-3.438730168831258259e+28
-9.071276750167396573e+27
-4.973112613689621519e+27
-4.347506501926589081e+28
-1.476289342570568512e+27
1.408209972706356095e+27
-7.833932034997996889e+27
3.485471309731106176e+26
2.691363115075185743e+28
-9.399762016234436541e+26
2.792893054433925825e+27
1.577484021372928543e+29
1.470042076711885766e+29
2.478732980401450503e+28
6.077139594826850125e+27
-1.347028021158618719e+28
-1.627682574177622368e+28
8.281931709385586313e+28
-1.042032768372249910e+29
-4.646762378369461377e+28
-4.845333354531543365e+28
-4.011682301175739855e+28
3.962281459463075963e+29
-1.466579445087313745e+27
4.825326552896186308e+28
1.648431597282692415e+29
1.185932704688695931e+30
5.335161468687471382e+28
-3.595163493913970650e+29
1.366609925664372659e+29
7.942816529619437569e+28
-9.089206551327920707e+28
1.627862796946492156e+29
-2.802490844338895043e+28
-3.009711712716515134e+28
-8.681597018751822848e+27
-9.048206566477643109e+26
-2.313691257500280184e+29
-3.264618304598894421e+29
1.186582754439299457e+28
-1.018224455463633060e+28
-3.757828881648832239e+29
-3.050552704208349372e+29
-5.874022763257852754e+29
7.426753751899566383e+28
-2.109367674069279575e+29
-1.564852592095008689e+30
-1.448590096044703066e+30
5.249472657192621015e+27
9.508383364174326598e+29
1.509169837351664888e+30
-2.108969913730333161e+30
-4.773092656811386418e+29
-6.061025336156478351e+28
2.811299065319910431e+29
-1.761013694468568859e+28
2.122341797739074913e+29
9.236805018353252146e+27
8.677742084238355669e+28
2.210517168729300447e+28
-7.162170800744746223e+28
7.227067674543044223e+29
-7.277095586426293265e+29
5.188656939944913230e+29
1.913755201736887107e+30
1.729238637279307895e+29
-2.094535296525170413e+29
9.589206043315002305e+28
-2.419723723614134972e+30
-1.567857184704354851e+30
1.739270218219280201e+30
-5.542944122612701039e+30
4.249131375045170861e+30
7.325138596350009534e+29
1.520468248190764243e+29
-5.442053666546962860e+29
3.766458489668149519e+29
-2.519944933664776106e+30
-6.209030294527702009e+29
-6.663275509104624153e+29
1.892340478768418131e+30
-2.573528420160491219e+29
1.106458019562505348e+30
-5.553615952672575960e+30
-6.649401215154083168e+30
3.371022852864040476e+29
-1.822436430586185615e+29
1.687318567099734464e+29
-1.020072240018038677e+29
-8.238550391618798715e+29
-7.705421469910115552e+29
3.928556993140526022e+29
-1.495376433542834603e+28
-3.163413992278127981e+29
1.950135795462686677e+28
1.811101184063927771e+29
-5.108766383077268002e+29
8.072116620543527415e+28
-1.984143122919976366e+29
1.105591515469473745e+29
-1.059454789311342009e+29
1.883769092800639447e+30
-1.310873489526938611e+30
-1.135394858584512946e+30
-1.022499861633183633e+30
6.682163319189078464e+28
2.830981583588734282e+28
9.107518111469351369e+29
-6.958631589374764117e+29
-1.372922946434639731e+30
1.953010902112077819e+30
-4.050459749056355902e+29
-1.042571817944818431e+30
-3.527587951144636983e+29
1.978617070399262610e+30
2.993586019077688143e+30
1.143446022702496516e+28
-4.388555896401658864e+29
-3.105733797576362755e+30
-9.797106964566105127e+28
3.357234749420317756e+29
1.981614823205212568e+30
-2.493662249581780976e+30
3.399583883908025121e+29
7.834501119516138945e+29
5.768491133370429039e+30
-7.534432790187692561e+29
-3.958026207897826643e+30
-3.259351857747820963e+30
4.160522933110114123e+30
-1.002875527453817152e+30
-1.553724931130243969e+30
-2.370882907432750912e+30
-1.679321544569970703e+30
1.770034792722243828e+30
6.895016230934055333e+30
6.032788837611813571e+30
-7.121370228882054174e+30
1.296606033289239152e+31
1.103011996299071380e+31
8.336681473310091423e+28
3.626333139172070638e+30
4.837919688346202492e+29
-4.608662099450195464e+30
8.339300690667989723e+30
7.203935653859939009e+30
2.804791569779633601e+30
6.938928019204724010e+30
2.085948633023156385e+30
3.698761759014689665e+30
3.363424417260734747e+30
3.353735423745844929e+31
-7.304618564903459144e+30
1.088986182210567870e+31
-6.562391149192480404e+30
