-8.878285062138240000e+14
5.704609385440477184e+18
2.068909452460820398e+20
-4.096293026718976573e+20
1.234541539773816766e+21
-3.140297185164255035e+21
1.211395018324956729e+22
-2.548788821158670002e+22
-2.110764030461849905e+23
6.117750444395385856e+18
-1.155505538861932544e+20
-3.666365378113222738e+21
1.206241836407414325e+21
1.900649631244230811e+23
9.915561353055858957e+22
-8.836716870530488913e+22
4.755648378937222126e+24
-8.469490420929353107e+24
8.303334496088251433e+20
-5.691309006067591021e+21
5.378713331008534479e+21
-9.428081064113607174e+22
8.696058926429832112e+22
5.294837606215243887e+23
-4.867049663385634307e+24
1.524063139826687032e+25
-1.114364581834478911e+25
1.588081592556255445e+21
-1.315326662628874639e+23
4.066043308869578979e+23
3.771800580680080404e+23
-5.299089130110728410e+23
2.215746018753601778e+24
-1.613579005517408718e+24
-3.612715824963390425e+25
-1.750157258925053832e+25
3.105658819459704109e+25
1.228937796945346298e+21
3.098242308874859478e+23
2.892735911999996061e+23
-2.932649514530364782e+23
4.895098039900449895e+23
-7.608194025097312883e+23
1.462433540653814298e+25
6.911237747557588623e+24
-9.308265429371706189e+23
-1.006428349247501944e+24
3.764485261066888517e+25
-7.299923885479973862e+25
-2.304230133339778974e+21
-6.123959655963151041e+21
-7.316374253964004457e+23
4.679167349670396559e+23
5.644476405388822928e+23
-1.976569278133441952e+24
-8.665797507710339053e+23
-1.047045687845810633e+23
1.985234655909941598e+25
5.092007891678104585e+24
8.706624059752766121e+25
-8.160630967620849020e+25
-5.218510903726990832e+26
-9.618489156729415485e+26
2.168938129895893814e+22
8.428877736391763768e+22
1.911359070717147200e+24
2.613268946087431902e+25
-1.354727055636698658e+25
4.410126958067538054e+25
1.332413807847112731e+24
1.365683571910343389e+25
1.718976177910515002e+26
-3.638006324321637315e+25
3.531145592544192827e+26
-2.373992953431652330e+26
2.256170051290220101e+24
3.330889100594227109e+25
-2.250556927264678546e+26
-1.976944202999057235e+23
-9.250816979774570456e+24
-5.444847558333513891e+23
1.850809786944267175e+26
-9.760379818957863161e+25
-3.410487563945372269e+26
-7.238655473616580751e+25
-6.262467605774003513e+26
-1.884867751029385522e+26
8.185823153623285111e+25
-7.739448096508765580e+25
8.274767684579205173e+25
7.025683901123631200e+26
-3.657694063870675012e+27
-9.100190122461689618e+23
1.696269034705687325e+25
-1.264204626404909040e+26
2.614532514256834291e+26
4.085056179694860834e+26
-8.318789499732690241e+25
-1.515193859948035178e+27
-2.882717033966426845e+26
9.050520989849325971e+26
1.200979558132040644e+26
-1.572660465402024445e+26
1.099682646286526556e+27
-2.188198391701570423e+27
-4.066586968365638615e+20
8.273375863034605470e+21
-7.296985376050561155e+21
2.780142565135346146e+23
1.381621057220330096e+23
-1.358430574225860455e+24
8.450806962208391477e+23
-5.563372329702250250e+23
-6.815420304594321717e+23
-3.902854219598081038e+24
4.818101334181217745e+23
1.601337899859134013e+25
-3.347919482929530157e+25
2.456676794151218215e+26
-4.385207333262110642e+25
-2.163834482941130174e+26
1.031029929263231884e+23
-1.204236745515009657e+23
-1.288462233007547155e+25
2.165158369445318675e+25
-2.981652579095864261e+25
2.432369972092737591e+24
-1.717144671063246822e+26
3.197529652019136437e+27
1.243456442939882798e+24
-1.585126122386530413e+25
4.012164041331904011e+24
-8.128486436674352998e+25
4.494563193977436347e+25
1.901760756356071653e+25
-4.160420798502027400e+26
-1.023405720968834369e+27
-3.900216144339609306e+27
-4.628526653753846716e+24
-2.829160181914112060e+25
3.838750785480240023e+25
2.401601416214341998e+25
-1.935039481600188907e+25
-3.174560942533865933e+26
3.939648772427023359e+25
1.420876867868776060e+26
-1.822590023230165189e+26
5.069498662464956277e+27
-2.059656960985163535e+27
-1.435795955434203012e+25
-2.818617324517828420e+26
-1.927929890056758200e+26
3.091732081680560454e+26
-1.600615169629845729e+25
-1.212239661192745933e+26
-2.734904212341594906e+26
-1.216633724900951692e+27
-2.687369387534253281e+26
-5.574289058011397453e+27
6.343852002908279341e+27
-5.603837292852264695e+27
-1.363975075001062539e+28
6.385019857408498568e+25
1.637353844426405546e+26
3.275866836972428955e+26
-8.495910645640899677e+26
7.958544536185253921e+26
2.830064042053021840e+26
-1.883511031584042057e+26
1.159422067397679450e+27
7.818786102455901703e+26
6.127927815201810122e+27
-6.383157587118420445e+27
1.601270366916788355e+28
-3.693907747993250148e+28
-3.276012925716544556e+28
2.590157937473985117e+26
-5.342866284889227768e+26
1.122767529683494079e+28
6.392149570470981882e+27
7.671285753292222447e+27
5.617228507221804548e+27
-3.752083280263661351e+27
1.633312637544083713e+26
2.584737230908874868e+27
-1.834281347673006783e+28
-1.787303211467201147e+27
6.970568108340237460e+28
-6.278204341694661046e+27
1.222903412625693704e+27
-5.376077621660203380e+26
6.075565899610632866e+27
5.865696004046510573e+27
2.251893600480945130e+28
-6.748635701610871616e+27
-4.087586481263354259e+26
1.714592399137130012e+28
-4.019873900130051610e+28
-3.909327693693883582e+28
-1.421935835676472446e+28
-5.679256218660840002e+28
1.588322179445118279e+23
4.504866608761939165e+23
-3.110081195213210673e+24
4.474749423371191813e+23
2.681704901441382487e+25
7.225526771929812052e+24
2.613702340490378110e+24
-5.666072469088509528e+25
5.193480618606713873e+25
-2.621175966164295838e+25
-4.536276602544585599e+25
1.277871008345963113e+23
4.880613515439472681e+25
1.711935795684265136e+25
4.203531403437490318e+25
-1.066402272004331690e+27
-1.841440773295279406e+27
-7.895121969414827617e+26
-3.132810160646078973e+27
-3.579926498694969548e+27
8.468260397355089607e+27
-2.325931083729786399e+25
-1.098015423796432424e+26
-2.516986005677891181e+26
2.737176213329796478e+26
1.347787842634372553e+27
1.535195765022913564e+26
-1.915066446533207527e+28
1.683331860412901154e+25
1.103273608156431605e+26
1.198249562744756424e+26
4.352689194437419527e+26
3.914910059523568176e+26
3.103053096517567850e+26
-6.898768513280918235e+26
8.687353309690023212e+26
-6.909796021913235464e+27
1.598837447824847073e+28
1.239817088149153233e+29
1.199638043006784798e+26
-4.372237155925486463e+26
-6.259737042568067395e+26
4.213688313160979529e+26
2.283353714613688757e+27
1.394963021874902809e+27
1.479437564247082051e+27
-1.682661557940046884e+27
3.315343286393374111e+28
-2.285519389272196679e+28
9.598931373982534602e+28
-1.858590815460881147e+29
1.488962923378724019e+26
-7.537229176884050074e+26
-2.619145197953098593e+27
-2.275770188528846039e+27
3.208674082623523933e+27
9.894821516139036077e+26
-1.483898165713542080e+28
-4.032421710764167930e+27
-5.283674052036953127e+27
-7.576388934694999450e+27
5.973003610954822753e+28
5.565627374609782405e+28
1.916455657805392871e+29
2.780984787545551987e+27
-1.453102888082004059e+28
4.671284289009317566e+28
-4.393961844156143593e+28
-3.511285393740246946e+28
4.617719236197269507e+28
-1.103350099516252324e+28
1.185897302085223263e+29
3.442792324414275257e+29
-3.912894263062399890e+28
-1.160164368323091218e+29
5.857819947008115521e+29
-2.585400240484696950e+28
-3.900405598731488127e+28
-2.936625168557065274e+28
-6.260971048852673502e+28
-5.024393406876168592e+29
2.803708380339002131e+28
-1.379733219836643989e+29
2.713054152240175652e+29
2.030871152210974717e+28
7.968589262434027027e+28
1.865389412234870590e+29
1.346970891285652392e+25
-1.971342613158242393e+25
7.141400508921829071e+25
-1.915039297833354886e+26
-6.978209000844904552e+25
-2.849626071543067714e+25
1.278892494545923833e+25
3.899777597326957816e+25
5.237225201813949811e+25
-1.146238062959825435e+27
1.953915659653177064e+26
8.520615325902166318e+26
-1.211328623333769183e+26
2.580345642543528312e+25
8.129951256266893138e+26
9.257023424276751445e+26
1.344787359754744877e+27
-2.216688334297807791e+27
4.115237543621578722e+27
-2.902640823831889352e+26
1.732412763247932332e+27
-4.881762262476266584e+27
2.654686544324832528e+27
-4.805773431010705262e+27
-1.978166568823107359e+26
-2.797032508612005747e+27
1.384412920036033900e+28
5.159971241223367524e+27
-1.734948502613265815e+28
5.517335518565322108e+27
-2.326103957673622077e+27
7.902802708620285439e+28
7.051266033584889869e+27
1.507572223011579325e+28
1.367750127304637594e+27
-8.853518428458953277e+26
1.677163219768548369e+27
-6.835539861057579125e+26
-2.844714319005337420e+27
8.694588827591433958e+27
-5.088348531026090867e+27
5.704816438500947663e+27
2.542736033946381418e+27
-9.630881312051847104e+26
-5.032122223075956808e+28
6.699215427363742743e+28
-1.799063067285547685e+29
-2.279245776525178653e+28
-2.664979849537566268e+27
1.828582106810042596e+26
4.667383592061460977e+27
6.667294654895829559e+27
2.111659995939691968e+27
-3.623328304612874526e+27
-7.638887997200330869e+27
3.382870847339364539e+28
-8.922634394964463591e+28
-1.156846053431229368e+29
-2.543733951020009516e+28
1.011335891416240293e+27
-2.914861616347593373e+27
1.976359749768865713e+28
-1.637138846449698178e+27
-3.848285506641463065e+27
9.610223146941380098e+28
9.799073402112025568e+26
2.032616128181052478e+29
-2.915273663593498017e+28
-4.777592925598598203e+28
-4.378897644222020772e+29
5.008202287651884880e+28
-5.791480323501153987e+28
9.610827495357662385e+28
-6.139159742042470766e+28
6.987691604585813459e+28
-1.428155750599868192e+28
5.623142417940081478e+27
1.755506269649915720e+29
-9.276104367497965265e+29
4.275192179025612203e+28
9.947936540722559898e+29
-8.719786642523486715e+29
-1.858707405793995143e+29
-4.460494346020563307e+29
-2.980570532103588090e+29
4.663952924003935549e+28
-1.562990476075879375e+29
-5.839344794979049974e+29
1.140204750682389156e+29
-2.033271986761959624e+29
6.714142691788125723e+29
-1.041704399517238104e+29
-1.677509412046758138e+25
5.806059459185301035e+26
-3.662787966029087124e+26
-1.332860415710189550e+26
5.329604625292916454e+26
-1.189219764224841221e+27
2.529887859059858046e+27
-9.356479985057221803e+26
-2.342640573630722505e+27
-3.922715772018856529e+26
-1.014696679896855340e+27
-8.268034618232305755e+26
-2.298543964732641102e+27
-3.330789554292192846e+27
-7.363475243863293333e+27
2.039826764672518739e+27
-5.743015534372067906e+27
-3.069531780155620126e+26
3.400892431777813574e+26
-5.172153972443058955e+27
-9.804338145105824199e+27
4.555287378182664369e+27
-5.009456036884079628e+27
2.058625926605171821e+28
5.392655971084287739e+26
-7.512610452831923911e+27
-2.294462813249224088e+27
-1.621715457813185356e+28
6.137596932768206659e+28
-4.265174250122097174e+28
1.750699230758040457e+29
2.251320864213306759e+26
5.636360442826413185e+28
1.612012345403514141e+29
-2.687599037064705154e+29
-4.876990757765990906e+28
4.550602050905278112e+29
-9.150868762154077830e+27
-1.330333378550435959e+28
-4.660009629070130194e+27
-4.840974138694343409e+27
-1.327697709979602123e+28
5.633748885317375149e+27
-7.721475499433201808e+27
-3.577215784552798738e+28
-3.498302545848412126e+28
-1.578938884627424069e+27
3.131853618175727119e+28
-3.138233164013125317e+28
-3.753886889698894267e+27
1.794831614539873787e+28
1.105763795284912977e+28
1.450653352889491568e+29
-9.485668369725051385e+28
1.478147945595387689e+29
-3.110720209458683355e+29
1.852749911268754930e+29
1.313612473790331435e+29
4.996888055227766435e+28
5.937627760184499017e+28
-6.732933993955892913e+29
-4.249172548962638265e+28
-2.189731559905760467e+29
1.443606493013392694e+28
-2.074877632286853409e+28
-8.012841526107992705e+27
2.552525771519335057e+28
-3.360896374217771597e+27
7.187791097978694977e+28
-1.314352704393853615e+29
2.023751976387621582e+28
-4.821314980329551483e+28
-9.277526509232977909e+28
-2.193968726667011750e+29
-5.031866676750442327e+29
1.209576690762318163e+26
-1.868882181485027507e+29
-1.292462685657345117e+30
-1.004950547712298687e+30
-3.881270966728420940e+29
-1.102388597754552964e+30
2.397728378324434228e+29
-1.883166527383180228e+29
1.447939845879475714e+29
-2.892133583358817223e+29
-9.463642816433033878e+28
-2.219307296541883735e+29
-6.288086196857231273e+29
-1.483215391958771424e+29
2.344668909559028742e+30
7.844653175452997438e+29
9.526413007755368440e+29
-3.572062214548715844e+29
-6.987926344862356360e+29
3.008629475869794343e+29
-3.808578633930420346e+29
-3.180200128529084026e+30
4.010195664815916427e+29
-4.356924146932202672e+30
-2.274877977406661721e+30
-4.633219547677174322e+26
-3.104332103040444276e+27
1.132533310940990324e+27
3.436880657243668635e+27
7.249418332502957444e+27
-5.470191107546412001e+27
2.676743912963808509e+27
2.255935847759354763e+28
1.751403105913715140e+28
-3.025220725104029689e+28
1.197515214388800574e+29
1.214342685100108679e+27
1.606717519071813107e+28
-1.423296901574056597e+28
4.779478122939010720e+28
1.910460090739661658e+27
-4.274427718800721320e+26
-2.461446823753122937e+27
4.429375120835299614e+28
-1.148177260545928671e+29
4.311579209209374249e+28
-2.751018757690588699e+27
-3.914630816548610656e+28
-1.032752856401332628e+28
9.801793528749614781e+28
-8.556011564702111505e+28
-1.078126851810151088e+29
5.417606206337544765e+28
-2.678237399307243997e+28
4.723690368441062272e+29
-2.022345045591096201e+27
-4.313438115163106462e+28
-5.873926154024227183e+29
-3.881883549115321815e+29
5.820733676747979487e+29
-2.680385696417303224e+29
4.596059422020856183e+29
-7.091875047841231475e+27
-2.420770749170817577e+28
1.064885796289986848e+28
2.032870952893346254e+28
-7.924285210411639546e+27
6.851581693367826048e+28
-2.301808239468232870e+29
3.967653591004669857e+27
5.006577778588205606e+28
1.518821703826997951e+29
-6.943460400806412381e+28
-1.527763404845488642e+29
5.489589238148921401e+28
-9.896165638426895827e+28
-1.073038425810654574e+30
9.770959846456116541e+28
-3.062677895646200946e+29
7.293489312138829226e+27
1.920930953381657298e+29
1.116646644299221043e+29
8.069022082266594163e+29
-2.703109748902228910e+30
8.579126419051808917e+29
-2.180005486905977618e+30
-7.351636555484730539e+29
1.272535914998958106e+30
-5.879827860384300109e+29
6.931349318955685465e+28
4.654844128456994375e+29
-4.641765988212445532e+29
-1.049607682125445003e+30
6.397703158462282554e+29
-6.770451372992668981e+26
6.790938987671404470e+28
6.550521692479013587e+29
-6.114493058736641209e+29
8.061421091022211817e+29
-2.303080587669503112e+29
5.079190178849824706e+29
2.267952441999912823e+30
-5.605424536363866655e+29
-1.474398054291088016e+30
8.170700122296106959e+29
1.622804447807256854e+29
1.722716132389572807e+30
1.806530409801312372e+30
3.593540107808922001e+30
5.880759597605230510e+30
-2.766028759288219625e+30
1.920373931844176857e+30
2.174126666641504000e+30
7.416603323305662165e+29
-6.943053645876242417e+28
3.958820139227016481e+29
-6.678535779039758549e+29
1.119123450834179252e+30
3.096785514241820733e+30
-3.054382921606562304e+30
-2.144595763921812192e+30
3.987216655176134310e+29
4.298443605819526416e+30
2.811554960695828875e+30
-3.278408727936097632e+30
1.055829648073367590e+31
5.484079219524510937e+26
3.746000621775984531e+28
2.855403851588808468e+28
1.324344070050270905e+29
-4.482758915509739347e+28
-3.582160897073641653e+28
1.878964122686919065e+28
-2.606180065631664009e+29
2.777193914641171286e+28
-1.209345979782956540e+29
-8.843798144859214395e+28
1.240774687841299129e+29
-2.550714455833502355e+29
-2.342850776931051077e+29
3.006414869945903392e+29
3.070390316079160249e+29
-5.623812261732401999e+28
2.351404239588440730e+28
-3.086347932362513161e+29
-2.691400227834314127e+29
3.395470143528403697e+29
-4.724189374046858390e+28
6.114405148924468997e+29
7.139445973876564635e+29
3.974625092440269942e+29
-1.681857368086815921e+30
4.608467721131158042e+29
1.971086577489644344e+30
7.341429725998954730e+28
-1.135097088397656852e+29
6.580157137654753921e+29
6.432027054561264412e+29
-1.786620977232319831e+30
-1.423314753159042843e+29
1.181949638726962228e+30
1.329902253514983937e+29
-1.868694096590673424e+30
-2.221241538925575382e+30
2.086725315359191309e+30
3.454231393831789830e+29
2.872272587414724707e+29
2.196099851717445390e+30
2.309633521158303211e+29
-1.374635434050142461e+30
2.875328692398368026e+30
-7.599375956656010173e+29
2.146326229449733567e+30
2.068053791094082932e+30
2.972259201573209285e+30
-8.045229613357537285e+30
5.358616053536387142e+30
-3.621923280458214018e+29
-1.554248344081934980e+30
-1.223820934072365796e+31
-1.497971697786274930e+30
-1.111933712468060036e+28
4.717073849074109935e+30
-2.029565258099037590e+30
-7.255305732743710572e+30
-5.521454549476624190e+29
-5.808653214759196872e+29
8.448559074610076306e+29
-3.465579944266302913e+30
1.329344227325051639e+31
6.111297348872092471e+30
8.340840638417956213e+30
-9.528171376045244578e+30
-1.856159816225941116e+29
8.415515375660652415e+30
1.837481874801612299e+29
-4.445269970745007292e+29
-2.102540393114490230e+30
-2.510323228481519057e+30
1.037622960133754369e+30
1.697741989569318724e+30
-2.774126816209511862e+30
-1.336074908425123809e+30
-4.044311506759953674e+30
7.654640585578394899e+29
-1.862134046423050916e+30
-9.747625804471138832e+30
-3.420381428790600526e+30
9.807564895142193102e+29
-2.129544157982804918e+30
-7.377206286562765194e+30
1.644961835666218448e+30
-7.557323220172260597e+29
8.401717912474898013e+30
-5.749327921785474561e+30
-1.062153162647303830e+31
-2.247570770872489519e+29
-8.066480914314371757e+29
8.574039953906164754e+30
1.587224858505654625e+31
1.526701616009696894e+31
7.775454804513526351e+30
1.607367935419442736e+31
-3.938109610346693747e+31
-1.549266499843173775e+31
2.877589433331065354e+30
1.043324255180319083e+30
-2.829627538210056827e+31
-3.293174815978746740e+31
1.362815847473808794e+31
2.833962202975284355e+31
-1.418912671328435234e+31
-8.301473681158353849e+30
-8.683718409222358769e+30
-7.320681391546664960e+18
2.299263833249493402e+19
-3.904326777952908083e+19
1.219997070998271427e+21
7.335612876297111339e+21
-5.073459035472494854e+21
-4.735919650466425104e+22
1.231315580556701294e+23
-6.899534527615183258e+19
6.501077022684657746e+20
-4.481188897445679569e+22
3.513755842687331729e+22
5.392441678570261683e+22
-5.582630461862774938e+23
-3.857521632097193010e+24
1.470225324341878241e+25
1.371074035653257514e+22
-3.295696113613126028e+22
1.312627220972231438e+23
7.146513867223807358e+23
-4.726239689786853069e+23
2.978484842028830250e+24
-1.081355279165836539e+25
1.405852476152253778e+25
1.583713141174127265e+23
4.770159846556643728e+23
2.249790212279499248e+23
7.213109265233428097e+23
-7.904107482496689336e+23
-4.709421900517410844e+24
-7.635166004740952796e+24
1.617059518869559676e+26
2.802750982117699410e+26
3.392707870047190437e+22
6.524179184730781453e+23
7.574715231991020399e+23
-7.693085200803960476e+23
-1.458301342507031140e+24
-4.052390429576488773e+24
4.217528497668294273e+24
1.199768399837644573e+25
-1.200676578174600047e+24
2.254202769233052850e+26
-5.524663837656804077e+26
8.470762882886288424e+23
7.265034222285110766e+23
-5.459286785631109671e+24
-4.342442509747326741e+24
1.225721640854601967e+25
-1.757435832793463463e+25
-2.234482885840728897e+24
4.334397034577849014e+25
2.216753942459349830e+25
1.159673338031807372e+26
1.948966652619238861e+26
-1.499309225632615175e+26
-2.196927737656892506e+26
-6.961315387306656693e+23
-5.066067059256581025e+24
-1.567734628197696213e+25
2.407544155670746038e+25
-3.592613482644779731e+24
-2.182107640336891081e+25
-2.842368955370683600e+25
-8.490316205778508687e+25
5.424565894621595670e+24
5.731028406532402106e+25
1.439993959958346994e+25
8.173094623398172085e+25
1.381331030950639360e+27
-1.275555262023081670e+27
2.052131770819017787e+24
-8.662371094278891061e+25
4.609047823442298401e+25
-1.619712153233222207e+26
-1.853238704794690344e+26
-1.254866639292377577e+26
-2.578666550034481586e+26
1.599133331261663793e+25
1.715183101197414904e+26
-1.012837679068172322e+26
-2.954975622479308389e+26
2.155992201953985872e+27
-5.867125921860740945e+26
1.051642993604802638e+25
6.108020692229741326e+25
8.486541597141452017e+26
-3.876306223006932848e+26
3.363816801736804876e+26
-3.177095393420692542e+24
-2.020671337439631357e+26
-7.063255341040912777e+26
-8.070425264531511461e+26
-1.520385615764109081e+27
2.849643187753832155e+26
-2.236672595396613495e+26
2.525739768822190047e+22
1.009636103118047496e+23
6.678285289391622665e+22
3.237398777477927702e+23
-3.965501560005089821e+22
-9.543529377727921856e+23
7.388163296923787408e+22
-4.222898740178061068e+24
-5.702690273025662648e+23
-1.181601182939162664e+25
-1.095132177799250115e+25
6.047876659454361997e+25
-1.846186169987279270e+25
-1.742949017649095324e+26
2.831792968480528133e+23
5.641242732496538086e+24
-5.526215465994949788e+24
4.984428009090855396e+25
-2.243404779914429258e+25
4.828397477183053149e+26
1.651604500388379661e+27
-1.744592681228865055e+25
1.171841495747916807e+25
8.163747779963277723e+25
-4.202847666385395654e+25
-1.034007024026442649e+26
1.806269685629262773e+26
-1.008822648294326883e+27
4.750012855612929441e+27
-2.317122000658011743e+25
-5.351986433627484836e+24
-4.150553422179408636e+25
4.446612086331826950e+24
-2.199030033627874008e+26
-1.308861382945536826e+26
-6.036639833325911110e+26
-9.383526006152357757e+26
1.745589573163634933e+27
-7.977730602843532942e+27
-1.113057204183487132e+25
4.672833400910833538e+25
-1.711288118519487888e+25
-3.560190448668480431e+25
-6.220615132204350146e+26
3.116243164554652449e+25
-1.423794519056372722e+27
-1.727606143917614400e+27
-1.941583906380274746e+27
1.207508568503209075e+27
-4.920099676878476422e+27
2.522019647181293251e+28
3.196590904360021939e+26
-7.456855172937065656e+26
-1.716703033123760332e+27
-9.467774129254202522e+26
1.321250104370229019e+27
-6.148714417226908340e+26
-1.352132632591060041e+27
5.439364824449074861e+26
1.274834965864413383e+28
7.092857165392112229e+26
9.645530953292169601e+26
9.227746171363456258e+27
-2.933523804073669491e+28
1.088234137830568686e+27
-6.080011911314450975e+27
8.161252631625493532e+27
-1.140072023190082490e+27
1.151025852810648993e+28
-2.947513231545852615e+28
-6.322466942293219328e+27
-1.453620711492265478e+27
5.358483204493311961e+28
-1.011928387026813447e+27
-1.388164181026318069e+29
-1.317847582380922075e+29
9.100941949185256414e+27
7.189122507421307349e+27
-3.277786965687421962e+28
-3.320807962075280913e+28
-6.813480389341327464e+28
6.698503492051564464e+27
-3.675367336485374422e+28
4.056781943018744076e+27
8.882050178830500966e+28
-4.048911069221589562e+28
4.141123676829027037e+28
-2.229797880212771811e+24
1.689722389582620245e+24
-6.674492701133494848e+24
5.188150295058217882e+24
-1.034095227993805081e+25
8.797557488976711495e+25
1.157448199643066635e+25
5.225072434057889135e+25
2.471026033003414953e+26
-2.504457305425144280e+25
3.872594078599300638e+26
-3.476479904753271221e+26
5.734837838294938312e+26
2.750931341680716934e+26
-6.574771508448211886e+27
-3.793240454651813127e+26
3.426256812473862186e+27
7.093434823715893119e+27
-2.270198855977754683e+25
-2.416736233470298220e+26
-1.784272107571127651e+26
1.079173517420106376e+27
8.742140496792160805e+26
-5.510196636796993744e+27
5.898226951305280706e+27
7.205634099805044584e+25
-1.199412976966349064e+26
6.377133275104695871e+26
-4.195384368960914048e+26
-6.417052663591765437e+26
-5.281987071545570544e+26
2.529147017577110493e+27
-1.493274419480854165e+28
9.347256712246251713e+28
-2.200339874052993167e+27
6.388117835707061297e+26
-1.177959898540292079e+27
3.985527616437087589e+27
-8.122627145156443703e+26
-3.807836926791765677e+27
-5.667052568186605679e+27
3.147492642951265043e+27
-1.390632771111332580e+28
-3.131249323465990483e+29
-2.484282137536389874e+28
1.054109672828727639e+28
1.320619981292773937e+27
-8.726984591276794231e+27
-3.061333040269702184e+27
-3.787093353471070534e+27
7.196138465088629886e+27
3.273526579631369803e+27
1.063523240409456741e+29
-6.846290820722839703e+28
1.080266802713696211e+29
-1.249902337367816450e+29
-5.519355567977724179e+28
1.520581647918959680e+28
9.699522146924363926e+27
-2.269943148816935594e+27
-1.125750404999052021e+27
1.089364713287087059e+29
-3.787880119879890200e+28
4.000645271076832255e+28
5.775362642205886508e+28
4.087429574538136711e+28
5.756580437060836516e+29
2.428062586167513453e+29
8.135374338867097421e+28
-2.028461741370821072e+29
7.377591115390699015e+28
-2.479653121938175121e+29
3.909921935064043137e+28
2.178960530207364580e+29
-1.207773135981110063e+27
-4.243650428348594713e+29
1.690691845863177834e+29
-1.764439883783584342e+29
-4.021045681077226389e+26
-3.239156977552853424e+25
-7.343127728503702140e+25
-4.624440122783942030e+26
6.759934501776417531e+25
5.642586173532549462e+26
-1.107756235041423142e+26
2.161878144838859633e+26
1.659740583662792704e+26
-1.704446013252886639e+26
-3.594701602032429543e+26
1.399501206413201795e+27
2.957707255820208572e+25
5.307699573351187806e+27
-2.065621429739108362e+26
2.191370094216770125e+27
1.917562670620239726e+27
-3.131073774556457987e+26
-4.696225694235015174e+27
-3.243399994397002603e+27
2.167521495133027916e+27
3.373236515822648035e+28
3.711353240989737530e+28
-2.905020016927797798e+28
-6.037068826385649310e+27
-3.415282233264823520e+27
8.688853823526859146e+28
-5.354923972107344527e+28
-6.836392940758114049e+28
-1.185674477258864992e+27
2.177676826549125312e+27
5.388827041337700340e+27
2.625990569474134557e+27
8.926179038573986606e+26
-5.977383413111769819e+27
-8.544079100373274188e+27
9.610411423015072227e+27
-9.851153702001996741e+28
-5.341884792569214100e+27
-1.545682674725819358e+29
-3.513528776312139936e+29
-1.751138455388551944e+27
4.266010752174294225e+27
8.435739009017621657e+27
9.770340374135186996e+27
-1.633082626974749491e+25
-1.556804733365678247e+28
4.447443596413423037e+28
-1.567908078749332231e+29
-4.411776303078308178e+29
-3.780759742742528803e+29
2.584036099033776703e+28
-1.024189247107101298e+28
-7.387220959210695083e+27
-2.143327666268634064e+28
-8.901912087221261530e+28
-9.908458644117156346e+27
1.779983248151604354e+29
2.640521482436740952e+29
3.841947508601914858e+28
9.407339477717728708e+29
1.893029762934099559e+29
3.635671445869997736e+28
-7.689397346169418153e+28
-8.038709508869604315e+28
-1.503059741570131614e+29
-6.284371240079780532e+28
-1.685208012901657599e+29
5.199022319845204199e+29
7.399486436701490564e+28
-1.120791165833368244e+30
-1.472533298627982406e+30
5.268850518801223464e+29
8.512842255687384193e+28
3.058456667600253514e+29
-2.455234829055943131e+29
-5.895089853247373090e+29
-4.444784242593633261e+29
-3.593918902982378074e+29
1.451414394265022285e+30
2.206582310993520855e+29
1.147600219722386469e+28
-1.625547810854096658e+27
7.014657653628343702e+27
2.253404256364099785e+26
1.488868015637830383e+27
4.141284085140529136e+27
6.430446413999432839e+27
-4.382172502238746006e+27
-6.788644419637745675e+26
-7.845178959765017532e+27
-1.002251603512644362e+28
-8.454693394328395029e+26
-2.309226610840554853e+27
2.113181636944625658e+26
-2.107164646412059682e+28
-3.178416297653762572e+27
1.086011021959846267e+28
-2.189326118639500266e+28
7.153677214083899183e+27
-7.062429973148900452e+28
-6.465995215585080920e+27
-2.767925795532875779e+28
2.595376003926997919e+28
-4.139287373492674263e+28
-8.917308384662874625e+28
1.465467672599247122e+27
1.027797819541699257e+29
4.987002641210942950e+28
-3.642167326219372208e+29
-1.083552136213547655e+29
1.193413925100486537e+29
6.502159221765696170e+27
1.429643638655636171e+28
1.108209522726743370e+28
-1.381394668264075849e+28
2.323628235661935014e+27
-5.248135110429790373e+27
-4.936357593471168364e+27
-8.620050228408400332e+27
3.219360270822471058e+28
1.287830548477013285e+28
-1.266798591500273949e+28
2.634555555057950378e+27
-1.051621488413106055e+29
-3.889657637601189472e+28
2.628792637809294437e+28
-1.170864948570423852e+28
2.311535054245181714e+29
-1.363110032098510670e+28
6.342284115671799339e+29
4.563506294531425358e+29
5.271846311698918628e+29
-1.325840829819795904e+30
-3.894353285107615440e+29
1.446734304363689419e+27
1.121667781299584557e+27
-6.385152671214499354e+28
5.070751826588449278e+28
8.242782845178804379e+28
-2.617312075614845819e+28
1.484798548340333293e+28
-9.670636114018341124e+28
1.439784616220268680e+29
-4.577609914705860870e+28
2.624120174274188122e+29
3.567324036038169241e+29
-2.592140425130448461e+29
5.448273729685052829e+29
-1.301676108930886680e+30
6.114560464346657425e+29
7.176207094778790685e+28
1.540438238866879672e+29
-6.099167775126246897e+29
-9.282900609827040201e+28
-3.879965350320606847e+29
8.828067681759047349e+29
-1.329149445010672736e+29
1.411719513425103608e+30
1.764366091788649708e+30
6.329224266215736424e+29
4.970441929629771199e+29
1.683666963287882576e+29
-4.354069216715131398e+29
-3.923117579984177304e+29
-1.647226120832427228e+30
-6.297201208715839155e+29
-3.590806820264043187e+30
-1.709571696920889439e+28
6.762613552263983365e+28
1.350964721007972336e+28
5.045201284070065914e+28
1.013660117176846775e+27
-3.960777316348069485e+27
2.812292558567291387e+28
-3.962810363168237490e+28
-2.302629619354751299e+28
4.252473590575260626e+24
1.179669212077694507e+28
-2.538609983561687996e+29
-1.658110248624888962e+29
5.856315402921267218e+27
-2.606886015226511128e+27
1.393981444179871454e+28
-1.097617672368695886e+29
-3.504150261194766998e+28
3.782513508580895953e+28
2.257289833110868611e+28
-4.459800707052003922e+28
-3.438968840645212768e+29
5.479913029015247180e+29
9.614582980489643687e+26
3.441972449838597904e+28
6.586823914565366597e+29
1.909357759645901963e+29
3.675236721681795655e+29
-5.582314159811203290e+29
-1.103369235213193003e+29
3.072624731762114379e+29
1.368490746090862226e+29
-7.222566117070132526e+29
-1.876451776606662863e+28
-1.094027746535965471e+29
9.214786825195380502e+28
-5.389527657024864716e+27
5.859089725146319575e+28
-7.226568718301862623e+28
1.820684646331773432e+28
1.347769070500795746e+29
-3.394937469110165342e+29
-1.744422722855482738e+29
-3.738456606378004046e+29
-6.064045147772929739e+29
3.151588827306754810e+29
-1.172673752001369859e+30
7.510800328554320205e+29
8.887525374729383885e+29
-6.172848586398377773e+29
1.345135495239376784e+30
-1.439101689868580161e+30
3.521736236770036966e+29
-8.180351723123343362e+29
9.849594015220609860e+29
-4.470996385222782120e+28
2.269138544036596716e+29
-2.748718252416329850e+28
1.565918385100120043e+30
-2.913330799585250974e+28
-3.873741337354630738e+29
8.799990432163030471e+29
1.320909411295046048e+30
-1.188427921263549076e+30
-3.215110032922448030e+29
2.434887296358338972e+30
-8.055571763470781818e+29
-2.422580485547756283e+30
2.012184883650708913e+30
-8.327420616576228932e+29
-2.534022900293575899e+30
2.333537388506388989e+30
2.072885856534299341e+30
2.311891627723055594e+29
5.112916874646180758e+29
1.358216318510302232e+29
6.257806830706349935e+29
1.352850238812320109e+30
-1.284326641306949513e+30
5.372130755150903646e+29
-9.495649743056930792e+29
-1.794739875638679899e+30
-6.618019908403279132e+30
-3.669222141765986768e+30
-4.966230429368561945e+29
1.916268671269144813e+29
-4.705569358125835114e+29
1.806229810254546668e+29
-2.662990843567868989e+28
5.533072421165525849e+29
-8.188280571519637613e+28
-2.957937108466721856e+29
-3.059381305455008911e+28
7.473995459863450770e+28
-2.852055466241692852e+29
5.334800609579817624e+27
-6.838513960916657979e+29
2.510885988559627724e+29
-5.978436945846404954e+28
8.887986300432663225e+28
1.223363475886032836e+29
-3.651928964374444157e+29
-1.695959143739710307e+29
1.133898204452541147e+30
-1.896894676926654388e+30
7.805888332389144163e+28
2.941433718530247071e+29
-8.538884178315310688e+29
4.781505454207279053e+29
3.643975295023420232e+30
-3.852179838358624835e+28
6.518444614048331713e+29
6.245829269405842298e+29
3.881995889702495097e+29
4.639783995902149112e+28
5.998810985384564033e+29
1.527956086764268295e+30
3.350491171085805329e+28
6.967958717991484753e+29
-2.062073148551232484e+30
4.906214696189733468e+29
-3.243702759229310718e+30
4.699471406888063545e+30
-3.860493863783146550e+29
2.628472129483326637e+30
-4.297407180119294026e+30
-4.641177159153016150e+30
-1.845228469593418751e+30
-8.516164638181366636e+29
-3.320514962782056254e+29
-3.003857754072330024e+30
-1.540822185921715138e+30
-5.408915609404661410e+30
4.911161158333103062e+30
-1.476073967553687961e+30
1.502485196263561323e+31
-1.022645913582859518e+29
4.818788501814298846e+30
4.296788723268082240e+30
1.302519518406722534e+31
4.359555460236198016e+30
6.593675404326029876e+29
-1.582878683730265736e+30
-9.530436732898935724e+29
4.216443292397417123e+30
7.250925598780088160e+30
-1.535931340794451698e+31
-1.287039726815447215e+31
-1.126760217161169215e+31
-2.080296869365315744e+30
2.079840060184758885e+30
-2.313854489061302995e+31
2.585047799297805286e+31
1.500185812409785268e+31
1.461099549088883614e+31
