-4.774179753351528000e+16
-7.236156336771686400e+18
-1.636321533566293115e+20
-4.516058559501929677e+19
8.111238720455397868e+20
-1.990759046429686890e+21
1.897165564853687681e+21
1.584692474184651988e+23
-1.919025274024284977e+23
-2.648673685703689011e+19
-1.338455200697625477e+20
-1.034396785078360867e+21
7.383764258402864202e+21
-1.340708528608636368e+23
-6.865915842630104855e+22
4.392143781001363729e+23
3.123482230893202631e+24
-1.200894421246574105e+25
-2.405743230364891218e+20
7.950221481871455289e+21
6.657068100232094417e+22
-3.274155501587468911e+22
-1.603427143344590149e+23
4.329947561478026949e+24
7.248524104735776697e+24
3.048220482779701829e+25
2.240770731362605366e+26
3.079539565762495644e+21
1.466789804041153355e+23
1.191672001608789105e+23
-7.093500540364667266e+23
9.306440325201960769e+23
1.861763702034096126e+24
9.251616005894629065e+24
-1.907452510820363042e+25
-1.128173751871530963e+26
7.454008891208004663e+25
-4.360797736634821902e+21
3.079086226268133849e+23
2.282699278053716152e+24
-2.166010989766353187e+23
1.399005164955103545e+24
-8.117073245111628270e+23
-8.950448679015892868e+24
4.461245256027577392e+24
-3.507166559796751508e+25
3.000982633062852897e+24
6.773623154302711528e+25
-5.499340331118051237e+25
1.085673561002138508e+22
-1.041657619349757235e+24
-5.550842397347536817e+24
-9.697009184377359655e+24
7.834188242049652551e+24
9.558418218799141814e+24
4.345101805148265193e+25
-1.850209872562681568e+24
-1.219048650522678457e+25
-4.537126024263747106e+24
1.038125531469485501e+26
-2.032858989018288831e+26
-7.865710430206948833e+26
1.450766038244578197e+27
-1.120920613716594042e+23
-1.099501458744783120e+24
-6.014553082075559995e+24
4.167728285661050433e+25
3.139283766253855979e+25
1.866902202392584982e+25
3.942772956212514992e+25
-9.760903287560133524e+24
2.081703506029655474e+26
7.081603339384935051e+25
-5.900203810984069153e+26
-2.520598411758854061e+25
2.991469473897037536e+24
-2.834388136576813736e+26
-7.447783477523403229e+26
4.126423441792123923e+23
3.908261326763606527e+24
1.475053566214848756e+26
-6.359003151691108670e+25
-5.234859619749402672e+26
-1.947812009524967228e+26
-5.378530809859354704e+26
2.840165334452734156e+26
3.556456598268861045e+26
8.659394477048936152e+25
1.955139517408028261e+27
-3.151310656143408369e+25
-1.297109829111681306e+27
2.914565390379485134e+27
-4.571065011402244494e+23
8.437606782535502358e+24
4.843908101110088020e+26
2.798218672839025724e+26
9.816672246002232968e+26
8.163156394193380971e+26
1.739396019838311790e+27
-2.089905202903024326e+26
-1.337830680612724801e+27
6.976148017754111363e+26
2.528084298561867812e+26
-1.351400015785263167e+26
-1.711056395627291505e+26
-3.907618715747322429e+20
-1.953844226847328436e+21
-1.397536325408358243e+22
6.800840732974383733e+22
-9.532984865739042193e+22
-2.894745856256054164e+23
4.086496883219054335e+23
3.466480175908940415e+22
1.326121704687163681e+23
-4.635368094400682943e+24
7.610398849911548491e+22
-2.264071814978375248e+24
-1.535095719056983328e+24
-6.836610118812915354e+25
5.793849228893337527e+25
-1.579987826448709615e+26
3.166796908490475438e+21
-5.928123120500230628e+23
-4.489984611340934743e+24
-2.592680588235132804e+25
6.090666830781028851e+25
1.340418636715357795e+25
2.887754778676759203e+26
-1.762738937219996018e+26
8.450932413516063514e+23
-2.250066633150326794e+24
-7.681870758157208147e+24
7.385221079220953032e+25
-8.641125734926202658e+24
-4.369062162953199184e+25
-4.832882524118003219e+26
5.920647604372510830e+26
-8.896305594824556534e+27
1.373170138099727712e+25
1.399699496574418727e+25
-6.069091150892860015e+24
-3.716453304765911147e+25
-1.702895723240978231e+25
-2.531221802883423635e+26
-1.397393368491206532e+26
1.110117788294515614e+25
2.853516493648755629e+26
1.047828473552055125e+27
-3.770246561252787848e+27
1.117335576763102445e+25
1.278922838584170590e+25
4.857424329211375139e+26
1.283724517748621628e+26
-1.113136306393522336e+26
-3.479218658861909799e+26
-1.421054380492393776e+25
-8.074536866521102961e+26
-1.249533230345705975e+27
4.524160059919146727e+27
-4.836903289113986123e+27
-2.358932431127460206e+27
-9.284234571815342476e+26
2.210470551224670375e+24
-3.002906624081910043e+26
6.308860813887820087e+26
-1.649527263991203340e+25
3.233564000659667752e+26
3.703911234517721688e+26
-1.254786528892724477e+27
-5.209827261064674851e+27
4.472693697692002816e+26
5.358702822415236117e+27
-2.725509416836477873e+26
-5.472236412441330928e+27
4.389251926823140053e+28
1.329002625016501270e+28
-2.588753354872185980e+26
-3.155162201425809120e+27
5.168574223555239859e+27
-5.639456070375453630e+27
-7.032264521006136324e+26
-4.855804292658068763e+26
-1.984406696300864461e+27
-3.185840952968285701e+27
-3.039391368578921039e+27
-1.015394347124421879e+27
8.511337940631430422e+27
4.486824868354990405e+28
5.947573142831313506e+27
2.034799023534378323e+26
-4.730858345942111206e+27
-2.078368455834125340e+28
-3.939388279177432567e+27
1.142819499809496458e+28
1.574206071748037238e+27
-7.894590489295044374e+27
-3.189691823054453970e+28
5.421319760064646348e+28
-2.230551087447953013e+28
-3.390803200592344361e+28
7.957009681110951001e+28
-2.847790242533662041e+23
2.684880387277312259e+24
-1.898608694084083416e+23
2.468410793472452853e+24
-7.434246299526757872e+24
9.756491887581793819e+24
-1.654597297225106359e+25
-2.517531208992696046e+25
-2.912061016132091531e+25
7.133104293168654106e+24
3.355577764695015304e+25
7.050524573497081797e+25
-4.340315101197542007e+25
4.884637390070971210e+26
8.391101946169182913e+26
-3.674334478469662767e+26
7.692410488883479174e+26
-8.448148633310453849e+26
-8.206371715830612431e+24
-3.180875526019956970e+27
2.717104669546043980e+26
-6.332716166747902810e+25
-7.140481934670544749e+25
7.232581573299552373e+26
-2.925537683456399511e+25
2.789292188400757163e+26
1.339513688185157766e+27
9.101590739767348581e+25
4.905783144849699216e+28
-5.361207562748690259e+25
7.570841403999128846e+25
-2.790582712910823843e+26
6.616568149322936670e+26
-7.727660455742732822e+25
-1.350378621766308963e+26
-2.652314925006233652e+27
4.982755805608663283e+27
2.927347312768623816e+28
-5.478942034026165248e+28
3.814275179763003376e+26
-1.163307265253216786e+27
-8.789743495340726618e+26
2.518464762214684381e+27
-2.418754973880063849e+27
-1.593530399638035776e+27
2.880706572059667278e+27
-9.037682789928769213e+27
-1.598869421279815324e+28
-8.604023641201261015e+27
-9.033221991250419219e+27
2.105530684443906439e+29
9.594109585648879755e+26
4.501126709539205511e+27
1.753845638985921294e+27
-3.653883552777111891e+26
8.955904051638849364e+26
-4.002769932265925417e+27
-4.413811044854022527e+27
-4.239917745414023966e+27
4.995283813085051591e+28
-5.131295025821805176e+28
3.938519716017243399e+28
2.843696939705416420e+29
3.815548090472315943e+28
-7.005048303806964520e+27
-1.608535276080508866e+28
-1.656692709251849532e+28
-3.932680335514989788e+26
-1.271840331620437109e+28
2.113886483798754892e+29
-4.399150903383142464e+27
-5.488768221951993154e+28
-1.278236134109274901e+29
4.639626057755516276e+28
-2.352158446703653831e+29
-5.209611115280222023e+28
3.458149563418578017e+28
-1.897168789791756720e+29
2.408691539890279242e+29
7.034289997642289757e+28
-2.402856641323541532e+29
3.437848650441373050e+28
-3.301295168345294430e+29
6.109364783967728299e+28
2.519088826975061696e+29
-3.162282616483327911e+29
-4.059488994576950619e+29
-6.861425290991495012e+24
-7.820964823669464474e+25
-1.324923416048050074e+25
-2.025478599997088268e+25
3.823082010524470288e+25
-9.093737701253975852e+25
-3.128838057357312974e+26
-8.255388925592659883e+24
3.947888740445080738e+25
-6.453921434824284647e+24
3.954178894892990668e+26
-3.010902389673101456e+26
4.969172135420568588e+26
8.733056070526795169e+25
3.742476786653988721e+26
7.680987180047810816e+26
-1.278353266209927463e+26
7.163216955509158421e+26
-2.574882784517786197e+27
-3.887083752947051342e+26
2.485232059924895553e+27
2.906955412170287153e+27
-4.227726080029742945e+27
2.962413912537441639e+27
-1.063075257307279918e+27
-5.256363660135840746e+27
1.313077478816961615e+28
-3.683750724273475502e+27
-3.507592681595110216e+28
6.152918893608682214e+27
-6.115107610042479456e+28
4.470106005486637400e+28
2.431415945641001769e+28
4.105867615351556599e+28
1.345615714397845202e+27
-1.516508313188212739e+27
1.791778843247287483e+26
9.906823193430003949e+25
2.104391964029357250e+27
3.177866360663493688e+27
-4.354259712258815803e+27
-4.501014346040909932e+27
8.906634034453993537e+26
3.319386685605250490e+27
-1.230423382858045066e+28
-4.458936076836986426e+28
-2.917277296928931353e+29
1.735627487263506711e+29
2.491363800377804035e+26
-4.869055437268059532e+27
7.212910746067514039e+27
9.000656772799551716e+26
5.619817786388851254e+27
1.812913433920834371e+27
6.333468252113311152e+26
-4.378707553271216790e+28
-3.376950529976017944e+28
-1.106805581545257966e+29
-1.298317940776052220e+29
1.263026177845620457e+28
4.885809907669240568e+27
-1.029168504364409047e+28
-5.039717907204158321e+27
-1.279188933532726709e+28
5.174183416073135240e+28
5.885228260712074111e+27
9.276558639081892878e+28
7.455434936740953053e+28
-2.432439740240737299e+28
-6.651831059804547822e+29
1.466773931702892912e+29
-6.548641279142987151e+28
-1.232345491489716256e+29
1.058597297379743278e+29
-1.741813133995181533e+29
6.578627633062456002e+28
-5.053041150302357405e+28
-1.369476082265679066e+29
-1.091599900253090284e+29
1.278323583513322048e+29
-1.845858221358821680e+29
1.468976497039637161e+29
-9.440101821404024138e+28
5.071013329571974057e+28
-2.877165676446384093e+29
1.348011886304004170e+29
1.476881079985641774e+29
9.457261833574811686e+29
1.380706647649445350e+30
2.798050217948581952e+28
-1.783169907685256710e+30
1.957148827599539966e+30
-4.843088083649243678e+25
5.103495924148072786e+26
1.886519239177236843e+26
-8.302619481544435028e+26
-5.703095832281046119e+26
-1.588560896000871176e+27
2.975122039794240279e+27
7.956219382431155443e+27
-1.257013937709342225e+28
2.601708239753626582e+26
7.029658645221669170e+26
6.559245644112687713e+26
-2.104497296952545810e+27
5.999210941127426600e+27
4.252714587590431500e+27
1.265587518527291639e+28
2.444388856397934449e+27
7.973460455330225459e+26
1.940521163021602802e+27
5.156864708970420541e+27
1.981631916570059416e+28
-1.060743952138931534e+28
-7.324085103505622081e+27
2.686386290934269201e+28
-4.594112094268475055e+27
2.819047952837075665e+28
9.613990887288976700e+28
-3.487277829262489010e+28
-4.000824015860184922e+28
6.461047183976301347e+28
-7.037547981010488196e+28
1.322168326051212656e+28
-1.608261880306915454e+29
3.622179017202343299e+29
-1.527174329470055919e+29
-1.836237584032043437e+29
4.249149729420951719e+29
2.355520587096504285e+27
-9.013301691822924217e+26
5.534927380676688882e+27
1.316999513861897791e+28
-1.553897670309039010e+28
-3.456674430988036315e+27
4.417131288401250945e+27
3.823929203149273917e+26
2.103901160266161225e+28
-2.463320347568380879e+27
2.450834913245248791e+28
8.213896677676631031e+28
-3.544779659121362714e+28
6.581712452237542604e+27
-1.056465253822083536e+28
-4.092868406264572656e+28
-5.750652225672803022e+28
2.718523690969332953e+29
-1.822279275852714452e+29
-2.779841022933610667e+28
1.406819491917643585e+29
3.784115450757593268e+28
7.325931821212312953e+28
-1.487927016719582669e+30
-2.929379241480085352e+29
3.133399709529726313e+29
-1.058775910903591511e+28
8.737671156801419593e+27
9.310911040377899834e+27
-1.325477003391117059e+28
-5.010481237207920760e+28
6.226531794188622493e+27
-4.233763215223751874e+27
3.068395442152923679e+28
-6.180765318830014330e+28
-3.736055363816538246e+29
7.239740461788360174e+28
5.357038961458411350e+29
-4.762798776542164300e+28
3.716424446962729958e+29
1.038974587217145951e+30
-2.822856041177595530e+29
1.522406544434555513e+30
9.969445405726181542e+29
9.409099422156137843e+27
-1.810080212167352530e+29
1.271624808180093133e+29
-3.592184823050074741e+29
4.197950550424862210e+26
-1.588839675386335725e+29
7.279797235805519520e+29
-1.409770063887472247e+29
8.181742256659933607e+29
-1.520763443303046965e+30
-2.896856888974103071e+29
2.278503343123783660e+29
1.171745355079787759e+30
6.355788958526915529e+28
1.215884178052620593e+30
1.671570816633201818e+29
-1.319041602417429309e+30
-4.539664201361347811e+30
1.246964604785788953e+30
-5.020835978661693263e+26
3.268307325068459611e+27
-3.696674189396294385e+27
6.667992172465264929e+27
-2.212975051323749376e+27
-2.265959632476565484e+27
8.463390334529668273e+27
-5.270785877834703029e+27
2.364973932434375850e+27
2.045119936955230540e+28
1.270628702355018115e+27
-1.932563705545878645e+27
7.351861642151960746e+27
-1.345695908760572133e+28
7.114359192946889402e+28
3.494744012714129346e+28
9.680037025341650714e+27
2.937018294378996745e+26
4.623585907032360260e+28
-7.681022252498550187e+28
-2.599274811925862886e+29
-5.395762367909814684e+27
-7.651573348794423921e+28
-7.875923764986443964e+28
-3.565918380313768568e+29
9.696014853062178671e+28
1.726104019248581177e+29
-9.373259138669828193e+28
2.164035390845088012e+29
1.237279167085781793e+29
-1.532312244527696920e+27
1.872510129151409806e+28
6.513255072708003423e+29
7.080046733160887448e+29
-1.022098324337662637e+30
-3.292618679156105832e+29
-6.705098519397884448e+29
-6.806282466069677614e+27
4.007737203903067430e+28
-4.799860348102504007e+28
-1.512248309616760460e+28
1.929143683373909280e+29
-7.042018358631343316e+28
8.162926813226252763e+29
3.733641992074448682e+28
1.747552379326734988e+28
-7.962312134172506974e+27
8.396258718847765275e+28
6.426221871508441447e+29
2.543035741826667625e+28
-2.753160372404931125e+29
-2.742003283136571715e+28
-4.662057028621048861e+28
-2.748591820291449249e+29
6.860595113679010987e+29
8.987648865011724351e+28
3.838773682818194475e+29
-1.173082829793073773e+30
1.527287885679608833e+30
-8.287382846979779137e+29
1.316904419985789744e+29
3.940374924266640750e+29
-1.953796880025710809e+30
-3.442428990174123003e+30
4.931272971694453392e+29
-1.998391870003177174e+28
-9.985556290843473063e+28
-6.830171620578113830e+29
5.120539362146396556e+29
1.083208110130879481e+29
2.628672975555679537e+29
-4.755562798491493735e+29
1.343083713329080509e+29
-7.160897032469925732e+29
2.091922123080334648e+29
1.053365651676431077e+30
-3.468397171800867354e+28
-5.972238544182054542e+29
-2.446279636387669763e+29
2.264279629308679981e+28
-4.896771366455696256e+29
4.517191842230313200e+30
-3.184681359557596077e+30
3.035096116071342110e+30
5.294609943687180473e+30
-7.570369263639389565e+29
-7.697600718663549861e+29
2.615646466167064019e+29
-6.704205488565351614e+29
1.165504353478536973e+29
2.586781143008002077e+29
-1.884146203629012012e+28
-1.048106019397469766e+30
3.586008919648586589e+30
-1.259138573358785994e+30
8.599069603780619326e+29
2.453801337661051094e+30
4.522393010203804043e+30
5.397102586568654623e+30
-3.275863028965535624e+29
1.008417461316174347e+31
-5.928935359097296643e+27
3.170191618517915234e+28
-9.745847287750756702e+28
5.011469867853762268e+28
1.597325247634152198e+28
7.826350808224348808e+28
-6.160282620006589801e+28
-1.560057584867938928e+28
-6.256361021697560280e+28
9.788586561760987585e+28
-1.247129082038137302e+29
-3.516069204900547106e+29
-4.531180550184738461e+29
-1.887209051680233630e+28
1.857148218571698990e+29
4.573351274310696944e+29
2.290375672970093717e+28
-2.670277059522502768e+29
-3.175494531555842333e+29
9.111845835737810037e+29
1.116949322968792457e+28
4.566506997290386317e+29
5.358533904703612068e+29
-8.869578299861358635e+29
8.151255981948723764e+29
-1.644045576011418725e+30
5.521863487921164990e+29
-1.036976524881761617e+30
2.633286466082870677e+30
1.090170213541022509e+29
-1.116925044716679942e+30
5.097164174512764617e+29
1.102423422209975241e+30
2.616128292689964522e+29
2.548746221153360358e+29
3.845372622306602790e+30
1.445867110464273680e+29
-1.843664025489055815e+30
-2.334383784569932238e+29
7.163021619769200702e+29
6.635624838649712359e+29
3.025664595087775796e+29
1.425747583769270960e+30
5.964527903365256746e+29
-1.365624354030134267e+30
4.457963459841178512e+29
1.500966576236421060e+30
-7.538597416553816010e+29
2.814105928963382562e+29
8.812091932364227585e+29
-8.755116863303063179e+30
-4.833769817341788828e+30
-7.229078218726471818e+30
7.250175128673084719e+29
2.003100248075994091e+30
-2.685741575572505613e+29
1.155049888557111438e+30
-7.999381903145015378e+29
-3.405871638147577337e+30
-1.983427834446994289e+30
4.223188878331609074e+30
-3.282178866364911371e+30
-3.281733199061135690e+30
4.054968232249884721e+30
-1.290245304035519137e+30
-5.688008916633452266e+30
8.367948085469021515e+30
-4.158182572937511849e+30
1.491732997718800786e+31
7.445408744410780837e+28
-9.337979228943126485e+28
2.433999342568250518e+28
-2.613262615194938557e+30
2.912962358798764679e+30
3.017322831352037334e+29
1.326135684911969186e+30
-3.278810525655780451e+30
-2.076938619945309509e+30
-3.735417541585028566e+30
1.329256200292212002e+30
5.075542485461521485e+29
3.391248845681886709e+30
-4.979779959609105464e+29
-2.650958413951897794e+30
-1.311092652418736772e+31
-5.990861935472143459e+30
1.561927746525345572e+31
3.086837465476991287e+30
1.243714043614003434e+31
1.145534515925366771e+31
2.115745121683672721e+31
-4.723806750501475201e+30
2.894576339774748420e+31
-2.283581941855966962e+30
-6.812046728789119792e+30
6.302559345203965347e+30
1.352713637517713938e+31
-2.335426877874660806e+31
-2.426769551482188630e+31
3.414671729642128258e+29
-4.058090071773320970e+30
1.936631284330820216e+31
1.767762515745183016e+31
3.114579445673629165e+30
-1.660290311242612685e+31
-2.460094096768859736e+31
4.397290568451548381e+31
2.044190178937435853e+31
2.897377985624005632e+18
1.267001727190473441e+20
-5.491530690999066952e+20
6.669725727150956872e+20
-3.992765223970133115e+20
-6.190052495948597166e+21
-7.710913916647664884e+22
-1.381435457592605823e+23
-1.892582696522692362e+20
-8.865340393067437359e+21
-2.305065026991814397e+22
1.043462098117310986e+23
-4.734259449095037743e+23
1.010184848164793388e+24
-2.354146211626598116e+24
1.094005721390308512e+24
-7.990593297586168267e+21
-1.752694794722418360e+20
-2.243496169669760679e+23
-8.207294704608497107e+21
-3.370433115501727148e+24
8.686843366156880881e+23
2.505455522924818908e+25
-9.577010604970341596e+25
3.394463159486671277e+22
-9.110226002121968992e+23
-9.369925003171895391e+22
-1.247962025855366719e+24
4.483969606109116005e+23
-4.732764076495264241e+24
-1.875654657004978659e+25
3.804019427630757900e+25
-7.348886757794933989e+26
8.649486131759017005e+23
-2.628191176326821534e+24
-1.522920308098286544e+24
4.069020312478011558e+23
3.388150497964640403e+24
2.267857482790254951e+24
-2.276683980190075285e+24
2.598722566315386330e+25
-8.171844859528920488e+25
3.835325467767251752e+26
-4.881947675941532682e+25
1.029304280647828289e+24
-1.905542500777360391e+23
-2.257026903876171836e+24
-2.876969901796412201e+24
2.850100320143956895e+24
-2.003662294932883378e+25
-4.791184663707738899e+24
1.607281263314609524e+25
2.906212600343512969e+25
3.476181704738984373e+26
2.892346117668697747e+26
1.523883018829931900e+27
2.051821866809819176e+26
9.459749069918267045e+23
-4.190807715709055054e+24
3.836644038572161811e+24
-4.136741879435232769e+25
-1.107901887669086598e+25
-1.995878564347713990e+25
1.937031854420368382e+24
-8.150970524217243725e+25
-3.648905030380003812e+25
5.064721039622148762e+26
-3.747947094400536377e+26
-2.048154002358560263e+26
-4.559045415996925567e+26
3.777063532982675607e+25
1.359119488475265880e+25
-9.681416019349949998e+25
-1.964817216471336446e+26
-4.529523760020993714e+26
-2.174167712014959152e+25
2.728487231640456992e+26
-5.558570935966041226e+26
-3.022364559883320886e+26
2.136520039263444695e+26
-2.179101072371689883e+25
1.818141058052103138e+26
2.172716448264260397e+26
5.246827759881366989e+27
8.837097080458522856e+24
-1.075856225399541800e+26
1.213174086608927632e+24
6.426760926680432085e+26
1.413481307788980945e+26
-1.683224865597719926e+27
-2.955934401650916154e+25
-6.453925503185756036e+26
1.736910082634517626e+27
-2.937807572394104726e+26
-5.100509503299291682e+26
-2.708504026683627435e+27
-7.370555882798705541e+21
-1.314530903917007554e+23
1.037804278422733503e+23
-7.635930633669886754e+23
-5.572079030666634597e+23
-2.435351076078793441e+24
7.379040669111013626e+23
1.524065713799911122e+24
4.743978043315403075e+23
-6.472464484953318834e+24
-6.407347619137456018e+24
4.009658592185869728e+25
-2.875262119065462961e+24
1.789642888922971141e+26
2.516699095316362187e+23
-6.385933312869457241e+24
-9.789679427198072660e+24
7.087662533509092183e+24
8.037482090342762006e+25
2.131964774886437022e+25
-3.793982643330347651e+27
6.835829911109246401e+24
-1.110770846500102346e+25
6.365261998865813805e+25
-3.885285678560524764e+25
1.700645581674739543e+26
-5.895791575557203398e+25
-7.795219443421131622e+26
-2.556455130533847542e+27
-1.151361728616543329e+25
3.105827438242852512e+24
-8.513312651585857690e+25
-7.189872558826378786e+25
-1.727158510911731904e+25
-1.237118986495129799e+26
8.660662343409601147e+26
4.124569230395683990e+26
-3.539978617258363845e+27
5.064000872058749608e+27
1.136559360631865938e+26
1.015362285143148788e+26
-1.119777536639614733e+26
-1.637690229633265658e+26
-5.425316195541643857e+26
-6.891301900369808212e+25
1.205531080897273404e+27
1.495546106817683023e+27
-4.855370929497317327e+27
5.848738658196995625e+27
-8.035445334173118395e+27
-7.862788322685533576e+27
-5.616902583526227998e+26
-6.073394348459713575e+26
-3.678760477041634129e+26
6.969221883254330374e+26
-6.071828582799451607e+26
1.026234787982087186e+27
1.684893514166643809e+27
-4.158486413957555371e+26
-4.765423679718772735e+27
-9.386191042799148641e+27
2.001697402924532876e+27
1.193850421648376154e+27
-2.254538985117353372e+28
7.377485229907864621e+26
-5.650096756948850733e+27
-7.894320316098954279e+27
-7.527463962250321889e+26
6.006088134209644924e+27
-5.646750816596890586e+27
1.340868389297639194e+27
-2.246737356951406530e+27
6.743380197460767863e+27
-1.029134162342533698e+28
-1.860609377042516791e+28
-5.105914669977148081e+28
3.691779952420258825e+27
9.915069127372106691e+27
1.392758352987064122e+28
2.423614327717434440e+28
-6.146674150207758033e+27
-5.691292790201196667e+27
7.833950731345874290e+27
-7.259565842820471106e+28
1.359329441957773968e+28
2.384223322744987459e+28
-8.462087385839137185e+28
3.100452185954056898e+23
9.871437044004985732e+24
-3.151360109525020874e+25
-1.471465126097671319e+24
-3.555247311902503140e+25
8.661786504926587659e+25
-1.257187261461218753e+23
1.287168736239185390e+26
-1.344411737504266206e+26
-2.161239308776591126e+25
-1.143840315267573597e+26
-2.008845337354148203e+25
-1.277183264927063284e+26
1.524266563352112187e+27
-1.983357894735567764e+27
1.418200905737656929e+27
5.927970810301318036e+27
-3.286209780929635856e+27
-1.068460823824276591e+26
-1.998619558657370760e+26
4.942478806355392907e+25
-1.126285121543020733e+27
-1.713670134766707769e+26
4.347076975823423135e+27
-5.177236992438448230e+28
-1.761735222751313467e+25
-4.556698002211155549e+25
1.784419057855833233e+26
2.281485770294968545e+26
4.001122486298999418e+25
-5.631691536918628467e+26
-4.369878841645276663e+24
-1.691729234506544094e+27
9.517172418397035930e+28
1.311690262263862334e+27
2.779877868532443514e+25
-5.841427301969866989e+26
9.773176844480906594e+26
6.006027904306573096e+26
3.496214013058211280e+27
5.384935800889137957e+27
1.652275610217409199e+28
3.022855827310873109e+28
-1.322724065016536539e+29
-4.169200828480217556e+28
1.083198332529427482e+28
3.709994806399453944e+27
-7.597858735043418836e+27
-7.116738258660917737e+27
3.601022140379672539e+27
3.399537104468561688e+27
5.697456209075522928e+27
3.284824890456053449e+28
3.545404202368396402e+28
8.646045555444104170e+28
-2.280520942419665100e+29
-1.331487633326218236e+29
-2.019101591612884136e+28
-1.618485878570481261e+28
-2.294548148361048387e+28
-7.318698168047076418e+27
2.297587645501738036e+28
-6.163014241523078717e+27
1.057935824467466279e+28
-1.087841399918780817e+29
7.206825659563085395e+28
2.275723500562773531e+29
3.034752872848249183e+28
-3.976931078127589959e+28
1.943429097485968851e+29
-1.025927810586065004e+29
7.737336805320761398e+28
7.838809054779158224e+28
7.492336000454870970e+28
5.518423985301646604e+28
-2.602496970582127715e+29
2.813809714045981644e+29
-4.558078155586789508e+29
2.815274716699981135e+26
6.065521101143318015e+25
-4.138934967943678824e+23
-2.018111646690806787e+26
-4.590746347511704417e+25
-9.367748783731802773e+24
6.123778532460315387e+25
3.332717042706586109e+26
-6.383804910209094137e+25
2.361252634987771330e+26
1.814088809392837280e+26
2.740840189692807756e+26
-8.055355109218174620e+26
-2.385863728553247010e+27
-2.148530006164599057e+26
1.688575279818719894e+27
3.076735033502242046e+27
9.643212940706205295e+26
1.035915788095828813e+26
1.383174740287437019e+26
-7.570733829959479930e+27
-5.759341006084230836e+27
1.067692281711023499e+28
-2.626938235865798253e+28
-5.847872741782263860e+26
-2.102048830979357516e+28
1.022046728487255280e+28
-1.102410888294325504e+29
1.873076464182546688e+28
3.413500617522717136e+26
4.425393810854964959e+26
-3.600457304923446035e+27
2.228824290507358897e+27
-3.387586880244912023e+26
1.655461013570987189e+27
-1.189930122449841005e+27
1.651990798652090402e+27
5.840054266823404776e+28
-3.667726768266490001e+28
-1.162032137313844897e+29
7.899041969833592037e+28
1.259258365084941711e+27
1.092420295058691888e+27
-4.387690220666316811e+27
1.302729414392769122e+27
8.434966986075915390e+27
-1.019430623259440722e+28
4.652892994864776696e+27
4.942484745918034298e+28
-4.739385756497514545e+29
-2.440825410906320999e+29
9.174479887309703443e+27
6.685348749206687430e+27
-3.527510460915739360e+27
-1.949202498008993400e+28
-2.049555201929753859e+28
-1.347580243163074545e+28
1.251030968793165907e+29
1.777101919342673823e+27
2.356380089854187385e+29
9.545343265334699129e+29
-2.844115932664070446e+29
-5.630630134584631265e+28
-1.058571616904409546e+29
4.836260980320073049e+28
-3.140333392828697354e+28
-1.851619777372217398e+29
-2.843138316522781050e+29
2.838365692994584920e+29
1.860099055241168816e+28
-1.872909222719749505e+30
-1.804690586024273896e+29
3.526093070676188817e+29
-9.557925623899912518e+27
-6.603604483752892083e+29
-9.761305301979114987e+28
-3.294246452040075618e+29
4.306676908186165722e+29
1.523291243812589275e+28
-6.571314284446461607e+29
1.486114811092355558e+30
1.801282721116991115e+27
-2.441287117718008700e+26
-2.628628777119103403e+27
1.642408649142598580e+26
-1.798836683340676860e+27
4.044546459189810972e+26
-4.848471818016543035e+27
-1.865291973142172174e+27
-7.543910328259303880e+26
-1.920731207542837418e+27
4.499522809223072388e+27
-2.063053824779299695e+26
1.994593709278396828e+27
-1.039375610467369662e+28
6.198564086377652005e+27
-2.176221056291110589e+27
1.304159291218817345e+27
5.133630806521552000e+28
-3.995573126125105048e+27
-1.597614409572036758e+28
4.589455793638199570e+27
-1.669267424501682799e+28
7.195516549734058618e+28
5.672998001155293868e+28
1.182346082822424499e+29
3.149612443656350235e+28
3.490590241099737244e+28
-9.064190984310332155e+28
-4.682626389867122750e+28
1.497605907714789099e+29
3.389144744187669374e+29
2.835382313262872924e+27
1.505606244906539503e+27
6.373819147494812284e+27
-1.136291717937151395e+28
-2.332923856133278573e+26
-2.406940341589305250e+28
-8.606777621325449085e+27
-4.930869460746275812e+28
2.652438543304406290e+28
-3.372374727235685505e+26
3.409532402402170926e+27
-1.844694986286478380e+28
1.700724601913208871e+29
-2.813908017187106002e+28
1.164457039145721985e+29
-3.067057241950495730e+29
-1.453440028361924233e+29
-6.695918717564273686e+28
-1.540722325529940749e+29
-6.796095752421413971e+29
-2.924886359828048674e+29
-6.830916423213677861e+28
8.837174981322295701e+28
2.324898346003854747e+28
3.180849286766159802e+28
-1.697967303775476229e+28
-1.666180454603395954e+28
-1.769716436373839228e+29
2.177263133530630920e+28
-6.293635095889827856e+28
-1.090824197999821326e+29
-3.848446909202707616e+27
1.912837638036761794e+29
1.036833316717191089e+29
2.884882915162585133e+29
-3.725019557434451767e+29
6.261933424171845541e+29
2.675735133308792437e+29
-3.814218755508676920e+29
2.578385812977977622e+29
2.677205104049868869e+29
6.970055716582509783e+29
2.397879004796987999e+29
-2.142064851805625538e+29
2.658965950909606424e+29
-9.504726945314851868e+29
9.510061104743160574e+29
-1.809787674761908377e+30
4.688117286717008906e+29
3.494166308949818534e+29
-2.346701161409692003e+29
-9.475253154172434563e+27
-7.654440438544863033e+29
8.982811227045518264e+29
-2.138938232663540852e+30
-3.905671814851489724e+29
2.172251415119556635e+27
3.109737278154298829e+28
-5.882222934718411066e+27
-1.079846093118340952e+29
-4.863014888636057151e+26
-1.262416410675676172e+28
-4.978384991473820210e+27
-5.326536261660827547e+28
7.940211154268001154e+27
-1.845506351684372736e+28
1.498814627082303200e+28
-5.610385732840173240e+28
1.113741231401757746e+29
3.889541361144635464e+28
-4.643857978042743743e+25
2.796299186091051010e+28
-1.532138597079065086e+29
9.274486629605027893e+28
-1.094897933060243382e+29
-4.704298159402298610e+28
-3.645216593425963415e+28
4.447005581055081411e+29
2.285500479727390233e+29
1.849693452920498872e+28
-3.447379529664578414e+29
-4.450277869118157213e+29
5.767842377410130633e+29
-2.938209814659608298e+29
-2.234248420401855014e+29
-2.264016646668170530e+29
-1.121793412650566146e+29
-1.549604962966244007e+28
1.971561936705025076e+29
-3.048338297341195890e+28
3.721288734457917920e+28
1.143602576076453552e+28
-3.004233523711312174e+28
-8.104456727629761685e+28
2.373468820365541115e+28
2.775808920047164632e+28
9.979159027032539244e+28
-1.512445360744968422e+29
1.201840006691123846e+29
-5.492259353754540386e+29
1.050370991610900172e+29
3.654718148476013541e+28
1.531687979544586973e+30
-2.064755458699028486e+29
2.674233276694772327e+29
-1.628104155003321974e+30
7.464544986063004315e+29
1.059906768096645402e+29
9.499067989995331745e+29
5.642486925566914197e+29
6.637049648709598485e+29
-1.071745057536465428e+29
-2.623121112816349328e+29
8.309068631681833871e+28
-3.277969311387826542e+29
8.302237466959723060e+29
-4.444893556925809088e+29
2.078993513656507717e+30
-1.788870180737040318e+29
7.567133566098609635e+29
6.624458794965925081e+29
-7.264403132340443716e+29
1.487639164383676824e+29
-1.366929298056917275e+30
-3.255917904097111620e+30
-1.094958771617283701e+29
-5.099055300282149276e+29
-3.674759424058662254e+30
-7.510830511109490596e+29
-2.014184231494006397e+28
1.297830452031173863e+29
1.633364046172067588e+29
9.655726481961790104e+29
2.574607150269590226e+30
-7.159133852289254675e+29
1.045446501088251638e+29
5.483840885827329616e+29
-5.208928306241654876e+30
-1.091967480224575817e+30
-9.012452715599457949e+29
2.129975314420647152e+30
-7.523636243106182337e+29
-3.754311911425241465e+29
-2.771314468213325139e+29
3.686114727832547623e+29
-1.378815790185555991e+29
1.994651135512254659e+29
-5.292146713413317145e+28
3.572403630971590297e+27
-5.428820353741328120e+28
3.852876200231101630e+29
-7.775263679001025367e+29
-2.695174614135594216e+29
-5.727124300171474211e+29
-1.282665665480999485e+29
7.139543416255080839e+28
-4.907357168510238380e+28
2.816124700287918772e+28
-8.360258597982947339e+29
-6.880542653010600764e+28
-5.915893981786195288e+29
2.926161892745873672e+28
8.107616481323249622e+29
1.100928331793041231e+30
-3.120551319428482739e+30
6.941399320456653584e+29
2.512191476853796896e+29
5.368865086491210342e+29
7.353999373207295842e+29
-5.014077445357861975e+29
5.384849832101759005e+29
8.049242207402606828e+29
-4.429129413391162053e+29
-2.879121115462429582e+30
-1.001873980778074947e+30
1.947758899466213948e+30
-1.531257173802148420e+29
-3.266423794820328529e+30
-2.285861461562265468e+30
-8.937233546753588466e+29
-3.053240668993311993e+30
4.630067522318754854e+30
4.951066074820990544e+29
-2.591868747783766846e+30
1.308717612490725839e+29
2.670444500958548311e+30
2.405889475967374942e+30
1.202179704523749135e+30
3.934824446988224018e+29
-5.077351796584396512e+30
4.654254877297555935e+30
2.023722829464744497e+31
-4.700697478795659170e+30
1.650125110332728681e+30
7.709633005784356263e+30
-5.844931251170105440e+30
-1.041638626671798827e+31
-6.608919578844274581e+28
8.169570055386253837e+29
-3.398452139154271555e+30
3.909262966410503786e+30
2.097372631018607309e+30
3.329177056271792436e+30
-2.032778724175297512e+30
-8.307391975581730795e+30
2.651163625284776764e+30
2.289938672537960703e+30
-4.824197273907194274e+31
-7.429902373555566964e+30
3.374935615076464629e+30
-9.708462045509068775e+30
