-3.337561557278897600e+16
-1.137971010275697152e+18
1.110032201114292634e+19
5.498159271729271931e+20
-6.486135868198824706e+21
-3.930185471664077144e+21
2.010221860801290332e+22
1.601556913451598401e+22
9.319807242798244666e+22
-1.580720167511128064e+19
3.088445283773005824e+20
1.132050903670419410e+22
-3.757997022405611802e+22
-1.156648622109426440e+23
4.057401948380983324e+23
-4.484006448765906180e+23
1.806427141440197072e+24
-1.780354265393997847e+25
2.779937910598547538e+20
2.588354457348187619e+21
-3.238969067990890945e+22
-1.693409119793611119e+23
-9.484369822969441026e+23
4.250179191171108422e+23
2.528215339433883706e+24
2.909145066698656563e+25
1.469289775563125682e+26
2.545007386174539432e+21
-1.065337502076060524e+23
-1.207778235598143478e+23
-3.076867986085621268e+23
1.396163623003825403e+24
-2.027733331302838365e+24
5.565782661814106687e+24
-2.625671818473900652e+24
-1.028175911318478378e+25
-3.129449163541266330e+26
-2.987769102819343204e+21
-2.927091253155372990e+23
1.693288795937966146e+24
-2.074133488022252266e+24
-1.410949549011678005e+24
1.929802983975604755e+24
-2.503860309628519509e+25
-4.461454305247432697e+22
3.142680679905222141e+24
-2.671503679088793225e+25
-2.058600787342698131e+25
-3.188257450549485980e+26
-5.085453840156408676e+21
3.281234750074262273e+23
-3.067098227706021905e+24
-5.916334249500073192e+24
5.805759898616893738e+24
1.905618374549499894e+24
-5.120090817980690910e+22
7.960703997599286926e+22
3.164474071762587165e+25
2.991081278117534102e+25
-1.754706142403557017e+26
-5.758084636874101384e+25
1.249324229211997108e+26
-1.487516409895319308e+26
6.203023848558026136e+22
1.071979390400980274e+24
-9.265600222894163552e+24
7.024457575957853114e+24
-3.083566655553323431e+25
1.758331201012087486e+25
-2.045688484130638380e+25
1.065205828834998364e+25
-8.043667125227652967e+25
-2.463319730304937319e+25
2.234248066633614742e+26
-4.914263052463644665e+26
-4.910713197903443421e+25
-1.454716655442961433e+25
1.165663176283417967e+27
-3.989862137244646638e+22
-3.301890481612635482e+24
6.936256106246419608e+25
3.452791025410941005e+26
5.003642293012314323e+26
1.280572816483384997e+26
-1.152346916510390728e+26
-4.102754631815244316e+26
-1.358035869479660158e+26
1.554480610504037907e+26
1.717737082726019372e+27
3.225600265360722779e+26
-2.725906248052315576e+27
-9.457209030925619531e+26
2.142186177119388906e+23
-1.719577245097523803e+25
-1.916191662809939620e+26
-3.056354132071587063e+26
-6.142789059427439013e+26
-8.692794406773466442e+26
-1.172305770591312402e+27
-8.645228057473434621e+25
-3.623985891753852562e+25
3.803185276535843671e+26
1.343860907963438433e+27
4.443486214835933420e+26
-1.018166621434974713e+27
-2.642343157812121043e+21
-3.471143318346535010e+21
-7.584212771856882808e+22
6.021085925438496388e+22
1.313315230588294136e+23
3.252752487133683342e+23
7.446370111075334761e+23
4.071799675625115665e+24
-1.591353020622617438e+24
-2.911377524903626660e+24
-2.028120886707026085e+24
1.616085463416831039e+25
1.151111273520642851e+25
9.058876376521947179e+25
-2.667081654506539366e+25
-3.107422432190814194e+26
-2.075145133007347521e+23
3.498425337523467819e+22
-7.213376729117005542e+23
1.978865097871838600e+25
5.557443873955044811e+25
1.295878846395478535e+26
-6.273877622391918779e+26
-5.636438779320135155e+27
-1.506774594328277937e+24
-7.581532907342908860e+24
-7.839298997751287074e+24
-1.774274271067300797e+25
-1.572391755119350276e+26
3.687235718432287923e+26
-8.806850208739474736e+24
-1.119621650160648721e+27
-3.066165055145424588e+27
3.675573141025169330e+24
1.273893249840957332e+25
3.993169894240428151e+25
-1.056427688850709480e+26
-6.634536597556250433e+25
2.798481059659469256e+26
1.204235893711800139e+26
4.980822091939265688e+26
-5.130248217626855679e+26
-3.426088438376469442e+27
-2.267494380429455151e+28
2.186968109526519556e+24
-6.943524688560141496e+25
7.340746870579684685e+25
6.280324471628117130e+25
-2.866900441702738724e+25
-1.272278795795598640e+27
1.276299792227834583e+25
1.477987247869653251e+27
1.915600825304491279e+27
-3.715512850591366666e+27
5.884814139153550689e+27
-1.026749207984563006e+28
2.225055935252133631e+28
-1.065551432002172844e+25
-4.136785434327700771e+26
8.907209356613013534e+26
-4.795028591300517924e+26
9.368221821019967180e+26
-3.704974727309351072e+26
1.236959427043308584e+27
-2.936734177860406497e+27
5.491478873884451483e+26
-7.209453290687811244e+27
-2.837253891934075104e+28
-2.515804655827028882e+27
-2.072236177870315863e+28
-3.785426196487168319e+28
-1.371094412675103273e+26
4.461935592851850474e+26
3.763526464305393047e+27
7.777537080680593178e+27
8.097225462887574087e+26
1.512500758202579846e+28
7.105182287490809663e+27
-1.277444746992134628e+27
6.973787163783081762e+27
-1.749668883729011317e+28
-1.942944387188882388e+28
-1.629620702911132081e+29
3.505437092565362495e+27
3.349911443100201582e+26
-5.830829352855887164e+26
1.207654802461200158e+28
2.115495688859500067e+28
-1.152638690738836760e+28
-3.081507905946403006e+28
-7.536626924183803718e+27
1.530712263368482965e+28
-6.862256719010580366e+28
7.940221509686626948e+28
-5.677839151493862513e+28
-4.130088294739196432e+28
2.203752821659938482e+23
6.013966339453286917e+23
1.901500049817986664e+24
-2.290634733825862396e+24
-1.187558667390211412e+25
2.112776278820028679e+25
1.145035980361294458e+24
-3.897068577603621596e+25
6.877048392709765954e+25
-4.454840332218438726e+23
-1.047609619111931960e+26
2.172714031601335579e+25
-2.888907661741980497e+25
-6.430096255264630213e+26
3.832804000071275287e+25
1.471932860243124815e+26
7.534638505760021615e+26
-3.129288116184266642e+27
3.151367281926236852e+26
5.875566481686113477e+25
-1.045350251738713398e+28
8.738088827102090687e+24
2.014558919422271694e+25
-2.086910936674413944e+26
5.760079599401301872e+26
-8.298993799626467913e+26
-3.908469480446042282e+26
-1.270944327824301024e+28
-3.152761148508444450e+28
1.057358531331453006e+26
-3.758276013198470349e+26
3.674692067301026788e+26
-4.324896606198267902e+26
-5.578458078971434555e+25
-2.154734491519399041e+27
-5.790466668339457484e+26
-5.737389103335271604e+27
-1.082112777851084893e+28
6.680000700533349044e+27
-3.933285945934694593e+26
-1.993026780208557062e+27
-4.085089114306710121e+26
-3.343162968642647911e+26
-3.583468479961084482e+27
2.373279652535661547e+27
-4.095981555713403979e+27
-1.881869136215437889e+27
2.445813482347701215e+28
2.216087111344744486e+28
2.585664388012072850e+28
-3.071359480697176628e+28
1.630902720722494054e+27
-1.735870230454534701e+27
6.023699252557426116e+27
5.797755849771081610e+27
1.220454635281177850e+27
2.198229654865825850e+26
8.920712659704603692e+27
-1.249198103740851054e+28
-2.921464202759725394e+28
-1.231580149137518642e+28
5.184496586916448003e+28
1.202888073551147871e+28
-7.630507508117957993e+28
-1.130121510265057358e+28
-4.854305318400000600e+28
5.392973823781999853e+28
-2.357150146506086450e+28
-3.311677219769824653e+28
-1.258487291494262588e+29
7.559858097116143838e+27
6.430676801659452781e+27
-6.981595280212945256e+28
8.526436578522740398e+28
2.026880261086024174e+29
1.819681896233984016e+29
-5.444838288462058380e+28
-7.849961456653418285e+27
9.127462807339689883e+28
-1.921300977476390312e+29
-3.507161579002081179e+29
5.429822872282631777e+28
-2.083677399914056782e+29
-3.723721196326533163e+29
-1.622752709520306845e+29
-6.675986836962279495e+29
2.616989665145125183e+29
-9.619347942004895510e+24
-3.941724937013986506e+25
-9.540896954884996167e+25
2.297747501211451338e+25
-1.077801189661309556e+26
4.231471860643291462e+26
-4.676737500281362304e+26
1.213025322362167692e+25
-4.738551542929270960e+26
4.808981308212024208e+26
-7.446009543845399176e+26
4.398107682167329504e+26
-1.096852376201553607e+26
-1.433125883543586101e+26
-4.407875716940775793e+26
-7.467883812268594486e+26
2.436074385212668015e+27
-1.665571212912483728e+27
-2.521753442169174942e+27
-6.685159930389386749e+25
6.118321808480615799e+26
8.196834662759557988e+26
-1.835962127434374165e+27
-4.610568221618669034e+27
9.822584144656976232e+26
6.285056140392418440e+27
2.466530456851721625e+27
4.055095383357102452e+27
-2.154753521881994293e+28
-1.180477282880070924e+27
3.785647272222071280e+27
3.360210833554936524e+28
-1.149879898860723803e+29
8.713609204997151260e+28
9.003582367816804845e+26
-5.200396937377996179e+26
7.576227422392215387e+26
-4.588134178540080943e+26
1.337218724667504289e+27
-1.123834357031253339e+26
-2.101498922000148235e+27
1.233900312691948389e+27
1.003566394251911969e+28
2.443157999368121049e+27
2.167072007588808208e+28
-3.488538030232345518e+28
-1.671130858595456435e+29
1.728274003035441787e+27
2.407893644360361159e+27
1.002851838656636104e+27
-5.705243072313079398e+27
-2.740634411875810669e+27
2.091061894074286052e+27
2.350950126991867609e+28
-1.210352885202028546e+28
-7.500300810799990038e+28
9.701233507556584081e+27
1.876598061548676320e+28
-2.379874347269555245e+29
1.828809052030729580e+27
1.811396343780436843e+27
-2.147573957779287650e+28
8.979733911086261613e+27
-2.032102708182729626e+27
5.975135766585590300e+28
-7.292255268123960169e+27
2.642714753007349234e+28
-2.115395512834419773e+29
4.009511494156916639e+28
2.143154417728544756e+29
-2.826970378657753484e+29
-8.564213288314488062e+28
-1.726044103384207505e+29
-4.441004947213375652e+28
-1.414863203133130643e+29
2.428631043584275888e+29
2.411272843599745096e+28
1.073425096879817523e+29
-5.358494615507947241e+29
1.909502127253516044e+29
3.788455262564898297e+29
-1.386757066442579975e+30
-1.468323880940614705e+29
-7.656265223438521795e+29
-3.357625166088955209e+29
-1.922362914299554891e+29
2.033265471598655199e+29
-1.285606614163238786e+29
-3.441340459569386037e+29
-3.347177928491062447e+29
3.447918194569239723e+29
-6.469751482381507561e+28
1.511139247578428673e+26
1.173383633436326949e+27
3.525593305225856263e+26
1.090313596061681544e+27
1.361291717766579039e+27
-3.956653220238818080e+25
-5.132611543140832004e+27
-1.493033067454125367e+26
2.813455787681120943e+27
2.376169767932392454e+26
-1.913554760048956009e+27
-1.178394031834099826e+24
1.016506860061379449e+26
-2.980453342826430277e+26
3.144124470147337245e+27
4.042021442766749543e+27
1.212326940160647813e+28
-5.740693518941686637e+26
2.535223791176548529e+27
2.320657819509928558e+28
-3.916647302753819125e+27
-9.131667490974657517e+27
-2.275430229723269957e+27
3.075944157678014995e+28
-2.499171500134150618e+27
-2.119217529936792154e+28
6.699488660227154457e+28
8.109378088407775653e+28
-2.495858248528896357e+28
-7.075283785332898351e+28
-1.724297820991078961e+29
4.945151705213423345e+26
1.293158703894894272e+29
-9.580237486554407886e+28
1.455579919725084421e+29
-4.173689707258059120e+29
-1.679603629183047617e+29
-1.609615264741175122e+27
4.931879210953779149e+27
-7.922513263270640852e+26
-1.272076212280635789e+27
9.415545379908309219e+27
4.375887214146649774e+27
5.329279283009414207e+27
1.251789530182264277e+28
2.771242146875766669e+28
1.271193556967082323e+28
3.493518177035372470e+27
6.731417460673540047e+28
-4.219660593440794520e+28
-2.947017528927389907e+28
6.871692919113698608e+27
1.843922059050225530e+29
-2.038181842439875348e+29
-8.010887061700918672e+28
1.043263124532177688e+29
5.101486227757200797e+28
-4.641107507973482687e+28
4.890427384660942647e+29
8.172466437992676459e+28
5.900410688379797788e+28
-3.976407000610448575e+29
1.236218102988726906e+30
1.145755302091944099e+27
-3.533054909431400078e+28
-9.223985425155144690e+27
-1.208238569371592514e+28
-5.690692802581919430e+27
-3.035796802959091596e+27
-5.462239522728567091e+26
8.064523432630805084e+28
-9.247518237069447229e+28
2.951530157176836808e+28
3.815044517763249600e+29
-4.724410802876947958e+29
2.493137709662321104e+29
2.370616749164965100e+29
-6.345819340431350044e+29
7.679862100692598581e+29
3.603788336696549737e+29
-9.497865347754361015e+29
-1.817729469185674656e+29
-1.402779099928370030e+28
-2.929490595984635820e+29
-9.500993834337762697e+29
6.479002002007710872e+28
3.260303143228125434e+29
-6.572053993096081038e+29
-4.182353554183734334e+29
-4.060854563123059012e+30
1.234653423946703224e+30
-1.581161874576523206e+30
-3.101210750744983878e+29
2.990852790793455988e+30
1.179781476200072795e+29
1.171705863684396344e+29
4.361905392474451801e+29
1.464890560243722445e+30
-1.381189457231003336e+29
-4.353858465028865817e+30
-3.392247219944239767e+26
1.671889046466261649e+27
5.105372080376358074e+27
3.817960272337409357e+27
7.985987725762968001e+27
-7.706351628159846987e+26
-2.327589139431140708e+27
1.318944703017802019e+27
9.730441873311245063e+27
-5.822758877760972068e+28
2.944984145122707421e+28
2.082031109612536778e+27
1.457501606077007646e+28
-2.270777289055971763e+27
-9.429879023509886533e+27
-3.052705433840000535e+28
1.633811450104632105e+28
2.695266607386572042e+28
8.501063186374627829e+28
-5.690608862598895471e+28
-7.541092281826832140e+28
1.467315106348760926e+28
3.232402136123461716e+28
-1.447774512851803099e+29
2.847088944811893916e+28
1.041185462071940665e+29
2.542314259889234823e+29
-6.507165303588061903e+28
3.021825709086352444e+29
6.092968598438979094e+29
-4.968210965275244031e+26
-2.026055196414447199e+28
5.539704626610926482e+29
-5.786735512864298389e+29
-7.775747236165457494e+29
2.619022856855230164e+29
1.230237989038112079e+30
-9.980190394978924703e+25
8.631096256371324564e+28
5.916122478274039639e+28
-9.197793750017238950e+27
-9.928796059293105389e+27
-1.804032185466817208e+29
-8.600638439618458520e+28
-1.741650986174006848e+29
3.574479076348597864e+27
2.869757862728311500e+28
1.446136657682666698e+29
3.604568813311996392e+28
8.133591123883707537e+28
1.505429382552110460e+28
7.262818839027962267e+29
5.726246410334512869e+29
-1.102725131738698901e+29
4.767548967673539922e+29
2.458187497974198872e+29
1.071720547199798282e+29
-3.051276258536648184e+29
-1.131176995948026765e+30
9.039314617965263242e+29
2.459946869985831221e+29
2.265637217284273169e+29
1.039656950687760193e+30
8.120680320437536215e+29
1.746860846615885455e+29
-4.471464760311491756e+29
3.261847803847683951e+29
1.140021714589334423e+30
3.767358398412693898e+29
1.605205626021489975e+29
5.664156532470279310e+27
3.677839123251050901e+29
-1.430727449393686644e+30
-1.239505397910718933e+30
1.394811269051017875e+30
-7.562364196786233510e+29
-6.786145351528114149e+29
3.719859046993977705e+29
1.210835879480661389e+30
-2.627523647433301513e+29
-1.185488526309797469e+30
1.429358150168054289e+30
4.800231076222823483e+29
-1.157127995822503759e+30
-2.497558692044600771e+30
2.728607985545507496e+30
-6.548796196819522746e+30
1.531452641866461927e+30
-6.548694099016848576e+29
-3.359186663949465464e+29
2.109118939779004709e+29
-1.021278426143875609e+30
-2.043168966959412073e+30
3.139123244425279837e+30
-4.478571179109810495e+30
-1.444634631932289826e+30
-2.832786603440474521e+30
-2.868061622729382811e+30
-2.147679109691632987e+30
6.658990610007736128e+30
-4.213267814220362061e+30
8.970478477104390383e+27
-1.590922667079410445e+26
-3.689359413187102813e+28
1.593074460555196313e+28
4.622426966972918811e+28
4.884024382572192732e+28
-1.460113656430935626e+28
6.973949138359285263e+28
1.433510540661766631e+29
-1.074593529357237054e+29
2.266613280214590224e+29
9.181314784008107445e+29
4.178850708823357119e+29
1.227873442575296147e+30
7.593365650089514120e+26
-7.852372237608124165e+29
1.550664090584239409e+28
1.838860381948782971e+29
-2.299274883542440602e+29
4.122101794022719352e+29
7.541191129396156898e+29
-8.307751724522320772e+29
-6.952269477191725390e+29
6.447276748444782487e+29
-2.414036739519936441e+29
7.572035186944687637e+29
-1.177230079928277639e+30
-9.028620179073907671e+28
-1.239028646305539519e+30
7.633141955982153038e+28
-5.334569336027421850e+29
-4.737785980335851996e+29
-2.574910236724579065e+30
1.181659116713918672e+30
-5.297840731551059030e+29
5.201818995856975745e+30
3.745788372802726020e+29
-2.807410397207413619e+30
-9.900030057277195739e+29
-4.164540007592979423e+29
-2.674033904378486584e+29
1.678378958392553042e+30
2.110497900684735807e+30
9.306431316031863765e+29
-2.163691253852687517e+30
4.855392645573439925e+29
-1.106239475753661135e+30
1.903750038678990985e+30
-7.007716298472369208e+28
3.107303601034093967e+30
-3.612983530876222029e+30
1.433977689528592945e+30
1.546465507953018026e+30
1.117102919640596287e+31
-1.040726163470993549e+29
2.871176418406880862e+30
5.712321117169004137e+30
8.346206601427151051e+29
-1.170252037624189358e+30
-2.080280812062928443e+30
-1.652959780828153796e+30
1.851125199245081004e+30
1.468200899418257824e+30
7.249584853146710740e+29
1.263835395021613276e+31
-3.810725585893485736e+29
1.204041810201000783e+30
-1.184193865742855428e+31
3.087452474694304770e+30
3.453225079738321668e+28
-1.118088543342961054e+30
-1.632010960427400001e+30
-2.013188481104520000e+30
-1.677656970735910240e+29
9.097795737649963825e+29
-1.589855147698766925e+29
2.008530073067512144e+29
-3.374952527109081422e+30
-3.777471169634606512e+30
-6.887512499999623061e+30
6.303501882132512477e+29
-7.970369948116596704e+30
6.062809057968004673e+28
2.543479336111433303e+30
4.008334980192014822e+30
-1.419035279548318765e+31
-1.532343498074630039e+31
1.609755974463801315e+31
1.113365621627434111e+30
-8.061197052775593887e+30
-2.632674947671002396e+31
1.886812606369048566e+30
-2.070580255805240093e+31
-2.573960898073242903e+30
3.617271052280896800e+30
3.956803133384564129e+31
-5.884481943449956435e+30
1.035124484075112424e+31
-5.445052694348905608e+30
-2.290950499203191628e+29
4.594603934057917988e+29
1.855819724824299051e+31
7.132145819002842436e+29
3.909164803164946844e+31
3.932284306910654329e+31
-1.043372870923981690e+31
7.547872502840941028e+30
-3.873610345652139130e+31
-1.257744264326501171e+19
1.280027771428661453e+19
-2.113318308630822912e+21
4.426471869094544540e+21
-1.014705230391023554e+22
3.578948330627059312e+22
2.029545346325201866e+22
-3.290589916753530611e+23
-8.775884265235275776e+19
1.166985979115180917e+21
9.739742954182892585e+21
1.308446339538269451e+22
4.814265720105614495e+22
-8.190062433792915375e+23
-2.659986857660817032e+24
1.202279448973897179e+24
-5.982925381067908055e+21
2.314382533755116559e+22
-2.348113474988675128e+23
-9.887303993461276892e+23
-7.133697600558579277e+23
-1.524226943615380532e+24
1.418826591520927222e+25
1.185870526741646196e+25
-9.949207119018281088e+22
-4.202606088084231805e+23
-2.685777734786462337e+23
1.140562248111858223e+24
-3.952645252600479372e+23
-5.542448167143648801e+24
-4.756501409016282014e+24
-1.292516342722319152e+26
-4.989873553087238743e+25
-1.833542369554899717e+23
-8.837859674479874141e+23
1.097311124723952469e+24
-9.346328339030449167e+22
-4.032870397932009553e+24
1.751582149773901345e+24
-1.210602901146335924e+25
-5.646299849795122382e+24
2.314162941274105666e+24
-2.419270922361967878e+26
-4.131590393734187482e+26
-1.391346422082390832e+24
-2.675059239711769845e+24
6.450684285091889560e+24
6.641594146586506442e+24
-1.117452312624412247e+25
9.367728334562398860e+24
-4.251315484507522692e+24
2.743270431133087500e+25
3.498002100098357929e+24
-1.060284594485870598e+26
7.090950349283803363e+25
2.103707424698343022e+26
-2.034233751845479942e+26
2.661310189359245849e+24
-2.501507590205689808e+25
-9.901457833221061203e+24
4.608395991572388619e+25
2.722360522948706155e+24
-8.768838316054318479e+24
1.928584627876061765e+25
-7.025511241762403119e+25
2.770906722098492207e+24
-2.994849389675046428e+26
-5.061485839061600035e+26
3.766600015332848803e+26
-3.905416844465755211e+26
-1.899267490097283591e+26
1.506870246825277465e+25
1.323494957394794135e+26
-1.999800905964136532e+26
3.233763608668820234e+26
2.701324586952021151e+25
-1.897994556118245501e+26
9.119507393685288601e+25
9.944790224204957878e+25
-2.173389553331758051e+26
-2.286826509369254110e+26
-4.335023135913274916e+26
-8.972457953679123617e+26
-1.949177040257497360e+27
1.345481108327128914e+24
-1.429775866864618265e+26
-4.781798715769224965e+26
1.128311987828766007e+27
4.376302916261479019e+26
-1.137105405831664513e+27
-1.729842726942878812e+26
2.844064052764465428e+26
-1.220736008520415412e+25
7.594890839693114557e+26
1.544024262636114630e+27
4.717818698099222028e+27
4.651137368567168840e+22
1.933570902277845827e+23
-1.732301755137707213e+21
2.851576333874685406e+23
-9.967800207642897206e+22
1.353766599652510804e+23
1.237528873256843838e+24
-4.036566641040980454e+24
-7.947590423685216980e+24
1.188232111763863316e+25
-2.317755345191302730e+25
-9.781119149911058963e+25
-7.431652309929235826e+24
1.335852402804271966e+26
8.835479339016683216e+23
1.375788280035693918e+25
7.103892033046765896e+20
-9.571155995267816106e+25
-1.222128814561485215e+26
3.253419472699514628e+26
5.564478454507668812e+26
1.110155311107172687e+25
-1.198504371667826564e+25
-4.760158213200628903e+25
-2.904731678421507754e+25
1.237984411049073092e+26
8.777113268711989101e+24
-3.757235449128333761e+27
-8.268929220182391539e+26
8.963831954535646437e+25
3.067419999797639708e+25
6.032241293768343988e+25
6.050772527025916486e+25
-6.546503774146934803e+25
9.528122579879621878e+25
2.614866294631320785e+26
-2.046293924513864917e+27
-2.901359126326825188e+27
4.038287667157640129e+27
1.046801017551710567e+25
-1.035222207053236200e+26
-8.486192678491011995e+24
2.151797663196288044e+26
5.419635982238592845e+26
1.149506929820197294e+26
-1.110562154258275361e+27
-5.736157112737051357e+26
1.053364303031664239e+27
-9.770609233142975972e+27
1.133347305894189112e+28
2.858840150264514098e+28
1.058975617238949111e+26
7.749946306628952979e+25
-5.256657841774155336e+26
-1.786278381490082478e+27
3.310715054208367479e+26
9.340144621374101099e+25
2.853455780375198087e+27
4.556954565099413523e+26
6.442518497445183884e+26
1.527193782303649508e+28
-7.336973399190408344e+27
3.498285898774352556e+28
1.651938887883632195e+28
-1.031801791981373110e+27
-4.095332514640368263e+27
1.272810596948138072e+28
-6.608709330020194304e+27
-9.197797270846441977e+27
-1.304193461274437316e+28
7.948517263768244657e+26
-6.046234777767473114e+27
3.370709410678585047e+28
2.395507398882165051e+27
-1.047145448751531004e+29
-5.694296579186328408e+28
-4.763349841880541534e+27
-3.710286822657653444e+27
-2.146655229256201193e+28
9.442416880592807719e+27
3.523176984961105146e+28
-1.989219830558685489e+27
-2.696629513592009044e+28
-2.166853099955181104e+26
4.686602232916091277e+28
-1.898551845978679503e+27
-3.017845606037705890e+28
1.039446925148796511e+24
-9.851000459368784569e+24
-4.372807577728665023e+24
-1.072142864953486353e+25
1.987749455888203689e+25
-1.254130329482669800e+26
-1.373796716924335000e+25
5.250542972666002623e+25
1.509241818783352035e+26
-3.183919840626484098e+25
6.457972604895564581e+25
1.835666647160077682e+26
-2.836047372448145140e+26
3.152376588710177508e+26
2.786527301434686823e+27
2.939455308661043934e+26
-3.080739634163090460e+25
1.677979447619137148e+28
-5.047608990725640793e+25
1.495224724880884876e+26
1.382236853741835440e+26
2.432262513884878859e+26
1.052244453689188590e+27
1.445086251426940452e+28
-1.743364896293543818e+28
-3.813230892760118226e+26
3.911618919229680901e+26
1.471727505119043641e+26
-9.293314981577558336e+26
5.879227791454286134e+26
2.066639331239380529e+27
2.584827252073801832e+27
1.353434577456985752e+28
1.088478863957538055e+29
2.853985035871015894e+27
-2.069702976638230161e+27
4.166875581128151289e+26
3.128903377254978340e+27
-1.049325022087102775e+27
9.386748618385038761e+27
-2.649999361847635617e+27
3.091220978251381826e+26
-1.764543339318698709e+28
6.346174020728044348e+28
-3.785020185464959864e+28
2.787825438028446519e+27
1.323469141814192745e+26
6.359718739161193091e+26
-3.944681111630117215e+27
3.607381940422888190e+26
-3.000937313571179136e+27
7.185787113652717399e+27
1.119547593304345873e+28
2.898852063970198967e+28
-3.948020862796682519e+28
-1.528830281278644090e+29
1.237094316970111065e+29
2.784229264405850981e+28
-6.099690375860546180e+27
-3.774222747066935536e+27
-1.442941223792887588e+28
-1.483642167075169440e+28
8.409975430014726947e+27
-5.542615178151633032e+27
-2.617187765815445418e+29
-8.038490446981770093e+28
-2.959537911902617206e+29
4.948850238208520300e+29
-7.561989523365186448e+28
1.421116244802225588e+29
-2.303782331225118883e+29
1.499297778632950881e+29
8.419476989508319616e+28
2.497316631221241625e+29
2.927101962574051147e+28
3.903316300091395706e+28
-8.041670841142826545e+27
-3.321876861315392635e+29
3.913822938878855939e+26
-8.477676609676790444e+25
6.007938754885226666e+25
1.197700509337061670e+26
-1.193270398903195260e+26
3.103599396286459658e+26
1.728963023255395423e+26
-8.386804556719226759e+26
8.246305687108685091e+25
4.539440211534399763e+25
1.590204352563246712e+26
2.162290482854175189e+26
-2.525277494273049969e+25
2.557925865630079815e+26
-5.903344871311413419e+26
8.731547249112905299e+26
7.776655430161369265e+24
5.931577862974417263e+26
1.600108447125197431e+27
-1.174898573333510512e+27
1.022018246880932006e+28
-9.165782059118596199e+26
8.216432307184265227e+27
2.044888788913226347e+28
-5.252401415673829477e+26
3.873903766696261365e+28
1.475439347184352716e+29
5.566796833820414675e+28
8.566036346955634457e+28
-4.454893613942865956e+26
-5.823221938775288233e+26
2.506999435050822626e+27
1.860138749986800895e+27
1.111150265240313460e+27
-7.598520571331928941e+27
4.890156941754612391e+27
1.715750508743830034e+28
5.761429029105170358e+28
1.682591662287198077e+28
-3.121081838516197924e+28
2.778602222484345272e+29
1.581065614773881723e+27
-2.329218128755672141e+27
4.493336994568684633e+27
-8.242180673832167622e+27
-7.321187732599280165e+27
1.202288285627158628e+28
1.061413327201467518e+28
1.671650012054538866e+29
-3.408775512146361752e+29
-2.757465008427994161e+28
6.562141174726109575e+27
5.646881843977308194e+27
4.577338964411442415e+27
-6.020522228988241639e+27
-6.710847050084025080e+28
5.742707854411048336e+27
2.465283985600768435e+28
5.993221719219888558e+28
9.221840330809233382e+28
-1.622413257469512909e+29
1.062236998797235130e+30
-6.191597353331467918e+28
4.449032201472407457e+28
1.313483072888942453e+29
1.166156945692313832e+29
-2.375551883356712013e+28
-1.936075596453416457e+29
-8.147712273747875821e+29
-1.235068342547831164e+29
-1.219103845953531338e+30
-1.457929280809590830e+29
-4.489534723708043151e+29
3.048836876252063887e+29
-4.434911396977286346e+28
2.703515192906101347e+29
4.666022568133315554e+29
1.008923261754522114e+30
8.617307903912273004e+29
-5.328135397537845199e+29
1.133572220997392569e+30
3.986607730573186497e+27
-1.541598826672068742e+27
-3.434737880876060873e+27
1.594635462752107512e+26
5.343573514936958400e+26
3.193723238375890356e+27
2.987815631422942099e+27
2.139620248451135661e+27
-4.313132692948913286e+26
-3.469670113296079548e+27
7.749319262997368818e+27
1.136034952142658333e+26
6.821970216458481138e+27
1.005672723235489367e+26
-1.143013629069682166e+28
-6.900513972774198598e+27
5.489434611210339508e+27
2.112681178448234037e+28
2.751551773700479137e+27
-4.655885039772537806e+28
-6.925159695940845420e+28
3.525610324902894650e+28
-8.691714968218058991e+26
4.000586457589499203e+27
1.622977067285084661e+29
8.770744677839605985e+27
8.484024993135741548e+28
-4.946507240147092704e+28
-2.788715974454221560e+28
2.490025829879642502e+29
-7.382831021791325673e+28
7.694417880521172103e+27
-8.548458263523880847e+27
-2.147759702513213299e+27
2.106972430589053000e+27
-7.864748487298822712e+25
3.443159403984644952e+28
2.812170857578625666e+28
-2.223509922595991896e+28
-5.247555278380944789e+28
-1.261320747032568338e+28
-4.343064794843057124e+26
1.928033168092767393e+27
8.086460741261765469e+28
-5.764708522325723808e+27
1.804760595127070205e+29
-8.672825189971650982e+28
1.829237368117620099e+29
-3.956838326855513064e+28
-8.794600643608553384e+27
-3.345226850572260019e+29
-6.159845371078308736e+29
-4.106030439966470841e+29
4.192678738051885594e+28
3.389709068718073754e+28
-1.885162835307587363e+28
-4.637609015451816069e+28
-1.556208617266169664e+28
2.646419175869101286e+28
-2.465414816597329543e+28
-1.632138597401484354e+28
1.740489353730747411e+29
1.192420724971701787e+29
-6.940187721430486546e+29
-2.197974217483142852e+29
-2.979017287319493044e+29
-7.599211275472983475e+29
-4.040334986059906905e+28
-3.503794680452441066e+29
-7.364844837108621018e+29
1.569279811884211825e+29
2.376918367003774104e+29
-3.735260611879239346e+29
-1.316825106871070699e+29
2.928147682559294132e+29
7.344910773943637367e+28
-4.749728953424192902e+29
-3.197765917548639114e+29
1.614915374917913309e+29
5.698605073973798668e+29
1.868724430115365564e+30
-3.015760763108214995e+29
-4.601274843871531719e+29
-7.641809017636538843e+28
-6.157809723962038940e+29
8.257389236131359371e+29
2.370172409281010045e+29
-8.611997090090895718e+27
5.028215332903526596e+27
-3.936421887926857054e+27
8.054120899946915166e+28
-7.080872547850071156e+27
-2.717712494646140627e+27
-1.594990403427856891e+28
9.682057716809563016e+27
-2.064335146582751418e+28
-8.419447902019724872e+27
-1.525475976269403291e+27
1.162781403053228233e+29
-1.281343229308017833e+29
2.746836932995318869e+28
-8.356882068244539303e+27
-4.987461890323086852e+28
-3.744634615295853785e+28
-2.624841892627572836e+29
-1.316827104329655623e+29
-1.697150106712293861e+29
3.440015646785080024e+28
3.833648278539868163e+29
5.609353329772200811e+29
-9.938935016229727842e+27
-2.244717801357266649e+28
-9.064331128105468878e+28
3.285564884455181321e+29
6.478408734489829548e+29
-7.463018682402016414e+29
-5.670393570117901203e+29
1.287563052182821326e+29
-1.874163196598320657e+29
-3.137170342136048284e+29
-6.224854473659887547e+28
1.075407504028511292e+29
-1.238997347175969488e+29
3.209342129297928085e+28
-2.288744013573344308e+28
7.163886524775626826e+28
3.342953160953182754e+29
9.303928541773820523e+28
-4.231792169620526041e+29
-9.662144057320092093e+28
-3.885434794246908021e+28
-1.684733797138245707e+29
2.475456073938986060e+29
2.772042185689331859e+29
-1.779371628522988550e+30
-4.584902872177057689e+28
-1.457964429177492000e+29
2.750902394374246017e+30
8.451206876261231610e+29
-3.745284327411883166e+28
4.524118271679026964e+29
1.563261092695448083e+29
1.464471382451346371e+28
-2.642208335417673299e+29
-2.511889425780735596e+29
1.486980651672630402e+30
-1.408124968151295995e+30
4.006649547366352193e+29
1.068462611584050424e+29
-6.818285561318634660e+29
-1.215432160612756232e+30
-3.109538131305703222e+29
6.236217695755516057e+29
-2.206196380536259682e+29
1.267381033119473864e+30
3.486452682457613430e+29
7.562130313645097424e+29
5.345866651251691659e+30
3.794609419217086605e+30
7.063658403755967098e+30
-2.703268188947516784e+29
5.027378112510554291e+29
1.427794894410241539e+30
5.756356983027290381e+29
4.243619478331854094e+30
7.174194639224728786e+28
-2.404914610822922857e+27
-2.964808026087045796e+29
7.232581556048681878e+30
-1.150061054618189543e+31
-4.898966201347759723e+29
-4.982889529573176682e+30
3.171123509466451629e+28
-3.054330654095662455e+29
7.815008109023575667e+28
-6.204696282441381520e+28
-1.114806769592297594e+30
3.376414749408940929e+29
3.832859519386033504e+28
2.644788111962466711e+28
-2.017553732090785550e+29
-4.927047101886599519e+29
-1.620847888577703519e+29
-9.279840159953317966e+28
-2.481635856209923636e+29
-3.346944829114037896e+29
1.890331571856574356e+29
2.700102125556617819e+29
-7.153740739041899196e+29
1.314707552997257152e+30
1.708996702362860256e+30
2.713713285173876667e+29
1.615107288164818422e+28
-8.943293007817655503e+29
1.019563982201015858e+30
-1.780115087897008673e+29
-3.087090585628532071e+29
1.207588951416328975e+30
-7.476048044992092547e+29
-1.049274872916427291e+30
-4.271058778642049487e+29
-2.698243628072422860e+30
-6.968063050762966396e+29
-6.119438624377289656e+29
-2.926458089562168505e+29
-2.264084663245323065e+29
-1.313934145445769158e+30
2.396900727070099185e+29
2.570081961476098722e+30
6.894004998203384796e+30
-3.198907830126676848e+30
-9.321114371059619988e+29
-5.499801485081337253e+30
1.566643575280534713e+30
-2.235246143340607361e+30
2.522789647669665527e+30
-7.309765266891332668e+30
-2.881079485291875861e+30
5.175674914025559681e+29
-9.691204724227253534e+29
-7.101913713603207928e+30
-4.243486101908788111e+30
2.556658182051078969e+31
1.050248767735820726e+30
-1.049662491916676714e+31
4.866445682900328482e+30
4.580719806294374150e+30
-3.748500009552536549e+29
1.723278584887919271e+30
2.047466151089158062e+29
-1.729088290654307892e+30
4.196664724092800362e+30
1.890632608702113269e+31
-1.477314803417275814e+31
5.483092906149197153e+30
2.097050079809137229e+30
-4.291387386841137500e+30
1.638750886888033197e+30
-1.022273480800715719e+31
-5.088749114741610653e+30
1.072204880912581944e+31
6.595313327187679308e+30
