9.251219389989344000e+15
1.281799617602352640e+18
1.457795855091078758e+19
2.256969380407919247e+20
-6.342139141229896008e+20
3.812265373793940275e+20
8.452367467341703807e+21
-1.939119672107123658e+22
1.130428416505355751e+23
7.368647680238718976e+18
4.610050958265068421e+20
-2.714068236307883622e+21
-2.093626453913677857e+22
-1.418829413724419260e+23
1.018146047208259479e+23
-6.010141382217513073e+23
1.918244702868483888e+24
7.963864404930598791e+24
-2.917762992680543027e+19
4.052044652421694095e+21
3.740077473462909665e+20
-5.238394122748690306e+23
1.319502476278192690e+23
-6.218457616742381718e+23
2.902395265077312590e+24
-1.792968165243752821e+25
6.606334936942642152e+25
9.489911707368627896e+20
1.084958239390355769e+23
4.810633946364686578e+22
1.673605958519511832e+23
1.033335242266250607e+24
-1.331127265892765761e+24
1.224983629659253695e+24
2.274821171290552431e+24
-3.648439215295790787e+24
-9.004584150308658054e+25
-6.152165404556935561e+21
-4.487343511786903044e+22
1.498331449892928823e+23
-4.009180648579182373e+23
-5.112371901850869805e+23
-1.586689407058735440e+24
1.489572698195333990e+25
8.943170888667564345e+24
-2.956889280378818966e+25
1.607436253849958458e+25
1.676097197530169718e+26
-1.085507097852139320e+26
6.082130183654368870e+20
6.369565411136307682e+23
1.273957772699783299e+24
7.718728675579506926e+24
-2.677867968292880441e+24
-3.453858618359356148e+24
-1.109990542123155998e+25
5.092420108441767278e+24
2.059035897776207497e+25
-1.130693039502352840e+25
-1.050101072906823872e+26
5.953208589028771909e+25
-7.612701893695990857e+26
-6.157425612430842103e+26
1.632214609035407445e+22
-1.505258726911705990e+24
-3.841217092436818143e+24
-1.726353536688768255e+25
-2.047862560027992827e+25
1.990016232670223843e+25
-1.040910186999467859e+25
-9.699223393178306428e+24
1.220359727018943628e+26
-6.123314536190947583e+24
-7.301148687508739205e+25
-9.378742600506966157e+24
-2.269467857081398923e+26
-1.282107550666001483e+27
1.276649469985263086e+26
4.576001027514918188e+22
1.108606390410028850e+25
-2.362360159523437983e+25
1.714495366787151770e+26
-3.557397978108640125e+25
5.778224471400554046e+25
-3.144551155857442281e+24
-9.833993493842625876e+25
3.293218026122958615e+25
-7.537780803265073934e+25
-7.106392009289587600e+26
-2.837239842838241515e+26
-2.126281913653976492e+27
-3.021298135376457082e+26
4.458074994521701425e+23
-2.138579132421135633e+25
2.181242149135923854e+26
4.084577096386425947e+26
-2.502653539906331567e+26
-3.705146140829725183e+26
-2.018669114819192485e+27
9.431414273732942656e+25
-1.757284705344236419e+26
2.739799460950414603e+26
1.016131641784300688e+27
-7.713503307576265615e+26
-1.221512567234752304e+27
-5.638095040260779540e+20
-2.875593632223311430e+21
-1.313133900677524541e+22
4.204077945593026681e+22
3.639156734089581770e+22
-9.883099884030793037e+22
4.810035940812165334e+23
6.006823206859831918e+23
2.777106562477623167e+23
-1.068559248872766762e+24
1.929933205678806058e+24
1.524847372767122256e+25
9.776326328657633486e+24
-6.090728324870463595e+25
5.188679140270200156e+25
-1.317667324648162035e+26
1.977700797469340855e+23
8.044810193702689272e+23
-2.503165172845979588e+24
-8.019281124604725577e+24
-3.311870755428183902e+25
-2.121196197221310898e+26
1.076192503800265324e+27
6.995635208193659124e+26
-5.371925114409634727e+23
-2.680552786802714555e+24
-2.611465942111533977e+23
7.432206635679501195e+25
-1.115420409486710866e+26
-7.715367132117240068e+25
-7.705486897132375063e+25
6.455187424751023490e+26
7.518374286152249073e+27
4.815727123255759737e+24
1.720243925123585614e+25
4.890251165019351793e+24
1.665486121656050908e+25
-3.194597787716476091e+25
-2.711811858944001740e+26
3.692730573974307282e+25
4.822152982617202233e+25
1.339617665924953417e+26
-6.747596134257573217e+26
-1.130130993611012630e+27
-2.584013479058368899e+24
-5.045524004847101210e+25
2.789240068453925936e+26
9.336332414358626278e+25
-4.100501822556805613e+26
-3.995658348429764198e+26
-7.818677586254722443e+25
5.723990545980916549e+26
1.064665332112706257e+27
-2.757647994866637073e+26
-4.101054369685330660e+27
1.838129420127500739e+28
-2.922959364173692057e+27
1.445713711230648073e+25
-2.462265914768507769e+26
7.593585421228300428e+26
-5.031182329494985406e+26
7.016403872470783168e+26
1.245865818794029184e+26
1.815550888098521149e+27
-3.958607280628475756e+27
1.551976556897064862e+27
1.876625415744840304e+27
-2.333513640749841173e+28
1.623598816521200850e+28
-1.780584867748988980e+28
-3.425140439260367099e+28
2.873253966107945059e+26
-1.357654489195712486e+27
-3.193849031243890003e+27
8.100237195779243949e+27
-4.457030240318387484e+27
-3.430554015637458266e+27
-2.446390287166235635e+27
2.693239877374768066e+27
1.368932574077691914e+28
3.793068285810534276e+28
-9.405608054913099422e+27
5.954032060993978777e+28
-1.378303711430383299e+28
8.327694512244458646e+25
2.290526387335270990e+27
6.421916245424538864e+27
-3.520414493719027648e+28
2.912519288337009342e+27
-1.580455465156129747e+28
-1.103962951071319833e+28
1.643508267227036929e+28
-5.526410730825805539e+28
-3.386009714765168574e+28
-1.423598717286685491e+28
6.416714633588140570e+28
1.349591272091135550e+23
-2.079352257143749164e+24
1.518057466920130987e+24
-3.045535952942119980e+23
-1.499304349419450005e+25
-1.277266823732688038e+25
4.709252937409410944e+22
7.696799648200884238e+25
1.259510355872199481e+25
2.193918028481914354e+25
-1.612596258682363055e+26
-4.481181115619386778e+25
9.465971786394940037e+24
4.896538577829612132e+25
-6.463328213649501365e+26
-2.973693193942270283e+26
1.498965088007428155e+27
4.023177249132423695e+27
4.754981754661892011e+26
1.439711142045001705e+27
-7.711745826541002449e+27
-2.040820491273352978e+25
8.977679632520569684e+23
4.961145152587907684e+25
-2.104629027670270527e+26
-3.666179334361313082e+26
-1.441180170539983608e+27
-1.133896807014719637e+28
4.013272635983308553e+28
2.412416754812873801e+26
4.866777930135214207e+26
-2.692533980690939746e+26
-5.518510189566420045e+26
1.190305827001855467e+26
9.074486593955338852e+26
8.064371292271874608e+26
9.513093477586025728e+26
1.355645621288556379e+28
-1.658916132850982621e+29
8.878772570653713970e+26
-2.678772328720803866e+27
-1.104255244488102234e+27
-2.536159594901686660e+27
6.110734157036740136e+27
-2.123113269064288426e+27
9.284728207136397475e+26
-2.255511296404209482e+27
4.034001824432014561e+27
5.841422545358262142e+27
7.255323612922108828e+28
9.368527896400003590e+28
-1.220805792698267441e+27
-2.549910822692124647e+27
-9.338349923885916514e+26
1.199048405236750059e+28
-3.281092196127820750e+27
-3.743365667529637394e+27
-2.202953781301326807e+28
-4.921797454433175709e+27
8.699221232973514005e+28
-8.847186036179329523e+28
-2.674039810234157616e+28
-3.090261574946006031e+29
-3.293728677478271638e+28
-1.492553301222212846e+27
-5.328678384414440702e+28
-4.075638298142029606e+27
-2.038844649776889461e+28
-3.798557677138998425e+28
-7.176398670727829145e+28
-3.794550897296585416e+28
-3.294991436149883050e+28
-1.925461410683997316e+29
1.310518773519693804e+28
5.049307279574220259e+29
7.379072402205683935e+29
9.013538020682785639e+27
-1.347990647843587913e+29
3.276971151090466246e+29
4.874545501865280394e+27
1.665339494479299533e+29
3.071888923638954887e+28
3.344121139023585824e+29
1.403394202688871248e+29
-3.526029874197248723e+29
2.948022245650846382e+29
-3.244992558358803786e+29
-5.295413049439305266e+24
3.904725413524616873e+25
-1.415048303192182874e+24
-2.225829040229657019e+26
-3.270618481367596907e+26
1.200890310896348373e+26
5.864302456810038397e+26
-6.001783814538923231e+25
1.956924653676243135e+26
6.444479011239420837e+26
7.252813942528206989e+26
2.630843048891085148e+26
-2.142050426135749334e+26
-4.622416594745719001e+25
2.082043940929295209e+26
2.344770260600231748e+27
2.156852350675787954e+26
2.469890215820837265e+27
-1.744550777097722961e+27
4.203326841227729969e+26
1.352541938949472662e+27
4.441595938369384824e+27
-4.017235057867766604e+27
-3.598353599321862232e+26
1.696722651278429660e+27
1.371480277004873244e+28
-4.098623969635902911e+28
-2.321213166792669194e+27
2.650175549257157555e+28
-1.400720146249333503e+27
-6.472408623725851271e+27
-2.812383561225490779e+28
-7.815628147439750183e+28
-1.443566359041064493e+29
-7.446747890658230756e+26
-7.768891918620539669e+26
1.714663227477146261e+27
2.506725488333960986e+26
2.391628871462485311e+27
2.427054512941745861e+27
4.029646892636948555e+27
4.631786658711921181e+27
6.037058987363768747e+27
1.160915831347749845e+28
5.158879851934334345e+28
4.370974985368149392e+28
2.579068284432934256e+28
-3.773351728252908884e+29
2.374848035570235711e+27
2.951867192876208404e+27
3.091361205053419691e+27
3.232089247129044519e+27
9.047647674979944853e+26
6.877792811172238728e+26
2.206533207695215561e+28
-3.065203224699499016e+28
-1.742767047978057584e+27
-2.619119499795410309e+29
2.444822093048793571e+29
6.545937046128206539e+27
1.294440519700998643e+27
4.102588859131087584e+28
-6.579303386778244271e+27
1.279329105097068190e+28
4.604699735767866939e+28
1.632701834395541627e+28
1.563535600473363927e+29
8.238718486497182393e+28
4.011914807534329282e+28
-3.943689854290716038e+28
-3.049432620912389524e+29
1.039264470194681370e+28
-1.211768519538387826e+28
2.418837995597712240e+28
9.946935281831836467e+28
-3.640775328678835195e+29
-2.805611465634214480e+28
-2.790051564698053365e+29
-7.659686151800804961e+29
2.942438674703223257e+29
7.094841567505519011e+29
1.629707392062423534e+30
-5.056238632530475560e+29
-3.359877822564848605e+29
1.227425558490623164e+29
-8.513644829319026086e+29
1.972322313977216223e+26
9.684671218371550315e+29
7.254024905974164342e+28
-3.982740709241737651e+29
1.594370012850202257e+30
-2.063251666522363957e+30
-7.595521207395416448e+25
-5.846987547899891604e+26
-4.773906585430106090e+26
5.269059320219959439e+26
2.626548308413758030e+26
-1.480944280044020121e+27
1.440738928096890252e+27
5.554324617812287463e+26
-1.647866677537928077e+28
4.530226488848082110e+25
-2.456803151927439013e+27
-3.798683742019223231e+27
2.660065424201315186e+27
-6.969211847854204119e+26
1.306608194416688944e+27
-1.281092736966673815e+28
2.661285057650995187e+27
-8.603862250578451321e+26
6.336045795422834781e+27
-8.634374803832248933e+27
-2.756586500521219588e+27
-1.564284129340761958e+28
9.928788708389238696e+27
-2.274239477353165676e+28
3.645335315629117555e+26
-2.263520376881591071e+28
-3.969569472819616199e+28
6.886857856272685961e+28
1.086531911962803623e+28
4.346242223110872041e+28
-3.193700360191778982e+29
-2.092436688207576261e+28
9.161683695111533327e+28
3.274977343576200927e+28
3.347421952362273399e+29
-7.939589241983609179e+28
2.346880149215250878e+29
7.208602873922304780e+27
7.512671948114534104e+27
-3.484196957019145717e+27
2.669138019521997252e+28
-3.226329827140489268e+28
8.890238523589692254e+27
-6.600616704378882315e+27
1.102854845037068059e+28
4.070530135149431635e+28
4.004808422792151796e+28
7.958396034138012396e+28
5.419154642753207587e+28
-8.140707273667344293e+27
1.780154294423916691e+28
-6.164499600717843199e+27
-1.430912385530189264e+28
-1.097639092136009697e+29
-1.948655761582160000e+29
-1.089885549693664683e+29
-1.588930346671610115e+29
-3.795362029971496353e+28
-2.175333663274372200e+29
1.546634249777176871e+29
-4.189560231012318337e+29
-5.245660705661543809e+29
7.614115518665158654e+29
7.337499193850058152e+27
-1.341561685959365573e+27
-3.787444517619569597e+27
4.143878599067764350e+27
1.723993471328783436e+28
3.068593727324978068e+28
-8.543394641099172093e+28
-3.815756893733890757e+27
2.339387451361505161e+28
1.181777115591646813e+29
-2.057451593659364009e+29
3.404331757102152763e+28
-1.018751994447598454e+29
3.959837171743304123e+29
1.029828244224201884e+29
1.193830990726766550e+30
1.244493484409774693e+30
3.613129482276803673e+29
8.243503470924252683e+28
-8.018430480280249437e+28
-3.740437128669140560e+28
7.897082098933947201e+29
-1.840253737036876174e+29
1.250129501767721731e+29
-1.761196988233018936e+29
-1.240880393717459805e+29
-1.904181541578533565e+30
-2.744891546412714255e+30
-3.165752427226242756e+29
1.175100372243722946e+29
7.134612025800773367e+29
-1.816156020819305826e+28
-5.922253881735441604e+29
4.266624275610468518e+29
1.046466749254500124e+30
1.613501977853012946e+30
2.304340264611220797e+28
-8.320125365098733997e+26
-6.939735936766588573e+26
-1.147223390892539291e+27
7.221064900855222278e+27
-2.345364447506708442e+28
-1.505382004441286503e+28
-3.127201739757191911e+28
1.540874384945803084e+28
1.556084216767614315e+28
-2.220677691771154481e+28
5.297565795012383041e+28
6.454906921340941565e+26
-1.308352990693753177e+28
-3.654907922063261433e+28
1.528715922336527715e+28
-2.319165272376098948e+28
-5.478271670607481561e+28
-4.735567046842194309e+27
2.918291489045849539e+28
-2.849777915706926342e+27
-1.874167231779963085e+28
-3.710882916280485626e+27
-5.136786026860883302e+28
-1.367429660939656692e+29
-2.386004070890331969e+28
-3.548991499603993244e+28
2.617647018714159768e+29
1.784735930780038708e+29
1.580312811132495695e+29
-1.279314422511712817e+29
2.761800764712234427e+28
1.570138013755629778e+29
1.705473510419086218e+29
-8.206547494132613606e+29
1.232425783114741344e+30
-2.331096863349743265e+29
5.125028429400874725e+29
-4.632904609565416702e+28
4.694789940454023914e+28
-6.853681675390256836e+28
-1.004122403976377823e+29
2.272551306566713161e+28
5.557063457929268720e+28
9.874502555195267421e+28
3.022692475488039189e+28
-9.306140963387472077e+28
-3.213576510616252585e+28
-5.048075417242394206e+28
9.124907924916058413e+28
-3.054203890025937786e+29
-1.089892895874327611e+29
1.845825012712644673e+29
3.840073222112690562e+29
-2.147901017797899288e+29
3.142086927584321712e+29
-3.097028848572102840e+27
-6.608705454327249938e+29
-7.831166269581816304e+29
7.196444736236097071e+29
-2.892453888236822606e+29
4.457361437902021815e+29
1.165144043876530095e+30
-1.534563487049829886e+30
3.087408557350635893e+29
3.735986349821095674e+29
-3.706178982765815861e+29
4.618434410204913497e+29
1.268425592467093582e+30
-6.162419304415829319e+29
9.495541917210386823e+26
1.385653591758436173e+29
-4.631438666631936091e+29
-6.056756026761218828e+29
-6.749680946405906547e+29
4.043503824802869867e+28
1.533226394433916361e+29
-4.579813685113043576e+30
1.013931135984860017e+30
1.043177030857928721e+29
1.446366464239598596e+28
-7.601855483850603629e+29
5.015878748574399020e+30
5.232254191873206073e+28
1.212992241004106547e+31
-8.701178203689209249e+28
-2.342727079028746542e+29
-1.197939088145926193e+30
7.905294639111315487e+29
2.589955593772186372e+29
1.339414545498584621e+29
-1.945214580189803131e+29
-1.903926217112850684e+30
-1.652272630468273335e+29
2.258645932998895565e+30
-1.236246296884435755e+28
-2.340580102838517417e+30
2.826211343896440278e+30
-2.658513480305931788e+30
7.128861331865280843e+28
-1.019307607360853501e+31
5.789792613489615876e+29
-2.446538894415299626e+27
1.650209312888236854e+28
4.471036429068959349e+28
-2.342031610048136426e+28
1.907288760711204033e+28
-5.177382676394925726e+28
9.333182816781661987e+28
-1.476864331625366836e+29
3.571366765134152639e+28
6.468984598880564487e+28
-3.588412226812906896e+29
-2.222795226493414130e+29
-3.522352070312195278e+29
6.780673627600986893e+29
-8.691457915921102159e+28
-7.124573990507278898e+29
1.149935387328977596e+28
4.150598025904039634e+28
3.896447189277508875e+28
4.739800252615663500e+29
-3.117703314648404126e+29
3.834063047069555169e+29
-5.454624261048171980e+29
6.268980929325259979e+29
6.103670267340717508e+29
-8.026022591022735229e+29
1.402812788049478177e+30
7.503981371946998184e+29
6.601519051491319719e+29
1.436434070309584118e+29
-3.361184396822676845e+29
-7.314098228926628286e+29
4.126629157240835642e+29
1.126722290810209153e+30
1.845698788355421026e+30
-3.644329883432393659e+30
1.161038693664367666e+30
9.237688765142455580e+29
-6.502943390928895388e+29
6.667342092748490400e+29
6.541164981622240190e+29
6.468969605589697572e+29
-1.495479689283363104e+30
3.583918791785162873e+28
3.310578092947590234e+29
5.184289825126036002e+29
1.291130732748733389e+30
-1.081679452109227529e+30
-1.395464803607735351e+30
1.471563119502680721e+29
-9.555611587052944615e+29
3.119327798402532341e+30
1.099609623543085612e+31
2.632510168265705977e+30
4.147043145752283195e+30
9.089194263090483574e+28
1.168600724281001413e+31
-1.498179222736515200e+29
5.450214953899895410e+29
3.685936297349201854e+29
7.087054841696414358e+29
3.853147531724020576e+29
4.537884487655815885e+29
-2.493790498613249178e+30
-9.658117047545708897e+30
-4.825266732878728061e+29
3.474200961464865591e+30
-4.534131282903978983e+30
9.057122930862846943e+30
1.717947756132695300e+29
2.450302297580910835e+29
-2.072140280411820392e+30
1.374713605940846799e+30
1.463878193649271656e+30
-1.078430561347782030e+30
-4.389986215894448434e+30
-1.675098575539180288e+29
7.156081551095565115e+29
7.029449919507759107e+30
-7.031758294540912044e+30
-6.588571827466535886e+30
-5.676211644116537585e+30
4.255177229058387842e+28
2.607438950649034177e+30
3.081348993681504684e+29
3.135101051958814423e+30
-3.863719673307805699e+30
-1.925204190183870217e+31
-2.024774321534676253e+31
-3.615401239745856026e+30
1.054046286046126053e+31
4.880841176161799916e+30
4.217427885359840433e+31
2.548680641052419417e+31
3.840813544473286200e+30
9.426103821021655416e+30
2.311111995771403873e+30
2.828252151075650607e+31
-1.584933157088686598e+31
1.757871368195209042e+30
2.327661372657803275e+30
1.447463754496864107e+31
-1.490753089658584180e+31
2.923381930422938757e+31
5.450843732482623590e+31
-2.527927492314677122e+31
-6.400913835085757374e+30
5.463866784111085003e+31
-2.433569151336976384e+18
-2.615656222690174566e+19
1.207824242367001805e+19
4.703724288868939203e+20
-7.151706314325976678e+19
-3.010655647862267314e+21
3.882299734191646756e+22
-1.974631794237444719e+22
1.675142629168157491e+20
-3.538015676203004854e+21
1.714834091796853686e+21
2.898216495581860200e+22
-5.066225751822758104e+23
-6.143221451671941520e+23
-4.415706007538367497e+24
1.215088861002225757e+25
-1.278159303689304749e+22
2.958799935542045914e+22
-2.030830265546875360e+23
-3.293085206323918715e+23
1.687065042823244948e+24
4.663823831586755494e+24
1.975947238799824717e+24
-7.767920979652983184e+25
-9.481401197011296636e+22
4.754770465563783201e+21
1.135516559871030770e+23
9.276653942515956669e+23
-4.556891421694866468e+23
9.311781649709205322e+23
1.404176514759956547e+25
3.160437809725925561e+25
-3.723064465800608983e+26
-1.556590775200659968e+23
3.455429356419810371e+23
-1.120205071099213575e+24
-2.037441727983283738e+24
-2.657655574917112545e+23
2.479786173647289781e+24
4.609695685175428640e+24
-1.345111606375956377e+25
3.695476588388168024e+25
-1.471889121407676422e+26
-4.977736344678551369e+26
1.948694191009965487e+22
2.455127281760245301e+24
-1.673293131109755563e+24
2.030911567801658443e+24
2.771067301453567699e+24
-3.599841500836447992e+24
-6.779540141713718084e+24
1.167709660769998893e+25
3.577418179988286173e+25
-1.115405824703561753e+26
-2.068118336516310144e+26
-9.147583613699419527e+26
1.056926514758004134e+26
2.176313354518105466e+23
-4.598918990093591532e+23
1.903681011815484499e+25
-1.642716555850737977e+25
3.982901254450403613e+24
-8.539540646635111197e+24
5.342116131336241285e+24
-3.966134435125998208e+25
5.301153684205541226e+24
-1.486676743767955102e+26
-3.469365075071729050e+25
2.749372819611743523e+26
1.561262978340294648e+27
-6.592162391263935235e+26
4.753591290468145239e+24
-1.889613116892700728e+25
4.460887004285480885e+25
1.678460744453467733e+26
7.064474454328246262e+25
-3.231012337620920292e+26
4.606735827620312649e+26
8.819010362013169234e+25
1.595698127716707192e+26
-7.129022386420325171e+23
2.133469371333722915e+25
-1.662999897625813773e+26
-1.041016159761188608e+26
1.977182320961882279e+25
1.044731437518444867e+24
-4.954751718403522051e+26
-3.462403336583821637e+24
7.356252855240500605e+25
-1.770566744708356982e+27
2.434407756576649507e+26
-9.493287539424334964e+26
-4.711824951197234840e+26
-4.680822516816600974e+25
-4.808086222974552562e+26
1.152510277470876119e+27
-3.835957645003448962e+22
4.754811845746242041e+22
1.667460381562057355e+23
-4.594311806399776115e+23
-1.833965920743001812e+23
-5.444012962470959050e+24
-2.977397505002348604e+23
6.512186747833963667e+24
-6.665221287612934523e+24
-4.351546223554455354e+24
-1.586330043270864322e+25
-1.766649220294346006e+25
4.990882823241070981e+25
-2.351510730102601793e+26
9.305606246577896790e+22
-4.954262435970497758e+23
1.632711321688742894e+25
-2.616638660952651536e+25
1.070630551422520955e+26
1.212414334748586202e+26
-3.403970700376957913e+27
4.525593656034958661e+24
-3.603863038952289721e+24
-5.371896777206296028e+25
-4.179721016522038167e+25
-1.231197887981215659e+26
-2.741565011323926050e+26
1.538331894744869810e+27
7.341130887082099271e+27
1.133543107757580426e+25
-6.033274240441646727e+23
1.863500936131591298e+25
-3.744213034991000786e+25
-3.954717728526372821e+26
8.085281449551129827e+25
8.728778474505244819e+25
-1.117419193005482972e+27
-1.387726864871651319e+28
-2.475073542021200592e+27
3.649418057162228295e+25
2.246817320595610743e+25
2.361071551509640511e+25
-9.613968035317790573e+25
8.244542132904256830e+26
-9.460556031486933352e+25
-6.608213239790368921e+26
-2.071533304782606329e+26
1.936341258544240450e+27
-4.855713101351888172e+27
-6.064009366794873635e+27
1.171583315396387969e+28
7.647040998510528273e+25
9.550678018524182439e+26
1.545548098846014586e+27
-4.738241438640470313e+26
5.288901387186535978e+26
-8.972329170374129727e+26
7.555421500418508071e+27
4.451175687678046592e+26
1.343659666726347495e+26
9.667172090558243627e+26
-7.906995835102117755e+26
-2.849196141937959292e+28
1.864232000023614481e+28
-4.109577451263251964e+26
-3.311171953298996403e+27
4.601687438525465182e+27
-1.681903836892559620e+27
2.603695618932354982e+27
-1.177265112826684133e+28
7.961471509261624720e+26
5.663787089334563396e+26
-4.232265854666689488e+28
-1.081585646615032133e+28
6.888538338124996069e+28
2.249861731464265822e+28
-6.879031202326312987e+27
5.219411816572566509e+27
9.112985861373265875e+26
2.465282039274641906e+28
3.739189628202102466e+28
-2.988816978893425635e+27
2.417846555351405090e+28
-1.779412496288040973e+28
-5.090429714192040720e+28
-2.309553987571692302e+27
5.620596090151250885e+28
-1.713062338950283980e+24
2.841976511933022269e+24
6.358678851316491099e+24
9.198052622958234259e+24
3.132109902869336061e+25
-2.377105343363781421e+25
-1.118083070846552992e+25
3.597399816032568863e+25
-5.406571985501666901e+25
4.535225612400164663e+25
4.674716539631906746e+24
4.761492728552480940e+26
-3.974376390748549297e+24
-7.937434535445072605e+26
1.950046758919527828e+27
-6.340907423587410597e+26
-3.101081233151761647e+27
-2.292657131024997103e+27
-1.291123296204472705e+25
-2.380440679250603867e+26
1.879429547568859564e+26
2.308753938915415351e+26
2.070707889512153023e+27
-3.201308765716233741e+27
4.336778647376416239e+28
9.955815667861031951e+25
2.329852390665088710e+26
-5.215785943203933259e+26
2.054983777057638415e+26
2.265702161140526201e+26
9.825284843461946568e+26
-4.498367254470864613e+27
-1.711342609833673536e+28
-6.345260257020762093e+27
2.126489283014262524e+26
2.346627636776634156e+26
-2.356868650636935835e+27
-1.630141564694869017e+27
1.007133499857180260e+27
1.993297757720312849e+27
-3.613364438711033888e+27
3.841120800873800548e+27
-2.940305758381379125e+27
1.170696660999286694e+29
7.678478957455372782e+28
-3.450245255154006130e+27
6.408792377458549262e+27
-1.511504112842572559e+27
-4.538056735755534989e+27
2.063508026874258970e+27
5.580818852602182581e+28
2.075722560664842641e+26
1.313914240502234637e+28
-2.549822478094296676e+28
-3.303420692804043577e+28
-3.650376800039630855e+29
1.377627758829889042e+29
-9.429589993877161272e+27
-9.982763196404791844e+27
-3.827321435613198132e+28
2.932660709882029016e+27
8.177150112698621399e+28
-3.016422297083382379e+28
2.504745152339698286e+28
1.868660910581579315e+28
8.843948921771224419e+27
9.565352449384491737e+29
1.744651329793638239e+29
2.321755886683228640e+28
1.054390384553215751e+29
-2.148073432274314908e+29
-6.198486586008171900e+28
-1.291764073010935631e+28
1.730174505124097197e+29
5.323446209471831658e+28
-4.799239298814121739e+29
-2.157799284380171008e+28
-2.819348188823289661e+29
1.049669266152215035e+27
-2.759069433885732872e+26
-1.078321014147150462e+25
3.787137858162409550e+26
-4.717763402337882969e+26
-2.761751011429704341e+26
-7.089168571998888379e+25
-1.124876429839186048e+27
-1.527728366555251148e+24
-3.512804772197506181e+26
-3.694796425372356990e+26
6.024328268154169341e+26
-1.741078878178519449e+27
-2.748369972929221321e+27
-3.246810202189344201e+25
2.273342318812840755e+27
-2.764185756186756248e+25
-1.014421999136999196e+27
4.756179758034483986e+27
8.497779033291814501e+26
1.035813125726204738e+28
4.704182353485720444e+27
7.613225183386284814e+27
-1.743823598528586148e+28
8.073597314864924819e+27
2.822287233789951352e+28
1.801119233562556056e+28
-5.809412207136681338e+28
-1.168267052886787963e+28
-1.586696687203178191e+27
-5.577342650430290273e+26
1.336581122386712738e+27
9.065753794697648155e+26
-2.947827753693210015e+27
6.734318506432507586e+27
3.037687489048479417e+27
-8.604419478400378513e+27
-4.500413840466259364e+28
-1.367617748174417152e+28
8.638419975211155486e+28
-2.705919607601571640e+29
1.268057065155475078e+26
-6.727687821007044116e+27
-1.878582564606120491e+26
-3.432870704310339127e+27
2.513831370643470355e+27
4.113786298155866227e+27
-2.888259359828789571e+28
2.099948862459480329e+29
-2.749783541158229236e+29
-9.411675551192042185e+28
-9.781085448163208001e+27
-1.071941689112807045e+28
7.076583455492656102e+26
1.504965564902514828e+28
4.994862521776230242e+28
-1.605226360489554757e+28
2.978238294943562868e+27
-3.953049399754744402e+29
2.467979312711665704e+28
5.001035241957164171e+29
1.099650081927634188e+29
1.480323844810059975e+29
6.237013062210080632e+28
-5.855632482729452981e+28
-2.169010317401492543e+29
-4.676990021857066261e+28
-1.812852451908572416e+29
3.104433441572732517e+29
1.013012564066485687e+29
1.576579893606838060e+30
-2.323398431587158048e+29
-1.709247376467172311e+29
2.813092450154640812e+29
-3.031957253258644222e+29
-1.695318985450977799e+29
-5.174574464927442031e+28
1.071045469595906345e+29
5.318327780014668035e+26
-4.588644575897353880e+29
-2.317282605579426916e+30
1.307453290923885143e+27
-1.379950693867546669e+27
-7.640968832146396887e+27
2.699851614815908173e+25
4.344802760816741425e+27
3.583177432909351256e+27
-6.870749846548822749e+27
-3.387945801033862232e+27
1.911532400121170833e+27
8.731932019292409457e+27
6.079110989417414379e+27
9.779160513571519639e+26
-7.648222304364559471e+27
2.222178898222667028e+28
-6.574466676693838216e+27
2.737766532771504776e+27
-7.081870234409599401e+27
1.898873576441774335e+28
2.343424289460885703e+27
-2.279453466160994872e+28
3.655314553879313435e+28
3.367976824855763077e+28
-2.307036825434072421e+28
3.751885278011381095e+27
-4.546232631353445239e+29
2.731550075807571102e+28
8.088041488252447052e+27
1.829331845432941165e+29
-3.773493104728931877e+29
-6.137230314822310754e+27
6.915225395384238770e+28
3.068666037451006729e+28
-2.111124525275173638e+27
-1.003377293334197894e+27
-2.051169570621659805e+27
-1.510546088441372374e+27
1.022993234285558352e+28
-2.499581676708863793e+27
4.662210838773133865e+27
3.166143434222570071e+28
-4.515057420439871946e+27
1.597780039193815479e+28
-2.364579122837204551e+28
2.262926524786380903e+28
3.686164967037526266e+28
-1.208002201861765995e+29
-3.744385357953768247e+28
-1.681511611736903075e+29
-3.609649941031849983e+28
8.133032438866397714e+28
6.039396178037427745e+29
1.704319218233000645e+29
5.637039799086496185e+29
5.692389440842719654e+29
-8.873649427988072229e+27
1.454186605429490358e+28
-1.879031078662045794e+28
2.735450142322328211e+28
8.507917661179959083e+28
1.638346966829598236e+28
-1.925593788959354680e+28
5.826969052623860288e+27
-2.656421292899994335e+28
-7.404254880951168249e+29
-2.306727070772003354e+29
-1.650903232583680763e+29
-2.770881737693998133e+29
-3.853038277699074481e+28
-4.422893656901240021e+29
3.625571401106431697e+29
-1.767704521607712961e+29
1.302474958712030764e+29
-4.378761166066092174e+28
-8.484860652024217574e+28
7.183296586865825782e+29
6.635707984797690075e+29
6.009866742489818958e+28
-3.657161549513818231e+29
-2.962713426263270391e+30
-2.509356307903606676e+29
-1.074622574513949617e+29
-7.086742464910132021e+29
6.929899911552876252e+29
1.359205740938378412e+30
1.472547545481739303e+30
-9.806706115274846711e+29
-1.275731696307759590e+30
6.280599949510059815e+28
2.735313366424262718e+28
8.172420955933628987e+26
-5.186651443242627798e+28
6.348088631342293043e+26
5.835935071409108725e+26
-3.027632288682842046e+28
-1.395729689314343691e+28
-2.160171567630167970e+27
-1.566303668542542136e+28
-7.031695702178419653e+27
6.190429480546664834e+28
-1.279997943998708360e+29
-5.095388946169959665e+29
1.568289634588669534e+28
-2.794818405780055154e+27
-3.125107166611191179e+29
-3.719486529942878238e+29
5.193544765395424328e+28
-5.137307574800474960e+28
-3.077451232311427664e+28
-4.496140762022513778e+29
2.910018106210723126e+29
-2.266250222657138064e+27
1.494678562878389604e+29
3.585845906924473529e+29
-3.156269570513483137e+29
-1.446058746818581261e+30
-2.612030325315593107e+29
-9.421055187140723775e+28
-3.670825902823008315e+28
5.216129781195474166e+28
5.626129054190349663e+29
7.194001170668997830e+28
-1.460493996641969384e+27
-8.812383002437982906e+28
2.551558110671662600e+28
-2.869199940482163035e+29
1.135740343557533248e+29
-1.399755679575831140e+29
1.905169159800084463e+29
-4.372154077246641433e+29
-2.778499582931701779e+28
-4.024443955758972613e+29
-2.251539141207567540e+28
-3.274492985274702405e+29
-2.201760052909797923e+29
-3.895882459624882405e+29
1.466421867330210710e+30
-7.907714693393758493e+29
-2.781148701179734046e+30
6.223218536754376123e+29
1.109346036187679368e+30
-4.155797126257291663e+29
-3.613254247314008179e+29
-2.041238288377985488e+28
-5.324552090548912538e+28
2.819544490089622243e+27
-6.934143126127037976e+29
3.331790394892887057e+29
-6.086009726724806884e+29
1.347796290318062839e+30
-2.052958645509855578e+28
1.545151349183399324e+30
-7.226530346100659154e+29
1.036257184823078968e+30
-7.423665516354250088e+28
1.578484708760227743e+30
-1.107254661381114995e+30
3.230605810503065552e+30
2.520162843052187782e+29
-2.200352812935136432e+30
4.368214488789666613e+30
-3.658475563254552936e+29
2.289760905190976037e+29
-2.367091869690741444e+27
-1.951891466126070705e+30
2.762187350673262575e+30
-5.598162597112643154e+29
1.114500822884118458e+30
-3.456143196052546670e+30
2.945049580047381340e+29
1.303997833830934890e+30
-4.261759545717659582e+30
-2.812270173337133506e+30
2.130084402689407485e+29
2.512636818641299298e+29
-6.401401747823752771e+28
-7.978567462878931397e+28
-7.140973571607786069e+29
1.723767619114677405e+29
-3.369281042818327251e+29
2.166028309963544422e+28
-4.489466605693823748e+29
1.342866906320725368e+29
-2.935948560096228260e+28
2.546528775167669549e+29
2.905528867062168285e+29
-3.587357401451501326e+27
-1.304535303545712980e+29
-1.663732118140427413e+29
1.312710368852927058e+30
4.508242874265034535e+29
6.908785550778719620e+29
-1.780276829868882483e+30
-1.351970475815460086e+29
-6.811800427789209932e+29
-3.309218642402412706e+28
1.296064504532073682e+30
-8.203401127346893890e+29
-5.712933811991071793e+29
9.169522396405201894e+29
-9.503891637541111725e+27
-1.980318382081760543e+29
8.805359164860204872e+29
-2.270227169038176299e+30
3.363907869298275217e+30
1.367620718918387699e+30
-1.231470751198559159e+30
8.646218002234862185e+29
-8.894832207382311967e+28
-6.021727923884747461e+30
-2.496777213758164139e+30
-4.210504305414324298e+30
-1.546894520642563022e+29
7.368559181859338547e+30
-7.784705664560771250e+30
4.651563478301264646e+30
-3.013767270757537810e+29
-4.100568156563106907e+30
5.971008757305846120e+30
3.702268371819422687e+30
-8.909158811799553663e+30
-1.379155635928313791e+30
2.392418564230753277e+30
-1.171102429242077587e+31
6.677872263633497641e+30
1.409202259799532621e+31
-1.113291908857476832e+30
-3.654619298165995311e+30
6.660886134969975044e+29
7.823302475096788281e+29
-3.142380173448842589e+29
9.873500207961512205e+29
-9.335778953586043607e+30
1.041815129729480108e+31
-4.166629087388744403e+29
1.072618161520654287e+31
-6.505435238532283728e+30
1.576740704588487696e+30
2.813151888667441694e+30
5.294112992918502685e+30
-8.472963327181012695e+30
1.355631388656482836e+31
-1.087148911025682798e+31
