-1.829789443868072000e+15
-1.199087002050460058e+19
2.453782509079889183e+20
1.017125439277996442e+21
7.992528329096416461e+19
-2.890079189087061279e+21
3.450475998213389681e+21
5.542401269238802363e+22
-3.429909396905590260e+22
-2.080489518455743283e+19
-3.071604267595667866e+20
-3.297362126367356355e+20
1.337769862239953407e+22
-3.232950396576174021e+22
1.803297758247108466e+23
1.172362413246585411e+24
5.033966745013039510e+24
-1.075626602860781011e+25
8.557040736289816576e+20
-3.195083057452926108e+21
-1.729366856766368357e+22
-9.645927674704529929e+22
4.542398118866993713e+23
-1.021528934389137214e+24
-2.174598439967069219e+24
3.442751616148761305e+24
1.655344509871933179e+25
5.189398425986794783e+20
7.614334759279518758e+22
1.218807769596029494e+23
-1.314200830292043802e+23
-1.099489394669020607e+24
-2.568984542982370797e+24
1.308656849133265586e+24
-2.206466317884654416e+25
-6.615222669066615120e+25
2.417946028663889776e+26
7.028920577535848219e+21
3.070148567998182877e+22
7.331282913722880376e+23
4.595433072751110426e+23
2.142155263143177429e+23
2.388044651527944788e+23
-1.704859994255982194e+24
8.161595426203054606e+23
-1.226664090866132282e+25
1.090246430232282489e+25
-9.082112010310553453e+25
-7.731054792007806602e+25
-9.429733695283196330e+21
-2.857436143570406406e+23
5.881125918742125700e+24
-9.373504276336015776e+24
5.173241600994308056e+24
5.719743729851824272e+24
-2.761982886585897866e+25
7.728539979848694922e+24
-3.956633077248560440e+25
-1.348379457982758413e+24
1.508167888762959875e+25
-9.776997744236071680e+24
-3.749521067894934649e+26
1.045638398664347494e+26
-5.324620141840104948e+21
1.643389130453663628e+24
6.759672680396812429e+24
-2.957678930156367672e+25
3.850780075101654945e+24
5.078141465244399658e+25
1.704319180102886415e+25
9.264529099881596322e+24
-1.353046153345506561e+26
-3.656225986969603785e+25
7.541384418282693009e+25
-1.412839080669333180e+26
2.145255982552642380e+26
6.334035064018168962e+26
1.013580380222811741e+27
-5.819991394162428609e+21
6.101462350038476582e+24
-2.978667658950008067e+25
-1.099187445345808683e+26
6.463375756139334687e+25
1.076998648717148856e+26
3.228848960816852480e+26
3.706930312469530277e+26
-7.199837777923146241e+25
7.581821111887319931e+25
1.133536733143380603e+26
-3.612652950818883216e+24
2.255072972760911029e+27
1.715893590307982059e+27
3.013685146912931656e+23
2.908887984603596585e+24
-2.844574508298680264e+26
-1.813592658554720743e+26
-1.264372448567626213e+27
5.817997375860626966e+26
2.721348789758028013e+25
-9.317032864800643866e+25
3.903284467977331804e+26
5.642467679511373562e+26
-8.633868404356119011e+26
7.965516737477515478e+26
4.951492256584162402e+26
5.810448285128635187e+20
2.355107636285842391e+20
-6.083613673608505092e+22
8.528289068112437838e+22
-3.473408397802381246e+22
-1.625351003416968745e+24
1.469074374325299094e+23
1.440964967354474617e+24
-7.592165772028587520e+23
-4.706132244215539880e+24
-4.780379744403862931e+23
2.666975190874519561e+25
-1.502105913291141896e+25
-3.729378490842295918e+25
-1.053571789984470406e+26
-4.055263851086108672e+25
-2.313869014019477728e+23
7.161625054779383176e+23
1.061564573743046560e+24
4.589157835490893591e+23
5.171857126021361803e+25
1.252423715786766992e+26
-4.134857788156657337e+26
6.791288856205406381e+27
-2.403497624882192375e+24
1.670911515031837574e+25
-8.136039997548591772e+24
9.043706219178191122e+24
8.356468369903045485e+25
2.604921401730759854e+26
2.516550101627617456e+25
-3.179947887267456419e+27
-1.870355768960363202e+28
2.595288373036010791e+24
-8.595739149807691043e+25
9.280223091043448140e+25
-1.048101656757094935e+25
1.493635674440099347e+26
7.539199027120064818e+25
9.277878163090475374e+24
-2.381638594997160471e+25
1.226393996211839611e+27
-3.734323164881598553e+27
-1.190468354395393220e+28
4.092000717258969257e+24
-2.632515787655919839e+25
-2.592359104409607435e+26
-1.025622154196976996e+26
-2.507123377373859753e+24
6.270426101143864007e+26
-2.208386755696126526e+26
-2.585594623660317405e+27
-3.543069625053361293e+26
3.854983058323750737e+27
3.752807039555211183e+27
1.524588786366259737e+28
-1.248453922338975683e+28
3.778395827337317118e+25
-1.647972905889452393e+26
1.127783036671615000e+27
-2.133796489921961694e+26
2.278592594439003572e+26
5.683493788407144783e+26
8.912379382654987902e+26
-2.322732392751874367e+27
4.204806652251901029e+26
4.515710864047704945e+27
3.047913409135726959e+27
-3.857392373944051720e+27
3.362511675473684124e+28
4.179090794829100072e+27
1.117946784761397540e+26
-8.361584104479480669e+26
1.164435102926430879e+27
-1.367362476660586866e+27
-1.248097225688897016e+27
6.856109079716955591e+27
-1.649976070859254520e+28
-1.070774538142878221e+27
6.926617619019994322e+27
6.237711205219384417e+28
-1.840075428555129912e+27
-5.554752994065502044e+27
-1.520598464703276274e+28
-3.440529858901992458e+26
-1.081882615509243056e+28
1.532206798709856473e+28
-6.107562516192099800e+27
-3.584455360569858707e+28
7.286505618771826194e+27
6.321867988016177255e+26
-5.006765192084605892e+28
6.768551160995295208e+28
-7.272312208230468337e+27
3.910336315398621154e+26
1.293219760709624199e+29
1.100680461179111636e+23
-2.602999839245845471e+23
-6.926187777959691362e+23
5.358285789626560921e+24
7.081239280889417546e+24
-1.025663589686202212e+25
1.105199682917064072e+25
1.273488751000237469e+25
2.133687341111967165e+25
-2.815923972136365389e+25
-1.529777414428698072e+26
1.596912498840516181e+26
-5.279723030708785446e+25
-3.327538566831369839e+26
-7.576001659854639864e+26
-2.994131007791380231e+26
-2.651315087802593697e+27
-7.232273503689495751e+26
4.259405144040011688e+25
-1.970862584663807629e+27
-9.635902647625676211e+27
-1.918873693972298869e+25
-8.223749306396385689e+25
3.445179375094385323e+26
1.045975681774603307e+26
-3.647306731324941370e+26
3.713271354555219904e+27
9.821418128221752655e+27
-1.398492933624543813e+27
-6.372604891167690520e+25
1.052357132710898334e+26
-1.251841233734056892e+26
1.146538841213682348e+27
1.502959662451235696e+26
-1.674130352823172058e+27
6.703790052998799569e+27
5.346031505852761740e+27
6.589490073920890330e+27
8.930441031364911657e+27
-1.581784488308793459e+26
-6.800490382303647365e+26
6.584700875769672302e+26
2.647162561990138308e+27
2.894309160155531484e+27
-1.589574273950189466e+27
-7.910693886913410465e+26
4.195130182572706842e+27
-1.427342193784903276e+27
-3.019481159754499931e+28
-7.747875341961226847e+28
-1.601384755394438195e+28
2.258272965220907929e+27
3.529237307044923428e+27
-3.517363992029327994e+27
4.563257863616723964e+27
-9.464562094711434935e+26
-1.585915140959141118e+27
-3.054978235558567103e+27
-3.822516653698199984e+27
6.795828246913857773e+28
-4.791694658076337590e+28
7.403086070378172251e+26
-3.658949049961779775e+27
2.043188096358231850e+29
1.209384005460817909e+27
2.989824008940392713e+28
-1.510500873080625262e+28
-1.023925953414991823e+28
3.163965004318494544e+28
-4.434548872781829164e+28
-2.833998655059062750e+28
-3.864732564821514302e+28
7.546871598495902214e+28
-1.363155161993352529e+29
5.192411519771245763e+29
-2.106009907278971022e+27
-3.295897737121557534e+27
-4.463791166011953883e+28
9.915264828916668342e+28
-2.997619495887992035e+28
-2.317024804933488997e+29
5.575088128104456275e+28
-1.442627306253177145e+29
8.698110631069170657e+28
-4.233707131364784023e+29
5.963616031081033917e+29
-3.685914741074188902e+29
1.256342272570470436e+25
6.133105403995244069e+25
8.053717863373714470e+25
2.362204733771654220e+25
-1.011919314815841887e+25
-2.551693646873689139e+26
-3.249507303483536509e+26
-3.298951154964280335e+25
4.539088880888775958e+26
-2.852873450777976056e+26
-1.676567008433486276e+26
7.174837006533387571e+26
6.537933883845334557e+26
-1.679178522656736392e+26
8.184971923378074276e+26
-1.886105480623359827e+25
-1.945970568460056534e+27
8.467287641435012367e+26
-2.585168174952348642e+27
2.952910538143229035e+26
3.897722162726412055e+27
-1.531449665370788465e+27
-5.677407413146953005e+26
-3.366999214237618170e+26
-1.441140754278626211e+27
-2.814656676790443856e+27
-2.922394555451776652e+28
2.977242558857687677e+28
-1.841621881601453821e+28
1.034540025079598624e+27
1.100353989828931977e+28
-9.664421702077376439e+27
2.126083870214636182e+28
-1.518801723161041331e+29
1.183088956531441229e+27
6.805688760354339853e+26
4.873962774327393708e+26
4.417333634337419133e+26
4.152579481981424907e+26
-2.596651753411659004e+27
-4.624204226012938558e+27
-8.699073557429695683e+27
-3.486306892232672785e+27
-4.206926401933525162e+27
-9.929987218188297808e+28
-7.347153969889269787e+28
-3.324311009430980015e+28
1.058395063100258447e+29
8.772718201600383353e+26
-2.879524003193158336e+25
1.109736258513847580e+28
-5.601034796869405888e+27
2.919383943590502253e+27
-3.079509901767611660e+27
6.572353607338442654e+27
-2.729598756306138218e+27
-1.060913668567045722e+29
-2.361990246092693003e+28
-3.034805277759752824e+29
-9.081048010753489330e+27
1.267918328466127611e+28
1.491236177445180573e+28
-1.817441170187888097e+25
-4.263716259381480558e+28
-3.281296352014977372e+28
-2.658561281096814784e+28
1.269584530825669215e+29
7.721709360259632772e+28
-8.402478805877120182e+28
2.189818857975371149e+29
7.726599609989885338e+28
1.382704990731606987e+28
-9.340255408822993071e+27
1.284441344649890967e+29
1.332774932288656468e+29
5.556486148417936250e+28
-1.615108498762854072e+28
-2.779780833030805771e+29
9.192622693103142885e+29
-2.812994958313067559e+29
-1.477710670762407337e+30
-5.774006911862159175e+28
-4.418185729298987493e+29
-8.454931044573448973e+29
4.227414182012250388e+29
-5.646861589251397323e+29
3.384822057243845615e+28
-5.977865436429173216e+29
3.239892217294094666e+29
-3.695934144829495751e+28
1.040044532082327403e+30
3.853722954584307960e+29
8.944703160511181785e+25
-1.486254598744404692e+26
2.725218404984128369e+26
-1.981201874417483963e+27
-5.425982786440824668e+26
-1.973757320858324860e+27
-3.124201230051909503e+27
-6.938851101577021772e+27
-1.036977360018086259e+28
1.328658726550783831e+26
-2.752479744615494666e+27
-1.123961839772067601e+27
-2.867011124674413736e+27
-8.978075574010119347e+26
-1.430928592909821290e+27
-2.626855698886657453e+27
-8.292002964351863508e+27
-3.936691733813801978e+26
3.749908830037628857e+27
8.794797539497456220e+27
-1.118755641124364477e+28
1.314918361802966973e+28
1.279189537398596328e+28
-5.781881078777471454e+27
-1.449112828297294032e+27
2.727277501197562015e+28
4.111630899661846819e+28
-8.994890164686480559e+27
-1.995100345382579426e+28
8.819197061484149049e+28
8.636608272068690136e+28
-1.081933885650672250e+28
-3.382233474286061003e+27
-2.340578285832145986e+28
8.818781099534731499e+28
2.676375368745662546e+29
3.169983830584317636e+29
-8.613251410874591521e+26
2.696047130724088784e+27
-1.294013240264373818e+28
1.291396681935540863e+28
-1.307090926672608193e+28
-1.031317373777009922e+28
2.726096838263885140e+28
3.376571204151695183e+28
8.756270367212761116e+27
3.354108199348370431e+27
2.546013523711452007e+28
4.659676123045147401e+28
-1.040980545427416780e+28
2.461815695877313673e+28
-5.186815277086040777e+28
-2.277829772144990483e+28
-7.173644943872182994e+28
-1.913400580419062498e+29
1.407719567561035889e+29
5.060965402714608371e+28
1.384438777553167091e+29
1.103457882481857841e+30
-2.945647291373075113e+28
-3.294408808942064198e+29
-6.614188478004698913e+29
7.440913875927538658e+29
-7.793072354656520772e+27
2.306642749220636838e+28
-4.003019475278384509e+27
2.727008489652972407e+28
-6.978510599674477596e+28
-9.136500233957519422e+28
-4.579122329631986549e+25
3.298561478322544607e+27
-1.587743620147018450e+27
4.318106693601340952e+28
5.382597692651757242e+28
-8.692016649887632063e+29
-3.146547226526980718e+28
-6.445346968833288150e+28
-6.735952399409098637e+29
-3.378065962394223106e+29
-1.861528799519449894e+30
-1.439396448116426512e+30
-1.338705370327488887e+29
4.976516110307390314e+28
-1.464269403386213715e+27
3.327235769332363905e+29
7.519041134793915402e+27
6.578117717202307333e+27
5.048308887739009781e+29
1.338771916755359503e+29
1.029385334429840333e+30
1.569466534001801870e+30
6.198155732670233657e+29
-8.424174111768329729e+29
5.800397230593699599e+29
3.021414038775339287e+29
-2.053611248791385515e+30
-3.134616467780367693e+30
7.850699972412556567e+29
2.072395807498133608e+30
-2.671178039587204105e+30
3.499961499542516631e+26
3.351317328440588905e+27
1.124004090056097313e+28
-1.938632114306267405e+27
-1.049996734159529176e+28
-3.978930941968203857e+27
1.216843148200406689e+28
7.801540102376353873e+27
-1.009711268116947114e+27
-1.917161231498939704e+28
9.499164235386614007e+28
-2.143543842088993859e+27
3.347716081946107136e+27
-2.264037659090364905e+28
-8.331894010772281392e+27
3.815033021604304266e+26
-2.289695372769697742e+28
-3.807319415600095193e+28
3.080539667153066682e+27
-1.333673926598936129e+29
-2.116837960712017304e+29
6.284663321741374558e+27
1.439373498278313178e+29
-1.267890372484337332e+29
2.976147961888925838e+28
3.486386077003273835e+29
3.218356959748895014e+29
2.567971754323574137e+29
-4.978599906514733115e+28
1.235729080990812918e+29
7.176219081117819103e+27
3.274323127696666101e+29
-2.394123901888823024e+29
2.154810872418608791e+29
-1.863607954057078633e+29
-3.662076238662056224e+29
1.451327547296185023e+29
-6.172880689205121830e+26
-7.512891400769933774e+27
2.581654469300687394e+28
-1.505283058476017023e+28
6.762559592924325933e+28
1.683371690732514653e+29
-4.842959331767271129e+29
7.400120621841601040e+28
-3.738430457999031633e+28
-5.536867303899602722e+28
4.279976439571772010e+27
2.840872898153164541e+29
4.242018322866145707e+28
1.464616221989785298e+29
2.453027676607951606e+29
-5.446780516889697868e+29
-1.934309629697599949e+29
8.783425853901389726e+27
-2.144417135313667498e+29
1.176960819765699613e+30
1.458387435950971533e+30
1.671958239568158742e+29
1.268440286370043461e+30
-3.906204268672687519e+30
2.497099264048776933e+29
2.046926149952868990e+30
-1.151475209171158973e+30
3.289931408589242032e+28
9.603684758446284628e+28
3.438868859717746802e+29
-4.376338592792433832e+29
7.217225455266535925e+29
-8.414592343094688099e+28
1.046600940734248455e+29
-2.012197825389209080e+29
-7.445934755625147034e+28
-4.753774390321815341e+29
2.127155224305898108e+30
2.204279968224969799e+29
1.363970562409796396e+30
1.042773794707502069e+30
3.005404978824366373e+29
6.968627624558679567e+28
6.096643565244559277e+28
-1.181898187123905177e+30
1.543827748193161445e+30
2.401409472451991242e+30
-3.512974790132171303e+30
-2.607990930181555947e+30
2.918939493892851284e+30
6.551880298227853343e+29
7.348782586159247678e+29
-4.797598717366897465e+29
-1.296504345819541109e+29
-4.202858671513883458e+29
5.361316373164311402e+29
4.208007518437313279e+30
6.674756979098722302e+29
9.724824373681215580e+28
-1.663423203462380787e+30
-5.016648741586800066e+30
4.870158900272917877e+30
6.482005655789827611e+30
-3.616703008077527344e+28
-4.737426672221861191e+25
9.343756344478557741e+27
2.732571490427499184e+28
-2.985584449547660501e+28
1.137075999934225379e+29
6.801844783838985442e+28
3.662853984299570674e+28
-4.836311527357180999e+28
1.018527604844430614e+29
-1.153947908471531245e+29
2.642424218416092679e+29
3.873389088833568517e+29
3.270888870040444171e+29
-2.234440012090856831e+29
2.180712367873331185e+29
3.696657942123163058e+28
-3.441862847508077361e+28
-9.891133759439972166e+28
9.530284459925412172e+28
-1.556473341298554265e+29
6.912745419652867074e+29
-2.246871976022842164e+29
1.211051784689473059e+29
1.354538734838214701e+28
-1.074601873405997060e+29
-2.015566592371467507e+30
1.232416260987977410e+30
-3.623285357321301901e+28
-8.950300022266281126e+29
-5.547853544575334184e+28
-4.831783515228421063e+29
-2.860890437706022913e+29
-3.356985025504099846e+30
5.305096534738822061e+29
4.447989709122817497e+29
-4.156870574294904168e+29
2.254718966163673033e+29
1.720936419394731279e+29
-1.493601252710334179e+30
1.416721242949045028e+29
-1.083856096495455378e+29
1.348822954709192293e+30
1.357343658245995905e+30
-1.467996687635038088e+30
2.235281582568347636e+28
-2.063562389148063620e+30
-2.605472274012789449e+30
-1.332567969959830830e+30
-1.545544209180553735e+30
1.991527871786410629e+29
2.615894427926371746e+30
5.366730046000650326e+30
8.449811189929047327e+30
9.828319647083116555e+30
4.137692531926724910e+30
2.377985855943671719e+28
-1.963683324974880138e+30
-3.362142770324401467e+30
-6.814634322242074835e+29
1.389004290914395712e+30
-3.032645800502677103e+30
-1.216904827116063068e+30
-9.647868036293549201e+29
4.028166499091642525e+30
-1.927660565849613825e+31
1.939432584969068372e+30
6.335228302331264832e+30
-5.150523908400379915e+30
4.363979852686095373e+30
-1.853158534841709033e+28
-7.474821908771213427e+29
1.118202063708005126e+30
4.665407547876674379e+30
-1.765836449195887685e+30
-2.020466250391806240e+30
-7.096146339467553417e+29
-2.245543922107765196e+30
1.345825773642475113e+30
4.333606805316046560e+30
6.983724732328077540e+30
-3.787188492450528430e+30
6.778773152035041590e+29
1.582934438175882889e+29
-1.384462514158817746e+30
-1.367196360363037295e+31
2.077570620722828424e+31
2.295417739367190954e+31
-1.171073050819836018e+31
-1.018325107219907465e+30
1.203788588648880732e+31
9.412212873244915305e+30
2.257227189884182819e+31
-1.565598901088665954e+31
-1.573488086146845782e+31
6.343993326507063215e+30
-4.759663222128607564e+31
-1.033114001776223770e+31
-8.838128282649258316e+30
1.810735334232042519e+31
-9.098620533218358557e+29
-6.399626143035306355e+30
-2.991059363141665198e+31
1.994606368316030152e+31
2.716446662529138472e+31
-1.377232892555042030e+31
1.706720991353542862e+31
-8.967030310006003220e+30
-4.302173506119876770e+31
2.754438502871870464e+18
2.803461092070556058e+19
-6.005336563626584310e+20
-1.228634826217420227e+20
2.367033608416488063e+21
8.192023663313837621e+21
4.763485875334986649e+22
4.791594826377602269e+21
-2.612727941590374154e+20
-3.384889639915377132e+21
2.781215610854618798e+22
7.135422536450676726e+22
-2.757463337284151206e+23
4.084095304186568240e+23
3.352832231644506230e+24
1.800984802970567260e+25
-4.804338496074346922e+21
1.770565174012149341e+22
-4.115256222396503294e+22
4.591293983172724743e+23
1.531602027337343761e+24
1.451691199726254574e+24
-2.648378835079976624e+25
3.997996803366105525e+25
7.306138331908682023e+22
-2.902589994323072380e+23
-2.560515468506775924e+23
-1.276465416313704064e+24
-7.887654374021142801e+23
2.324729769419524746e+24
1.671753324091590574e+25
-5.768647861888125109e+25
-9.434808693951314392e+25
6.454808087026222708e+22
3.065455220569717363e+23
1.375330134470447025e+24
1.926923479480851172e+24
3.357900771899662680e+24
-1.667091694260974585e+24
7.049453520463895479e+24
1.047359508877904343e+25
2.972496661067064146e+25
-4.211031627409151262e+25
3.746785762647488732e+26
-8.897527331683673529e+23
2.913229490550049029e+24
1.231846230308043205e+24
-4.485353850532091870e+24
1.954492392433836972e+24
-1.533889935790067620e+25
-8.240093732724150999e+23
5.216543377352219560e+25
-1.145213777651766362e+25
1.508701854410950874e+25
1.664713571206879135e+26
9.878317239778286281e+25
4.840153375664311628e+26
-1.092822770984897294e+24
3.772809359071521223e+24
6.943417645862201139e+24
1.411358946203321912e+25
2.010276198345021743e+25
-4.522695119392921879e+24
1.835260071755666319e+23
-5.353082918093004016e+25
-4.897273287692645906e+24
-2.731153078273796934e+26
-1.285335403773421081e+26
3.070768653730615862e+24
-6.815166121308563741e+26
-6.744851717750828486e+26
-6.789754784770379466e+24
-5.040861212872420102e+24
-3.786307876545765386e+25
9.160674789607033705e+25
5.323258370710296173e+25
-3.913834346066015840e+25
3.914359445977509248e+26
2.040146107480488046e+26
1.611814731582256549e+25
-4.243098896599876585e+26
-7.881082709673912524e+25
-9.622807176997508537e+26
-2.291975018892535073e+27
-3.963495867896736546e+25
1.110001199900320884e+26
-5.627052194577643243e+26
2.600898137348813576e+26
9.728593877684916635e+26
3.051896128235467920e+26
3.248321982888436684e+26
-8.948906107948279317e+25
-8.733530331784148888e+26
7.471196509545899209e+26
-1.242691924212262750e+27
2.332373790769238012e+27
-1.349115185632424178e+22
8.113693577224560994e+22
3.192733380407109616e+22
-1.200086978975566255e+24
3.409761586149112016e+23
1.357440632545605734e+24
-2.553659368958662246e+24
-1.853232607898178033e+23
-1.307613369662842581e+24
4.122865295601330273e+25
-2.351352640816528267e+25
-1.014051782729583482e+26
8.440927915033807627e+25
8.214037927469478614e+24
2.097600658597996732e+23
6.103777936164434490e+24
-1.959992015436522023e+25
-9.622273566526730993e+24
6.455599959056684177e+25
4.091212894628381982e+26
2.028768290909319932e+27
2.853239326276099687e+24
-1.078420510779337498e+25
-3.458141419161881340e+25
-1.363086319282567348e+26
-2.542197270977771228e+25
9.239348482996521365e+25
1.272453539673368562e+27
4.763195776175584867e+27
-4.467276806545409799e+25
2.153698185976278760e+25
1.780360549321524050e+25
7.420158593274386586e+24
4.141630537644137062e+26
1.085583458922294634e+26
-1.211386912859358125e+27
1.024746407806912798e+26
5.826553141895892747e+27
6.596945317853401853e+27
6.409554783703242155e+23
-1.640321014936440590e+26
-1.996878207840812377e+26
3.683216219867667406e+26
1.095413958583424027e+27
-2.146714363974360692e+26
-5.840077072364086423e+25
2.195352228948709697e+26
-3.949588476021273063e+26
3.874050043636103413e+26
8.657494478993333956e+27
-1.720046970703214164e+28
2.512804429644421590e+26
1.164298755750014660e+27
1.058754600104406887e+26
2.528466171395269732e+27
-5.403501265535300835e+26
-8.506056292358972907e+26
-4.948634034439312270e+27
-1.952917616019445014e+25
3.009221014169407573e+27
1.142086542267785089e+28
-9.390311432337499821e+27
3.042688873141047416e+28
3.643357406335195987e+28
-9.121542243453219335e+26
7.769511398605430957e+27
1.307661552092801320e+28
-1.435549539358578378e+27
-8.455049008001818879e+27
-2.773178449942200672e+28
-1.251744557551606928e+27
-3.798793181039536898e+27
4.283009509884194264e+28
-2.654207865942292929e+27
1.936182676243544970e+28
1.104729093567961589e+29
-1.560163993546222644e+27
-1.295147634365523831e+28
1.387554306861443159e+28
-1.802020703654792501e+28
9.582074715429799821e+27
-5.935133213564829712e+27
-1.613278661521246804e+28
4.609686361322166344e+28
-1.547708825072749649e+28
-2.150918680282755176e+28
-7.977260416603202796e+28
-2.141742309655070298e+24
-8.430119962422988878e+24
2.028000056858977774e+24
6.027264789214422085e+24
-4.626805478690366880e+24
-8.351116506628097698e+25
3.067193647680557786e+25
-2.530633701324818318e+26
9.857126359118867552e+25
-1.872303501351712989e+25
1.115342029569154783e+25
-3.164366292642367811e+26
5.333782332360632297e+26
4.143773601736184686e+27
-4.035092648552959875e+26
7.062100604202588998e+26
8.968906003548270576e+27
-4.937391261126390964e+27
-4.207643051503517084e+24
-6.567723500733858609e+25
-9.212070212824516696e+25
7.150218080035454257e+26
1.877153770313724009e+27
-9.541366636877267851e+27
1.415174032028819516e+28
9.990373159318899487e+25
1.275804589126265166e+26
-1.622255111234974738e+26
-4.092015502229976069e+26
-4.180696090834583309e+26
-3.644566418515261449e+26
3.785406842314456937e+27
-4.049056163770936533e+28
1.028422838172454518e+29
-2.727385374322966318e+26
-1.573393296689757065e+26
3.249025584613368055e+27
7.286250898363448444e+26
-1.847720689039524436e+27
2.734484861802887441e+27
1.371815711987722619e+27
4.491314961039082339e+27
1.666461503217999779e+28
-1.632982288265725297e+29
-1.543899045744989460e+29
-7.441657261504113992e+27
6.579194690497680691e+27
-1.284478051505170059e+28
-5.806340731420885200e+27
-4.315679395344285826e+26
1.857662177986743483e+28
3.529415190466881935e+27
-1.880439535002124640e+28
-1.047773456714796086e+29
9.697028696090428235e+28
-1.941282652623061011e+29
2.131029711372866855e+29
-9.778660967068684779e+26
7.024627317801913378e+27
-3.777520412615056021e+28
-3.809963207559805070e+28
-4.830119533830297511e+28
-5.463576121951047778e+26
-7.291227341217400341e+28
-3.956109771646323254e+27
3.453887177398031118e+28
4.658052361120070469e+29
4.705357592238321625e+28
-5.508327608760715196e+28
2.856095178643306759e+29
-3.191726853182564928e+28
2.050804063424455322e+29
5.790252305971293931e+27
2.104633890166858351e+29
6.482235068136770014e+28
-2.675760242226712293e+29
1.920298245195072182e+29
-1.923994678647355795e+29
-3.430205907929328597e+26
-9.986709804464053154e+25
2.471559258418087455e+24
-3.474937969370266093e+26
-1.781583923585243464e+26
1.700398800778214348e+26
-2.132253347079144283e+26
-3.905240346172625156e+26
-7.946977702464020764e+25
-3.949023478646934817e+26
4.744600108488168749e+26
8.031135315947129396e+26
-9.378678118561619138e+26
1.561605421215240894e+27
1.127370542670530535e+26
-2.456165001796730604e+27
-1.238105030892801868e+25
3.003458006356934229e+27
4.376578996287875578e+27
-9.024606528414873115e+26
7.132987891292714896e+27
1.461953605089597082e+28
1.374703922117155161e+28
-4.755893664877855610e+28
4.691948159388459869e+26
1.151278757241932011e+28
-4.622551139547047997e+27
-1.413618261126327693e+28
1.183837328399772853e+29
2.969571829114241677e+26
-2.638182321416559179e+27
-3.480981206961370553e+27
3.011628494485525644e+27
-3.035688291832706123e+27
-4.364566279860441953e+27
4.809988255007498118e+27
-4.645594465953085696e+27
-1.088865170629975559e+29
-4.300616210731880108e+28
6.478095685172974875e+28
1.006647310453541640e+29
2.161145537963362293e+27
1.025407786785680504e+27
8.979049700184318542e+26
-4.238468181561179604e+27
-6.750127394682557834e+27
-9.817786065782499722e+27
-5.716333111845308839e+28
-1.061487598066754499e+29
-4.808478513263871579e+29
-1.409920831761814493e+29
-2.040188055149893657e+27
-1.524879219147737720e+28
-6.800786553720297082e+27
-2.120153491739410033e+28
2.521306708768437837e+28
6.307831825534041965e+27
2.589565133913783170e+28
2.682650080208079146e+29
1.052563605025301656e+29
-8.109375808575242052e+29
7.667726628282551597e+29
-2.975806604751569899e+28
-2.421923956611207330e+28
7.118601676812882222e+28
3.813026462497342088e+29
-3.156074291976909010e+27
3.412384930133295333e+29
-8.595290810905711191e+29
-1.045202875878554968e+29
5.364167993603776571e+29
1.046725080256225788e+30
5.295360232757460679e+29
1.547582570366114679e+29
-1.338990338030303617e+29
-1.843449447566265993e+29
2.474061455966905252e+29
1.070013972985174748e+28
5.043558478120054613e+29
-2.728651260200355394e+29
-9.077384241500121102e+29
-3.879198107387321922e+27
1.633171161608256189e+27
2.612791319303987137e+27
-1.026916483745502948e+26
-5.231744541041855296e+26
8.055262181441531451e+27
8.035254308386397950e+26
-1.390651641446588898e+27
-5.001763415981540245e+26
4.724513618657347201e+27
-1.189447469058489285e+26
8.835548992890757849e+26
-2.306855659010926024e+27
-5.046712727144006994e+27
7.865576855845841306e+27
3.542807423498305903e+27
-5.504521324135667540e+27
2.527679966116950887e+28
-1.636737177359269867e+27
-2.245573548631545896e+28
-9.549429288023711583e+28
1.691730958284834220e+28
1.767545846636794098e+28
2.513572017513011997e+28
-8.990230632622002356e+28
1.594473351256181670e+28
1.489376887756455072e+29
-9.883058592071742634e+28
3.022406232982479176e+29
-3.397600940531958846e+29
-2.383750281471856641e+28
1.134279832786162530e+28
4.443280582008443685e+27
4.727231564020548083e+27
-6.870861048899763163e+27
2.505986082483779466e+26
7.033167840149892170e+27
-1.981046738679397578e+28
1.103392679674110427e+28
3.966930967836507974e+28
-1.193038982300243970e+28
-2.931558273426342733e+28
-1.534869261151207308e+28
3.099976240741189350e+28
-3.185049910128915182e+28
-2.063087854350375616e+29
-8.386794854869718951e+28
5.370228719163386284e+28
1.180156838786643589e+29
3.452640268016449412e+29
3.460076408743933999e+29
-2.213009683699401174e+29
-4.941943679712086129e+29
3.902096037403706023e+29
-2.851603721505519096e+28
-1.473637562976149891e+28
-4.872322241245655983e+28
-1.723094300099870465e+28
7.164380252583892070e+28
4.248262247111963929e+28
2.551501771596676330e+28
-6.603160576602722099e+28
8.524460141670755752e+28
-3.326430134256071645e+29
-2.349036909484914174e+29
8.320298664369347452e+28
-2.059792077010651948e+30
1.837414942413087315e+29
5.872954346350950038e+26
2.648429021138518021e+30
1.414934287472554779e+29
-8.955984466772786076e+28
-2.451197160654073231e+29
-6.424377267124129621e+28
2.006415966290990367e+29
-1.971448551742785730e+30
1.020074423991487635e+30
1.543523823736069379e+30
-1.086541001353931911e+30
-1.871165212339216689e+30
8.837057713979104704e+29
-2.717371557323749323e+29
9.180406730941445960e+29
-9.904557377897057939e+29
-1.019864428462834622e+30
1.626645112174255779e+29
1.134718770712289883e+30
-1.253881095885969427e+28
1.457325256754235622e+28
-1.458794099795804799e+28
1.960884196371523041e+29
4.818457108190473875e+26
-1.680674780042222592e+28
1.674680249261512460e+28
3.144059724340513181e+28
-1.473010693662946850e+27
4.210871690905576111e+27
4.212018911434441821e+27
4.589467805763614159e+28
5.331240906920776617e+28
4.357684256941020249e+28
-4.014060183608506297e+27
-5.757635790182948096e+28
9.300187033151301037e+28
-7.775938385016246121e+28
-2.835943435426914970e+28
-1.039330846467808063e+29
-1.212230773990567543e+28
-1.275146667470726312e+29
-6.127856942338457375e+28
1.374066666345609938e+28
-1.077392338037290267e+29
1.653843455224645330e+27
-3.203172745244893400e+29
5.840399802857411559e+29
-4.522749216933315038e+29
2.228261446260964952e+29
1.043062100695846328e+29
1.507783991925765355e+28
-9.226541500746827480e+28
-1.474727990520143880e+29
4.565110447579476800e+28
-3.302360655080579956e+27
9.010989731405362619e+27
3.240777017356021924e+29
6.087426230313652339e+27
-2.492293832004493361e+29
-3.061296890076586899e+29
2.706127697898068487e+29
1.087902918229461696e+28
8.258103637822428640e+29
2.853958311814807672e+29
2.202564165071764570e+28
1.925329510160280763e+29
-1.935725075793023216e+29
-1.186806188261330679e+30
-1.749631988672670336e+30
2.544346854494234302e+30
-5.695670789225365276e+29
-1.314817751508272627e+29
1.808141995023682402e+29
5.186282241640490356e+29
-9.812781366978907763e+28
2.234305241755834602e+29
1.983256558383461547e+28
4.760428071829734826e+29
-1.375544232949027299e+30
3.477935724280584488e+29
8.573967084689950458e+29
-1.825549416382481624e+29
6.101728023641144392e+29
8.080168964050692980e+29
-1.403112052510117450e+30
6.549639731285770761e+29
1.076202664308933304e+30
7.261561972012270867e+29
-1.564666936968984097e+30
2.469061683031803225e+30
-2.386979891583754129e+30
6.391734351778572659e+30
6.033031813712728900e+29
5.400325671548483221e+29
-9.481122917283700337e+28
5.638450184387523105e+29
-1.202030015607107378e+30
-8.475233532723121033e+29
1.556880217192070590e+30
1.297226721100894133e+30
1.333326961675904727e+30
-8.174287191892084557e+30
-5.323464876332380428e+29
1.133077737093481930e+30
-3.135918351838194684e+29
-1.694761805753189478e+29
-3.216162923640110772e+29
2.699593377154943850e+29
9.343845510600623889e+28
-3.657997958309096739e+29
1.670122357405380671e+29
9.343602867848335600e+27
-5.096341263399896079e+28
-6.031984867903946947e+29
6.545852524400921895e+29
3.710882962346353693e+29
1.610899485991642362e+29
4.193590079595023797e+29
6.406459947168683286e+28
-9.486938099927659998e+28
-5.659806217603467921e+29
-1.666937830699474600e+30
-1.080815163428838229e+30
6.271214355790118384e+28
-5.163146121457883421e+28
2.415057322053484201e+29
-1.074676373312202241e+30
-1.038899394537045934e+30
-2.257495543462600906e+30
5.730380249857862394e+29
3.670517472789924432e+29
3.814529783433338042e+29
4.617308550896488882e+29
-1.264983908862040079e+30
7.399434112961389656e+29
1.061361664823406577e+30
1.439171715917030538e+30
-5.318817728235022565e+29
-8.674414138442019537e+29
8.893250130641813434e+28
5.340152265579120826e+30
4.995845498746855962e+30
2.157302812526961846e+30
-2.681036706535085467e+29
8.332096881889434576e+30
-2.769779017737834521e+30
-2.877870347644137990e+30
-2.683037186910466878e+30
5.318991996138861929e+30
7.486795813463787102e+30
8.171113349347942069e+29
-1.920207670152674762e+31
1.404545677951218865e+31
-5.817247343183269073e+30
-8.708763617886850332e+30
2.418583763291684394e+30
7.963004187086317669e+30
-1.530056689796445566e+30
4.433999763916073472e+30
1.472377452089607847e+30
-3.366032969835438419e+30
-2.854850715454719540e+29
-2.071022837060940404e+30
6.448322823911603604e+30
-7.698076538436841230e+30
-1.919826455224439603e+31
3.246796594918031080e+30
2.153229727604645319e+30
1.037085047771962037e+30
8.003683613490457541e+29
-1.073742039478244410e+31
-1.383376369652997725e+31
1.065175936738757272e+31
4.252911154628729602e+30
