-1.481056161500025600e+16
9.694707203441686528e+18
1.054177893904349102e+20
8.633532419315736248e+20
-1.068624943579917189e+20
1.811822769408741999e+21
-1.098157039735113620e+22
-9.910317899090074429e+22
-6.582581689078546799e+22
6.574959537534315520e+18
-2.834593248654982513e+20
3.223319861279010980e+20
4.040078567058928828e+21
5.317896711927359970e+22
-6.254466202357297232e+23
-4.286433914796627722e+20
2.035524536620537644e+24
1.494467668923658837e+24
1.944037467451476869e+20
3.450054396623801811e+21
-1.206768592732520710e+21
-1.849212442508784189e+23
6.878244705034257721e+23
-1.519488363458701912e+24
1.982031625942378228e+23
-3.235865071469381745e+25
1.360804744426184086e+26
1.353887444585142551e+21
2.125333743917139409e+23
1.094028580293030713e+24
-9.593433378054279413e+23
-2.518763730389409873e+23
1.411793271641988110e+24
-5.331414409651111896e+24
4.091397805891917049e+25
8.794684433726128794e+24
5.145616566971243578e+25
5.232953932942137098e+20
-1.223209095636552327e+23
9.907856215699863529e+23
7.835278771132076497e+22
5.379936223918923648e+23
1.080986053056008936e+24
2.192434462334993387e+25
-9.471378675819090488e+24
-7.894393534122267916e+24
-1.568978442262271286e+25
6.517624221576713461e+25
-7.091610947655496452e+26
5.588024511157873148e+21
-3.359292112456596995e+23
-7.876815876386140895e+23
-2.659065885324753844e+24
-1.147352484361309378e+25
5.346967380362410773e+24
-1.184637909108594224e+25
6.808308048316977302e+24
-1.567195434472203484e+24
-1.861663902594535483e+25
1.936538572986805014e+25
-1.758266299225532214e+24
-8.803916954340035766e+26
-1.307616390613644081e+26
4.828054322430741158e+22
1.273638285169478506e+24
-1.246236694619126121e+25
6.462502944726990243e+24
1.373687697430379192e+25
-4.709057192976634612e+25
3.663003662210653602e+24
-2.722159294504890889e+25
-1.296618206462083320e+26
8.489728744345462794e+24
3.503666275077728463e+26
-2.200518539060242511e+26
4.137824439020761840e+25
-6.057573571398142025e+26
-1.067059594035752533e+27
-2.211949186815397431e+23
-7.354457224145647719e+23
-8.306264594475318492e+25
-1.058774744080385978e+26
1.336892703298137884e+26
8.169113419018908264e+24
-2.626691007362131134e+25
-5.589222478553604699e+26
-2.355211385843199364e+26
-1.390478288552763725e+26
-3.745673921336764178e+26
-2.937417027921382230e+26
7.877105592636745367e+25
-6.176681491060335995e+27
4.871746092616235614e+22
8.753741325612127042e+24
-5.066601993611525759e+25
1.176044380423383538e+27
3.206325971389940915e+26
2.299099279470519554e+26
8.776817441471403043e+26
-2.844245491533588283e+26
3.210474517770301130e+26
-1.518906562321543396e+27
-1.743280072077515442e+26
5.847832887210909606e+26
8.770614066012051152e+26
2.524718203394080113e+20
-2.802658064284258402e+21
5.758081319781316690e+21
-2.086439874155374906e+23
3.696463912568522958e+22
9.057167656097813962e+23
3.378207654990261749e+23
-2.826623275232570066e+24
8.087951874925033370e+23
-5.747126437431672467e+24
-1.231357064040851524e+23
1.116237011876201876e+25
-2.662707529420619759e+25
4.126092741532325151e+25
-1.972529836470626625e+25
-3.892859048784172015e+26
-7.124039386417958434e+22
2.357978493997170788e+23
3.797748661860358053e+24
1.248007092329022294e+24
1.074980388364518035e+26
3.684636565108184907e+24
-2.661742511140324996e+26
-1.659874283992456207e+27
4.071269529531899946e+24
-1.202137135030506273e+24
-1.266091887885513494e+25
9.572239890693639518e+24
3.580176630853131454e+24
2.609685698665534247e+25
2.767495570892425436e+26
-1.994361138875221395e+27
1.125330886899191049e+28
1.453200378993338336e+25
-3.329182653231660207e+25
8.538953272557353168e+23
-2.329517074606819837e+25
-7.455391614732975898e+25
-6.549981954409685370e+25
1.304067095274121510e+26
-3.172465009702336309e+26
-8.966396080384274858e+26
1.938904239725878472e+27
1.128866910000337526e+28
-1.583706619304669191e+22
-6.012378762503366577e+25
-6.534760707050205335e+24
-9.239732195132848293e+25
-1.800372248398942127e+25
3.231178337096813411e+26
4.513125467073334010e+26
4.756516308182594190e+26
1.028721187561182086e+27
3.349464913042129409e+27
-1.282917335351692406e+27
-1.072254034088903811e+28
3.384462347800328175e+27
6.156017253780118980e+24
1.984212559613240212e+26
-1.585706412478807820e+27
-3.651264618728981987e+26
-4.173940140730212514e+26
-1.167755487737547641e+26
3.792735975063631532e+26
-4.403825036781714327e+27
-1.180510683583905222e+26
1.175784052587095287e+28
4.786606883309367270e+27
3.822343387155386363e+27
-4.464942697842013824e+27
7.875533306356663335e+27
2.688438603505142783e+25
-1.452750570458977376e+27
1.883480860316841151e+26
1.072573832733786618e+27
-4.583914688365138586e+27
-3.011509967187362873e+27
2.287255421080659708e+28
-9.187501260925799324e+27
5.720120326325529054e+27
1.081572643122815471e+28
7.635284783491025844e+26
2.811765794373995829e+28
4.724872043539871022e+27
-6.143791432278215785e+26
5.092537737384120042e+27
-7.296251460150638322e+27
2.074034667559907025e+28
9.956950193970280242e+27
4.438176817652818202e+28
-1.091322403047152771e+28
2.259218288227582306e+28
2.684473910179099230e+28
-1.528630834811296017e+28
4.342236294187581146e+28
4.678186299704164309e+28
8.444271362412776941e+22
2.186195456883023717e+24
1.588943872202362384e+24
9.138766777268164220e+24
-1.986043191569049935e+25
-9.806222668980422059e+24
-9.938286645039204309e+24
1.940965000609827527e+25
-3.633715743096616091e+25
1.199668559428914235e+25
-1.178697470032177005e+26
6.008056138032676449e+24
-8.151519719005869972e+25
-3.435919633660707213e+26
6.830055530768184172e+26
6.979107378809955218e+25
2.237982642917547927e+27
3.818122501544503559e+27
-2.092729178335484427e+26
-2.799225623682928386e+27
-1.061881543214328766e+27
-3.701589546291453643e+25
5.925360123065095754e+25
-5.919768901978928542e+25
5.658252967709556305e+24
3.676503038213938544e+26
3.174853693010515879e+27
-1.488675363407696396e+28
3.278190757137745319e+27
1.133693804202401885e+26
-3.277922281531880553e+25
8.581696270158227603e+25
6.773264114444482237e+26
7.119770263128975081e+22
-1.711462610107229443e+27
-8.961595934622110509e+26
-6.411778677943929224e+27
-4.603904016121262241e+27
-3.782383616738487073e+28
2.648404889984607041e+26
2.488207280259014760e+27
-8.926224867360635938e+26
-2.735821974792593038e+27
-9.342003707878386018e+26
1.229929066166100696e+27
1.291333378043657857e+28
-1.215970566167113532e+27
1.555883509316730149e+27
-5.576670924925041832e+28
1.473302601118299090e+29
2.441854822055049945e+28
3.356588562139162939e+26
-3.797941418708036905e+27
1.210489819738175403e+25
-8.865245052999972083e+27
-3.209397800705031610e+27
1.346575433054127902e+27
-1.422320763216933266e+28
-5.709074395195016301e+27
2.251438281086812156e+28
-5.732791050083467298e+28
-6.158509448217098897e+28
1.533836082350662513e+28
1.387592092190012495e+29
4.951037190360641308e+27
-2.256564431249816408e+28
-4.208719299581217030e+28
-9.084333668608946612e+27
-8.095261653251415782e+28
-2.517787200681621888e+29
1.639773422256987529e+28
-2.958831832969375954e+28
-1.621439400766131766e+29
1.955304180296152144e+28
-1.360598157419524123e+29
-3.310103833564342841e+29
1.995907024312715265e+28
1.106529016055726835e+28
2.238928728215202084e+29
2.500032022385559181e+28
4.020769952485250605e+29
1.290920733471417237e+28
-8.139622434339729017e+28
2.277059323595370777e+29
9.030260219643664401e+28
-3.470195187384111816e+28
-2.041987313908090360e+29
4.016862217335001594e+24
1.849437499555637479e+25
1.948765326081323150e+25
-3.639878676915111557e+25
2.526285591354184844e+26
-5.097540505935900718e+26
5.931888142836117415e+26
-5.656738142698159923e+25
5.388656065070717425e+26
5.914233238144441096e+26
1.993629727998297843e+26
8.787744693041528209e+26
4.068445053276701481e+26
-1.575198066004807388e+26
-2.409555461486041872e+26
4.910940523316723145e+24
-2.481516013216268536e+27
2.803252683295483440e+26
-2.290539622020665842e+27
-2.811280590559359163e+26
2.642690351695452048e+26
-6.110743799998469218e+27
4.265419169974347192e+27
-2.589507020274980032e+27
-4.579177843163494845e+27
-3.602944742361691087e+27
3.414096028140810216e+26
1.920489778264431053e+28
-9.256160175322960376e+27
-4.369663332537154958e+27
6.461623191728889658e+28
6.888373059026046100e+28
-4.816554732388142675e+28
1.952199327403505756e+29
3.241850605661486008e+26
-7.122188540233693304e+26
-2.919070079890486692e+27
9.953017231495387986e+26
3.068528139643629933e+27
2.228078470727119699e+26
1.358449663820654184e+27
-4.699106657131994408e+27
9.881065992544034705e+26
-1.527805807822783015e+27
8.556573151585056889e+28
-7.080021367267968679e+28
1.236062376928097094e+29
-6.993000968030356104e+28
5.451124021580541694e+26
-2.292316916704509227e+27
8.668994327293818384e+27
5.182339624522520847e+27
2.430216733722119413e+27
1.284816121582916775e+28
9.590673931705848716e+27
8.321023767392590627e+27
-3.508474193365767861e+27
-8.747605963420916662e+28
1.699462965107862069e+29
6.883329941907335991e+26
5.656754114229994849e+27
1.154581798306425015e+28
-3.008013170175624455e+26
4.078192811370343560e+28
1.129264703914760403e+29
-1.933830575860621029e+28
1.530487297223350783e+29
-7.182042992105780466e+27
2.544721299790994439e+28
5.240383238482906628e+29
2.745871325749134139e+29
-4.098969624616557970e+28
2.348804276793331695e+29
-4.384040137584756287e+28
7.804178251475456871e+28
-3.039958426104745178e+29
-4.078363437022052683e+28
2.114831925754661484e+29
4.313911871996126713e+29
-1.766192551574608793e+28
1.725472061388175287e+30
5.656633909166590120e+29
2.554624149601638963e+29
-9.916603310072885315e+29
-3.890602762361372419e+28
-1.609178835681438454e+29
1.403051221907767455e+29
-1.991241138499635410e+29
1.235470718634649543e+29
-1.136117605773323256e+30
-3.056397907031449886e+29
1.547062532097273476e+29
5.043053921000480182e+25
-4.084716030820779225e+25
-6.534532814854047254e+26
-4.028725789778608149e+25
2.266309752568228758e+27
-6.937136896037760425e+26
2.570986923461934065e+27
7.606884626014107002e+27
-8.654044629764157948e+27
2.810474729861974445e+26
-2.853835194041127313e+26
-5.213310715684152111e+27
6.339774135305201244e+27
-4.338167571909185629e+27
1.332102357677851354e+28
-5.208634781259598671e+25
-1.385309372522070657e+28
1.177600404224402974e+27
-1.416954046838508964e+27
6.584368366417100775e+26
-1.183456724381899482e+28
-1.881585276583933838e+28
-1.566543291307216153e+28
-8.640969098797870380e+28
-1.949918288646472381e+27
6.042527620861760880e+28
-2.500546938260462346e+28
3.570304421990574846e+28
2.045692378222566681e+28
3.743263476992895593e+28
6.305803375025404253e+28
1.667063645984484118e+28
-5.388296819559815373e+28
1.841932858703351589e+29
9.770403411216799720e+27
-1.623940253120811884e+28
9.413561879173901646e+28
-6.384225751268463564e+26
1.535860018839535407e+28
3.141823355011151418e+27
-2.912232754067324543e+28
4.779191751312795984e+27
-4.045308197603801172e+27
-1.603110365166829851e+27
1.069904190558841793e+28
2.408829743480900689e+27
-1.508079807127398021e+28
3.708965661001494617e+27
4.337075288336445228e+27
-1.736666559546096989e+28
-1.872885354009453677e+28
-2.408773460834868760e+28
-1.411236535725284485e+29
4.768652555151155942e+28
1.344942772046868510e+29
-1.900301865815552880e+29
6.967842804866085238e+28
-9.809979372232931712e+28
-1.991472760278861953e+29
-4.013889682773697216e+29
6.694803769244275519e+29
2.708651539830367784e+28
1.024670931929073815e+29
-5.653860768834473241e+27
2.197771485457596700e+28
1.827333055496670652e+28
1.533641496329737033e+28
6.581388610660547101e+28
-9.221668468073439430e+28
-5.695673079739855068e+28
1.324823488017681497e+28
9.183712927761942562e+28
-7.088004204701217495e+28
1.717417870983504753e+29
6.624644222769132521e+29
2.303458683211793203e+29
1.984652663301582968e+29
3.878004759651067626e+28
-3.952121284896270000e+29
4.825685911278212903e+29
-5.938579904984108817e+29
3.519613374256540981e+28
-3.366078581635947336e+28
-5.949782598150098799e+29
4.082008249876376219e+29
-3.464808701773415957e+28
2.210899681242636646e+29
-3.917904459511626126e+29
5.134641313539420762e+28
-1.496258469392237835e+30
-2.698696299383395203e+29
2.448782118736062028e+29
-9.178805397034992289e+29
-1.527925230533521321e+29
-1.419260465884389214e+29
3.695008222698213308e+29
-4.127970948268169282e+29
1.420552868417338896e+30
-4.862359134387353518e+30
-5.164871930913088127e+30
8.484792426241719072e+25
2.569472312322185034e+27
4.805248733778386867e+27
-9.706282665171002511e+27
-6.138657279644313668e+27
4.354193140949470104e+27
-1.349783208684780279e+28
-1.032062366144963448e+28
-2.228427027441313508e+28
3.047377290057327383e+28
8.545451918671326163e+28
-1.130732131754724710e+27
6.482412845739500424e+27
-2.539296925974098778e+28
5.061453421354663754e+28
2.206001590236048091e+27
-2.004846948908427758e+28
-2.230315569679957175e+28
8.369935588962666902e+28
1.018033714135022624e+29
-2.486448909890942691e+29
-9.006231978457091623e+27
3.935600376849214579e+28
8.507972026495312339e+27
1.617850497400311589e+29
-1.255238826957147214e+29
1.500481532536915719e+29
-2.814951462694653222e+29
-4.472019181200384646e+29
-2.787249610739048374e+29
3.623288938310943788e+28
5.432462288573674467e+29
1.491593650393148787e+29
-6.827382906227498032e+29
1.119265947894512981e+30
-2.935780866923024929e+29
-1.116766407409449407e+30
-3.644574302111326767e+28
-9.284559620576803880e+28
-2.900518039797360955e+28
-4.045667438390806189e+28
3.493156131482478848e+28
8.859176445225596934e+28
-5.216511460004607843e+29
-4.398585258904044177e+27
6.698664659854723582e+28
-2.732638680673583385e+28
1.723709263917336046e+28
1.654891009191716015e+29
3.411779493571455308e+29
-2.410485460214447627e+29
3.914303991311225367e+28
-5.923173646609210085e+29
-6.507568565575776274e+29
-6.002295550336015379e+29
-7.978474784420765464e+28
1.903883511988956285e+29
-1.231206529698551612e+30
1.460281237879604750e+30
-4.977903850912030446e+29
-1.356160309254625687e+29
2.435101429899599706e+30
-1.379003313643679891e+30
2.862721878303773760e+30
1.220624221607899914e+28
4.793503595305446373e+29
-2.611388670406706764e+29
-1.182170741470775575e+29
4.723178188146325050e+29
-1.805614393409941647e+29
-1.354199121466890723e+29
-6.194042086178542743e+27
5.094560816130351930e+29
9.350206163785172692e+29
-2.310428208451518527e+30
-6.525234580413596422e+28
-4.556759972878223007e+29
1.814755347426455107e+29
5.137657418908884686e+29
-8.495343300025177203e+29
-1.684438862190692454e+30
-4.869841443718110795e+30
-1.098445957880640667e+30
6.800778437670588590e+30
-2.594548760453688130e+30
5.156621415928257578e+30
2.192480554951779392e+30
5.132797940553516927e+29
7.998987845813923988e+29
4.658201944396717864e+29
-2.473721641168773221e+27
2.253744353180047289e+29
-8.099735570692842968e+29
-8.831342732957683041e+29
3.340700775518284230e+30
-1.798427124183400184e+30
5.476873785513101781e+29
1.329216421105438157e+30
2.091063888414026990e+30
1.518204133260966543e+31
-8.790537766474194983e+30
4.906904452552620741e+27
5.397936303150941178e+28
-1.410368057341760700e+28
3.754016234664311306e+28
-3.126232304580526383e+28
7.623112407313644326e+28
5.042333890856263659e+28
-4.521355850611682881e+28
1.332328983463403495e+29
2.942869003978928478e+29
-1.157032677242082768e+29
-4.885218793886541232e+28
-5.495839050049714063e+29
1.030950070439301986e+29
-1.997267277780711910e+29
-9.283262515322506867e+29
3.313676632515758395e+28
-2.076187145366618610e+25
-2.928318010651535880e+29
4.383126778295218965e+29
1.428471812385164011e+29
1.902025864275319115e+29
-4.207849027617902070e+29
7.909851793653548764e+29
-3.938312223483083881e+29
1.913620277514193951e+29
-9.797674629232393310e+29
-3.592554659200157800e+29
6.871618718491910743e+29
1.117077869516792370e+29
4.269701494502317444e+28
-1.474370954652699902e+28
1.259573083002272714e+30
-1.622784132627520397e+30
1.585347277172861446e+30
-3.411829609708042233e+30
9.839839706851208619e+28
-3.010889874859072687e+30
4.053084154460922017e+29
5.542101042566330606e+29
-3.595141175659021444e+29
-5.685513540270863654e+29
-8.798059923726922655e+29
1.083034372401536795e+30
3.383967694706284945e+30
2.332366109014999199e+30
1.043921898348026556e+29
-5.104940996081708442e+29
3.393529187823995743e+30
4.643042504509594246e+30
-5.181424726969727024e+30
3.196498771455574575e+30
1.546687888746229244e+30
1.747973416121847311e+30
-4.617323351609875601e+29
-6.846853597113649340e+30
2.071391043342251727e+30
-2.707413791928758055e+30
-9.140993046848800004e+29
-3.736151788545663662e+30
-5.030592947137974208e+28
1.683811579431434065e+30
2.622721110468308703e+30
-1.863893438568886431e+30
-9.828306652160426476e+30
5.973378768413487878e+30
5.824800407038105777e+30
-5.897987747132718790e+30
-8.145279345621123908e+30
4.867477503842878563e+28
2.070899564649005040e+29
1.982124403889665936e+30
3.615386671700167223e+29
8.609060102054945107e+29
1.329838812989382364e+30
-9.957788237740621343e+29
7.068274625157856471e+29
-2.087520239767404670e+29
-3.674709065847643008e+30
2.349258506947846525e+30
1.086200054263617651e+31
1.400388072109251481e+30
4.024217016304862927e+29
1.634947670905694323e+30
-1.519487005856312984e+30
-1.439224267717119093e+31
-2.478011337898385410e+30
-6.033679746781049141e+30
-8.871446424140979394e+30
-6.560114960209547705e+30
2.951088390383823270e+31
-1.723267178459163582e+31
1.143715113595885052e+31
3.777397220543154059e+30
1.853376074086308829e+31
1.556668160990698359e+31
1.755671711425262107e+31
4.299309605270854553e+31
-2.139294759614871659e+31
-9.425941629860713466e+29
1.961705272992178658e+30
-5.255488166916708349e+30
3.062225020382872190e+31
1.778995508776731442e+31
6.283959289254247848e+31
-2.450316343063561535e+31
1.087075497524489857e+31
-6.304150143088402845e+30
6.077114649932168192e+18
1.345554067015980483e+20
-1.356522500252862513e+21
3.614454327160973558e+20
-5.775495680511543607e+21
-8.110133625331007881e+21
1.100467601423669920e+21
2.913390637735178194e+22
-4.625905351174095503e+20
1.358463913826412659e+22
5.710364544472539202e+22
-6.913277032690314379e+22
-3.365447730786881986e+23
7.388306782572332890e+23
-3.565472062464745483e+24
1.059069147377329966e+25
1.164399739600434207e+22
6.029716880927834400e+22
-8.556452615176878817e+22
5.944199307802311236e+23
-2.674292589642003423e+24
-7.036537694441829051e+23
-5.719037518810309947e+25
-5.308900400701248182e+25
-1.654094913475509244e+23
4.125691119311260117e+23
-1.482483172977483197e+23
-1.592930255132453872e+24
1.894117313290712191e+24
2.697964413957814543e+24
8.678670419057673150e+24
1.099365222617648270e+26
6.546824197987321158e+25
-3.129840341562316208e+23
1.826303736421977126e+24
1.169925126589608704e+24
2.049916107399255606e+24
1.545599744160058139e+24
9.046266871694664940e+24
-1.027702036741374773e+24
1.890985786466225906e+24
-6.816302579696427724e+24
4.860128631340255739e+25
-6.074615154087296162e+25
-5.801395025770382675e+23
7.515058948845952351e+24
1.119059923739107884e+24
-3.171912038379522611e+24
1.115087628990103617e+25
-1.754016812668738915e+25
9.254938836117275284e+24
-5.925170189966018204e+24
2.395810469465316889e+25
-1.813026133547570518e+26
1.871833822536875926e+26
6.491043244791768592e+26
-6.033421969830715691e+26
-8.827015641906225034e+22
3.193227707850688746e+24
3.162620099464349154e+25
-1.145861249896784332e+25
2.307985983026687178e+25
-3.363195378651133179e+23
-1.550121031641918741e+25
-1.106693715832642316e+26
2.337146307206301927e+25
-3.329687827642691240e+26
-5.900118873075963038e+25
-1.858636595187739009e+26
-1.414247108380058754e+26
-1.967914500428594925e+27
-1.556211421220146549e+25
-8.469333325343019224e+25
-5.731872757944056732e+25
1.408795914717360713e+26
1.132105532298656306e+26
-3.321163771313117824e+25
1.550209788424086175e+26
1.940592059274877278e+26
-1.900430010299022257e+26
-1.269732208855549034e+27
2.821228711129159359e+25
-2.311189975812664470e+27
1.158233316045856092e+27
-8.386242670920666215e+24
-5.268462956677121240e+25
-3.951179425223320349e+26
-1.090948560540086837e+27
-1.052379073733748721e+27
-1.681323966659061633e+27
4.147038989638698523e+26
1.914358796278783134e+26
-6.392187281798186307e+26
9.412550956749207959e+26
9.894949525781272637e+26
3.803961654639810124e+26
3.571558397326823260e+22
1.418548580024263041e+23
1.169140000119623978e+23
-1.260153789306193888e+24
3.285099043751442577e+23
-2.880903102101095463e+24
-6.633442640467953556e+23
5.587992943911801549e+23
-3.605855958849951732e+24
2.162128090231012818e+24
2.044323126385513594e+25
-1.804194282775783314e+25
-8.838655351387676687e+25
1.771820686900925730e+25
3.282159655099469660e+22
5.873530622082956288e+24
2.355509661631951820e+25
-5.076881186363017013e+23
-1.712945412477904718e+26
1.169589116248874984e+27
-2.357781414188082956e+27
-2.717470620588605228e+24
-3.411122372857845777e+25
3.952880230411693149e+25
9.772094875079005174e+24
1.204533198224304026e+26
-7.832429562614815218e+25
5.937961783377540439e+26
3.178169318041877947e+27
-2.109057043615682724e+25
1.479328028500306255e+25
1.127647946018907855e+25
-4.392896675426601304e+25
-4.758253751185929876e+26
8.107061147370670346e+25
-6.094440396231944262e+26
3.492511235474307282e+26
5.729837155880437684e+27
1.468963897611493091e+28
1.018212935404440926e+26
1.406027981740192185e+26
-4.058237353691283014e+24
1.389197286932621002e+26
2.566107820440947851e+25
1.359065923633038409e+26
6.846020066716466524e+25
2.404143596723402763e+26
-8.396852929257705770e+27
2.659838662867008380e+27
2.166595065248670090e+28
-7.687082651298225378e+27
-3.854545371602787560e+26
9.263599906010121216e+26
-5.853291051868441355e+26
2.712715797727657386e+26
9.453581853818196007e+26
-1.182384255194841505e+27
7.893030594485910062e+26
-7.249624244898484798e+25
-3.942170804283418103e+27
-4.438758388449538971e+27
-2.093868946996486475e+27
2.437264488165127038e+28
-3.179772135139668424e+28
-3.631455986469660721e+27
8.083036488803906566e+27
4.856400803362444422e+27
4.782758016667732926e+27
8.532594008760469016e+27
-9.154896068773924955e+27
2.099573778549700851e+27
-6.435725244798237947e+27
2.306196045017747448e+28
1.687859283444895077e+28
3.524809130516840130e+28
-3.889272697938616035e+28
6.402300938383251578e+27
-4.025082047787116932e+28
-1.156783565280215654e+28
-1.164504090247060720e+28
-2.719869971441592484e+28
-1.141386167056740445e+28
2.699484274588495240e+27
-1.149351022335556125e+28
-1.804574685719047051e+28
-1.105741673083679063e+28
3.594455187589716463e+28
8.108694152342908269e+23
3.716524313517561781e+24
-1.083372435816910996e+25
-9.816667461607911248e+24
-1.784872853051449289e+25
1.048865628100211109e+26
-1.857695600406366473e+25
1.279495809465146518e+26
1.096569149190660687e+26
-1.050666685628696581e+26
-8.000365344039845826e+26
2.952552948946060931e+26
-3.737333122402940141e+26
-9.876324160315830878e+26
-7.833909692895585639e+26
2.781118142104053342e+26
4.852137969910125456e+27
-4.014507207056867194e+27
2.370458994901521861e+25
-1.538753063885709344e+26
-4.209544082334538126e+26
-2.317436598292884461e+25
3.397304703622014024e+26
2.465137465791672757e+27
-3.917553833897756836e+28
1.056391666915218599e+26
1.439547072909107628e+26
4.888406225077372293e+26
8.358629462275707650e+26
-7.564024890077871460e+26
-3.553692385880201853e+27
1.538080112648412037e+26
-8.745375859500848314e+27
-1.194876401945601273e+29
-7.053740927013186308e+26
1.256382611481606259e+24
-9.863538896479437554e+26
2.067087318181105424e+27
-4.129247672619638630e+26
7.295883146015251930e+26
-3.745927778754875497e+27
-2.364975755995425702e+28
1.484384535313196373e+28
1.379650930298832426e+28
-1.384049609722691253e+29
-2.041449559083940710e+27
-8.877211518643470957e+27
-2.832710705436711396e+27
3.807505804463504783e+27
-8.708827030154716283e+26
3.136679906384654711e+27
1.802647427101096877e+27
2.531403146185634595e+27
3.697702185661622745e+27
7.829427947759259845e+28
1.089136626923828582e+29
4.695653982345232423e+26
-5.611096412593368081e+28
-6.026451863698599141e+26
-2.681773661753173765e+27
2.066817228203961357e+27
-1.002269710628257260e+29
1.601815328871374370e+28
2.493727804590228352e+28
2.701592999729169926e+29
-1.223550537825108273e+28
-2.377647974045034509e+29
2.007129423865007995e+29
2.016619209762305660e+29
5.780963421442859983e+28
-3.957916967840068869e+29
-2.828415805833065228e+29
2.129772367360425113e+28
-2.524977609755845191e+28
1.389249772814381445e+29
3.446676912857983465e+29
-4.266578235959410787e+29
-8.507338313824839214e+29
1.320346446988799660e+26
7.111915556400157407e+25
5.912520463838784478e+25
-2.329637620376137490e+26
-1.744221971359434793e+26
-3.437151827431440329e+26
-6.906054958601113372e+25
-3.154221521781749905e+27
-1.678951974350673659e+26
2.104218767516203163e+26
4.636951592864181983e+26
1.292383032789908371e+27
-1.275098111822027098e+25
5.165818915711230392e+27
2.869358679891488616e+26
1.058336204308337760e+27
-1.888574893641501695e+27
-6.161683472806786151e+26
3.333500782692321166e+27
1.297891775164428690e+27
7.133204740949074401e+26
6.730000410421241851e+27
1.154412447974732093e+27
1.488273615739809898e+27
1.541850679731284736e+27
-4.395381898835588943e+27
-8.714307607142071712e+28
-1.355194651414555549e+29
-4.694773115455883111e+28
-1.557407951146800763e+27
4.499407072474949817e+25
-1.282321126124071603e+27
4.102932918868511680e+27
-6.224422710225538106e+26
-1.124783772424067219e+28
-3.942813592626055374e+27
5.108133790581315493e+27
6.742068283558118984e+28
-1.585435012068747952e+28
-1.931983071595101958e+29
-6.621790863572668200e+28
3.114964147732892344e+27
1.149787365711199594e+27
5.025664901515603974e+27
-2.920289386459122834e+27
3.380261438840494445e+28
3.462436041493283875e+28
1.226281357222110205e+28
2.120018098180621447e+28
1.022715923402625546e+29
-7.891876201934644272e+29
-7.161084707318871356e+27
1.076081859306101163e+28
-1.835893854188337045e+28
5.617196152847579346e+27
7.745271617911625475e+28
-9.245657484562168166e+27
8.724360963742669517e+27
-1.391706613065585590e+28
-1.332376748000472394e+29
-8.808745559750103719e+28
1.183402216015497865e+30
-1.087645749462550467e+29
6.699476993856683781e+28
7.756382762033476805e+28
1.274966856242882535e+29
-5.757763866522167368e+28
1.176320798672546722e+29
-1.634883386430913032e+29
-3.836062131974235808e+29
-6.970414093594667394e+29
1.366187322702580813e+30
-3.509797746894722779e+29
-8.613426282522446495e+28
-9.756935648879303720e+28
-9.280457209610003612e+28
5.838644647109291911e+29
5.735101108689796232e+29
6.184919411740298218e+29
1.020018605747619625e+30
2.012210507767673705e+30
1.263451677067792528e+27
3.650319765208364613e+27
2.544968238969406798e+27
3.729654632489992778e+26
7.475271885221315076e+26
-1.326330656726339280e+27
8.920428984845799056e+26
5.646310665871782849e+27
-5.764309274055530715e+25
7.426553441423065680e+26
4.407928544394661138e+26
-4.322146637827685172e+26
1.050354989610120025e+27
5.000029106201040212e+27
1.421516625992650021e+28
5.696565521863412868e+26
3.851985748451744353e+27
-8.154622330473224529e+28
5.154676219041325886e+27
-2.003350714515077161e+28
-4.633576922701275589e+28
-8.319920413169220846e+28
-8.495597131494856592e+28
1.300086064853829609e+28
9.027361580916115882e+28
2.401291157995504920e+27
-3.920353013600077757e+28
8.246329000640974879e+28
1.719296443811607902e+29
-1.298663744637303126e+29
-2.055539073716194379e+29
-1.580933859916134220e+28
-1.166415706792549595e+28
1.343734440447914723e+28
-2.571029082222650599e+27
1.351950867551066961e+27
1.399765669021142310e+28
9.003002103367398782e+27
-2.911046251662459054e+28
5.330040024354456966e+28
1.453538632684423904e+26
2.916917382638162053e+28
8.930181980724613565e+26
9.094577724898606599e+28
6.783091723966060211e+28
-1.662885035722354934e+29
1.298593113789706481e+29
-9.671555852675879831e+27
3.463582054632094031e+28
5.922991658709172946e+28
-9.307910875148216404e+29
-3.302713446984329373e+29
-9.300490053783637351e+29
3.705972193705997637e+29
1.000148766490892811e+28
2.884911556920774620e+28
-1.174507451918115161e+28
-7.891566078677828972e+28
1.612727713901521687e+28
-3.695705508417459217e+28
8.756551124001714848e+28
-3.964334864003187413e+29
-2.787982992403302258e+29
-8.882589068482506401e+28
-7.561956391420303582e+28
4.833089341170717752e+29
9.429141420355061900e+28
1.838615373913414036e+29
-3.063745530641520038e+29
1.672881451828276377e+29
-2.520717694369833733e+29
-2.061380613964202431e+28
-3.970201017875671431e+29
-1.543853371300495058e+29
3.793908039928600908e+29
7.564119940766920975e+29
1.630923372760813382e+29
9.719474421443250258e+29
1.328580275028690971e+30
7.188095809576174245e+29
-8.156711702891794282e+29
6.024144005710110661e+28
-3.779853390305343472e+29
-1.818176126079502014e+30
-2.248967892273065725e+30
3.961612109532738941e+30
-2.410489378177789934e+30
1.470911059442740730e+28
1.916933018306798183e+28
6.754023262374468965e+26
-1.183943813715869901e+29
3.148425169372461007e+27
1.553056793417204912e+28
2.915837567882134155e+28
-2.416159579282541893e+28
2.676185245636248356e+28
-6.444367198561736993e+27
1.778554034525767252e+28
4.374746232303897176e+28
7.500298604795398600e+28
1.851005400505362920e+29
8.558210619394457963e+27
-8.012133295297561860e+28
1.972661805882701615e+29
1.536388894264291881e+29
-2.284897034951791941e+29
-1.137440569581025745e+29
5.564459965739766266e+28
-2.526079723555590689e+29
-6.251357325603895077e+29
-1.067200239164390029e+28
-4.587723916773787819e+28
8.466697856609891853e+29
9.122311247695756857e+29
9.135499681354818151e+29
-4.335666304828699340e+29
6.167022929571300486e+29
-4.445173635373496140e+29
-2.345712434260849972e+29
-1.506760184822820760e+29
-2.590785742854445659e+28
-5.865150310012270985e+27
1.605868700197302783e+28
-6.463318627045611916e+28
-2.487267530389502171e+29
-3.514144524233035180e+29
-1.137713821301092837e+28
9.403337623805482754e+28
2.874454646374721907e+28
-3.159382435020511573e+29
3.257370837734921490e+29
-1.462459155196641022e+29
-1.201184962943915627e+29
2.538526820224430332e+29
-3.684440739997660251e+29
1.068361010035843091e+30
1.633318628846054427e+30
2.530271827289984907e+30
-8.002665353385862959e+29
-1.105024577281660354e+30
6.320808778061728508e+29
1.406773294893744789e+30
-2.413721545847165413e+29
-1.379409855712114117e+29
5.529483738637442240e+28
-5.932417197950385891e+29
-2.253063718365204098e+29
5.974307130830517238e+29
-2.094812429434155967e+30
-7.527527599800305990e+29
-2.540706847847186493e+29
8.637363724011008610e+29
6.999892419240785667e+29
-2.209212595712296032e+29
6.559033225802833134e+29
-1.730375405452336562e+30
1.141698155937664354e+30
-6.294040517006058943e+29
-1.638376280255553503e+30
2.958688104614398206e+30
1.322875410241299955e+29
1.094710898491458846e+29
1.178314693582869414e+30
2.080996405310125992e+30
-2.736519094855370420e+29
1.981186995696122903e+30
1.813387919925169462e+30
-1.175952550097291682e+30
3.142644610981691970e+30
-3.837729479595999119e+30
2.078199325247775711e+30
-2.913695975570362207e+30
1.396886663666108784e+29
-3.651532687903308624e+29
4.356845617522062500e+28
1.637207054415452033e+29
1.631395983786828613e+29
1.292892086456027145e+29
-4.971395466505250218e+28
2.831184069211592566e+28
-6.788059776831314730e+28
-3.129069771046020878e+29
-5.039538129874892227e+28
4.061051858857094960e+29
-1.011204206563443006e+29
6.209212364782264331e+28
1.579861539381492234e+29
1.852209414805664317e+28
-1.928345525180987471e+30
1.029832094461297861e+30
-1.190614310291389640e+30
8.923575675053373772e+29
-6.054067881101886684e+27
3.609246720612959890e+29
8.596653237809258969e+29
-5.885170699810796964e+29
8.726281038488550813e+29
-6.697590879558434902e+29
4.607578061289770360e+29
4.406695445164439649e+29
-3.243821940386221583e+29
1.255596035055053825e+30
-2.401329823544458525e+30
-3.529467094529559303e+30
6.927644207123137147e+29
-7.321927301990184583e+29
-1.226109488883891621e+30
3.722228372498096856e+29
-1.327604308822221253e+30
-2.837316970514457858e+30
-9.504842918967030365e+28
2.197908110670767236e+30
-1.935204393382487798e+30
-1.882572358422121930e+30
-5.425463989225905481e+30
6.897267948612724258e+30
4.526357145884259716e+30
-1.683159145989800628e+30
5.091177292075820139e+28
1.263368301277297726e+31
3.698051757714042874e+30
-5.587276916856317976e+29
-5.721617136735165902e+29
-5.352184374973531834e+30
-7.148849746771385930e+30
-1.032902238901880907e+31
1.144896442574913895e+31
-5.564054197546956230e+30
4.735671182441722459e+30
-2.663322120604161988e+29
-3.462862044825441662e+30
3.431761285480125849e+30
4.114317464732267413e+30
-1.253989332319207845e+31
3.668014876061815495e+30
2.712972865788379105e+29
1.435404338718229095e+30
5.221472543751516577e+30
-3.710709488124652416e+31
-2.298596724775846680e+31
-3.009378877019773563e+29
7.232963259177700103e+30
