9.760551274637896000e+15
3.129691811946219520e+18
7.491161565941451981e+19
-6.973511785305300009e+20
-1.997322931586458976e+21
7.691720618080731136e+19
1.641105062229446125e+22
-1.170265763032632132e+21
7.953784413381764894e+22
6.273147767037054976e+18
-2.431605301024989184e+18
1.284138738435677749e+21
-1.709255743379971087e+22
2.035585950443848598e+22
2.148427956656744799e+23
-1.271601395254953480e+24
-3.891759684786472840e+24
-4.917786367786702168e+24
3.645704459513427395e+20
-2.022520744667391721e+21
1.374143782399078983e+22
6.978496944393554179e+22
-3.004831786948700888e+23
1.095007468340696318e+24
-4.269380067818162102e+24
1.467715868124705432e+25
3.210540191357722946e+25
3.025173518184685240e+20
-2.454358396921559646e+21
-2.181848006851113989e+22
1.109801147438332065e+23
-3.490482619547223536e+23
-2.986849505252031827e+24
-1.772330527840342177e+23
-2.553064570450107664e+23
-4.129852978239095297e+24
2.796558572182259722e+26
4.967658187416831787e+21
-2.168187461092408327e+23
6.082903145741096415e+23
1.097244734168080591e+24
-1.759118285208687789e+24
6.076230043500887430e+23
-9.444529678683640382e+24
-3.114714028466079502e+24
-1.374537001338319978e+25
1.590753705381868335e+25
-1.265319546526950826e+26
3.208767745020347624e+26
3.493008615091872989e+21
3.789811495957823949e+23
6.424033717328289804e+24
9.068511661819298824e+24
6.737621242263636604e+23
-1.286586434761199014e+24
1.031660892969733476e+25
7.228806201505196834e+23
-3.504008455193285670e+25
3.322677730966816705e+25
-1.504061455232572177e+25
6.211927604140740198e+25
-1.002691839418603345e+27
-4.944041812443362684e+26
5.127580647682246653e+22
1.571796763938049741e+24
-7.436347133322369790e+23
-9.312349444112773097e+24
2.790692049926309850e+25
4.734452163894581181e+25
1.824009975205986844e+25
5.358224976114269131e+24
-7.478944809867639856e+25
-7.811247874659025234e+24
1.828414102767083150e+25
3.417080178092220670e+26
9.796111364540937583e+25
-7.618944423422770675e+26
1.437673886807791830e+26
4.511159822296602693e+22
1.141165281223503648e+25
6.330567939691440832e+24
3.011384949339963815e+26
-1.309176717525222939e+26
9.988449096924552563e+25
-2.485175723998232791e+24
-1.166826758709812008e+26
-1.796600461451271141e+25
3.357970464947157313e+25
4.843662872580909700e+26
3.422563487761787792e+25
4.048296550977445750e+27
-4.162515649357572358e+27
-8.464586326135589673e+22
2.875459195515661840e+25
-1.735021172036393294e+26
5.312059249476274606e+26
1.741651849694413769e+26
-2.641346281260348567e+26
7.187309444340067217e+26
4.703069527388537399e+26
2.010100941378079531e+26
3.753097405750028840e+26
-2.020890148269773634e+27
-4.353646471953952543e+26
-5.689444247893488148e+26
-3.416701805309686972e+21
-4.880883913851827913e+21
9.933179558125528678e+20
7.618036553665853207e+22
1.816370158110250065e+23
8.857684248785474405e+23
-9.499076307658675805e+23
-7.508293411538264685e+23
4.511915682310103205e+23
1.833026145630728896e+24
1.473620863674321308e+25
-4.875618513953757717e+24
-6.595208191010514529e+24
-3.630911128054993552e+25
2.952018481079967946e+25
-1.720969496770330844e+26
-2.087942844534365692e+23
5.150042092657456070e+23
-8.856413978526620005e+23
1.052514141489295371e+25
3.806480237223762595e+24
5.293377386747085917e+25
5.797448174359146677e+26
1.296820874071769085e+27
-1.005751740591244824e+24
1.582475656339348467e+25
1.144034949913555749e+24
7.870308959329845605e+25
-3.807573697619029894e+25
-9.856127534214480294e+25
-4.655459665475502192e+26
-1.567751933159033063e+27
-5.635721658818261316e+27
9.841933207789362097e+24
-1.348320967784777449e+25
-6.245871766797421273e+24
4.297935328034934053e+25
1.064616555174582446e+26
3.832542053681306329e+26
-7.193835626626423775e+25
-5.819907945433442588e+26
1.927561684439013282e+25
7.849827580063591377e+27
4.609370439268432778e+27
6.743030297625842495e+24
1.087953074565587172e+26
5.807296408543592488e+26
-1.949776255940749359e+26
-4.141208675495646594e+26
1.475655591467549682e+26
-4.155888630033538342e+26
2.088288593979806790e+27
-2.955869623404282856e+26
3.121002958045104304e+27
-4.254060091038307028e+27
1.953837318868343757e+28
-5.324847687463473039e+27
-3.532826526731627976e+25
5.595203464078781019e+25
9.843300286531348086e+26
-7.229167034776289106e+26
-5.351694466262375977e+26
-1.224152828041290959e+27
-3.728182279037165897e+26
-4.545543605537616530e+27
2.632021553306346896e+26
-1.212075650601669094e+28
-8.297273020272235082e+27
-1.023991606957698340e+28
-3.376491419428088825e+28
-1.891870170816904762e+28
-3.771016080103127985e+26
-3.986648922908805351e+27
9.027159342574163756e+27
-3.818484674979597675e+27
-1.047414351211446059e+27
-7.105009133805500654e+27
2.743798384769535396e+28
7.402177629972521289e+27
-7.151322603309353225e+27
-1.985356755156714763e+28
9.039443117971635284e+27
9.566309218977834893e+27
-5.739756837099481091e+28
4.465411857617408572e+26
3.765262893010490434e+27
3.754193498324303744e+28
4.390833149379467875e+28
-2.223115948885761025e+28
2.693746967548317913e+28
9.053897203151063976e+27
1.671087225064869834e+28
-3.704369894198440970e+28
1.949214453777730924e+28
5.241969055378977623e+28
1.862658355436433444e+28
6.941635129796177596e+23
-1.743934190763744413e+24
3.021721657407710639e+24
1.286569895358970833e+24
-1.281817145808886069e+25
-3.808970498575679206e+25
3.485553194593241325e+24
4.066158680821722132e+24
6.059840342727769059e+25
-9.782560344052629267e+24
-1.837975215027796527e+25
2.691959464531605421e+26
-8.119849593339506259e+25
-4.824403614633461279e+25
-2.024066908121630545e+26
4.703598952418647654e+26
-1.935659593731438674e+27
-1.870671836127936840e+27
2.142207231437090626e+27
7.589766814674386882e+27
-5.047197415284282228e+26
-4.484538076671505614e+25
4.924633023082058115e+25
4.804681498426529242e+25
-2.625263118285422676e+26
1.185146434014735170e+26
9.147952431982177097e+26
3.106911746605703620e+27
-7.862480761674377913e+27
-9.299281098383384695e+25
1.141187915324511135e+26
4.236364160086564116e+26
-8.474225813403869490e+26
-2.139431544420343408e+27
2.216156068720724899e+27
5.084735775223735759e+26
3.084270198971557251e+27
1.502758107718637301e+28
-5.817529745441314215e+28
-2.327792471610445883e+26
-2.221066805617566482e+27
-4.106263320553680584e+26
-8.117101823432174445e+25
-1.797328406420144027e+27
2.723421735368045247e+27
-3.614853908590679450e+27
-2.033662690788561483e+27
-9.528066908186997819e+27
3.778929356782274195e+28
-1.109173360752061588e+28
-1.027562073347113055e+28
1.158482985582801969e+27
-1.240135080681690610e+27
-1.198932837427006163e+27
1.625462298943732152e+27
1.574005464189923279e+27
-1.191237123838004708e+27
2.279443645156109205e+27
1.052236255391429142e+28
3.018830177878694985e+28
-3.182351929577683961e+28
7.354026845136972589e+28
-1.389777672911203902e+29
-1.496650852118434205e+29
-7.348121503814691708e+27
3.094841111949024003e+28
6.714144796670745521e+28
1.413238051959706143e+28
-4.993326546426982328e+27
-8.162015377117214273e+28
-1.372070973755301956e+28
9.512830983545420250e+28
-6.027852374769227694e+28
-8.804936044331251907e+28
2.129946902925326108e+28
-3.996597252804527915e+28
4.215213832307736117e+28
6.500555155756616726e+28
-1.067151137369568591e+29
5.603854474862404542e+28
1.552559106795518477e+29
5.226027168149360366e+28
8.297627849545589301e+28
3.256225602414854491e+29
-6.625047921883484381e+28
-3.181714766565536012e+29
-5.195282275020073180e+29
9.112906276396668736e+24
1.979934781135289737e+24
-2.215672738418618243e+26
5.591234775963721373e+25
-4.863350454133738931e+25
8.768158396593935975e+25
2.229212988828868760e+26
3.361588164294016035e+25
4.663884122569681429e+26
-8.603126167827010147e+25
1.344229590499681335e+26
1.183203667348622050e+27
1.894120305299431514e+27
-1.908122405135431040e+25
-6.857824181267474520e+26
3.057434235477368926e+27
-6.401893039782838953e+25
-4.011477923933652404e+26
-7.025647763217360630e+26
-7.772562230850039522e+26
-3.287472959062725555e+27
1.450003284524579123e+27
-1.687211851280926613e+27
1.051338629547376753e+27
1.111485383301543212e+27
-2.101131577849939361e+27
5.981980107638181452e+27
-4.001781786935948135e+27
-1.699548526530957713e+28
5.239664880751679120e+27
1.681009428532216533e+28
3.934141584577811495e+28
1.150187456704371097e+29
4.037542395649400348e+28
-1.249366281605437876e+26
5.034333994034585471e+25
-1.943286048119952806e+26
-3.665744801607131441e+26
-2.096317607464004263e+27
4.767362751772558385e+27
-8.177301064547248909e+26
-6.156668977554141567e+27
-1.015175385838512409e+28
-1.359826660867815188e+28
-1.218867845782186942e+29
-7.886230273746074229e+27
-2.887951536249215539e+29
-1.575621635736071458e+29
-1.657385287687616896e+27
3.757521756835920619e+26
1.188872835627635629e+27
-1.006585351200122009e+28
-3.172248000484774064e+27
7.519148839921126200e+27
2.182109135734940616e+27
4.806304022943776448e+28
-1.369204922100981050e+28
1.414263920899970367e+29
-2.405078051693035009e+29
-1.129327196614814713e+27
2.111254821445071323e+27
-2.146813896153959140e+28
-1.543748942399057749e+28
2.485676786870763111e+28
-2.896259227883957356e+28
1.743788248348986062e+28
9.111878884382860753e+28
-9.259286172846385670e+28
-1.934206193918552995e+29
-2.956679196455649277e+29
-8.848390723542979883e+28
-1.633861052205905547e+28
1.459218909833708926e+29
3.843295248196979408e+28
-6.253046688301236448e+28
3.160635608303393654e+29
-1.318045816545442203e+29
-2.836338883968444786e+28
-5.341776285186939323e+29
2.736369435957850351e+29
6.505869076771647951e+29
-7.527895086269044107e+29
3.067702239974583594e+29
7.700234264615884792e+29
-2.450686178547269194e+29
-2.441593994457517676e+29
1.675110799690283892e+29
2.667861896127155430e+29
-1.062399110018247304e+30
-8.545733738992471996e+29
-1.978629093222652200e+30
4.904428966072025395e+29
-2.160345735458096105e+26
-2.947243944402969912e+26
1.626873662281821977e+27
1.005562890976023451e+27
-3.345696927887865032e+27
-1.756694748213295004e+27
-1.658160919340431212e+26
-3.713943227627171635e+27
7.112045528200388253e+27
1.067013680276617545e+26
1.828780351636508216e+26
9.937716444769731912e+27
7.344118949278354379e+27
6.397653678792433190e+26
-2.444835476921375293e+27
-1.879427232379769985e+28
-1.010909267807034184e+28
-8.569888254110549648e+26
1.388210114201294288e+28
8.935747996078060764e+27
3.167898161822895058e+27
-1.213455550628552304e+28
-1.872689920432835023e+26
2.179971447374851402e+28
6.378853891411263650e+26
2.103930428353339423e+28
-6.514068014547637576e+28
-7.780240310844252589e+28
-4.704940335274225591e+28
7.420876502619696957e+28
-1.433602619262085985e+29
-5.840484000561632731e+27
-1.635971202291709956e+28
-1.336569701144118371e+29
3.866160687631974793e+29
-5.527342541043199051e+29
4.521679341826436649e+29
-2.371275479407379441e+27
-1.627312847503752469e+27
5.530722895295659450e+27
-4.284510506857482882e+27
-6.462774090747454954e+27
-6.063287594322902827e+27
7.990601613445396396e+26
7.719596980373177027e+27
-2.520232941973657517e+28
1.970786237311851327e+28
3.902638690393363330e+28
-2.423153835463273112e+28
-1.131475364544270325e+28
-5.588291733749223369e+27
-3.746690425163850154e+28
7.587511475192965336e+28
-5.736440364287334157e+28
-1.674735656778795108e+29
3.877272584751040889e+29
-1.948381311589553446e+29
3.950709571265180370e+28
7.033099121542239188e+28
-3.776367868201860626e+28
3.455238229792233791e+29
3.259455229764049975e+29
2.790694911021041232e+28
-2.058094127525035171e+28
-6.818881962300081153e+27
-5.006904980664853545e+26
3.470632247089008969e+27
2.201137687292951612e+27
-5.040684278550407720e+27
8.770077985604672452e+28
3.211783936965722136e+28
-2.233166744062931669e+28
1.456492980017230301e+29
-1.710285293450873972e+29
-8.405181545005251437e+29
4.707590452996192230e+28
-7.855906374883541986e+28
2.008786680306714586e+29
5.016970316890309813e+29
-8.672342837702588849e+29
9.148809410831603628e+29
1.255196469642441605e+28
-1.790714610087281544e+28
1.974609770346833180e+29
3.054576468863501374e+29
-6.140649327976603060e+28
3.344021914192424783e+29
-7.113257680802139951e+29
5.834078069833229207e+29
-2.072698444915360829e+30
-1.084739048548847871e+30
4.432533324065140989e+29
1.033173774393000334e+29
1.623253942758988559e+30
2.339667296083673916e+29
3.671016840480001414e+29
2.050093185198624526e+30
6.290845319630098397e+29
-6.304048931738618699e+30
-2.815258033918233426e+29
-1.862391390294732093e+25
7.727456268049629179e+26
1.440716572238520913e+27
-9.920543317087618672e+27
1.343450356865548888e+28
1.651794696390141184e+28
1.830929676855861474e+28
-8.519462427440117563e+27
1.862608410008083119e+28
6.523586023665054152e+28
-2.755263824018660651e+28
-5.439133006747983251e+26
-3.669617778074335693e+27
5.055848627464043938e+28
6.933820426508811947e+27
-3.015451327654330686e+28
1.313778954048225673e+28
2.790172189013276644e+28
-9.380422344611687503e+27
8.730586980562425937e+28
3.123508136895858044e+29
1.388138287897748806e+27
9.228392194379314677e+28
-2.926112071766699818e+29
-1.031379227769708084e+29
-1.338449182918258818e+29
-1.058579007297067642e+29
-5.145411516019018547e+29
1.024591920578854262e+30
-8.010871465593170986e+29
-1.149962434463950287e+28
-9.302994235035859388e+28
3.518837295268856162e+29
8.138524016936759451e+27
2.974169636618697335e+29
-4.677933344834601673e+29
1.723563272822090336e+29
3.311277542565447980e+28
9.936793184399305207e+27
-2.841558164241044715e+28
-4.445715569174443490e+28
-7.111410098673890265e+26
1.840455421305116141e+29
1.962574809591387241e+29
6.467031869684277855e+28
2.807925291774545536e+28
6.558020675200341420e+28
-5.939497989999365026e+28
3.172208573042703299e+29
3.052939792345111229e+29
5.728550069541884806e+29
-7.023437904057471707e+28
-7.664699812462099479e+29
4.103079456389889121e+29
3.554958884643128595e+29
1.831540245772373098e+29
-4.349194556489682368e+29
1.418321276852431028e+30
7.968436423357457864e+29
3.684160658088016759e+29
-9.845888323677113460e+29
1.706404541334141698e+29
8.242654279212458559e+29
9.150607949706773368e+29
-5.370613177470953841e+29
-5.792081961260282852e+29
-9.238530969498676097e+27
1.172544513644405072e+30
-1.810975994309218868e+30
4.737943046608486870e+28
6.790142084445035863e+28
-3.187899791964941807e+29
-1.380397806318941493e+30
-1.481801095264801824e+29
-6.548476580139554497e+29
-1.628274171417559775e+29
3.486303331903596466e+29
1.764280725841376581e+29
2.717775334972425287e+29
7.357715080592186196e+29
-1.424519870792329446e+30
2.108519844264422286e+30
6.054642098847786284e+29
2.364360487602399248e+30
2.175911269644615309e+29
-2.298298480016514275e+30
-3.210030863286056037e+30
3.279990030846354326e+29
-6.453364773174832667e+29
4.668051057796264743e+27
3.380475804045726698e+29
9.492957134269115450e+29
-6.368961616957199754e+28
-5.148768278871328231e+29
1.463571219393541254e+30
-8.026289965695354700e+29
1.688791067283326169e+30
4.208640995259121743e+30
-2.348017970356482365e+30
1.116265107103806620e+29
2.428148429071022910e+30
-8.418581596650795727e+26
-1.130242239517532557e+28
-7.894230459136271935e+27
1.760098244979883577e+28
-2.718839624682911572e+28
-1.004158445852885933e+28
2.979812655201722451e+28
-3.248795370316508880e+28
2.768046835142051077e+28
1.581632732986827021e+29
5.318680001276848383e+28
4.321601622951691714e+29
5.630381086164972596e+29
3.956315665242950661e+28
7.809222679418422334e+28
-1.199781768998700908e+29
-8.317208247621277438e+28
1.393418703491088484e+29
4.225063953705949303e+29
4.131546567967411820e+29
1.497264536662532265e+29
1.039030766720532750e+30
-3.129231064211987033e+29
2.995227883542951472e+29
1.315385451208167337e+29
1.019057110558504551e+30
-6.049202030478949886e+29
-1.641466433711647560e+30
1.867010969618657793e+30
-1.428653023226273043e+29
2.009428975229188238e+29
-4.979160685875846774e+29
-1.070933559048073868e+30
1.939488570119851239e+30
-1.331118569049300783e+30
-2.398128036053328776e+30
-2.845373544998733172e+30
-6.887358570604426587e+30
3.627921177563222061e+29
-2.463505107724890481e+29
5.236171584955504478e+29
2.394571282923617427e+28
-3.342590864460562056e+29
1.241108033623149708e+30
-4.624333407657800227e+26
1.076688513279943339e+30
-6.713185353738418795e+29
9.002253242218121669e+29
-1.988681050327054521e+30
3.626366079137232005e+30
4.129386553810371044e+30
-1.990703373569342027e+30
3.908829375482572861e+30
-3.940834487660295019e+30
-5.075258341425174365e+30
-5.703970691002464219e+30
4.815346836409359072e+30
-2.912939509063709360e+30
-9.260127717620284726e+30
-5.362954930879713182e+30
6.727597145569573882e+29
-3.652428194409278776e+29
3.489973820365221313e+30
4.452085812474581626e+30
1.206211889555067224e+31
1.030723293835352483e+31
-6.950966663985906698e+30
7.982516319523875875e+30
1.165570404644312068e+31
-1.761158857396623565e+28
1.701723793510583749e+29
-6.952423211907152670e+29
-3.282017101204984372e+30
-1.265952060538159754e+30
1.414831926185498174e+30
-1.406526492976586625e+30
1.868369248421726790e+30
-8.367092320318928561e+29
-1.824007493482124485e+31
-1.355096767195302187e+30
1.170890426106265332e+31
1.271103910331295811e+30
9.024391438472470470e+29
-5.240328022849999157e+30
1.624443697349350062e+30
-7.276592080444562433e+30
1.147173619330491753e+31
1.882250823080530968e+30
-1.528243580437239275e+31
-8.148943266472926091e+30
1.457036148139717441e+31
-5.108693551096042495e+30
7.471275523104917379e+30
-1.005676388470299665e+29
7.190109626724887612e+30
-8.808895556933464459e+30
-1.938088805924699601e+31
-1.885099352226145880e+31
-1.240227208092904628e+31
3.751282513918264274e+30
3.031401976935468623e+29
7.773384636414302784e+30
-1.197740848085602731e+31
-3.692411287486620286e+31
2.383323668128490930e+31
5.064081039098332208e+31
-3.096411209792502268e+31
-9.015731821203012887e+30
-2.791057745884652032e+18
2.073732702911041536e+18
-3.719380778029059932e+20
1.335649382792367440e+21
2.034833671202141635e+21
-8.189241887727084896e+21
-9.233359513153949821e+22
-5.120721213697315727e+22
1.201388716283151647e+20
-1.156156691882355720e+21
-2.340539722149277362e+22
-4.067445138292361449e+22
-1.468501357588291686e+23
2.452004078025468375e+23
-6.561333354127735914e+23
1.376324407968258586e+25
-3.605835456532977287e+21
-2.419703810630070619e+22
5.491519335869522851e+22
-2.835096633574763560e+23
-1.359939429919878650e+24
-3.932274103741221859e+24
1.789211904231456880e+25
4.183366791490109437e+25
2.661878569367064124e+22
-7.072245327368994528e+22
-4.035924275725955068e+23
-1.158520329877403065e+24
1.410102998838966347e+24
6.234435111879422920e+24
-1.453196431804748907e+25
-7.601026361385355594e+25
-4.199332947267044588e+26
2.297495842807247746e+23
9.279168619619406242e+23
1.681965502599382788e+24
2.121301557423955415e+24
-8.533217926633232448e+23
2.098545026273616473e+24
7.498170751354363173e+23
8.399437832065215753e+24
-3.943400725229973944e+24
8.999596615791430428e+25
-4.212713402255417432e+26
-4.962179577782352594e+23
2.419848880524607581e+24
-1.850712688593890833e+24
-8.366912849293915697e+23
-4.758240681514378377e+24
2.277283416250446200e+25
-4.628499468305256088e+24
8.669765175068862659e+24
5.009103370400189283e+25
1.122160167515792273e+26
-1.577003403576234292e+26
8.502314375491465762e+26
1.661435199916864819e+26
1.149172528654338994e+24
-8.798960230598514429e+24
-1.699285194458827185e+25
2.273584462458276900e+25
-2.107943333586268001e+25
-7.706607715184956177e+23
1.696149774629634022e+25
-1.083413818407273344e+26
-2.544243165536692546e+25
-2.923555828935354506e+26
-5.432778281305836196e+26
1.306477965648627004e+24
-2.623825882111954929e+26
9.115516574481185280e+26
7.499749555531476118e+24
5.684890139332264758e+25
1.780878911889153039e+26
-9.171414623639626866e+25
-1.350206493494185390e+26
-1.317398973905760428e+26
-1.891605556187244722e+26
1.326838843919890122e+26
1.234560209450587713e+26
-5.095225660506465071e+26
-7.196539155458923906e+25
1.654831326683495310e+27
-7.106825511823373867e+26
2.710536714064854705e+25
-6.723313716944336897e+25
3.488938613010155213e+25
4.202427716676611456e+26
-1.482308531648542802e+26
8.581542085636394265e+26
2.363331776504437212e+26
4.215785992144158696e+26
3.209009191429049959e+26
-9.607022717868953102e+26
6.902957115589798000e+26
-1.773663163654668623e+26
4.677131374819216772e+22
1.139455270878594550e+23
2.324768249668683432e+23
1.516739019041540858e+23
5.153642345375843547e+23
-5.350925502116212465e+23
4.043720908682067748e+23
5.619918964589133719e+23
-4.917518804779928834e+24
-5.756948124674680240e+24
5.318530379793584620e+23
1.640096265146381371e+26
-6.035123419227990920e+25
-2.259665535880861758e+26
1.572421489887826563e+24
5.741008841963207261e+24
1.188979608295821460e+25
6.816037450126007348e+25
8.734888927298561034e+25
1.009765297248149952e+27
-3.409044036139238705e+27
-2.310374594601638072e+23
4.490941442328448840e+24
-4.872442028448779566e+24
5.774243488735409079e+25
-8.622844335535914722e+25
2.337952285181115472e+26
3.963197654682218561e+27
1.194708560783656965e+28
8.476836678677946814e+25
4.106326870670382390e+25
1.828768398433532806e+25
-4.665283896366572118e+25
-1.415982750644647424e+26
2.084192283992833902e+26
1.740454818740011183e+25
3.613349518463467935e+26
-2.345853033042202902e+27
2.160001323475738187e+28
5.604401908378797047e+25
-2.358479923646009463e+26
5.500921084816056715e+24
1.613472694284758764e+26
3.394924757691199472e+26
-4.434976382021622295e+26
-3.616992738088297341e+26
-1.067012466711794437e+26
2.958804220712461212e+26
-6.707940903344497944e+27
5.004929117504970440e+27
-1.459049024423885905e+28
3.767717929846749233e+26
-1.884780416529443714e+26
3.518015209446135578e+26
-1.124002251400448561e+27
-2.112333407140466382e+26
-3.726760828819960953e+26
1.570068771406475749e+27
1.519775163009124130e+27
-9.967696202778941356e+26
5.663317945180001263e+27
5.043116551677825345e+27
4.464781437201272876e+28
-1.266598879235201570e+28
-3.149028665451151235e+27
6.818428627330752283e+27
-5.095893977223990058e+27
-5.680232701560455817e+26
3.551999927320180126e+26
-1.247155337657039106e+28
-1.594894927778181936e+27
-5.193273080186716326e+27
1.166603506576416884e+28
-1.147922534708946763e+28
-1.824933788795602826e+29
7.711006328176848241e+27
-5.931536746263972740e+27
3.433037862765287397e+28
-2.813865403518122501e+28
-1.161432204859253438e+28
-1.772892075458916227e+28
-8.428582058800187469e+27
-2.951826914634931583e+28
-2.865338274644614050e+28
8.872650448015375874e+28
2.385616207370613662e+28
1.535202250535969455e+28
-2.412824915421456436e+24
-2.128827440700153851e+25
-7.973092351218365244e+24
-5.070520950965983234e+24
-5.778087875151766107e+25
4.872119132219011529e+25
4.618349332856172353e+24
-1.658426171435619815e+25
7.173661015609745723e+25
-5.820540200973461808e+25
1.512953143051246265e+26
4.423435191536986104e+26
-4.122973413804600385e+26
-1.803005899719156612e+27
-1.823498152730754103e+27
1.103371251303169993e+27
-1.858513257741993290e+26
-3.355619378669907475e+26
1.861261937745847085e+25
1.004351049403852190e+26
-1.635132081662546766e+26
1.242479732200927447e+27
3.724757721771829848e+27
-2.354089156933222216e+26
-4.189972719326423177e+28
9.909871860320953390e+25
2.327763206340626977e+26
-7.372653476907493688e+25
1.627874215785385924e+27
-9.317010237398394908e+26
3.441338130348153159e+25
4.045675250162710797e+27
-1.683858066661107849e+28
-4.303471067309931354e+28
-6.183089911488425577e+26
-1.577370305956347676e+27
7.120764551700971100e+26
-1.858985701425367576e+26
-6.264808674140323519e+26
8.216115357257930230e+27
5.994832983281158837e+26
-1.251107350914498181e+28
-2.499656355442185493e+28
1.386914942023438175e+29
5.630862304810480387e+28
-2.166990282112918017e+27
-2.646190708544317268e+26
6.959390362604116668e+27
-6.356894017367787950e+27
5.745848318509789299e+27
7.829866457029706340e+27
-4.105630906594660234e+27
8.948525364015586561e+26
2.904308548027978353e+28
-2.885747974400249643e+28
4.347618057900616219e+28
4.914926652088181879e+28
2.243390689093947770e+27
-9.214643181151521721e+27
2.785988528168427004e+28
-1.531687479723194666e+28
4.864910185716015010e+27
-8.634388729883917304e+27
1.198788445660947022e+28
1.874862746418887427e+29
-9.370019780662560586e+27
2.766352252009247043e+29
5.991867778881365507e+29
-4.108033970432524534e+28
-3.069085896185890198e+28
-7.890008267837936763e+28
-1.078734853553685708e+29
9.400060879077163429e+28
-1.312633344623092094e+29
2.016650063201547141e+29
-1.005691911783945889e+29
2.297917639577631984e+29
1.736312309482012987e+29
8.130578693257470268e+26
4.290950778497206688e+25
-5.338694228191466130e+25
2.303594992086192011e+26
-9.646231908828751899e+26
1.978232653315282684e+26
1.056831448018662446e+26
2.159802094863870705e+27
3.764062078772495274e+25
3.827981308685480211e+26
-6.858459932098275524e+26
2.124789268236055534e+27
3.458122335131348634e+26
4.114243235359049360e+27
-2.302107918275656309e+26
8.541027471045130159e+25
1.949449834442025710e+27
-1.136087019099385618e+27
3.220430142161071376e+27
6.076060393841041297e+26
-1.466538232691449830e+28
9.255674625109101896e+27
2.034397407188419448e+28
4.579240012243387536e+26
4.677680247887454540e+27
-1.119500600747443358e+28
3.811596819373811818e+28
-5.890662776856260100e+28
-9.093252287888699345e+27
9.867569210319585048e+26
1.353964515626981199e+27
1.043930793770826391e+27
4.292895237985565293e+27
-2.751508484274720250e+27
1.533132632828998853e+28
2.801785555910760416e+27
-2.883907134424979723e+27
3.540984980787654219e+28
-1.267103733977683003e+28
6.079925221833705342e+28
-6.556295200003946701e+28
3.036483935942375899e+27
2.514048226931920447e+27
-5.565140396096087689e+27
7.051226622348614246e+26
-1.026672736419391905e+28
9.893668135436205825e+27
-2.542368547438263259e+28
4.720199205627060322e+28
-2.933320028064542665e+29
-1.341234672387990887e+29
-3.549456796589515932e+27
-5.946894156595783815e+27
1.486314230939893250e+28
7.900551567093867652e+27
4.592811783405914403e+28
2.772491673144212521e+28
5.867875635486524978e+28
2.227722114908596605e+29
-4.775550433383970885e+28
-4.032145502191122895e+29
-4.579429749595978342e+29
-1.159254292156870370e+29
-4.302332865038833294e+28
-9.329218492681318865e+28
-1.700742611513677252e+29
-6.827334254519944218e+27
-1.033121630327310196e+29
9.812678701585670417e+28
3.489640671571671867e+29
-3.310567657028327942e+30
9.044081831093348269e+29
8.215810544443332642e+28
-6.070815971888867672e+29
-8.184362730625036040e+29
3.374446713569374878e+28
9.508903781636699822e+29
2.040093708416657223e+29
1.189762171020895672e+30
3.636762373074737362e+29
-1.093807033223220234e+30
4.864194285466675173e+27
9.376651841198658633e+26
-2.839476311780691813e+27
6.706131677227909253e+25
-2.771349836421220066e+27
-4.734444925782002798e+27
-6.489011737500991325e+27
-1.861327429399181810e+27
1.696995564134739207e+27
6.460677902920557657e+26
2.748272377969806196e+28
1.408947968257616962e+27
-4.702860494113533406e+27
-1.504745696583400941e+28
6.761246846800219443e+27
-6.077179786809001030e+26
-6.514016963343185379e+27
6.402438902576865240e+27
-6.233310728539321223e+27
4.202056561553525562e+28
-7.369306877734379478e+28
5.462725184929659363e+28
4.525107864868079920e+28
8.417631806404813435e+27
7.681288983482373078e+28
-4.220505554853439524e+28
-2.703853415900528863e+28
-2.194664356919222937e+28
-2.204013181059627499e+29
-6.032027089232212878e+29
-2.338531843570995080e+29
-3.555179646174918023e+28
-1.814398454647994700e+28
-5.162242895273263055e+27
7.184557027403449376e+27
1.812862180201396115e+27
-9.126709059106183675e+27
4.280315716819831714e+28
-1.568382257016248482e+28
-9.396655851934244914e+27
-2.257299420315702462e+28
1.706465245732188191e+28
-1.164644514955580392e+27
1.571568643555130529e+28
-2.277821835132395766e+28
1.478158810472202933e+29
-2.638980986882531508e+29
6.340863391264251063e+28
2.649757223896198399e+28
-2.782987683479005024e+29
2.365175949351337146e+29
-5.987823766715733913e+29
6.529175201785472784e+29
1.080048935503985701e+29
8.950919139100403447e+27
1.123438686755676783e+28
1.183329131103296554e+28
-4.306689003841495561e+28
-5.187282923159667921e+28
-4.955992052453178829e+28
3.439899673310199536e+28
1.373159739641561102e+28
1.865438251931497531e+29
2.015927998140435922e+29
-2.908753032880424538e+29
-7.298940990054376141e+28
1.482344248566546052e+30
3.710303417765978119e+29
1.139304451926391696e+30
-5.777815206299890552e+28
-3.983866743849277795e+28
4.009456230245345587e+29
6.468957158583481557e+28
-2.059576419169017091e+29
6.782192893454549108e+28
9.958177817669964903e+29
-1.694486267170913968e+29
-2.631786634522627678e+30
5.419814978217741721e+29
-1.415994058935458474e+30
-1.600401902797646247e+29
-2.179157218922502519e+29
-2.948269158110785293e+29
8.205300942598598561e+29
7.232988034551888636e+29
-1.441501338283126580e+30
4.673721357975085238e+30
2.753456743717491468e+28
-7.600149372663101352e+26
2.870915168185995399e+28
2.579379263178465216e+28
-1.924645677235472434e+27
1.316328659405782408e+27
1.641288551019203500e+28
-2.780357264780496350e+28
-3.649456887676055320e+28
1.216396863586118921e+27
-7.999947622310624744e+27
1.277355154699473473e+29
-3.069320485499492235e+28
4.560131853101527287e+29
3.012896148869870643e+27
1.373606514709156439e+28
1.249750141647834609e+29
-1.743268710268658407e+29
1.292973439414313902e+29
2.846798438557539544e+28
5.900280994809272899e+28
-2.913011600711814809e+29
7.986215772819945737e+29
3.490963970176584646e+28
-8.309624188813434789e+28
-3.799918197873675355e+29
5.718970958843367966e+28
4.173815563579788082e+29
5.158469818125962906e+28
5.057680843209990531e+29
-3.771950762246535336e+28
6.385603073970821814e+28
-3.251001898032836622e+29
-5.201616951424377541e+28
2.091103639064948163e+26
3.553943020609076735e+28
-1.173466139647964023e+28
-2.393420136566672037e+29
-5.471984627984391350e+29
1.169966280104370025e+29
-1.223376348451707708e+29
-1.709704488581440918e+29
2.245205628718526739e+29
-5.778501414782147130e+28
-9.998039558296276540e+28
-7.480827183245110328e+28
1.295728105880958203e+30
1.052471867980152717e+30
6.478763681905237580e+29
1.010001145970927619e+30
8.874685276169491863e+29
8.930342951216745131e+29
5.960382279168272436e+29
-9.584160462767913742e+28
2.988768500525341741e+29
4.587438237260646037e+29
3.075700717392995810e+29
1.964067122940966337e+29
1.447960559607422711e+28
2.213565271213953973e+29
1.027562761831858859e+29
-6.851501026524851874e+29
-2.086458028531592916e+30
-9.377862467505373896e+29
-8.816049728536298331e+29
2.416235519743862742e+30
-1.130895598395235222e+30
9.332340679879030942e+28
-2.914960418242079759e+30
-1.880911185952625155e+30
-6.835854040618937963e+30
3.443837921522666129e+30
-1.822134280376025511e+30
-1.489310367115709674e+29
-2.105161369747671759e+29
-6.887980089974029575e+29
2.744510201069744293e+29
1.859788416986745320e+30
2.801670336424086943e+29
-2.820464445578240907e+29
4.285200691447405986e+30
-2.847749265749152236e+30
4.377486546215622151e+30
-2.256479198120419516e+28
-1.564161724498617106e+31
-7.459836314274562291e+28
5.381925495637492241e+27
2.393952856542478742e+29
-1.294309573234320034e+29
2.882895367041333827e+28
-6.414783205021738902e+29
3.515925452379853564e+29
-1.135931798365583041e+28
8.870503864954974684e+28
-6.826111808733379204e+29
-3.385539212806233273e+29
-2.335173106641047407e+29
5.107721042082947744e+29
-9.050161682803845250e+28
-4.507921066560338006e+28
1.584163717077835388e+29
3.368986217104384228e+28
-8.794868933725791298e+29
-7.766337563880750078e+28
-1.096939449471766425e+30
-2.316909516159993999e+28
-3.853126966533200113e+29
5.114434757677960341e+29
2.556056273724793135e+29
-1.780736245343510899e+30
-1.339973605974283324e+30
1.167987573245496949e+30
-1.608842235043208862e+29
1.626826045673891410e+29
5.168567416674864667e+29
2.100381380531559333e+30
1.475923680086696455e+30
1.599268740673404722e+30
-2.094954049115572250e+29
-1.913345039176415870e+30
-1.428131847920999209e+29
-1.454983324804179589e+30
2.859144192979159751e+30
6.726992561872527911e+29
-1.381539702613002461e+29
1.010335647587569700e+31
-9.024126256668638453e+30
-3.685640961019130849e+30
4.239926857197471744e+30
-2.721499561926879003e+30
-5.688422011069220730e+29
-4.345262422263892017e+29
6.403641948098830910e+30
-1.320710156558803637e+31
-7.346761862839217042e+30
-6.156340949096517467e+30
9.172443453307336998e+30
-9.028161869104793092e+30
8.340812822045029316e+30
6.830998520098288466e+30
1.134990081488090745e+31
-1.567134838470463734e+30
-8.565761747862018325e+29
2.064809472770892993e+30
7.125602570340458638e+30
4.401774052735609104e+30
2.489156123667685333e+30
-1.117455226704926502e+31
-8.106363918093017838e+30
3.029526010971481843e+30
5.033820485908843348e+30
7.767753645620164155e+30
-3.138403411720850856e+31
2.079292245877858729e+31
-1.244818923060796484e+31
