-2.643548480009780800e+16
1.396597201121890918e+19
-2.124468738781423862e+20
-2.296946960373793161e+21
2.593476537649619534e+21
5.817061656558824325e+21
-1.749239960411424214e+22
2.903183113963632947e+23
5.409203318192039170e+23
-2.216692704299944346e+19
4.264654465245010985e+20
-1.608529683791558214e+21
-3.592403001251716085e+22
-6.614557209339378008e+22
2.640322790326931261e+23
9.220078477278005166e+23
6.371377330367864720e+24
2.424863877269129289e+25
-1.211522006940069396e+21
2.569963530992016687e+22
7.002380644674632155e+22
1.715225160430800968e+22
-2.082396706608625666e+24
-2.736939382989870407e+23
9.297664916469582964e+24
2.942821589086514440e+25
-4.182757660498259246e+25
-4.497721109843144606e+21
2.964690197849919875e+22
2.983082037318431004e+23
6.572890483871699991e+23
-1.966733550603673549e+24
1.754634198137271661e+24
-2.826967347102856581e+24
-1.033062468990021544e+25
-6.999423147769231492e+25
-3.572461934940991252e+26
1.972662525516868642e+22
4.746850162221263933e+22
7.410952144462074614e+24
1.460548746333613111e+24
-3.617118130297405958e+24
-1.025150144540542658e+23
2.245026757820357271e+24
1.901051782807818712e+25
2.047238269888970638e+25
2.567667860054271697e+24
5.938549050922276308e+25
9.178986262716988411e+26
9.625016131195982840e+21
1.149571713106617513e+24
-7.553733337642651640e+24
-1.300807232708344827e+25
-1.759714961660829288e+25
-9.093745413876291450e+24
-2.412212692187654965e+25
-5.650445024955343221e+24
5.129847336455671025e+25
2.164725167425939111e+25
1.215573940260437106e+26
1.390229825196287673e+26
-1.947155929213972626e+27
-4.253243936694801489e+26
7.686580214817890081e+22
3.364401000800549119e+24
-3.781638848519523575e+23
2.971537388654564470e+25
2.101178894822850855e+25
1.696005631586225216e+25
-2.679920554602857586e+25
4.345650477023570026e+25
4.234667777310240697e+26
-4.873410706602170702e+25
3.150587241799944560e+26
-1.290131973526612737e+27
6.604621605636525265e+26
1.941099055609586479e+27
3.032784350277889454e+27
1.260058553664490615e+24
-1.132536955404347727e+24
-3.605521374411074735e+25
-2.059934165010918825e+26
2.870978354364777530e+26
5.108588890952263520e+26
-3.280751210822831526e+25
-7.928845712974535727e+25
-1.602669294020255330e+26
5.660885348870889807e+25
-9.938108229903396950e+26
1.291319776918795421e+26
3.905940074067354155e+26
1.054767276483721688e+28
9.594857659878113563e+23
1.705259548603020960e+25
-2.167810404647304673e+26
-3.889402562170770752e+26
-4.575372993903024691e+26
5.723383024127445570e+26
1.084153350246732099e+27
-5.455601154438894101e+26
4.231850866985391970e+26
3.411735244112808184e+27
-5.606871861075297966e+26
6.502535168125788076e+25
-6.066418720201522970e+26
8.195327763686002524e+20
-3.545245247471328690e+21
9.274735151675590312e+21
2.753510935987495947e+22
-2.697774443248906718e+23
-6.373772739798342755e+23
6.654880967064067150e+23
4.512249747340659702e+23
7.349179787848459779e+23
4.184055753215802622e+24
-1.098367663176001682e+25
-2.507402732836098836e+25
2.428308202632845526e+25
-2.137736142267986014e+25
4.275161879693330092e+25
-1.520011355350569638e+26
1.386831059818594299e+23
-5.806342608975939450e+22
1.391561448221094634e+24
6.832663343016665145e+24
-8.364645859140663526e+24
2.471570492744056198e+26
1.782699196057259878e+27
-4.497941562190617237e+26
-1.181865108353798388e+24
-1.675049368756355680e+24
-9.485120670649490784e+24
-1.412520260947355418e+25
-3.134142224113263678e+25
-2.298678269087705664e+26
-3.288027437020455765e+26
4.136352775971245749e+27
9.449445270625512878e+27
1.017153480009294487e+25
3.449984205001304782e+23
2.005895271418480785e+25
-3.256380321121423042e+25
-1.852800813975423842e+25
-2.914425434654192071e+25
9.614967705861437810e+25
-1.513337300899279914e+26
-5.196011287639056460e+26
-4.248669523901924692e+27
1.685282185419239523e+28
1.507863199845017174e+25
-2.983362546666889284e+25
-1.423845849087558303e+26
2.896942158154678231e+26
2.589640877594571950e+26
6.282370781373288861e+26
-5.970863673736649799e+25
-6.844090218094690865e+26
-9.429452067583195549e+26
8.483138565030815564e+27
-1.279442342106604132e+27
-5.319559249749482534e+26
-5.822420821377692155e+27
2.194039001565432829e+25
2.326189112290670727e+26
4.929883504264527683e+26
1.688795232424816557e+26
1.051356217805547271e+27
-1.031155066216210430e+27
-6.333663555577043531e+26
-3.110630833269506417e+24
-8.488366481277128796e+26
1.071936329290971885e+27
-1.242559487349884279e+28
-1.775068492005133121e+28
-3.245107548212463462e+28
5.683440380116251432e+27
-1.109226557477639412e+26
-7.655679937164176283e+26
3.116844175680387085e+27
-1.270986464856279873e+28
-1.398585044718642210e+27
1.781565027955271542e+27
-7.925106587982558603e+27
-1.767384281949425873e+27
-9.389575014174944962e+27
6.760516844168989422e+27
-3.652576331978088800e+27
1.415490415404635158e+29
6.421286559514205564e+28
9.250685060336095677e+26
6.095712989005122637e+27
-3.231578120102371017e+27
7.917223657727775227e+27
-7.638791662554395928e+27
-7.239327511157627232e+27
-5.634698566623960315e+27
2.747857753898983902e+28
-2.587198814222177397e+28
-6.672242896428809710e+28
5.048597270907887794e+28
8.615393833469240658e+28
-9.488746884355208008e+23
1.386596812591439668e+24
2.339852917218633637e+24
-1.050280968127667094e+24
3.857156467146108887e+24
2.522035363682859058e+24
-6.278576419571905604e+24
1.782243931251378377e+25
1.690663849249722754e+26
6.164629553238133959e+24
-1.636589506671103196e+26
-3.459414996665060792e+26
-1.190837609633112142e+26
-2.571501173510247111e+26
-7.765025729245019986e+25
-2.643270644696428917e+26
2.839114083302397648e+26
-6.502394556460592708e+26
-3.977613567385576394e+27
4.841683816778141799e+27
4.346924168705960456e+27
4.562271808903195038e+24
-5.857692723101788766e+25
-1.583305563416647433e+26
1.433889260401763703e+26
1.156644400162589438e+27
2.632054588237504954e+27
3.527565592002143444e+27
4.762824278524486118e+28
3.371577619601647851e+26
2.633213139284607919e+26
7.873051114038214419e+25
-4.515541573004964417e+26
3.651273474814516953e+26
5.137487906767011801e+26
-5.167047832503162461e+27
3.869390797646860714e+27
-2.673852177289522601e+28
2.522722604962857571e+28
-6.967946974458168969e+26
-1.265753695707902455e+27
6.760587655771501942e+25
-1.183754278254762219e+27
-5.561646011770329983e+27
1.967147847788987426e+27
-3.828063378539398679e+27
-5.309921545685674859e+27
-3.931011988496310580e+28
1.681117154683855470e+28
-8.460613698346668831e+27
-6.582722776978857498e+28
5.707608066369447220e+26
-3.102695214153597642e+27
2.897160290917055053e+27
2.471338233384132322e+27
4.465925173203579034e+27
-5.199689826406548689e+27
3.532237786459089740e+27
-6.739193288805657600e+27
-7.544710274302388467e+28
4.695409710155780717e+28
5.615643404551120566e+28
2.462201554774003341e+29
-3.168483035296886409e+29
-1.330486714190891419e+27
2.658123013513343013e+28
-2.890899525122038203e+28
-1.012471276605149083e+28
1.977127249532700597e+28
-1.574134455979842183e+28
1.494332263247781140e+28
1.508811529656631351e+28
3.195457029688768850e+29
-1.950395070905099528e+29
4.164728637160415114e+29
5.942506049601573292e+28
-7.575029877110161970e+27
-8.132749266805123299e+28
1.696335395788428405e+29
1.113103528920495965e+29
3.345640569218293368e+29
9.759923292807652859e+28
-1.896881223906876592e+29
-2.063171191563448599e+29
-2.042160115607474639e+29
-1.700956441240274511e+29
-2.770368318008542479e+29
1.643402700070742777e+25
-8.482252176367665304e+25
4.066860608144041261e+25
4.676987497181882201e+25
8.962355125837882859e+25
3.487325000900115780e+26
-2.345159890127296573e+26
-6.226851191251611251e+23
-1.537052656678300157e+26
8.165561190911554775e+26
9.717542400071415673e+25
-1.244822511502387280e+26
-5.420369595360829821e+26
-7.954161481392111192e+25
3.841693417833902175e+26
-8.445960874598612250e+26
1.048198981460816225e+26
1.481264452838344933e+27
2.659840445957512743e+27
-3.019005806775706896e+25
1.298872544449266377e+27
9.579751767208923900e+26
-2.547425266473165331e+26
1.627122248653000692e+27
-5.297743786680579275e+27
1.536076132782258378e+27
3.840568023862723995e+26
1.787481633218551947e+28
-4.641815505104577977e+28
-1.110500770054530968e+28
-1.136747579195712869e+27
-1.772251784066818605e+28
-3.704491034570763346e+28
3.976089596050540238e+28
-6.333386650704165693e+26
-2.385288450959712849e+27
2.127123322404401033e+27
3.486153917816793520e+26
-1.571338565223075227e+27
-1.167428256466941592e+27
-1.513282607875853518e+27
-6.295583572306961339e+27
-7.781481110735427492e+27
-3.168778020510131030e+27
-1.015120966534978789e+28
-5.906072982940723935e+28
-2.650823593929483346e+29
-1.197656621789247278e+29
2.679924324013083848e+27
5.236383717437377527e+25
-1.556566990170803446e+28
-1.033851393495039246e+28
3.454719550325735439e+27
-1.018889160082082322e+28
6.215698336448494863e+27
4.595497936122270907e+27
8.118012866638112078e+27
-3.636143841920976632e+29
9.367672265605351759e+28
4.549389406592916985e+27
7.938720189977728075e+27
1.745124148145110377e+28
1.194559810785916597e+28
-3.878746724006416756e+28
-7.031707515228389550e+28
-2.642926864779459551e+28
1.276374353111083624e+29
-1.097758855118885605e+28
3.517384449784608734e+28
2.414078978910815434e+29
2.863644067081022737e+29
-3.636404737116773256e+28
1.203012292996464889e+29
8.952634260256031306e+28
-2.269828262337128274e+29
-2.725426386063085139e+29
-7.897344346592558707e+28
6.753430190268907903e+28
1.002004020681915856e+29
1.394008906159468820e+29
-1.451099448652035320e+30
6.282998925381226858e+29
9.095842719826624162e+28
3.953875225423652676e+29
-5.512748178228830367e+29
-2.037568235995327227e+29
-1.262389718523324414e+29
-6.977497407414850176e+29
5.979167178214637458e+29
3.931047788743745786e+29
-3.067470193982757892e+29
2.449483502921704961e+30
-5.172766572331088915e+25
1.192217865881252557e+27
2.452081198639511864e+27
3.845022693826946645e+26
7.619322864524188365e+26
3.802017875709876206e+27
-5.033735274889756465e+27
-3.697758778294706989e+27
3.505781635650877066e+27
1.305181485666491014e+26
7.255101169980674452e+26
-9.643357272521995822e+26
6.990707950671247970e+27
3.077272952177102722e+27
9.627150514361450377e+26
-7.366051968189120248e+27
-3.496067954906886649e+27
-4.804157437859847335e+26
-2.346163538042731764e+27
3.939883923649647477e+27
-1.046716354974770515e+28
3.199125154036569073e+25
2.176086996841049338e+28
-6.626802773790640270e+28
2.511322458657966339e+27
-2.014552656851498649e+28
2.883988849047591296e+28
-8.870324180445867118e+28
3.647913693680742068e+28
6.837598996108036320e+27
1.094997986223976841e+29
7.759621512276814703e+27
5.681366611792005279e+28
2.964054260475143421e+29
-4.314571172176126254e+29
1.855596146501323068e+29
-5.554383858914759429e+29
-3.062219844510662863e+27
-4.477025337771273826e+27
-1.852728926872555242e+27
-1.332483597204982507e+28
3.385686519038011729e+27
1.317522653071138165e+27
1.187059956117602317e+27
-6.271373838437655801e+26
3.422324646674009199e+28
-4.294353638541218075e+28
-2.863990374292477562e+27
-3.972636318667036643e+28
1.841301909923275033e+28
8.933107073700486893e+27
9.266115109759999774e+28
6.989865248947222365e+28
-1.590821559779723857e+29
1.397789336598526428e+28
7.418426534478434801e+28
-2.243477112223879300e+29
3.828658398466593606e+28
2.941005728668737988e+29
6.503604464655386333e+28
6.876584374169998113e+28
-8.427034220481370093e+29
-1.648042981147687653e+30
2.832801606847513503e+28
5.351553442052269008e+28
-3.848235933499678830e+27
-1.266289478233217661e+28
-1.166131989071016761e+27
1.146957484207074861e+29
6.463523430831468059e+27
-1.152079206153715951e+28
3.108163514954513903e+28
7.696698776232411031e+28
1.065604718620316208e+28
4.849533127087432635e+29
-1.594883825405368134e+29
3.203378511642721810e+27
1.173193368416723172e+30
-9.232944226915209227e+29
4.831586775177654859e+29
1.246946067406781750e+29
-1.461440456537402831e+29
-5.672104917292179299e+28
-2.296484159371627329e+29
6.782889690070695446e+29
-1.233489747861521958e+29
6.761078097247436189e+29
5.701094132124937271e+29
-5.654552442111904448e+28
2.669794993947753373e+30
-4.610534661583088239e+30
-1.430744333331003611e+29
5.715261355244592405e+29
-3.355422721746558095e+30
2.766210103276861576e+29
1.059902634612950916e+30
3.052291143857972926e+30
1.749617158597214667e+29
-2.282634286560688928e+30
-7.367658026131077063e+30
-2.480454071877851304e+26
2.035836024682794000e+27
-1.349460541234111975e+27
-2.088644027385311893e+27
-2.446116320782706377e+27
-2.540005140274696667e+27
1.814441639698367435e+28
9.031338771989311719e+27
2.972861427829415638e+28
-1.484281457353398861e+28
1.008710297256501913e+27
1.246965692716938935e+27
6.970709543131081701e+27
1.706075006815417445e+28
-7.610541555114612071e+28
1.218754731874574883e+28
-2.050638532867846992e+28
1.390844329657978670e+28
1.505196694652919205e+29
2.830583210227463994e+28
-3.930197047493468487e+28
7.282720291032318877e+27
3.382193192643748427e+27
-2.143266226618858038e+29
-1.605543128177738310e+28
-3.946232409729613958e+29
3.902929143372583118e+29
-1.745442936794519825e+29
1.244277878243383424e+29
-2.403184233504060410e+29
3.713827525987747601e+28
9.550477292830455771e+28
1.234210472671013434e+29
1.304610391499008535e+29
1.557058884636676290e+30
-5.659758617853655801e+29
1.254344729100862650e+30
-1.794466170508556294e+27
4.468415866563432345e+28
-2.032023893094759826e+28
-2.898320860802645143e+28
5.392051881754639096e+28
-1.706995477887896032e+29
-1.107048393329032926e+29
3.320526632843253037e+27
3.052409764807737015e+28
-4.243529662394475562e+28
-1.924964689743861404e+29
-2.637939177215886517e+28
3.716182355859308168e+29
3.905466830859434424e+29
3.302530601066541587e+29
5.097169646424650172e+29
1.965697832542199889e+29
1.389674262799079860e+29
2.742250904837987792e+29
-4.929965473029648002e+28
-2.099213835876395490e+30
1.284772928119387863e+30
-1.173821561475575446e+29
2.420834918130992542e+30
1.369806111238729533e+30
-4.106502141451135883e+27
-1.400883407217469702e+30
-3.550111727844016892e+29
-4.606329969096211693e+28
1.090086446605907651e+29
-1.886085042127721437e+29
2.613468614235587140e+29
-1.812113634445263647e+29
-7.110995793589157977e+28
3.079568161711931609e+29
-5.130203315949225075e+27
-6.580766497733553158e+29
6.880505718550159160e+29
4.157422431363374558e+29
-1.458452894619849267e+30
6.305946387771430776e+29
-1.286306197598364890e+30
7.825188793088887953e+29
2.819502952136887420e+30
-4.822248073339026319e+29
1.585204306633163608e+30
1.049498746209838326e+30
5.898747439394297621e+28
-2.801926710307938039e+30
4.963839680652259341e+30
7.579342070101155399e+29
-9.138181363029637686e+28
-4.970585329370769187e+28
1.140673676851666390e+29
-8.014840858770252536e+29
-9.300852230622160243e+29
1.532300842642554138e+30
9.875944459684492841e+29
-1.372334757541141133e+30
-9.142946974214768807e+29
2.800228785157670749e+30
4.402572371437788780e+30
8.939579271733941990e+30
-1.200432033489910369e+31
4.355040079767385082e+27
-2.085503745360658308e+28
5.287053500948998551e+28
5.769038763168312549e+28
-4.206708528913605830e+28
9.293069096476197807e+28
1.080295085536375943e+29
2.573798252036406326e+29
1.355514420925071082e+29
2.231001331697559293e+29
-6.760655483476971319e+28
1.359183160503403257e+29
-1.645790031961111658e+29
-2.226590223152473873e+29
6.808441781160867315e+29
5.078331266305226470e+29
-4.833697510063389254e+28
-2.230642604582514508e+29
3.240277230950348362e+29
1.071010200194541357e+29
-2.904915482463196534e+29
-4.371929029262055480e+29
3.920132659891452464e+29
-1.443575248322464637e+29
-2.385235088892446583e+29
4.069262060614527149e+28
1.356711613279791891e+30
-5.423282104400728641e+29
6.025451725775900057e+29
-1.923472222893253431e+29
1.801977079755480698e+29
-5.389734906887887954e+28
7.157959588638587074e+29
-1.004646192956353627e+29
-1.140538914773791416e+30
1.280851085678787289e+28
4.477823187075217599e+29
-1.121654934428981778e+30
3.553978351530707572e+29
5.241701078545517795e+29
2.773527046078456599e+29
-1.871070423920417711e+29
1.266291561479593692e+30
1.012122364933217285e+30
3.350991608466346582e+30
5.567591928782715427e+29
-1.089848068372244325e+30
4.330252174170048361e+29
-2.876045330021937963e+30
-1.908247790984460490e+30
4.036408231176286607e+30
4.047996490799027190e+29
4.587951984502337982e+30
1.051280567582938900e+30
5.674356806796030272e+30
-2.908044778143158727e+30
2.880025627221119621e+30
-4.397556921752199699e+30
3.264309043796389374e+30
-5.411836072263040443e+29
-2.115448329852490197e+30
1.844999926360382832e+30
-1.489240711839950989e+30
-1.444195250248070106e+31
1.803746449745912592e+30
6.750935267837317129e+29
8.662866951553433616e+30
-1.428352761369267959e+30
-7.916783754278260542e+30
2.538504128242208106e+29
-6.686361229965926801e+29
1.624971171179805126e+30
-8.643790563006771417e+29
2.284657650412721334e+30
5.109787126118493430e+30
4.857728247752101576e+29
9.090653243455810972e+28
-1.640431392131310714e+30
-1.520403095559451360e+31
-1.807489777285460929e+30
5.441237084151458787e+29
7.161808035470568538e+30
1.287859213940525297e+30
2.528052242567674723e+29
1.091764246270213084e+31
1.618378832995017799e+31
-1.937340323637835830e+31
2.138853987823889194e+31
1.017427588123486790e+31
1.687775087884194892e+31
8.574644176231164714e+30
-1.583068226610726949e+31
-3.828747329726818533e+30
2.219290902885072736e+30
1.702419807053550281e+31
-2.762492560973409166e+31
1.575077723560162683e+30
-4.297360528376605671e+31
1.412730419643951050e+31
-4.729676221525334750e+29
1.978977827888069512e+30
2.814654474510482203e+30
-4.120719803062517882e+31
1.160458582253296638e+31
1.396058608611580037e+31
-1.726796064279958714e+31
-2.644020789343501410e+31
3.610259704180502145e+31
1.505901840704470221e+19
5.150082140901598822e+20
7.748481369464053432e+20
-2.110005396523918557e+21
1.983338494506403627e+21
1.933975985657694755e+22
-5.402064355361410987e+22
1.312598169121776304e+24
1.554153643196220375e+20
4.993162320296837906e+21
-6.159041980930916876e+22
-2.397731120067975043e+23
-4.279778163002632737e+23
-3.206223000209382477e+24
1.649722581064313593e+24
-2.573470060470600885e+25
-4.240947161239373899e+22
-5.326333602686000588e+22
6.842044557603114184e+23
-2.683137767509538376e+24
1.852129658470371714e+24
8.889469513263868872e+24
-2.172666142679644387e+24
3.138336269199570386e+26
9.268587806263562417e+22
-4.025392583780977345e+23
-2.323605409613821352e+22
7.970088356522059723e+23
-6.302393681722619871e+23
-1.295069749070174630e+24
-1.458629807093724641e+25
-2.539322492430397764e+26
-4.183829400341312559e+26
-2.281479251857908202e+23
-2.307257019507267280e+24
1.570882009855154786e+24
4.750907988354566560e+23
1.921292888680075100e+24
2.926030417606280358e+25
-7.630380472304826526e+24
-5.396605351914593824e+23
3.448672413154918032e+24
1.725762241049771803e+26
4.207175684425709190e+26
-1.674954467548489553e+24
-6.954722345028788934e+23
-1.137192307539906325e+25
-1.510040963993056856e+25
4.219444474082963201e+24
1.218340320353028089e+25
-7.686464479956385392e+24
-5.661824822120090544e+25
7.472538047505021579e+25
2.448795223507540697e+26
2.429051171692058471e+26
1.021054064153095029e+27
1.942605857825519937e+26
6.784884963682830342e+24
-1.059414060039080301e+25
1.172905335767212151e+26
3.252160587403685792e+25
2.341210720167083914e+25
2.479088152229770932e+25
2.106911821031979667e+25
-2.634479129309073417e+26
3.698148906420594075e+25
-5.260770864109341086e+25
-1.065011854514289057e+26
3.661101237416659509e+25
-2.084610936587432181e+27
-1.195346254722563112e+27
3.075697088868375826e+25
1.130614685245616383e+26
-5.166322021135784164e+26
3.039096325148164684e+26
-3.496613066231839045e+26
7.862539020932947078e+25
7.911292220957526331e+26
-2.163545644231840791e+26
9.709721776821434217e+25
1.951288942653409891e+27
2.135055892921379234e+26
-1.821938865009303945e+27
4.453238084072381566e+27
-1.390566840518250968e+25
-1.771266967383011373e+26
-2.647473367501177118e+26
-1.572200766744858563e+27
5.477214599521303913e+26
-1.218654820496316822e+26
1.469392435658049157e+25
2.202329119432946272e+26
2.583644771927754337e+26
-9.791693306869778009e+25
-8.953617607392046663e+26
-6.148973631182627029e+27
6.964634624674934817e+22
-4.025873943133505454e+22
-2.104549775818164336e+23
1.209344072429557231e+23
-3.610961521435635268e+23
-2.683384684390236715e+24
2.620980338447777077e+24
3.131641374698665916e+24
-5.382021516246962447e+23
7.178871543176219412e+24
5.501620001388755222e+25
-3.862626459948822415e+25
1.662333810629493508e+26
-6.386281584054636788e+25
3.840424465379486094e+23
3.966346204259765560e+24
-1.485607660218883949e+25
-9.475164657931101240e+24
9.015492044485089372e+25
1.575647298835723635e+25
-3.660475112210854345e+27
-6.878512484595117681e+24
2.516851947900498436e+25
-3.377550895835737348e+25
4.412978129105276011e+25
8.962906214515659090e+24
5.549425834911521456e+26
-2.504342804786016262e+27
2.446161563701618975e+26
-6.003701008842074320e+25
8.496734013025294458e+25
-7.105808249290967671e+24
-8.573198263972525440e+25
1.094979024937316826e+26
2.302318336812242551e+26
2.398893631782839818e+26
-1.636184113139959937e+26
3.881285380195285415e+26
-1.503657599560447336e+28
6.141792051067588688e+25
-3.625496179554357020e+26
-9.977133128537621501e+25
-5.115943750907446311e+25
-7.505639216547492294e+26
1.888854960748566020e+26
3.067628162811294180e+25
1.007147709007514433e+27
-5.999679359624357399e+27
-9.300604245641506875e+26
2.454080317616762040e+27
2.412278449751372294e+28
-1.198430949113788085e+26
-7.145124467387998048e+25
-6.512888616280021601e+26
7.881499155696700420e+26
-6.429646565267301978e+25
1.015468649266106039e+27
6.012274692390019204e+26
6.121352791911877860e+25
-1.241599394530402402e+28
-5.523680966864056532e+27
-1.458584293923450371e+28
1.459201947890948965e+28
-3.392513880168469310e+28
-2.531088456381276112e+27
-5.096527160568785153e+27
-6.416126857626149461e+27
-3.238437723756801785e+27
-4.585019961376865241e+27
-5.058185963536273793e+26
3.294564629396591686e+27
9.390191776914473871e+26
1.275463093947959965e+28
9.089402910174108672e+27
-3.061992552025547967e+28
-5.525516726848127170e+28
-2.025168943893230266e+27
2.850209058217739451e+28
2.924683672963914720e+28
-5.259334006419861740e+27
-2.995406935313511624e+28
-1.538557485744106907e+28
1.966573503201827679e+27
-2.984247613436765643e+27
2.232462103731404808e+27
9.039277878611386079e+26
7.118423293904400249e+27
-6.358267202720201798e+24
3.437193840935536302e+25
-5.094085928217844910e+24
-6.215668071631438133e+23
8.950842415242178804e+24
-1.260900725234091248e+26
2.022960494312459861e+25
3.493631666316333451e+25
-1.570009182605797289e+26
-1.918961407797624200e+26
6.541405365372146918e+25
1.494819588659249420e+26
7.353489725223007533e+26
1.861717534014243748e+27
1.149375464652652630e+27
1.190064297441124962e+26
2.202970731878895619e+26
5.809256130994072157e+25
4.216622896261030175e+25
-4.272293251704665682e+26
-1.418739818064412774e+26
4.611142768902423677e+26
-2.200065375080025998e+26
-4.488374972751704071e+27
-5.008371215790621810e+28
2.518103220936721724e+26
1.760935751783700024e+26
-1.595192878989147078e+26
5.971432789610022671e+26
-2.199123411778565620e+27
-1.946156082473965682e+27
6.535086195160062392e+26
-1.273685454688077337e+28
6.623438037816240238e+28
-1.018009069217428617e+27
-2.400082151822477998e+25
-1.189347206152195283e+25
-3.632393275391946639e+27
5.929796016929569872e+26
-8.681517154818637303e+27
2.877881122127755987e+27
-5.702033000163171573e+27
-1.270233990024912834e+28
1.920110959961936072e+29
2.862893678577947684e+27
1.406013858913556205e+28
-2.293784522655332569e+27
-7.826867332267352292e+27
-5.477062467640934346e+26
3.625350267836331001e+26
-4.644299460936813310e+28
1.305947729814938551e+28
4.518993398943746012e+28
1.085199870336893999e+28
5.133371701712371446e+28
1.643695304032900841e+29
-1.880284250014038694e+29
-4.573847785381963089e+28
-7.759263234887945037e+27
-2.672604261333642556e+28
2.147125752889692400e+28
-3.863083825166260783e+28
1.508858995963768980e+28
2.416988949172153550e+27
7.462672574409722083e+28
-4.919393469937052743e+28
-3.108446279902201315e+29
6.891600526108216643e+29
-5.651517520896353767e+27
1.073543815866579117e+29
-1.612872985746239378e+29
2.432384893255303783e+28
1.112777642484550042e+28
-7.746205600199540860e+28
-1.214412583114234177e+29
4.246341353999160089e+28
-1.410986558742146388e+29
-3.132971274804312019e+29
-1.361051158757634251e+26
-3.313647699455399470e+24
2.059248922829716065e+24
-1.071801093949336799e+26
1.020841994265123359e+26
4.081506982114727846e+26
2.662217896171211502e+26
3.495230316138956032e+26
9.216931746958480285e+25
7.365200430006706669e+26
9.054374535570796849e+26
2.250642074599905434e+27
-1.339432269705608462e+27
-1.460048952520668052e+26
-2.433794368946288651e+26
1.379188705048672520e+27
1.390445879610331689e+27
-1.079211584101846397e+27
-3.992075746545765254e+26
8.955074689453975334e+26
1.477785519930894399e+27
-1.332387574610439451e+28
-2.211744357491715975e+26
-9.804211217534996171e+27
-8.214327111913014455e+27
1.349801481973834303e+27
3.210704949447525677e+28
1.514767454007544197e+28
-7.399893460650361488e+28
-1.463329777599117747e+27
-7.749209491721561347e+26
1.152822770371037299e+27
1.881230156530799117e+27
1.695210870725011677e+27
-3.338346243112963360e+27
1.325731442570912496e+27
-3.538110112109795883e+27
-1.002945449586752173e+28
2.743561323793456583e+28
-4.874470711984316159e+28
-1.681877428962242719e+29
-1.102638008125719632e+27
7.549449275384270188e+27
-1.656029242624174053e+28
-7.424511464606602954e+27
6.826247446607053502e+27
2.211540913092599513e+28
8.256554491593642705e+28
-6.687163798922290003e+27
-1.655111259581288765e+29
2.395511555649332227e+29
-1.397806126126368024e+28
-1.259431351729608587e+27
-3.420760079198895123e+27
3.394289922540979237e+28
-6.442880547073754190e+28
-8.599878223022232077e+27
-4.982094878531939225e+28
2.553907335598855373e+29
1.315203984467634036e+29
4.249572358004155458e+29
-2.663113384056033620e+28
-1.567490852279344569e+28
1.116770387176993824e+28
8.304291720467663102e+28
6.234106539712134922e+29
4.460875958469833246e+28
7.888939826639824305e+28
5.017928102550036511e+29
-3.400115424216587950e+29
-2.458131495065288077e+29
7.210071807918727195e+29
-3.812786971599903719e+29
4.741688636310572630e+29
-7.019288131452695504e+29
2.052872083821314136e+29
-1.188862425618358126e+30
-5.627359852825540085e+29
-1.909876579643383388e+29
2.542927630673903147e+30
-2.218147018868587318e+30
1.153815462795518858e+28
-5.031145297879562060e+26
3.385580402010692205e+27
2.220524580455521985e+25
1.163333776004852968e+27
2.884798759905573741e+27
-6.109143864385571827e+26
2.521991183609979931e+27
3.139075501155761301e+26
-3.954106327988190294e+26
8.620449855456590377e+27
-1.131961438504719477e+26
6.273409630990344328e+27
-8.685070865595096501e+27
-8.290968147937145154e+27
-1.379801768152717858e+28
4.021960663455309160e+27
1.950827891436078895e+28
-5.032822551684578021e+27
2.080481965862975644e+27
-8.618051493581281509e+28
-7.226818600801341264e+28
2.813436130393442467e+28
1.022189635992989349e+29
1.071164847334738811e+29
2.814782517583948088e+27
-1.591482987188986227e+27
-4.720801372295852127e+28
1.606134868209942486e+29
9.664927514422986184e+28
-6.149323433812039630e+27
2.103397633950134442e+28
-2.190575422906852096e+28
1.671625017519640745e+28
-6.674532246225691371e+27
2.431785210858945172e+27
-1.306562090251709631e+28
2.569954344781057407e+27
-2.537329991984874687e+28
-3.689300440454490907e+28
-3.940985302700401521e+27
1.565942995761554678e+27
2.865137159660542743e+28
-1.347797207452468312e+29
2.417240096997671756e+28
5.112851978907255150e+28
9.526485683737483378e+28
-1.356069688476714110e+29
1.169262399426791420e+29
7.527235107470939374e+29
9.217933332930632470e+28
-1.081850257156232860e+30
-2.061909567538105790e+29
8.565826950175777736e+28
1.198422033077506594e+28
5.861520593626027972e+28
4.404432246317447148e+27
-5.356026696322231924e+28
2.349367500425579189e+28
4.093358672682937483e+28
-4.354757162520822229e+28
-3.252543876405847419e+29
-2.312625211300937300e+29
4.092554643408607161e+29
1.369299191410299804e+29
7.753000346921340340e+28
2.067400564909054621e+29
3.366626577085979231e+29
9.928956933572497915e+29
-5.698801637683145569e+29
-2.510699516792022482e+29
1.011050335657179651e+29
-1.222660001525493756e+30
1.584759893550744292e+29
-4.227874143755915086e+29
-1.802710345783208988e+29
-1.404366284547612644e+29
-1.281624875273916767e+30
-2.245918166353205461e+30
-4.580782142363066512e+29
-6.796478974882387712e+29
5.981880259168024149e+29
1.804645090506640014e+30
7.389991080370009562e+29
-1.142914011061805590e+29
7.931231482469990318e+29
2.746293963991264646e+29
-2.341492911023736476e+28
1.313801833567347265e+28
-2.905538591902320689e+27
-1.468282837991792910e+29
-8.656820548987315042e+26
-1.883873125296482915e+27
4.996591979606215392e+26
-2.740569143812329612e+28
1.070932491559449818e+28
-1.247018701649445380e+27
-7.367032655990354616e+27
-6.015363879830036960e+28
-1.804985511843905211e+28
2.869648661402946466e+29
5.273855905637773307e+27
-8.068213210176361633e+27
-2.637916722235127433e+29
-1.002215989543524697e+29
9.886009693932910938e+28
-1.323834744351385269e+29
-1.225705579575893962e+29
5.238279732564812026e+29
3.514545505712580831e+29
2.950654837511261493e+28
5.529397441660714611e+28
1.759514113660093218e+29
5.333355683064365374e+29
-2.993604234164129291e+29
8.318595333463375909e+28
4.395097181273739736e+29
-2.643406164621434041e+29
1.038679519420149837e+28
-2.678733796218209794e+29
-5.216525159960966502e+28
-6.408851948239796679e+28
6.874666048980521641e+28
-1.456782104789881975e+28
2.077605890088211059e+29
2.483252229003164066e+29
1.664042470212819091e+29
-4.729573248216192084e+29
1.528998556482325321e+29
1.697911744541654088e+29
-5.019301893226186737e+29
2.608782202863352987e+27
-1.563658014845271414e+29
-5.955872463169650498e+28
5.830224084502856242e+28
-1.323227693326460068e+30
-4.550963578435560583e+29
-1.121341708571702811e+30
2.482784691350642681e+30
-2.922840399408064413e+29
-1.713376815962382915e+28
-2.031215747684254393e+29
4.775526192474722021e+28
-1.681360741983196320e+29
-1.637766395397884771e+29
7.285125928480652790e+29
-3.134372986242569577e+29
3.384236392921509906e+29
1.371685022812413330e+30
-3.124228426402825218e+29
1.517573476083355801e+30
1.811326994253340040e+29
-1.125977141489950869e+30
1.978394282658604817e+29
-1.788825973035436138e+29
-1.685468311967771541e+30
1.345892748564400242e+30
-2.068364651633296404e+29
2.678249279173113529e+30
-1.744809995694301199e+30
-1.941547120673675838e+29
2.711521659664866438e+29
4.854762408380567977e+29
-2.281396402111946681e+30
-5.915809703705188745e+29
-6.212828133294113803e+29
1.770192061330244247e+30
-2.337553664512962792e+29
-2.194892721541195174e+30
8.054891118319482591e+29
4.238435455217646864e+30
-1.296607498107367180e+30
1.971893733910661554e+29
1.940439239795207776e+29
-5.877462207243829222e+27
-2.265493133847048532e+27
3.719845401569630177e+29
4.733490579244782942e+28
-5.185841071922113506e+29
-2.534873209465777544e+28
5.579887896581056694e+27
6.794326264859425159e+29
1.842967265389143327e+27
8.021675519020337245e+29
2.208769427456456504e+29
3.701664792814840902e+29
4.525253825701119477e+29
-1.191869192530584216e+29
8.322460249536366616e+29
-1.863560823784774988e+30
9.313934262849351117e+29
-4.532753390735838437e+29
-1.894797151899237043e+29
7.987366295907968708e+29
1.573467211533556078e+30
1.281221917877899887e+30
-3.635034375977359469e+30
-5.126029631292352774e+29
8.998780992230015405e+29
4.162497706763564291e+28
-3.261845407734027707e+29
7.754357692594232600e+29
1.015556688074273214e+30
-5.220577212568133978e+27
3.589633666186044789e+29
-1.211994753570634935e+30
4.333846100542485701e+29
5.532146341837758411e+28
-1.021930103105417634e+30
6.009373840873247725e+30
3.942510365756021611e+30
-1.116254201190718211e+30
-7.861262912073665209e+29
-5.215409196500221905e+30
-2.988311871048675477e+30
3.575999078420319977e+30
2.324772203573714980e+29
-2.429121876863646224e+30
-1.380327897687615522e+30
1.027025829307409464e+30
6.332098723405183199e+30
4.735513610045322362e+30
5.000316700460466388e+30
2.068824307326680442e+30
7.520319631239857305e+30
4.738046832468041943e+30
1.138237521668080032e+30
1.835586562800951462e+30
5.512728359120051730e+30
8.250429850460170755e+29
-1.812584454307559445e+30
1.885778600863186498e+31
1.365990453412017678e+31
8.312242568234188587e+30
-5.734818426179548860e+30
-7.330012482979796774e+30
1.481716606548894673e+30
-7.157515286320431241e+30
-3.593223222620320452e+29
-2.620827135311356842e+31
1.129515474544877132e+31
-3.248103362927446764e+30
