-3.607179036714593600e+16
-6.866647299925953536e+18
1.186072916891749745e+20
3.634832232504230543e+20
-5.678033419977683370e+21
8.165023948022271181e+20
-7.496055022836505379e+21
-9.358447260252741881e+22
1.700030685096331161e+23
-2.853343710088955904e+19
1.661393245747830456e+20
1.414602168057454395e+21
2.187172661279280071e+22
9.669518346061548932e+22
-1.572199345695362038e+23
-1.748618288882922279e+24
5.997979070210576411e+24
9.361229813273093357e+23
3.035875802338845000e+20
-1.231780465210328456e+22
3.700679021674910188e+20
7.554346677937870209e+22
-5.188842198893281610e+23
9.488128261382030859e+22
-4.627820138571534969e+24
-2.409818985631596843e+25
-6.016169972837116515e+25
2.550996792301036503e+21
1.100984132607486009e+23
-3.521503880267132630e+23
4.075234950345715089e+23
1.409717382151818204e+24
-1.050264388506897808e+24
-5.942264082480913990e+24
1.167054432244081491e+24
-1.132243764472895734e+26
5.411235376719969340e+26
-5.977736291403197055e+21
1.595861064906190723e+23
-2.002546301248913757e+24
2.458963072775384853e+23
3.395324606911940804e+23
2.620386727151743309e+24
1.555684651656782476e+24
-7.601088223738995833e+24
6.472470223819535200e+24
8.489986822085508166e+23
8.444284004603108670e+25
2.759804515038535224e+26
5.416717539728160719e+21
-6.000476248886500372e+23
-1.632339838090138626e+24
1.260986242254239249e+25
-2.145600512933517953e+24
-4.365012971516011267e+24
2.526908568250573152e+25
9.725052831823325823e+24
-2.559667552745942583e+25
-7.396508325433976902e+24
-1.107289513750125307e+26
9.373665327562220540e+23
4.037763032058948120e+26
6.112794378632835061e+26
-3.055904603629231800e+21
-9.100328541117963976e+23
-6.946289358827810542e+24
8.575698994343495332e+24
-3.030800132807699809e+25
-1.353176339915376125e+25
-2.839139730764791376e+24
-2.125427956018510464e+25
-2.895280691731805201e+25
3.999912299503092594e+25
2.933678751893626661e+26
6.023750332852676979e+25
4.644644778682091954e+26
-4.529143678928931118e+26
-1.186290900640195445e+27
-1.948148602548700022e+23
-1.661131109203571920e+25
3.835869891659454711e+23
9.845720106012443766e+25
1.848026328339633673e+26
5.324103511329528102e+25
5.068983366608597336e+26
1.093392168495820151e+27
-1.860510140700061223e+26
2.560827918746447816e+26
3.169460019332241389e+26
1.964822624319205955e+24
3.289457441440821359e+26
-7.275260264837530816e+26
1.056130964294071575e+24
1.742652280314070817e+25
5.902216190343590169e+25
-5.389667440736267651e+26
6.677874021219010214e+26
5.375834306822926296e+26
1.877540828945420294e+27
3.875286386573988582e+25
1.302762157700290539e+27
-8.626719978087648065e+26
9.678056011905124992e+25
-5.391318529614404723e+26
3.096992914761718027e+27
4.694550088867794125e+20
-3.371428683482195296e+21
6.205018055048392239e+22
-7.581862135219090987e+22
9.473352270943786893e+22
3.286812317180859651e+23
3.090503931393349570e+23
-2.631112956389344433e+23
9.968821032561694841e+22
-1.795241134232316108e+24
3.043767464993641955e+24
-8.730205844517388307e+24
-1.552636771771955594e+25
-2.322215102186456500e+25
-6.636323247902807968e+25
-1.821783763591627441e+26
-3.334489873003835965e+23
-6.519176927462777694e+23
2.597227047751643516e+24
-1.362666472558946329e+25
8.842098890470966400e+25
-3.442755040239203134e+25
-2.216744502297810340e+27
-2.283241976482984261e+27
-1.642907588361987536e+24
2.295117805489153267e+24
-2.336443264689958398e+25
-1.239485441700210372e+26
5.447626378561705520e+24
4.827128878169195417e+25
-3.906871293121655286e+26
-1.828985560323619303e+26
-2.076391648568691619e+27
-4.528995694188531989e+24
-4.520830511237917173e+24
1.107627501158157979e+25
7.536880041706792194e+25
9.261404018924515838e+23
1.702688666667629627e+26
1.400274107831668913e+26
-3.333403727428856269e+25
1.749252565139361980e+26
-1.569310801381074641e+27
-2.012647121314690328e+28
2.156522549434321671e+24
4.788246808130309705e+25
2.628122118412715828e+25
-4.557579073371436176e+25
5.617892583823261017e+25
2.793091219927028250e+26
1.458134020385793245e+25
-1.010213862056275526e+27
-1.454994354708792610e+27
9.058701411473006350e+27
3.033077145283228018e+27
-1.754284518142429022e+28
1.835138729239409451e+28
-1.903487641544547219e+25
1.937297052869660180e+26
-1.005341084848603875e+26
1.192443149706895755e+27
-6.716730484741714391e+26
6.639112380379396588e+26
-1.082446022758660941e+26
3.207363154807893101e+27
-1.108744030631488864e+27
-5.525744285380087340e+27
-1.650298458221607297e+28
1.214745547084533662e+27
4.727560077357634346e+28
-5.937253238394004141e+28
3.353347440938611990e+26
3.422448070188979165e+26
-4.590336595314548978e+27
4.099321380767876787e+27
-1.474831337964083105e+27
-3.636624008141011823e+27
1.512181760777762042e+28
6.048597088990140812e+27
-4.061804777521601405e+27
-1.848300752121255687e+28
-8.484711171037213273e+27
5.364826352847349487e+28
3.669344688777843331e+28
-1.210519486478809684e+27
-4.653730843551409564e+27
-5.922818492780670240e+26
8.032428549349072189e+27
-1.134728766668340483e+28
-5.892436878058338623e+27
-9.338364793657455466e+27
-2.407917590223717532e+28
-5.649792108710312256e+28
-2.880354810690896847e+28
-1.724013085437712301e+28
5.087511984566264258e+28
8.853270678133282963e+22
-2.316348299125391314e+24
1.785848165465759259e+24
8.485036041940907160e+23
9.406627973795666396e+24
-1.500279533324537863e+25
-7.346446547592883735e+24
6.533743762379484520e+25
1.068814864068821995e+25
-4.408175543851155765e+25
3.118162685623008273e+24
2.266811107863745676e+25
2.961316404531757731e+24
-2.194905354916943515e+26
1.235844132815989240e+26
-2.522072186881625865e+26
-1.070443618052391792e+26
2.741367204706901725e+27
-6.464717335324428043e+26
-2.726678104597087144e+27
-6.281848818191744101e+27
5.693780791471548987e+25
2.837428276555388054e+24
3.747717289991236619e+25
1.214627396994381511e+26
4.989584333383941836e+26
-2.619051878118746562e+27
6.886903827013755807e+27
-4.656467567132761919e+28
1.405272237939423305e+26
-2.678975994292168152e+26
4.342816988293826373e+26
7.290357565666725938e+26
-1.505937500417939633e+27
-1.565584808101944118e+27
-3.456956203479582926e+27
3.226202581242551460e+26
8.817253150171083910e+27
1.565576530513097394e+28
2.890579729167013919e+26
5.936298135429612077e+26
-7.307548435894080557e+26
4.242444341880257113e+26
-5.830044149668815111e+27
-4.160790128043007221e+25
-1.511540472669524312e+27
-3.373280759431451648e+27
7.929786052095376023e+27
-7.211474884888310553e+27
-3.351137351119238365e+28
-2.144051875339867518e+29
-2.935337287153096808e+27
-4.567706240029235601e+27
-6.983822554498016079e+27
1.185875199895250375e+28
3.481724218592015645e+26
7.066209976565156782e+26
2.432482951921331577e+28
-5.602718108538548775e+27
-1.615852083551510320e+28
3.133626798249185358e+28
7.374168314197339209e+27
-5.529856804979966039e+28
3.120895396540653644e+29
5.752417463665695515e+27
-5.019656069459500544e+28
1.122127480295604036e+28
-9.726269808155158691e+27
-1.819437854937722727e+28
2.300670459896477874e+28
1.091217396631706665e+28
-4.397051813409106701e+28
1.231291915317733896e+28
4.437564415818181172e+28
-3.432046303401481498e+29
3.500991344664417708e+28
4.976831932300312835e+28
7.864603923937287840e+28
-1.571876007617200891e+29
6.640376008709292604e+28
4.000071208122761794e+27
-3.315746790110911571e+28
2.774819771058939863e+29
3.522223450058975413e+29
4.683318096114118202e+28
5.609371867443967182e+29
3.698599893160877275e+29
-4.008071206686129658e+24
4.830256531922045819e+25
1.177569175127372562e+26
-4.876376409840579131e+25
-3.444096366142039419e+26
1.925629703289255532e+26
1.105518555658327982e+26
3.164590127521063573e+25
-9.794497298296285194e+25
-1.557019439386492941e+26
2.953972988917564334e+26
-3.496571362662321818e+25
-7.403188515283761995e+26
-1.215320081410138052e+26
2.341287711719523589e+26
-3.718239592509525378e+26
-2.636173800090037185e+26
2.844459339170557320e+26
2.682256618539370817e+27
-2.230020817617820501e+26
7.689212648804099977e+26
-1.825013871588066563e+27
-1.691528961768008421e+27
2.263578362069833945e+27
-3.076113759646360284e+26
8.523215748932759169e+27
-1.056059968942039201e+28
-5.900510067419456192e+27
6.661699322786286889e+28
2.366275393425214612e+27
-5.690369220646861301e+28
-4.540558112883389321e+28
3.140014928533448151e+27
-1.801283705963776648e+27
-2.464070509457152212e+25
3.915743252713257389e+25
1.277221819835083832e+27
-2.542764244748164523e+27
2.636864121804523038e+27
5.008367273612748084e+27
3.072495332481576599e+27
1.345886276974555668e+28
-4.297429719497535829e+27
2.040961598330643543e+28
-2.212717249888044323e+28
2.357430065768107574e+28
6.840447280936359338e+28
5.912410977246884478e+28
3.194499794262212972e+27
-1.501188136233071136e+26
3.090900058498819186e+27
2.402065016074794173e+27
2.105131811399579752e+27
7.459387791262590917e+27
9.108921040405907446e+27
8.954002387719555842e+28
-9.066272505545628207e+28
1.331411810472169222e+29
-1.763345578318589026e+28
-1.214771875288974240e+28
-1.640694820723690663e+27
1.119770130723231169e+27
-1.763027333357851405e+28
6.680953508167224800e+28
-7.109081923687973016e+28
-1.707386567257185492e+28
-6.759485965508860753e+28
6.081325986903749339e+28
1.068624986751179820e+29
4.628462207670538656e+29
-5.166088625811709376e+29
1.115239325810927306e+29
-4.499070266342556235e+27
-3.238393522860075026e+28
-1.230521554963416486e+28
1.836775497811353110e+29
-1.385979716182505103e+28
3.849521229462871361e+29
3.467247947390651585e+29
1.828207676768289672e+29
3.492616895624141099e+29
5.110333819662553884e+29
-2.894316040907019955e+29
6.178382764758392910e+29
-2.279309230160389481e+29
-2.268988025706970011e+29
-3.125942368968261810e+29
-7.789369187409701026e+28
-1.184681498984735059e+30
-7.086053941792182397e+29
6.705951267438988304e+29
2.380315130779259360e+30
2.762790118765442100e+26
-7.845851917558090316e+26
-1.219102576139793468e+27
-9.721232619883185884e+26
1.442584129200631803e+27
-9.968477991678724328e+26
-1.020252948573857261e+27
-5.411828113504602192e+27
1.610219441585086403e+28
5.501206368244288332e+25
-9.546372262192163733e+26
3.114577812900945488e+27
-2.727881570705567865e+26
-3.374380087853833845e+27
1.106396209630573238e+28
1.089171459439518629e+27
-4.937355029985967864e+27
1.239569195392671360e+27
-6.367971917086192773e+27
7.788214937761073059e+27
-3.877420243663918173e+27
-1.298612072521417647e+27
-1.349999163851307282e+28
3.896953787840612801e+28
2.371201092368587882e+27
-6.467590510180510291e+27
-9.433106665219110812e+28
-4.058497356338829719e+28
5.712076772809498936e+28
4.871910223959613609e+28
-1.973338534594115600e+28
4.952705523009266051e+27
4.545547772874266553e+28
1.354503196184251316e+29
-2.643051753567973108e+29
-2.485825837890960659e+29
5.707417831142728728e+29
2.416561099187681455e+26
1.801229539802852382e+27
5.270273095987906259e+27
1.510915248906587460e+28
2.539966627357930335e+28
-3.307046341493629547e+27
9.758050772222714700e+27
-1.567067592613226239e+28
1.169706065601540379e+28
-2.264311157399685792e+28
7.504476127890973265e+27
-9.791806128881924451e+28
-1.560494131528259691e+28
3.260997522330419088e+28
-8.810364717908895572e+26
7.365470780801270933e+28
-4.490884472621847830e+28
2.223530565899422648e+29
-1.108327936573308964e+29
-3.731825922546212576e+28
-1.220646618676828289e+28
2.576567719316842213e+29
2.354517142282315479e+29
-4.016215670256887818e+29
2.996327794057181426e+29
-6.982747664653262836e+28
-2.381324806673921691e+28
-1.594713271614448561e+28
-1.155627783044614412e+28
-4.394817459910084165e+27
-2.745257692183823300e+28
-2.529454222723595841e+28
6.930812886451925143e+28
2.144703335806580614e+28
-5.006011366760268409e+28
7.066544547519268037e+28
-1.662673280979818167e+29
2.981516351557116571e+28
1.867686033793462118e+29
-3.253549156575386956e+29
3.558428577066012472e+28
-1.117105572290122630e+30
1.040306703180828640e+29
-1.344259936904278350e+30
-7.109655116633216754e+28
1.098278116238178798e+29
-3.367017844871182323e+29
9.274587997664257223e+29
-1.894192802610378150e+28
-1.958526729318612299e+29
2.358011438849629596e+29
-2.794989091237606943e+29
3.010348761551696601e+30
-2.973381873139620639e+30
4.569555392380569618e+29
5.949356477036258820e+28
1.109383213797481742e+30
-1.447153158789949474e+29
-1.823906499656228461e+30
-1.983622273382014020e+30
5.372719230381832156e+29
6.115656529537494371e+30
-4.065486191653734085e+30
1.797555360607678532e+26
-1.705019867183690165e+27
2.087045974225194230e+27
5.018286774985808791e+27
6.304097151618902392e+26
1.230431801002649840e+27
3.149256134306981306e+28
-9.257345600892428044e+27
2.686027589965397971e+28
5.491012714513778809e+28
-1.414528619379032893e+29
1.791875903292423653e+27
-2.014435891281942517e+28
-2.944601458815447439e+28
-2.949595667275712273e+28
-8.876669397689946039e+27
-2.367087292119602784e+28
3.855561845089728980e+27
9.268304445007102660e+28
2.718800904484497054e+28
-1.810058321441597504e+29
1.266928873469907219e+28
-1.300195331913577706e+28
-3.637500397218067604e+28
-1.296959390677583666e+29
8.635281222200978718e+28
3.268831769654575723e+28
-4.677028706606527489e+27
8.258465773324863607e+29
-9.980312993256298988e+28
5.754768119597045588e+27
2.892920802469076487e+29
-1.983000409749590248e+29
1.569786822302396695e+30
-7.248742669426498815e+29
-8.021331649778629180e+28
-4.259890329510984401e+29
8.339188948627946960e+28
-4.939179860399513437e+28
1.420871114367407615e+28
-8.610275877365501042e+28
8.398247490762688639e+28
-2.899309157740490542e+28
4.046327920887196032e+29
1.376692431344406860e+29
6.103203480766997990e+28
-5.326412764427292213e+28
1.063019301579015274e+29
-3.002253518692323682e+29
-3.003045516387513863e+28
2.026977243737674301e+29
-1.211121823109997145e+29
2.966381699226700586e+29
-4.508321796021086986e+29
3.698474709228664038e+29
1.290475273592775183e+29
-6.992404149208111046e+29
-1.145468188799131015e+29
1.079336460335823652e+29
4.880498823942799073e+29
-6.689599915941264054e+29
2.302850450634110761e+30
6.343060167684488094e+29
2.567039364910910955e+30
-2.941208857172294642e+29
-4.219145954765502423e+28
2.980417033218879451e+29
-4.432816084641019755e+29
3.021183114125075325e+29
7.413509010379685922e+28
1.166040721764540462e+29
3.401268911303880080e+29
5.543303982723227214e+29
-4.786589491709708618e+28
-8.880723078409915397e+29
-1.028192196941016954e+30
1.427321600723424167e+30
6.361945595642163550e+29
7.213555136311939633e+29
-1.455904414627765892e+30
-2.234606065885273620e+30
-1.177673753736984674e+30
-1.583375697173040884e+30
-6.551247232427505660e+30
-7.951518484031997488e+30
3.722974467262728702e+30
2.276727165914941426e+29
-1.233961934934976295e+30
1.150536022306176638e+30
-2.806107497162448181e+29
-8.797774487262863193e+28
7.603634172250785524e+29
1.902739216417362944e+30
3.260279459306960020e+30
3.396216315399909264e+30
-2.764054731080182299e+29
-5.465263092829354602e+29
-1.424519308529416755e+30
2.148066831861772821e+30
-7.766787693551894849e+29
2.212421414447291297e+30
-7.805034245296762464e+27
8.026993936973006861e+27
1.875243152926901565e+28
2.135842984420029783e+28
-1.744727512370050893e+28
-4.872542810327572070e+28
-1.894285429169792712e+27
9.557392273332672041e+28
-1.007364560251850313e+28
-2.843570197566690713e+29
-5.588309504192136884e+27
-5.162610669949315111e+28
-1.521771323809875185e+29
8.101353078051533409e+29
2.133212272655019413e+29
-4.804396642862368044e+29
2.708741110433412307e+28
-2.633196090906880727e+29
-1.974482202009689412e+29
8.127513541609584463e+29
1.144735271727735711e+29
3.625800177008964298e+29
-4.777972751613514173e+28
-2.238098653968563618e+29
2.130758665696751431e+29
-7.250022263850698199e+29
1.087855656929414686e+30
-9.099050611982996264e+29
-7.460630487033408877e+29
9.441586855489688564e+28
-1.462108963564678070e+29
-3.051097395013700412e+29
-1.764769646061826055e+30
2.927968000521184385e+30
-1.081349775843823151e+30
-1.828822609499073401e+30
2.542435354589167131e+30
6.956354149844177800e+29
-3.352953668988609521e+29
-1.120814996579178468e+30
-1.802434762504975865e+29
4.724494607980001049e+29
1.427434446136680593e+30
-7.250637955344466005e+29
3.643534529358931137e+29
-3.521824540203034392e+29
9.371970526058877319e+29
-3.264140730799290241e+30
-2.392287452470666473e+29
5.510110151946950030e+30
3.692287414733876140e+30
-4.536110501686785052e+30
-3.996906981007713014e+30
-2.810391065468580477e+30
-1.531274031678576411e+30
-3.925649733379817201e+30
6.891291361232714814e+29
4.179347309329043148e+29
2.399614603697126386e+30
-1.048250270023895994e+30
2.532624116056286099e+29
1.161728180416140198e+29
8.452468242174789554e+29
-7.769299196152259353e+30
-6.492256559234119792e+30
9.646695619252652646e+30
9.347738211320251199e+30
1.118945642022880678e+31
5.993450521125598371e+30
3.118851140473243377e+28
-1.311367511004256361e+30
-2.222681079615616502e+30
-1.427290780657846304e+30
2.724814652383163240e+30
-3.187087374629830666e+30
2.454594019211958349e+30
-8.676997303028295317e+29
5.343984660275585347e+29
6.990855135370806532e+30
-5.010745689430776982e+30
-4.881499903502292534e+29
-7.475387199258410264e+29
8.759463503677374047e+28
-2.416512670337864295e+30
1.244520505852817329e+30
1.843520857926234223e+31
5.010779458987580813e+30
-5.596778727466592490e+30
5.775934801332719958e+30
3.529591266759261457e+30
1.574925545852222386e+30
2.757425833768636747e+31
-1.630226409421584197e+30
4.689812690949609529e+30
4.563942827683477488e+30
-3.770807372912114195e+31
6.776534292310898126e+29
-2.052725807015501992e+31
1.743857663219093875e+31
1.284325441054995226e+30
4.850550563598430733e+30
-9.550997279115496963e+30
6.076151827266333061e+30
3.595778234267225680e+31
-2.664121600676985201e+31
-7.930248597172974159e+31
-1.217534617427716281e+31
9.028080010487727675e+30
-6.575371903722776576e+18
-1.204870102241875231e+20
1.192584752440525193e+21
-2.424691621763665101e+21
-2.752002169296143254e+21
3.161684473705781212e+22
-8.457845577849805314e+22
6.692919028472510153e+22
-2.097807066094712586e+20
-1.048204965504289551e+22
6.317098907314730880e+22
-8.958140882549060141e+22
5.449238914404185224e+22
-1.115310454386577994e+23
9.891397760652631500e+23
1.574579866211258314e+25
1.176134122617826181e+22
1.128805737723257999e+22
4.700133591857475344e+23
1.463017701839563202e+24
2.719754988386544842e+23
4.356179343418563163e+24
-8.281631258345959395e+24
-1.254980568481070429e+26
-7.257838293564464195e+22
1.866549060351885291e+23
5.303939097091526938e+22
1.725255152398971884e+24
1.810823547942780522e+24
3.942583102967793846e+24
-4.592540383777985781e+24
9.632259414573115752e+25
3.345720442158298451e+26
7.440662214430834033e+20
-1.827671094060209270e+24
1.073677321745053665e+24
2.366229466974216283e+24
-2.301814655829345367e+24
1.775327380237454589e+25
1.117805293284820193e+25
1.201157029440047756e+25
-3.299485592417811946e+24
1.356617511255652510e+25
3.856829484463601023e+26
-7.068828018880439994e+23
3.050178506104941853e+24
5.256948279724080087e+24
-3.028523222771950680e+24
-2.404286392557315893e+24
-4.314731300752825931e+25
-6.796244753612942187e+23
-1.781658073567131783e+25
-4.005257496300906437e+25
7.019087233061074507e+25
3.332400149877345271e+26
3.120515907351423935e+26
-2.793103673473329013e+25
2.873411161397014160e+24
2.005518977933571442e+25
-5.599115085750689597e+24
-1.034124316102056280e+25
-3.117740906797766780e+25
6.451901819185609094e+24
-1.883774610357067753e+25
-9.217303607282998015e+25
2.052919798668014644e+25
1.661637192032817716e+26
-3.295466800196795171e+25
2.539043742683503435e+26
8.611638406755681857e+26
8.174246937132683985e+26
6.495415881063145018e+23
-5.804370156075526708e+25
1.244307825038383217e+26
8.740282522970840699e+25
-1.069210639533437340e+26
1.917320608363991570e+25
1.144268849059031840e+27
-7.077520308568298814e+24
2.835289227634206915e+26
-3.143419010193631335e+26
-2.685465604250512687e+26
-1.721290773851119728e+27
1.117891907444705280e+27
2.219021374560356805e+25
3.786710044579747642e+25
-3.815105527693850695e+25
-6.776762665996460399e+25
2.000653877639932092e+26
-6.276951079639981611e+25
1.347156218970676738e+25
-8.256652675123752587e+26
1.651323512956425187e+26
1.731620315081301679e+27
6.296328482433019058e+26
8.278328938382402737e+26
1.870651427664251218e+22
-1.908252890954726921e+23
-7.396817678934524245e+22
-4.707526003736500293e+22
4.827904635530850368e+23
1.151945810226230329e+24
-1.718862026918558538e+23
-2.831122812679273394e+24
1.112545452101203164e+23
-1.996234378315654763e+24
1.070176728948385842e+25
-2.181669267662078421e+25
-1.193977011393827550e+25
1.977096813448700394e+26
8.932375826657285715e+22
-6.233742912685793188e+24
-3.000768853626632313e+25
4.038009433171883953e+25
-5.352919360772791423e+25
2.042120450456117062e+26
3.022108129982455267e+27
-2.441274972293818137e+23
-8.023708748513021547e+23
-1.390632340698402175e+25
-6.377119295489893797e+25
-3.903600407728936479e+25
-2.983513748350181263e+26
-2.827738442395564445e+27
8.376804856690017134e+27
7.187263500771505759e+25
1.437629877506079539e+25
-2.969452565898124298e+25
-4.139783114744839454e+25
4.821774100780337054e+26
-7.918171792932714394e+25
-1.783219171448149727e+26
-1.718801322734599058e+25
3.610094197685918407e+27
1.993646357997433163e+27
-9.199957575231751408e+25
2.976557369850033087e+26
5.641589256330919150e+25
-4.609004905384432894e+25
6.781850504689581290e+25
9.719141320394530163e+25
1.666244626268635046e+27
-1.427863004276667772e+26
2.610217095389777867e+26
-6.106204022207712109e+27
-2.457869567799723449e+27
7.515553947002510497e+27
-1.897053026497872454e+26
-4.355573674931838321e+26
-1.703459275649229881e+26
1.927229063737468918e+27
-1.527241989084068936e+27
1.028831589404037262e+27
1.158328625532070688e+27
5.277928884640942210e+26
-1.327410749636676716e+28
-5.492048907078329768e+27
5.606941254750762727e+27
-2.684402668374677837e+28
5.473356806639914627e+28
-1.721823586065275140e+27
6.391338491124180835e+27
4.280230923264030270e+27
-2.874070012029455606e+27
-6.285168205152165053e+27
2.851136984689911585e+27
3.626396728501698073e+27
-5.217210363480359395e+27
-2.223259269679299132e+28
6.313347439129027414e+27
4.951611076142456245e+27
9.535948328796976093e+28
-6.262707000636287284e+27
-6.378711295451268295e+26
1.014869573418290893e+27
1.323479655041160710e+28
5.082683440008378944e+28
5.087073323025199660e+27
-2.312071576299320287e+28
2.765548779507051196e+28
-5.853240120840262518e+27
3.724496366888998055e+27
1.028088919318291315e+29
3.256634762090675761e+24
-4.505883562887887729e+24
-7.103565716396286897e+24
-7.454723857314738111e+24
-1.239942601063498938e+25
-1.197517497395395366e+25
-5.939696230423634702e+25
-8.879065540079651415e+25
3.451825800802761794e+24
9.705312944829561057e+25
2.378457940347304668e+26
-9.586679903339103561e+26
-9.519024109651773104e+25
-1.337935376016490906e+27
1.473938232338228345e+27
2.132867022626046450e+27
-7.198181115322769268e+27
-2.763903390867357041e+27
-6.274425103235903472e+25
1.158031790411211736e+26
-2.836116267415059575e+26
-2.895783614494191826e+26
-2.481764427664819560e+27
1.650445599420422342e+28
-3.534875389846454964e+27
2.025989894199059785e+26
2.535430904391731356e+26
-1.247262223026031814e+26
-6.572475993977661956e+26
-1.159344291081887716e+27
4.069671588888606163e+26
4.932586413653941866e+27
-5.289041416584454116e+27
-3.261778639244483497e+28
4.362938682140024769e+26
2.123187800207053592e+26
-2.303300052320931938e+27
-1.303824611442014482e+27
-1.478588784901234929e+27
2.996694665771277619e+27
6.747575172953484158e+25
4.936846587205001062e+27
-1.822702060115359494e+28
-1.033577017517735639e+29
1.233255833051789647e+29
-3.941271261667638511e+27
1.391927875523360130e+27
-2.037755755490969358e+27
-5.110863791697993692e+27
-2.142743392337898982e+27
-1.208278765676886800e+28
-6.393643768950500117e+27
9.802054512713749475e+27
3.832408584007196306e+28
-6.301406320174185948e+28
-7.396808486985373046e+28
4.648004878203321055e+29
3.412731855612870888e+26
-9.942332764793489715e+27
-3.060120310489123565e+27
-1.077265349217034297e+28
-8.185718445577923456e+28
9.764342778565269224e+27
-3.710349308691631670e+28
1.209526534678859428e+28
-3.289783077507316849e+28
5.811134344638933230e+29
-4.607397583437302670e+29
-1.161423385124545491e+29
7.144210196455899089e+27
6.916746555218386559e+28
3.648613798884974136e+29
2.604097473915323370e+28
-1.614131567895933867e+29
1.102486725615216001e+29
-2.906388893841690974e+29
-6.914299862748887847e+28
2.117131871533690610e+29
-4.099200073411051694e+26
1.262617894155442701e+26
-7.276214296920437822e+25
6.325946910174712017e+25
5.254586597905694274e+26
2.897061561814829982e+26
-3.152887500602013370e+26
-1.081940383617872201e+27
-7.616715449162613427e+24
7.110577234966294287e+26
2.174677966067508998e+27
-7.216681384316584571e+26
-9.447615467153764895e+26
3.264657122546761763e+26
-4.092034831627038900e+24
-4.331765302108606681e+26
1.408177265292238385e+27
-2.765565001184587129e+27
-2.985998959850929451e+27
-1.215699658977636286e+27
-4.209903190169214571e+27
-1.017450161015889239e+28
-2.781163384912411365e+28
8.568308684975411711e+27
-1.143825603561473723e+26
1.219590005920562967e+28
-5.327603591135932901e+28
6.048274358863394804e+27
1.688926656354130089e+28
1.482664767029527892e+26
9.697868240224539571e+26
-6.458346245910028470e+27
3.439946434068004827e+27
-1.217544647621023892e+26
-1.763552290251804376e+28
9.023851301327781749e+26
-7.982355485019873184e+26
7.789490592977810831e+28
1.182736782356585212e+29
2.557508149861615403e+29
-5.333335312561663990e+28
1.415252508471053338e+27
-6.576414992871176880e+27
1.441415864533216643e+28
1.223434186239988517e+27
5.821934766927278908e+27
-8.814137511194979161e+26
-2.316760419063414919e+28
-6.525541631651844671e+27
2.602840573096854120e+29
-3.052126464517736371e+29
1.211582237720017102e+28
-6.617268650359422163e+27
-1.123406892721715912e+28
-1.809026949122584264e+28
6.928520490216155384e+28
5.418373866771585330e+27
1.752418363269374257e+29
2.582068320550991405e+29
2.000217893380338000e+29
1.486430616089882775e+29
5.798711716711714245e+29
2.161748408862205709e+29
9.399193026393937282e+28
4.806874177361166629e+28
-7.592174211446571325e+28
1.756243825817245695e+28
8.999205881028845770e+28
3.455557384629686193e+29
1.313910890151026719e+29
3.864524371036889579e+30
4.915108345101861091e+27
5.198341301882270755e+29
-9.061130142254464532e+29
3.058090860153588185e+29
1.734932150937187208e+28
2.353033962557972249e+29
-6.520304062182523998e+29
-1.742726957897521133e+30
-4.987972113402357100e+29
-9.207295010722095907e+29
3.964860297803664737e+26
3.461825345650244955e+26
2.317902268995275195e+27
-1.239802576401405503e+26
9.521856571039251639e+26
6.453707960713445518e+27
-7.177526941048773905e+26
-3.820190103635652402e+27
-7.575187460346259433e+25
4.010526597849596205e+27
-1.336672281573851906e+25
-1.405817146420599904e+27
-3.199497097186767278e+27
5.330427009483797360e+27
9.622582632863350967e+27
8.879143350285352983e+27
-1.003981516802633175e+28
-6.772977338543084662e+28
4.753244209286755733e+27
8.205396326522494468e+27
-6.304936399821582048e+28
5.260270984352283782e+28
-7.640569237946202704e+28
-2.569308574824119234e+28
-3.993966289209257035e+29
2.860699988305925489e+27
-4.328052014891878719e+28
-2.569935678346077472e+29
3.730365859224895132e+28
-3.896036007622146480e+29
-6.293107546952361928e+28
-4.504200839040712544e+27
-1.128501589648383784e+27
-1.613824115146361881e+28
1.972633568426519136e+27
5.057041788219608991e+27
-3.356477131254964888e+27
2.402345401363583538e+28
-1.948119163522135670e+28
-1.573834029755610678e+28
-1.838901370425895207e+28
7.343854945556018514e+28
4.427604530069203155e+27
-5.841368374446488870e+27
-9.185133129427331139e+28
7.365488556204656226e+28
1.394230764142003277e+29
-9.739157585159768060e+28
-6.684807744433658365e+28
2.683710505518110949e+29
1.638602426503960372e+29
3.974340774476151443e+29
3.271379401906674774e+29
-4.049401451868351316e+29
-3.121767694166336157e+26
1.786300538681472617e+27
7.072376005435552808e+28
-2.897347679803967723e+28
-5.363832102010547398e+28
3.692139199816130599e+28
2.825088425723657054e+28
-2.297895926145785418e+29
-1.868368065518299225e+28
1.685453165913915769e+29
-1.486039550532591205e+29
1.009678380178424315e+29
1.314369115385826851e+30
-7.685855114952470943e+29
-2.415463037209550945e+30
6.017232717669591390e+29
-8.821572225691181596e+27
-3.025992401123741506e+29
-2.685001031166153176e+29
-1.370013132851906350e+29
3.382252037293719002e+29
1.653961571417482021e+29
-3.743250268561242520e+29
6.019859376897577834e+29
3.513575865159250881e+28
-2.886443657199506290e+29
5.357338361291447327e+29
1.547859441246799710e+29
-1.579647502222268221e+30
-9.653499131104745608e+29
-3.934500400903640953e+30
2.671401266997189973e+30
-4.799307496285757225e+30
3.628290123418933596e+28
5.812530219363285834e+28
-2.104056563475221906e+28
8.797032709107350598e+28
-1.471648336443103361e+27
1.581893581800345235e+27
7.623517756061118441e+27
4.046396363613408770e+27
9.221622810223746791e+27
2.306429400315887698e+28
-1.745320385085169606e+28
-4.313154694553674966e+28
-1.858037938648120183e+29
-2.533110115040886711e+29
-2.565257972996836268e+27
-2.553057336998906155e+27
-1.979524443002749304e+29
-5.847001043105415286e+28
1.484383113863815305e+29
-2.197932284662851567e+27
-1.457380849835422876e+29
3.509603121047814267e+29
6.533360823660658811e+29
2.669018053918286852e+28
-1.403876185636715363e+29
-4.494139835401675700e+29
-2.045562176865966139e+29
5.471758880520738218e+29
-2.670468716740605309e+29
-4.801863050572800527e+29
-2.033215865025582864e+29
2.022187934566330588e+29
-1.403411266211831489e+29
6.485510647114555188e+28
5.492749788937721127e+28
-5.024083575392200042e+28
2.076393235058358669e+28
1.551173357547541412e+29
-4.254512851464980485e+29
-2.648819364095123580e+29
-7.865253284753247834e+29
2.514558969640569909e+29
-2.767347609755529085e+29
-4.006820807297576211e+29
-8.011839323249470971e+28
-1.864369105614926098e+29
-1.229668133225675474e+30
6.905647277081601884e+29
7.299598483243561467e+29
-7.684044163350119403e+29
1.932454826131425476e+30
2.262227087121021610e+30
-1.165005941526070163e+30
-2.712139533954455232e+29
3.057787411054216142e+29
-1.748800891845218665e+29
-4.611354802331070710e+28
2.416898412975787539e+29
-2.044664944273667151e+29
5.498475310194683990e+28
-2.500722144957357854e+28
1.197556655567355092e+30
-8.860378040408991029e+28
1.321585960525802949e+30
5.495557319211176454e+29
-2.462889366684868482e+29
-2.908292091839729232e+29
1.652527592177789658e+30
-2.338522031384215010e+29
-1.159747757490215158e+30
3.945188474049571005e+30
-1.362868987642302794e+28
-2.499712269146181108e+30
-7.508457553914617138e+29
-3.245236902768404672e+29
6.536137972707062176e+29
1.601935493103902236e+30
3.629971175983954061e+30
-2.258437735601171487e+30
-3.155726503161526658e+30
1.372587272377282359e+30
-3.053036773253212111e+30
4.643551182888919247e+29
3.172066736382522980e+30
4.947073522841601492e+30
1.968565436911326728e+29
-3.041975991795663752e+29
1.997634765607359905e+29
-2.454761897802084733e+28
2.429230052303666557e+29
-1.188765141252400808e+30
5.206547097058027177e+29
-1.906595386142431838e+28
-2.632192217741247760e+29
1.786927366097129861e+29
-5.043357783975253524e+29
3.120089928553403006e+29
-3.855062759541662304e+29
1.602765135871916166e+29
2.224676352859639175e+28
1.144303530296368256e+28
5.705027281422086038e+29
-2.651687540914140171e+29
1.812728000098909899e+30
-1.359715630889772444e+29
-7.041570549044635812e+28
3.483766482312913873e+29
-6.402579285709631941e+29
-1.542133235767407066e+30
-6.011523519298452690e+29
-7.224008983340048405e+29
1.851239330366028077e+29
-2.320750688826048542e+29
-2.989038083205864947e+29
-3.233429357673698464e+30
-1.649805896616265074e+30
-3.153868101545490814e+29
1.446956700834230812e+30
-2.094685766157038760e+30
3.971779037223948276e+29
4.129194259772391699e+29
1.680696280269194569e+31
-2.922585651693230391e+30
-2.472838978223521535e+30
-2.702959572875081646e+30
2.954585635370375449e+30
2.003336317034662093e+30
-1.902633364407313272e+30
1.589649055705480202e+30
1.233833451285305400e+30
-1.952833074539588413e+30
1.809744276066914173e+30
1.780864482435918813e+31
-8.016508794701565382e+30
-1.243575879360024338e+31
-4.384106280770298216e+30
-1.505892635259923568e+31
1.539730878940643975e+31
-1.008210326380434392e+31
-5.670963113184272982e+30
4.526117043422591034e+30
-2.055612399023199123e+30
-1.312398502885437853e+28
-5.727216137129711768e+29
5.872933916192244002e+30
-3.695834783472566916e+30
-3.555898306136664724e+29
-5.490770712143979575e+30
1.338897748793910858e+30
3.156816642937486769e+30
-7.996108464950440271e+29
-4.822929586772842881e+31
-2.352618087500727165e+31
5.733106574967115281e+30
2.284691375269738929e+29
