4.483273419603308800e+16
3.852538090565621760e+18
1.147781323597026099e+19
-1.743040201235472056e+20
9.051142906377108193e+20
2.447997078895189295e+21
6.670457949100047335e+21
1.455761433154506719e+22
-2.313571315261072474e+23
2.958530973224740864e+18
-8.451703275919595930e+19
1.160311710845300507e+21
4.206509036465365503e+22
2.577508581921311110e+22
1.758411527679083303e+23
1.610179838732983096e+23
-7.700262507173369946e+23
4.454331945259929226e+23
-1.294162315853057065e+20
-2.691726399050626892e+21
4.658817097268690158e+21
-1.325138004417849296e+23
-3.414477555610650642e+23
-7.617086152687131013e+23
1.232158201794592411e+23
-1.069091036050600268e+25
-6.194923440970568288e+24
-2.624399952120217600e+20
-2.152294615871856941e+22
2.015550984669397946e+23
6.983051761222526226e+22
-1.143298457834905183e+23
2.001305479206150139e+24
-2.372068123763262322e+24
-2.079003933642746799e+25
-3.462916399077802827e+25
-5.588235367530469836e+25
-3.070738947925186970e+19
1.258748819123289981e+22
1.188998114146913605e+23
2.755926980519806412e+23
3.292604009885457900e+23
-7.165658414751784160e+22
1.501206071188467902e+24
2.916140740908659673e+24
-3.548737119644601297e+24
1.610797755760605657e+24
6.007655130528627064e+25
-1.377256877016293585e+26
7.482882880733951558e+21
9.433246670894864636e+22
1.475443713648415595e+24
5.304818984494880166e+24
-1.140207603622028136e+24
4.730610850040962989e+24
-7.391238042458962002e+24
-1.775436047460495419e+24
-2.922360891424958799e+24
2.056325890824870302e+25
1.566316944875958275e+24
-2.807479057499903011e+26
4.352100037405884773e+26
-3.993835520465276602e+26
1.965033787524177199e+22
4.441867817404358910e+23
1.151205856506910063e+25
-2.177530461440751015e+25
-4.307591414408201632e+24
1.850412837532972387e+24
1.203432633092396909e+25
1.419606841507868023e+25
2.125584580664340815e+26
-2.059485200213753335e+24
-1.233867886137557174e+26
2.071746179242479928e+26
2.230422307151723984e+26
2.409230280618486332e+26
8.339518085260534389e+26
2.826972070982528795e+21
-1.095376140441342850e+25
3.271661460162171760e+25
-8.672522253037673794e+25
-1.982017908371046357e+26
5.310848260972019127e+25
-2.245967452811123384e+26
5.650303872075417770e+26
4.221328877153685710e+25
-1.177722242361144853e+24
2.696702857140373501e+25
2.380962831987038822e+25
1.329312750561708345e+26
5.928414032668490790e+26
-4.828151245397391321e+23
2.664238798390773527e+25
1.046522417096755153e+26
-1.204685437911974068e+26
9.186573929796804940e+26
3.750369245318856819e+26
-9.834859799160972951e+26
4.891218017945054980e+25
-4.383388062662935970e+25
3.249556426029637283e+26
1.792477753310598539e+26
1.901423758313287795e+26
-3.217441256313486536e+24
-1.850841525406144922e+20
3.812242198539075060e+21
-2.835464290418616068e+22
-1.269377447992904835e+23
-1.796129138993288918e+23
-3.071145679472261123e+23
-6.121562905359309131e+22
3.240908977571876351e+24
-8.255492322983628054e+23
4.594712948011946444e+23
2.456361194273123523e+24
-7.486344103903279857e+23
1.205723222803969595e+25
5.290874087421663496e+25
-3.229351584982658307e+25
5.210487706747886861e+25
-1.204325422707416351e+23
7.482626483517654334e+23
3.252619745858949218e+23
-3.328805930204178501e+25
-5.979101022015194682e+24
-2.613447488768739003e+26
1.703860430730141876e+26
1.360526147823480471e+27
1.481208452431425785e+24
3.854043181216205787e+24
-1.836776729173191914e+25
5.357196930655716271e+25
9.679690180836036146e+24
1.131075048902524474e+26
-3.220356427510844515e+26
7.790555774621175558e+26
-6.477537939586965240e+27
2.793333780972719202e+24
4.945091402177508568e+24
-1.158057137265006004e+25
-3.464237629106487186e+25
1.054702455165934482e+25
1.038115273642120858e+26
1.079781739345023390e+26
-2.557680071450625856e+26
9.049781956911912278e+25
-3.544910572976825972e+27
9.027121760403481102e+27
1.222203262187560108e+25
-9.648585726347999785e+25
-5.245259071517662722e+25
-5.125159462199563158e+25
-1.850908309586202322e+26
1.550853068334761588e+26
-8.255001787190176015e+25
3.767000212743133853e+26
2.032230091578351842e+27
6.731542773630432076e+27
-8.232382599430932829e+27
-1.046562429550465897e+28
-2.862458301088164283e+28
7.930561170592630758e+24
3.939539639314813549e+26
4.716862300327187595e+26
4.211697072080523346e+25
-1.447817176088027830e+27
3.608357108840533831e+26
1.204898701615524195e+27
2.018475733788051073e+27
-3.089576853077965041e+26
5.542520616121972663e+27
2.833777229869087010e+27
-4.911734804347816615e+27
-2.308749255467491620e+28
-1.465086696906697339e+28
-2.509956046783265256e+26
6.046452636790763741e+26
1.436374751180178008e+27
9.285315052406153379e+27
-2.329802403407727698e+27
8.279186394942597415e+26
-2.068788091386398046e+27
-3.044454297925442563e+27
-2.115206705213908122e+27
-2.011574580788267840e+28
1.506487585951332557e+28
-1.818753201784502857e+28
1.646829913312531171e+28
1.288201687220069400e+26
2.175429889327811278e+27
-2.202025768546366608e+28
-1.522624709068163737e+28
-2.348579803820860250e+28
1.828880139256161864e+28
-6.004013957920638914e+27
2.608664712854392079e+28
-1.460189973807669426e+28
-1.879842529457533174e+28
-9.207069974933061900e+27
2.341269389493583840e+28
1.046197254184048431e+23
1.207648778641450467e+24
2.135563422876364848e+24
4.156166345981258698e+24
-1.739499124789823317e+25
-1.174597602976759813e+25
4.461758242687914445e+24
7.208890970540623969e+25
1.552006517565930419e+25
3.084273284407965029e+24
-1.575568447748205908e+26
2.996157199074566848e+25
3.486174458471040260e+25
1.251395390754922926e+25
5.557943744915272970e+25
3.622672742189683677e+26
-2.105238916827507051e+27
2.578615354378174522e+27
6.608977425145341473e+26
-5.029709206406982382e+26
8.074026516043700305e+27
-8.132165407753753541e+25
-1.835955538942888858e+26
-3.123915745322752774e+26
2.720958721402734135e+26
-6.396231491781494793e+26
2.215672713349700216e+26
2.036285012887836290e+28
-1.029324588795139071e+28
2.851808015543093918e+26
2.525423461358525297e+25
2.926989168674672597e+25
-1.238791933344199038e+27
-1.453657866369369904e+25
-2.466451365430703969e+27
1.161370923159142869e+27
-7.968344080054499241e+26
-3.138583467178778660e+28
2.284163298453770416e+29
2.188721561286628431e+26
-6.578783317851367671e+26
5.375882309450417440e+26
-1.466316739242333295e+27
-9.978824620938053623e+26
-9.205639760514655908e+25
-7.647483494436686177e+27
-6.365075989422649788e+27
3.334186658105532471e+27
1.695239087263473171e+28
3.236049466259245845e+28
6.866195101039762869e+28
-3.979398650896560213e+26
-6.013604281947807015e+25
-4.624562830310385641e+26
2.383591733952241181e+27
6.957016529417366526e+27
-7.006412871620122441e+27
-1.788017046143476910e+28
-4.163861947546799970e+27
1.914485672079762852e+27
-1.408057975028653444e+29
6.393920766572013803e+28
-1.298977312067907821e+29
-3.095367106707598681e+28
1.590944000736948171e+26
-3.142189935059371688e+26
-2.934698139694123339e+28
1.360060444208955185e+26
5.907489292349144441e+28
1.858830229639510595e+28
8.580761927029179914e+27
-3.133805293319643648e+28
-7.174145925874282176e+28
5.673624830802132136e+28
4.241115314600007783e+29
-4.486166489007866667e+29
1.767045655761888507e+28
-3.475115930239175266e+28
-4.854269951358162866e+28
-3.053617505068879343e+28
1.048924866269407447e+29
4.995640580869877469e+28
3.942845146575401508e+29
-2.367637282256533661e+28
-2.145526979576388595e+29
6.045436615366271749e+28
2.704531193277960033e+26
2.377593377784929926e+24
2.091190973942518957e+25
-1.305656760327300297e+26
-4.452214787172363602e+25
1.820333156209904186e+25
-3.239525988654230637e+26
6.177673714284843086e+26
-2.249713656331078235e+25
4.683695620183308229e+24
-5.034727892424010964e+26
3.328466190951738285e+26
-7.812841496607486627e+25
7.923838219880782117e+26
-1.364444958459665815e+26
8.063950242712930219e+26
7.860646550516872459e+26
-2.452599044354659953e+27
4.422001426411488492e+27
5.143490232476401375e+27
-3.468640106883854032e+26
3.608457132683282903e+25
1.649070076337869913e+27
-2.136131051676871716e+27
-5.401509813996599126e+27
1.919372466357690820e+27
1.648735823208951632e+28
-7.845877949311056384e+27
4.198073760248993189e+27
1.106320048055801916e+28
1.414526607706902562e+28
-4.883479783280801739e+27
8.626236055041251490e+28
4.617209063310024425e+28
7.527918958329839972e+28
6.345119476020375389e+26
8.930217361852658920e+26
3.929641223071475827e+25
1.219538040259010384e+27
5.309106605095898835e+27
-1.659731398695007608e+27
-2.707489458803750571e+27
7.934649012968640397e+27
-1.526676105411987362e+27
-1.297556008985531539e+28
-5.211688660602210443e+28
-4.195433390581925625e+28
8.983845996092039402e+28
1.195284264097815431e+29
4.657582488963870251e+27
1.249918502928091765e+27
-7.225202793601742751e+27
-7.507818030612668670e+26
-1.676817181144381292e+27
2.955614524276216617e+28
-1.312531025983063212e+28
7.443216454477949753e+28
-3.003471357766322792e+28
-4.056190958430895784e+29
1.131145014414829974e+28
-1.632171087143711987e+28
-8.912269025813174700e+27
1.501711440283604492e+28
-2.688277954419790575e+27
-1.637936258913177124e+28
-3.420871113364754522e+28
1.081124158445150588e+27
1.073024420058730442e+29
2.844245155706731318e+29
-7.002927352986249120e+28
-4.938326793539087957e+29
-2.575786794445520196e+28
-4.264381793100766285e+28
-2.504073189316912449e+29
-6.061849839494171044e+27
-2.704777805504304589e+29
4.558793995879864054e+29
-1.547499847107922831e+29
-1.058040410069117676e+29
-2.085479737916202484e+29
-1.896136624985487606e+29
-2.146704940411343416e+30
1.201700544503134344e+30
3.492664277943526132e+29
1.055666887209793093e+29
1.476834985037884742e+29
-6.009490885607806525e+28
-1.372949386267732252e+27
6.011068299920659759e+29
-1.470541689165865286e+30
1.068943776060569161e+30
7.817740544811315197e+29
1.690490170157605380e+30
-1.734163173119501584e+25
1.020458944813448153e+26
6.114933564963244546e+26
-8.497369329463199695e+26
1.001134530117688780e+27
9.851611772498508567e+26
-1.010347171834607688e+27
8.255352413878362998e+27
-1.935915723608484302e+28
4.069975191193178950e+26
-1.251500663498206074e+27
-5.178253319918257595e+26
-2.334026784374290203e+27
4.379753827615990796e+27
7.322149078292918185e+27
6.327287556425123997e+27
-1.120643633889763026e+28
-3.414121592746733346e+26
-7.716382639713657840e+27
-6.861014938093852417e+27
-2.984113564660161622e+27
1.520156627873888422e+28
1.081965836099631165e+28
3.188246733700294610e+28
1.171564173336043129e+27
1.712742005468900846e+28
2.648763125849188850e+28
-1.340733830459813710e+29
6.281992817380113973e+27
6.340991756466579364e+28
1.141523032492583301e+29
-2.827181051984214289e+27
-4.830670942775414829e+28
3.204501204648803479e+29
-3.292498974810511457e+29
-3.070525724021192162e+29
-6.770841034615264867e+28
-5.263955497944087695e+27
7.700556967118670516e+26
-3.988724735571843666e+27
-1.337671381888617090e+28
1.135512934182016734e+27
1.591155087670679350e+28
-4.297775967135704724e+27
-2.934527832434652715e+27
-4.266978771772972228e+26
1.390223787966008146e+28
1.841663308079044459e+28
1.422888695745251349e+28
-6.690306102441708996e+27
-7.104827609298781517e+27
-7.054186535915960252e+27
-1.671939844617198800e+29
6.313549767890008963e+27
-1.403869283884158560e+29
2.063275930368364236e+29
4.001813415440571466e+29
3.218971083992036004e+29
-1.392221798877345255e+29
-1.590577383404056387e+29
5.371513207024416080e+29
-8.566906122688257539e+29
-6.537286403328597667e+28
1.001287125750622824e+28
1.111674797147191689e+28
-6.258303131198897209e+27
2.200918367083998706e+28
-4.389033698587161221e+28
-1.777634384242985697e+28
-6.003842059416281675e+28
4.562488568382494568e+28
-8.598422717346282901e+28
-1.467253543096956102e+29
-1.608290880931911931e+29
1.756736927270954273e+29
2.272983590065412815e+29
3.799591307404419441e+29
1.610124452727537710e+29
-6.762458728646695492e+29
1.069467110707925471e+30
1.596479106254494509e+30
-2.105715705609027303e+29
6.156734996500287326e+28
3.115122272890842352e+29
-2.342779006777388262e+29
-1.402130728998068705e+29
-4.017352102005351473e+29
8.072538772316930070e+29
4.510032890649858888e+29
-5.783313739939410050e+29
-1.758638690107731810e+30
-2.813756801871514360e+29
1.921449795858188112e+29
-2.044159507358061973e+29
-1.721565356299015361e+29
3.843704842789345013e+29
2.115471191453451078e+30
-3.034193181146836578e+29
5.746358160885197839e+30
-4.071733951015468573e+30
5.068351650911075940e+26
1.066590467796280607e+26
1.065650831785763621e+27
2.028159248724505153e+27
9.888624599429131598e+27
-1.150847482579834715e+27
2.248729511525243137e+28
-5.184248174577949733e+28
-2.120089365344348348e+28
7.655844211874553213e+28
4.715242209999413891e+26
2.419551462359682678e+27
1.000340315410606799e+28
-2.167611535282255411e+28
-4.778239467150686993e+28
-2.566393037794378476e+28
-6.856138919356083886e+27
-9.924089048921980842e+26
5.343973275212941513e+28
8.665235332351132987e+28
-8.251254218788944671e+28
-9.970193164028198297e+27
-4.575153917465782293e+27
-1.137901543808830619e+29
1.069937109242842873e+29
-1.990356918906605366e+29
3.861722356160602528e+29
-1.903411034287399925e+29
5.299762946488637590e+29
-2.690686465503193791e+29
-1.606536506658091424e+28
7.767825874933100060e+28
-2.276810784683688588e+29
-3.497808712812665937e+28
9.775709057788085369e+28
-2.678669053438238876e+29
-1.064156612774094384e+30
-2.843614278149931768e+28
5.246220906511508437e+28
-3.106047665671358376e+27
-9.304661431562065182e+28
1.729557278893416159e+29
-6.573687881823865413e+28
1.185617470968036764e+29
-9.569698002245273319e+27
1.637109633614146077e+28
-6.970139469595812831e+28
-2.197159967846570200e+29
-1.435863867076267387e+29
-9.071920754303697649e+29
-2.672436016782143845e+29
-4.330677868690703659e+29
7.004336230143436383e+29
-7.558334603640073053e+29
1.012699577744784573e+29
-3.638277624339610624e+29
-4.611006127781772880e+29
1.638331962446276466e+29
5.326136042781585127e+29
-1.052258555668919725e+30
5.102149365145460701e+29
-1.629220167543433187e+30
2.441627243036308968e+30
3.392245757471426077e+30
-7.241262450753748211e+29
-2.849513878300823062e+29
2.038770866710965506e+29
1.678790463661737470e+29
1.522658727554362255e+30
-5.256088930113196608e+28
-1.508313799232567132e+29
6.269891430261269730e+27
-1.370954484872017221e+29
3.386373858239231172e+29
-5.259960633943596573e+29
-3.502036467212639829e+29
-9.229796086389503763e+29
-2.781649400792228737e+30
-5.287682573978292091e+29
-7.686638466734934912e+28
3.252251830192761565e+30
-2.243303581596019458e+30
6.607152710423241463e+29
2.379224934777242195e+30
-1.203015097866396341e+31
-1.040795238216592765e+29
1.198119808961637347e+30
-2.233285571080866828e+30
-1.452315107991757620e+30
1.941146372172395840e+29
1.451274598717768408e+29
1.005323523162498035e+30
9.817857027195747837e+29
-2.242740230644597519e+30
3.234160460273636368e+30
-3.192738210453871002e+29
-6.501335563969023805e+29
2.268499163627262707e+30
1.248649000057201715e+30
-1.096605089172884876e+31
6.396565752957740933e+30
-2.887750667720696225e+27
-3.362888170560874738e+27
-8.003012608673176609e+28
-5.239857310127143140e+27
5.126785939954180313e+28
5.029669827195048345e+27
-1.267468428319032791e+28
-2.887155878444541805e+28
9.514048368867398337e+28
1.309312065743212166e+29
1.759051710270568692e+29
6.022822560576164996e+28
6.378724390809634279e+29
2.571484253990661576e+29
2.418043350852527962e+29
-5.360858158553199784e+29
2.225417939658715651e+27
1.291524549076635342e+29
-1.145691194459634838e+29
1.687400038897677515e+29
2.677728103198745845e+29
4.097288763470197256e+29
-1.758055015217981303e+29
-3.952300548124393417e+27
2.068771829219691688e+29
1.832590333882700731e+30
-1.781181377925987947e+30
-1.592260322226522565e+30
7.125958161651682888e+29
-8.369245848847519952e+28
1.052075429245742370e+30
6.385503337320497305e+29
-2.403475802899459799e+29
-3.352510231329971659e+30
3.502569524391553245e+30
-3.673323330711668248e+29
-2.992659290076934102e+29
2.006890588542438184e+30
-5.662138289826060404e+29
2.723448497402823056e+29
1.399637025750069257e+29
-3.028830740780337710e+29
2.329405779876107007e+30
9.618964414080736975e+29
-2.452990668020818955e+30
-3.385400478818475101e+30
-1.251680269965199200e+30
2.664261756465174391e+30
6.146387979356671002e+30
4.645430256743796836e+30
1.903595502560297523e+30
-2.336738700359007794e+30
1.020940176507125334e+30
-1.156079549719784440e+30
-2.343933150093386258e+30
3.104847726539784079e+30
1.259746711370509601e+31
7.029536357367273776e+30
-1.361818628041828628e+30
3.502184201661687720e+30
2.949058372789049743e+30
-2.556953268709306197e+29
2.989414294232439150e+30
-1.055810010572514002e+31
9.521974341277787230e+30
9.966306363588679407e+30
2.348562690130423447e+31
-5.328753405976602865e+30
-9.866429280459090571e+29
-1.773369617098622399e+29
5.374731156120388521e+29
3.460336564493728212e+28
-3.547002027527226353e+30
-3.528039315468162320e+30
-7.268614679352909901e+29
-4.558648891549317059e+28
-1.371035271742741603e+29
-1.722781679577014217e+30
-3.823357839040751005e+29
-4.839058074107890862e+30
7.177423631290960935e+29
-2.092523555818767827e+28
-1.271002763088298536e+29
-3.211561375758674953e+29
2.995993579129170779e+30
5.891091970193403073e+30
-1.246840159969805507e+31
1.224798352931000194e+30
4.293306276538128704e+30
3.289275712613353959e+30
-2.569087668757275782e+30
3.637397741813512428e+31
-1.103050321515750584e+31
3.507573374658475434e+30
1.334904677670921379e+30
-9.297223808123891176e+30
-2.390151964813246718e+31
-8.151784908683373106e+30
-2.997051238645499227e+31
1.359763624175170289e+30
-1.459490594423724462e+29
-7.545533817330808601e+30
-2.179403412977933074e+29
1.733430564850237284e+31
1.412339580897564482e+31
4.355744021443116943e+30
2.437956555831808721e+31
2.077412020581994603e+31
1.512206314992958720e+18
-5.896227998267373978e+19
-3.793356182323880919e+20
-1.188922919894420029e+21
-5.912247665550124646e+20
-1.578992626923987010e+21
6.021125544464326486e+22
8.745375310188519411e+22
1.580608615845314888e+20
5.251380667757589692e+21
-1.316927378655806908e+22
2.059446882386257012e+22
-6.820781065575910605e+22
-8.917484115769726232e+22
2.949161672113512629e+23
1.268456675576494904e+25
4.348008650101341553e+20
-5.203174968481870250e+21
-8.940456660147525124e+22
-2.543954882750685894e+23
-3.621653378910066185e+23
-4.191068326645704700e+24
2.087613115848727810e+25
-2.441810956631615607e+25
3.289304385132812252e+22
-5.833185850899981507e+22
-8.960250588082899989e+22
-9.077654305774554652e+23
-7.200008874091959330e+23
3.137000839202633115e+24
-4.471271476888829786e+24
-7.114592900863952345e+24
8.888429480914389408e+25
-6.523893973815367041e+22
-4.568531120593252416e+23
3.003496354011116732e+23
-1.414295073165778346e+24
-6.548432393831055737e+23
-4.322327815631419015e+24
5.922354116162293602e+24
1.216579630200837777e+24
3.131664023070995674e+24
5.152423442348749584e+25
1.902782897362291153e+26
-2.613442403951036785e+23
-5.025642793100747211e+23
7.865852266702885613e+24
-4.305473037154354798e+23
1.100101457211500828e+24
-3.138632868179296813e+24
-3.138547477533175264e+23
9.430720117826039488e+24
3.600176611117471038e+24
-9.880242751950990138e+25
-5.608715222064696008e+24
3.869124690110473108e+26
3.218206280958986027e+26
3.945107172705222158e+22
5.629662745336255030e+24
1.228944315781646002e+25
-1.045532434967435890e+24
-2.061091168004448121e+25
-5.627805713054047043e+24
-9.689813523375277872e+23
-3.479111783330001667e+25
1.013978439368428597e+25
8.641140345203281379e+25
1.947856076405677195e+26
-6.917263692478901741e+25
6.291351028243435456e+25
4.039535885932695935e+26
-4.815030488184773864e+24
1.081602655882483101e+25
1.499562845304298192e+26
-1.550095594859581986e+25
-2.944696364821349914e+25
5.118497798332075834e+25
-7.546787595555993871e+25
-7.314108360594940592e+25
-6.657687892300546060e+25
3.559743350796027721e+26
-4.781679177240277650e+25
9.859984327369458954e+26
1.997060762788754933e+27
-2.044279852676400895e+25
1.577767601042524863e+25
1.118747711951414268e+26
-1.035781233778086972e+26
2.494388277764535927e+26
-5.174184241200622679e+25
5.863110080282902399e+25
-7.535551238954726366e+26
1.179651522208274350e+26
-5.785475539764128967e+26
-3.321055321981771571e+26
-1.782464330755380603e+27
-1.947216487014478958e+22
8.725495282285624584e+22
-8.033445724420384070e+22
5.036741889791585839e+22
6.488938219895076264e+22
1.483384581129379324e+23
-3.623950510946489813e+23
-6.501026694421205708e+24
2.079681565116334416e+24
5.072162280694661964e+24
1.420959526903387547e+25
2.462952371531821723e+25
3.964137097738416446e+25
-1.770386901881754170e+26
-1.806803606238206246e+23
3.252581426028959878e+24
6.718258631947276465e+24
-1.168664634031705051e+26
9.976130169919927026e+25
-1.190932903459276399e+27
-3.892378847930870986e+27
-1.135718298621206391e+25
2.070320069384614720e+24
-7.077480828172466917e+24
5.305045904264441701e+25
-5.594194868635482303e+25
3.816139083976353719e+26
3.348801202336282757e+27
2.010087390177688012e+28
3.342378669302543651e+25
2.721212676957096995e+25
9.672338123507960507e+24
-7.255844998487144252e+24
1.333971341920923930e+26
3.029180506259097118e+26
-8.841774073641351700e+26
2.120825615889719729e+26
-4.743163538265081067e+27
-1.649710094540534199e+28
-3.350756304977432967e+25
-2.055998846056743130e+26
1.256395410050110970e+26
3.741788648672459084e+25
-2.463317034398444731e+25
2.011905253426851458e+26
4.342515465402643174e+26
5.964744449179204820e+26
1.233492400600812178e+27
4.016359973730290280e+26
-5.973803580272400647e+27
-3.369279097411749565e+27
2.864216150777181199e+26
-1.276960328960425298e+26
-2.668050120364995332e+25
8.065550068864408752e+26
-8.808639828835683385e+26
2.195912781226333360e+25
3.930772197057344562e+26
-2.402474470902036504e+26
-8.568864645127526201e+27
1.592148482853872151e+28
-2.263255424523896784e+28
3.396935410025649285e+28
5.802922805229534923e+28
-1.829539526441093292e+27
-3.550803664886108644e+27
-9.301144789508457562e+26
-7.255523643640243040e+26
2.073224014389407768e+27
1.668759963527343192e+28
5.549366360477298743e+27
-7.633218194250686032e+26
2.515677474117937321e+28
1.079415372611570200e+27
9.717267155352749021e+28
-5.639808199949564946e+28
-8.369534860544976576e+26
-2.084002157037840878e+27
-2.010556187868424259e+28
1.238321140633879540e+28
-4.295306472483986838e+28
-6.245068967311800586e+27
-2.347591908507012536e+28
3.348250258454507727e+28
-7.140634693983370672e+28
-1.178811821369142486e+28
2.940035459193435777e+27
2.782546467796119296e+24
-9.038699011245830652e+24
-1.007758203729565431e+25
-1.608848588016950891e+24
1.398134810660407617e+25
1.633563286505742846e+25
4.485620715455351800e+24
2.918249963725299591e+25
-7.198377291278941801e+25
1.141671105669158753e+26
-1.931159473527489127e+25
5.013252993774453500e+26
-2.151363984645552818e+26
-1.908035318540211180e+27
-5.878199172496982747e+26
-2.044269456619706750e+26
3.901371004242937512e+26
-2.209903864801960127e+27
-6.418943139051331966e+25
-5.950590669657142540e+25
9.250859704225321399e+25
5.550336120874962066e+26
-1.500889378045747919e+27
9.449172488993447976e+27
1.270656449958178645e+28
-1.424659169092722206e+25
-6.530852981164461521e+26
2.841131295905975632e+26
7.314972645174586710e+26
-9.913190484453379346e+24
-8.855177601153201420e+26
-3.624392784543919483e+25
-9.344976088427247581e+26
3.675007470887095747e+28
4.665341096688044917e+26
-7.267083102301898417e+26
-4.083347569079471727e+26
-2.205841491559590816e+27
-1.742379813722931400e+27
-7.272770285834920415e+27
4.487098887235128117e+27
-4.116297964481845912e+28
2.444946757498088613e+28
-7.377186150198231125e+28
6.703854272526937273e+28
4.107645409323540272e+27
7.000949468822341674e+27
8.547246466199584653e+27
5.114375272458989217e+27
3.377715171353893973e+27
3.503822312053296058e+28
3.619295009596551444e+27
-1.052380571087915486e+28
-1.081690027935580498e+28
-8.319004472788625661e+28
-1.722922950472473968e+29
-3.088271515291702683e+29
-5.194983958004020304e+28
-3.824983383988697184e+28
1.591316585683175383e+28
-5.447874786740686838e+28
4.803532164710393786e+28
-4.809678694272594252e+27
-5.668655410844855227e+28
2.085712219957829495e+29
1.158811118995329434e+29
8.261614947600024287e+29
-6.786908743846944551e+29
-3.356730622040734369e+28
-2.780036801107461201e+29
-1.018603416295044842e+29
8.161976148275272863e+28
-5.050019216353235186e+28
-4.225768731493430901e+28
-3.533169596932106424e+28
-4.125523805526227200e+29
-8.324561055933999655e+28
-5.751120446046255093e+28
-9.613847990458666139e+26
1.927060349890668232e+24
2.690993617301592480e+25
-4.710781932249262079e+26
-4.514792415636793472e+26
-2.733029113261491392e+26
-1.390887154892563915e+26
1.242810822967557257e+27
-1.773523197047965225e+26
8.337116826522638236e+26
-3.142600983762350650e+26
7.701421170612987557e+23
4.436087257448950099e+26
-2.983510391583268906e+27
5.173772668002691491e+25
-1.417096905571384177e+27
5.235852076407361147e+27
-1.351499626200389512e+27
-2.748438499163381353e+27
-2.073266874816235722e+27
-7.320888609167886144e+27
-2.621756285641212916e+27
-3.688196163270770435e+27
1.165611354462621404e+28
5.832389257094510162e+27
1.393824161042668183e+28
2.700080313475500371e+28
-1.071050510431417870e+29
2.325004780297190706e+28
-2.524491611502092355e+27
1.584452032135260932e+27
-3.197323660740265552e+27
1.846983887042278654e+27
1.675895159062586510e+27
9.276929383107791541e+27
-8.271452299254233862e+27
-4.426254530258563744e+27
-5.746317372295419497e+28
-9.994022700912597889e+27
-2.249168016614918274e+29
1.145990357244531733e+29
-3.802001874707124204e+27
6.333066959436261426e+27
1.985898126251270771e+27
4.148971103539289973e+27
-8.465947086545006089e+27
-2.002111731484160134e+28
-5.495067102769659201e+28
-1.644971760296808410e+29
1.846160883835114110e+29
1.354226008049554296e+27
1.297117767419085655e+28
1.778421889921906211e+27
-5.750275165471493164e+26
4.046136395664454427e+26
-6.573315688908189348e+28
3.983499388410132515e+27
-8.203122590311802279e+28
-2.799645815617486674e+29
-2.383581039159132503e+29
-9.641992347811406198e+29
-6.420730957607207406e+29
6.570967404417294942e+28
-7.591148176240284897e+27
-1.621349464760444663e+29
-7.289502884260209209e+28
5.436470119960733152e+28
5.401617094830509867e+28
-4.273198866516166332e+29
-2.482918779653137223e+29
-2.273785088422996165e+29
1.565271460597454243e+30
-6.996675654776344887e+28
-1.536473372460830141e+28
-7.833228333087748322e+29
-4.770994226941850164e+29
1.336250706481631382e+30
-6.825657611900421979e+29
-3.990627985031945935e+28
4.398632366962021250e+29
1.185179308788078717e+30
1.007243790838576399e+27
2.896723908998345328e+27
-5.173469803204435713e+27
4.271679647218105283e+25
-2.133926881502379315e+27
5.595928077976865718e+27
-3.134002707207178451e+27
5.635943200029972856e+27
-2.321049417923570578e+27
5.773135405681558362e+27
-1.902886692177258262e+28
-3.131841042890827817e+26
-1.200946779639226421e+28
-9.448233986072263167e+27
7.162736625324991972e+27
3.190339808715910565e+27
1.029380646739664545e+28
-1.002635661847852574e+29
8.463773435512633638e+26
1.115823486499894757e+28
3.453959377232088749e+27
-1.651134744375933172e+29
3.966741347470540128e+28
2.922477353433979742e+28
4.713455661424487861e+28
5.466183212467100610e+26
9.694987987654259921e+28
-2.036657528757326586e+29
3.816657440621351888e+29
-1.287542168419078211e+29
1.107085238520942452e+29
-1.147227492914294698e+28
3.434929560763344620e+27
-8.167341208426573726e+27
7.790491302926386467e+27
-6.614043307691912172e+26
3.748347811012910268e+28
-5.430381779350932777e+27
-8.760506662585286489e+27
2.907654399086145537e+28
7.087762779383835579e+26
2.479430057273289044e+28
2.560222071696997238e+27
-4.940263672753638511e+28
-6.432778052154622279e+28
8.248655382305434818e+28
4.866952860992640683e+28
4.585825533448513353e+28
7.458229228684543621e+28
5.303320237694835908e+29
-5.220065897937418839e+29
3.763880307602407445e+29
4.667611898821345810e+28
2.269003633809018772e+28
-6.349820894863930741e+27
1.404416061815303054e+28
-2.860236463878494736e+28
-5.776529691630923624e+28
-7.101334521056395272e+28
2.986004827750907094e+28
2.911115613639043663e+27
1.411956166593247703e+29
1.405235975896498152e+29
3.139671098924920454e+28
-3.662273462487191232e+29
1.889995016578781411e+29
-8.322965786203629482e+29
-5.097324843635529450e+29
-6.604224678552957964e+29
-2.047880140305471457e+29
1.312698588743147249e+29
-1.797862708100376568e+29
8.279686140824529752e+28
-2.356489184443956609e+29
-1.462818027813969374e+29
6.649230775527768153e+29
2.407952587008618547e+29
-3.522174461666407774e+28
-1.613445886937184829e+30
-2.799794692954048406e+29
-2.603176187548930179e+29
-3.434346428810943569e+29
-3.097322301575588895e+29
-1.278908625196273263e+30
-8.313430433077177241e+29
-2.767094377192077334e+30
4.705610252316970453e+29
-7.830599288114120294e+27
4.137413869162750063e+26
4.081794583310507056e+27
4.727978160986440944e+28
-1.991708301902855080e+27
2.976224446176882215e+27
-5.401716726827741912e+28
-4.649202149338514920e+28
5.743078270598667108e+28
3.035746784299391742e+28
9.158692507735445221e+27
-1.458509132788013007e+29
-2.881964168939012338e+28
-8.822788407267860380e+28
1.692072145908126031e+28
-4.605904110735016423e+28
1.081174742336847097e+29
-2.005496165627632505e+29
2.265374089108010314e+28
1.040212227260336590e+29
5.122155839552934693e+28
1.122893954623167453e+30
-2.814290666067715324e+29
-3.015675905779134975e+28
-8.345974069518328913e+28
-5.116003363629528761e+29
-3.310750441381382886e+29
9.813535329919107500e+29
4.264462143231883910e+29
2.847945300291613351e+29
-1.177824083662979391e+29
3.608215504919625857e+28
-6.852104294036119098e+29
-1.793573677152870249e+28
-9.541919256696779328e+28
1.669564502802373261e+29
-5.299229639075786295e+28
1.487382280116857718e+29
-1.525132214572341796e+29
-5.460602712885504505e+28
-3.194564038253359639e+29
5.296104820494585194e+28
-7.443181180445429649e+28
-4.422151805304488956e+29
-2.959863068779916568e+28
1.446282584302731403e+29
-9.104256922997847020e+29
-1.054427309293763740e+30
3.332652560709312114e+29
7.990311229554412303e+29
2.105165211569227474e+30
-1.948733692230923884e+29
5.810704424541036912e+29
-1.361728603747598989e+30
-2.167655411033191718e+29
-2.574552048025245814e+29
7.958255094441888247e+28
6.195094287999853985e+28
-1.032464669302170140e+30
-5.769344745873116254e+29
2.069390538425166457e+29
9.934447897375780370e+29
3.776024836274962857e+29
-4.498687580841645976e+29
-2.045430609055063259e+30
7.279835557297655911e+29
-1.079648446737515042e+29
-4.656656536120357210e+30
1.397107783725691480e+30
-5.793790056681692905e+29
2.109893738432937432e+30
5.674544882540237612e+30
7.810531197844091369e+29
-1.138142801678009620e+30
-6.818669460877919011e+29
-4.876810902977387597e+29
-3.557848820145162628e+29
5.121846557185345059e+29
-1.730565969415479683e+30
-2.435272147526690267e+30
3.453030024507222970e+29
-7.065558172356737304e+30
8.465307954067046862e+29
9.234811884245016973e+29
-1.493055873032555534e+30
-1.783641758589885614e+29
-1.898597926693749973e+28
2.536808181817463983e+29
-2.346055607343061775e+28
-1.919130546615415771e+29
-7.734486104590921860e+29
8.171002399380599617e+29
3.343066618380620790e+28
4.311222871021314178e+28
-4.016961157423739021e+29
-6.292684068062976775e+29
-3.438386202123744899e+29
1.556445644404781475e+29
4.676186135119718625e+28
-3.465597783033473234e+28
4.548203954048405975e+27
1.144200937179218158e+30
-1.211404863344629705e+29
-6.439441832108172306e+28
3.680990990846367691e+28
5.099644281156708940e+28
1.085606792215101707e+29
-4.922510271996182647e+29
-8.256453870290047901e+29
-5.743634722863735535e+29
-1.607014422138512526e+30
5.992031883702651011e+28
4.146488956995369671e+28
2.447155244353055125e+28
-1.856242625730225270e+30
-1.458895386447128294e+29
-1.522425859296123577e+30
1.292855410263959651e+30
-6.401321704813963346e+29
1.071837335277443400e+29
-7.057711667310741767e+28
-2.627768135767691653e+30
-1.220258261508896391e+29
2.526427532012950302e+30
-8.157474880841566590e+29
-1.923687718894005168e+30
-6.044404383446676581e+30
-1.175288318222011982e+30
-1.717522739988108169e+30
-1.398290105776088515e+30
2.327270621968023595e+30
2.403804220058513673e+30
2.393838735755472796e+30
8.048162283148186369e+30
7.785157247821237000e+29
-7.563638600142170047e+30
-4.365354622604832262e+30
-9.049158774080547223e+30
2.165481533969434623e+30
2.736564159667910578e+30
-3.903445134356243088e+30
3.786821654597914306e+30
-7.806425607550666808e+29
-3.215801190158509632e+30
1.299381396626797006e+31
-2.913812003897233506e+30
-5.362918649886879693e+30
7.387672430160324717e+30
4.073136575652333328e+30
-2.079005215231276060e+30
1.652337789810079810e+29
-2.244604734237253280e+31
2.248078840659315861e+31
-7.184097157845232792e+30
-1.813059927983819653e+31
