-1.836013299160233600e+16
7.551413250843034624e+18
2.429700515406802125e+20
-4.529255913260561203e+20
3.599536752483689824e+21
3.248461725864074150e+21
5.296476862302203675e+21
8.725045651128259392e+22
-2.243699143734580793e+22
1.107644170270915584e+18
3.684737312017300849e+20
-2.411956996686359822e+21
1.399178075710987384e+22
-8.239002823741835470e+22
-4.674553213697059277e+23
-1.015908194540878561e+23
-3.260157587053619026e+22
2.879640421876932501e+24
4.188844865492432978e+20
8.644877118672113500e+21
2.072934056680921812e+22
-3.837886536582871122e+22
-2.575916661423564411e+23
4.520244316405793722e+24
-4.376119011070540492e+23
8.203977092525096849e+24
-3.772047560333901846e+25
-9.560398575850254500e+20
-2.499068331282941136e+22
1.185853389047036662e+23
5.915355926913519536e+23
2.454725387634872536e+24
-1.143536443990093154e+24
-5.735011536527684996e+24
9.408688045688647345e+24
3.982544583541321282e+25
8.750419978033457289e+25
7.385758919280193176e+21
2.108584301024247389e+23
1.116265720896168846e+24
-1.804957489772253650e+24
1.574011166991493909e+24
-2.603630338842354705e+24
4.044235303745891548e+24
2.828627505364828665e+24
1.675789197164540062e+25
4.168746222759087833e+25
-2.582171274219552480e+25
2.133459679342812927e+26
1.151393776864996413e+22
2.461453154809827820e+22
-1.590965966867076743e+22
6.970827841611950960e+23
-3.188339888380659823e+24
-3.401247899274082764e+24
2.332381486643471508e+25
6.701270019002324243e+23
-2.338866625802177797e+25
4.445343407383588920e+25
-8.924274737263918862e+24
1.270324035835960364e+24
5.425144185077500924e+26
2.192872673572185594e+26
-6.526547209945788449e+21
5.873932484382856137e+23
-5.717496023869709223e+24
-3.098907194240792450e+25
-3.138350653126166572e+23
1.200080293530960372e+25
-1.288500887802661794e+25
1.988129131534778017e+25
2.041928602468864644e+26
-1.230109235355362699e+24
1.103645733212936984e+24
-1.896785332835763196e+26
4.926070782694969259e+26
-1.853505379392487978e+26
2.145694348012451063e+26
2.156848105502120597e+23
2.139065845455258372e+24
4.804705471548220637e+25
-2.935888494677613717e+26
-2.629379019797264555e+26
-1.238912076547963750e+26
1.080327848667860229e+26
1.989634681625094808e+26
-6.133291135092479221e+25
2.744296664605514139e+26
4.642484977730979124e+26
-8.663631472892681501e+25
-5.497336538439600657e+26
1.618402854361451066e+26
3.648747482155890560e+23
8.990485465765649261e+24
-1.729165901940449880e+26
-2.365309200706832007e+26
-1.004459815788145554e+27
-8.265016025818209153e+25
5.337756193033684054e+26
3.764359178844789518e+26
-2.341023988857156715e+26
1.355639837471833922e+27
2.746038013761037902e+26
6.379486804767137676e+26
9.761202348147968835e+26
-8.684314422302774395e+20
-6.282772341981624402e+20
6.394642067666109045e+22
-1.440332399942440227e+23
-1.575461120469036559e+23
5.423860065432238366e+23
5.147324299764651126e+23
8.021751038697390232e+23
6.594778562151700276e+23
-5.516119291510174526e+24
-2.800279639762977595e+24
-9.339906970812467305e+24
2.320959568772052174e+25
-6.166523828642128315e+25
-1.197972698395515260e+25
-3.433441957365040226e+26
-1.248454909887813895e+23
-2.262951520046180538e+24
2.481592909339982754e+24
3.492938293226557208e+23
8.519475347674621231e+25
5.426543810124119327e+25
1.139935477113255666e+27
4.067161484784169227e+27
1.667481746492827747e+23
-4.031495700564098010e+24
1.175388596443328959e+25
-9.898984729009920437e+24
1.209819710246693441e+24
-8.999932388218382187e+25
5.400733678275651173e+26
-2.539671109814357769e+27
2.105905852411310421e+27
1.104124613952491848e+24
-1.782896925804557215e+25
-1.865007288728316686e+24
-2.667349722224523629e+25
4.302521107729547953e+25
2.768767177395731855e+26
5.032435988772473336e+25
-2.539466101855101617e+26
6.250090179729773171e+25
-5.929914843585675129e+27
-1.140078650055429864e+28
6.924123356011339241e+24
2.953798092644565420e+25
-4.512111103951170151e+26
-1.943801575996936730e+26
-1.727629653875926286e+26
-2.087657751260327022e+26
2.049558563264803520e+26
-6.633142793918697475e+26
-1.549659567580873251e+27
-3.147192250976574672e+27
2.916984890096113390e+27
-2.619738941083149089e+27
8.835655229668618567e+27
-1.470057723658442595e+25
2.214815889978676200e+26
1.731942623645685501e+26
-5.696671886576774637e+26
8.996157968401531785e+25
6.479872555255382157e+26
-1.402124359266190480e+27
5.264963160969110804e+26
-6.485762344395987184e+26
2.108234590930574265e+27
-1.013632882466903479e+28
1.251710203889315005e+27
6.461360226903713676e+27
1.304817956655302334e+28
9.786365966306387417e+25
-1.390908560666007110e+27
-3.532654788563628321e+27
-5.554843025245754531e+27
3.122639477793031442e+27
-4.841718749357392747e+27
3.718361675106128257e+27
-3.980151145168267219e+27
9.596052720455113328e+27
-1.244699483469831477e+28
5.182283290863209667e+27
-1.142370136151273149e+29
1.368812301340894387e+29
-7.595573530433641565e+26
-2.715619803530165670e+27
-3.741948126276760164e+28
-1.292589123008171729e+28
2.057293956793708254e+28
-3.785674908961290763e+28
7.087434469868254641e+27
-1.128703992794327025e+28
4.341899564473532453e+28
7.961020095969754930e+28
-3.995974434276956740e+28
-2.138633142114865003e+28
-5.510352804679374560e+23
1.397207002768220357e+24
-1.151456784091187601e+24
-1.076401342429171162e+24
1.265241937427831928e+25
1.141702961749884478e+25
-1.640641976580726703e+24
-8.081835477729072093e+25
7.042091844738993478e+25
9.172042774544076205e+24
-1.886134159919962411e+26
-2.320255680231817937e+26
5.768868932916885049e+25
7.104823660973875287e+25
-5.636366435680564479e+26
-2.778959895543564360e+26
-1.732662330448015560e+27
-1.448898441769631850e+27
-1.024267025282176403e+27
1.937051591272694097e+26
4.076117841630115137e+27
-5.128331407819184030e+25
1.830609775122101371e+25
7.264933941511746543e+26
-7.630649450950983609e+25
-4.465402650387528699e+26
-3.960947598658481631e+27
-1.190557596773373850e+28
-8.732069488154726387e+27
1.041958220021668734e+26
-2.338183818923422610e+26
-1.613476285512586846e+26
7.693469962357527874e+26
-1.866497342815992941e+27
6.249742650371439521e+26
1.917840125988045158e+27
-5.479576050904361936e+26
1.938100223022532607e+28
9.947989788534677105e+28
7.382420826658585973e+26
1.145891705577345709e+27
7.271429086869911712e+26
7.946915150913526186e+26
-5.353314669239792443e+27
-1.020636372601343449e+27
7.326858623761550728e+27
9.173193379091140032e+26
4.975585963092698776e+27
5.314264445500139034e+28
4.137367323325848344e+28
-1.069107065191676185e+29
-5.413855081044852104e+26
1.896341463383544369e+27
1.528509429980372859e+27
6.894959759262476344e+27
-2.684860645844505467e+27
8.195382710233247728e+25
-2.837572442001715008e+27
6.303226902492935951e+27
2.092670251094798704e+28
3.484855832783193887e+28
-1.074668265157369390e+29
2.706931458662472138e+29
-1.726733866445998167e+29
-3.358645331472135957e+27
-8.927325226320603097e+27
4.068954255090361827e+28
1.374803911555067692e+27
5.254968644499758493e+28
-6.261773452809819591e+27
-1.938718729725942129e+28
-2.761004178593838674e+28
1.556373797243444460e+29
-9.374463723936454548e+28
-3.384079265759601667e+29
2.878168618591180864e+29
4.917235086168896931e+27
1.101134854258669702e+29
3.691210894507667316e+29
-3.491719997076095791e+28
-9.551121833663635860e+27
3.191797670866779300e+28
-4.821144960736138825e+28
-1.042525670142660623e+29
-5.891961773821132322e+27
3.030475921416210369e+29
8.741959424185372913e+29
-1.411027655884914041e+25
-8.638740014573177434e+25
-1.773008723118674049e+26
-2.314333989314436817e+26
2.269784590875026325e+26
9.726579642548779881e+25
-5.563005301656006971e+26
-1.972147754339856287e+25
1.217612976733265710e+26
-5.688895892739227429e+26
-8.013447977532380670e+26
3.554916193709809355e+26
-5.001019558877883599e+26
9.066344693168530054e+24
6.645717628603288788e+26
-3.638001497101268200e+26
1.235481544322655902e+27
1.082391807521912030e+27
-2.391674312583007438e+27
-2.761888462067413937e+26
-4.571854891328711826e+26
1.782691242205529463e+27
1.159523521938121800e+27
-5.882371894737120251e+27
4.814344352438453408e+26
-1.563342735070185587e+28
8.101616713024030769e+27
-5.534008438887860666e+27
2.290251935527576435e+28
3.713755991783652102e+27
2.626908040976873593e+28
-9.371930312789974592e+28
5.826802122420147781e+28
-2.357728847512712398e+29
1.237901213067910108e+27
-2.912400681984295885e+26
-1.510608941924880531e+25
-2.080536592340258195e+26
-2.220823626562388523e+27
3.763360723730095957e+26
-4.065522594516865591e+26
-8.958937528834257828e+27
-6.353094894105408931e+27
-1.411161182752991844e+28
-9.364291699941758448e+28
2.835830360289834208e+28
-5.397796549644410324e+28
6.577638127481120698e+28
2.200343651414875323e+27
-3.510202401430514704e+27
-3.353319371074992681e+26
-1.293210629239050824e+28
9.584354200135535750e+25
-1.477122303940217966e+28
-1.204833029738338552e+28
1.572654262006309713e+28
3.661413268196084954e+28
2.707931821508315779e+29
4.019435232515086559e+29
-1.284689225132834524e+28
3.763830871309482029e+27
3.160066815784307823e+28
-1.368135154555408790e+28
-3.160968861060085943e+27
4.019922461922044794e+28
1.169381456837877554e+28
2.780756940613083614e+28
-1.925228879057258141e+29
1.777768159491883822e+29
2.971478476226453020e+29
1.831122550436608375e+29
7.118160685725630197e+28
1.345269110639810530e+29
1.495710554936903229e+28
-1.291579818704689437e+29
1.860785531003684560e+29
7.992022570238878255e+28
1.071979309212838307e+29
-5.154424936600683522e+28
-1.833806179771456437e+29
1.740755903743238419e+29
-4.737976192443545166e+29
-2.436955554068552443e+29
-5.728935283045417707e+29
-2.041896728978445141e+29
4.765774415084460024e+29
8.386717213813416426e+28
-3.892790339215262808e+28
4.698250594576382306e+29
9.024659297906514786e+29
-6.705648509328354925e+29
1.362641250601809520e+30
-8.900861487185159740e+25
9.253187498960759576e+26
2.555863233367028308e+26
-3.106598842037917526e+26
1.496377291801223740e+27
1.389717388348852170e+27
1.130006669062357667e+27
-2.975763674899656426e+27
-4.034073821993050765e+27
1.940053767761340258e+26
4.781120591312717430e+26
1.308046920258467343e+27
-8.823722100302130870e+26
3.632386040364886368e+26
-2.010122841238939823e+27
-3.007852499334210929e+27
2.420539062913414113e+27
8.513632845558297284e+26
-2.648269399186062767e+27
1.164819822356152757e+28
1.531819481754420873e+27
3.668105872689655606e+27
2.975182626696217920e+27
2.616873342375391254e+28
4.744856825294074116e+27
-2.599946881486617082e+28
-1.002601936169004609e+29
9.244642773228893558e+28
-5.586132399380772783e+28
-5.871026902799065259e+28
9.337412245843145826e+28
-5.864498638629268277e+27
-1.827247898437688315e+28
4.767868341516040041e+28
6.518502210023031561e+29
-1.213349298853533908e+29
3.108697582926529942e+28
-9.736387877061197825e+27
1.580190459904880933e+27
-1.273742368761701840e+28
7.007274253809680919e+27
4.190464710652744633e+27
3.185226864569740591e+27
9.828846129023743791e+27
7.110593992964474803e+27
-4.845802401369436553e+28
-1.497248111768365383e+28
-7.365871380246014224e+27
-2.845930932832485430e+28
4.954958316069085651e+26
5.069051657741454872e+27
5.853742040721321233e+28
3.393573684303368659e+28
6.554579392815972547e+27
2.010084058325224075e+29
-4.087919144825115654e+28
1.044456998847016979e+29
-4.108539800016696933e+28
-6.244168942907986422e+29
6.124839234850326151e+29
1.314642855489800654e+29
-6.599980927477322346e+28
5.587532457496359512e+29
-3.110024296427469566e+28
1.174415016726343599e+28
9.710252472157464133e+27
-1.941072338593033735e+28
-1.072768266739366867e+28
2.889410332505706774e+28
-6.789773621341446209e+28
-3.945271260339072648e+28
3.556632818047879603e+28
1.598682932626515498e+29
1.727359721258397364e+29
-3.106496696802214554e+28
-2.596358846315604308e+29
3.110661432226913371e+29
-1.037873199540687990e+30
4.514642248712101163e+29
2.537627400962120443e+29
-1.335544781238142648e+30
-9.772228362462628522e+28
3.566205521611828555e+27
-1.351753352621828616e+29
1.805373245273157582e+29
-6.218339597922620257e+27
-4.408279261636431500e+29
-8.012919680143222155e+29
-2.296225705014893530e+29
5.054713773233040123e+29
-1.057458823211144333e+29
-2.311765504030192654e+28
-9.607715285677284176e+28
1.967382464782569655e+29
-3.346834648264563372e+29
-1.606400573899387804e+29
7.262568370144118681e+29
2.375756321255539160e+29
1.781846003804645081e+30
1.125392073390985661e+30
6.057396516133829463e+25
1.201512387320536211e+27
6.044492907178720053e+27
7.438981647200353533e+27
-6.831568430923227392e+27
-1.307405046118656299e+28
-1.069433220980654471e+28
-9.014522041906690958e+27
-1.623856457830682281e+26
3.861641210273230678e+28
-9.259124134660557520e+27
-8.066362881393037497e+26
7.714175721707356877e+27
-2.621641283219374164e+28
4.525879183243755235e+28
-1.599730211750831461e+28
-1.395516328290867770e+28
-1.469615291053897897e+27
-8.794071840134788810e+28
-1.415815770251597773e+28
2.189482129361819070e+29
2.555523792123494184e+27
2.452887346406883250e+28
1.000953190341753046e+29
-1.721882290000407331e+28
2.643404391145215679e+29
-3.948395053252489889e+28
-1.196917237134325194e+29
4.482432950567572661e+29
-4.441734277918185948e+29
1.063920513885549941e+28
-6.990051923504728021e+28
4.892792115751705354e+29
1.140475661136737593e+29
1.009801319069727495e+30
-6.562219586191539447e+29
1.373006543168718376e+29
4.260713594504045988e+28
-9.589040170615168958e+27
-4.520281487041695249e+28
-3.528538846154717164e+28
-4.472149016307849100e+28
1.698003636775945813e+29
1.968921949673300875e+29
-3.434488726728471484e+28
1.074969455497523160e+29
5.128562854114731285e+28
-6.633302605418540317e+28
-1.710668612668179057e+28
3.528679106134750439e+29
3.019928412850364098e+28
-1.287436715609867911e+29
4.890445078398210154e+28
4.705504888658928248e+29
-3.892516004231807903e+28
4.200676438224434254e+29
1.189216497327226798e+30
-1.711792085908948555e+29
1.199289784554706075e+29
-1.438334807882563524e+30
9.387275164388723787e+29
-2.673502731196108672e+30
6.183180891408915827e+29
-2.777600686582183972e+30
-1.571203146832732300e+29
-4.258154595501243005e+29
3.194984520492915422e+29
-7.077458887818400091e+29
5.317706257352459575e+29
-2.057983283488865063e+29
6.054669336396710132e+28
-2.876639214728113430e+27
-8.494193695266140176e+29
2.660485599908619713e+29
2.260972248484469796e+30
9.122205755672088758e+29
9.072862251452457277e+29
-1.497315009242418872e+30
1.591364968703681688e+30
-2.573723448356115876e+29
6.298064449434743065e+29
3.359953805640364879e+30
1.837135681377628929e+30
3.454500080410585644e+30
-2.826273095736578455e+30
4.296146223823245841e+30
2.556768037314643629e+30
-3.453634833058765313e+29
1.422699179997486976e+30
2.613026415722172412e+29
-2.996493687658033814e+29
1.979870408611284632e+30
-1.686980279059331986e+29
2.242928618885828929e+28
3.281696486221893312e+29
-3.094545687705450254e+29
1.077733574262178066e+30
-4.827351329450080377e+30
3.458442211326427583e+30
1.087929037980840908e+31
-1.904358117467775729e+30
-1.757297680081149808e+27
8.141060541124138909e+26
-1.032538878576757254e+29
-1.427048983596904699e+28
1.437101331779866851e+29
-7.859831940309487903e+28
8.030020630401716550e+28
5.482145807402703164e+28
2.001612904623637675e+28
8.320149767673979335e+28
-1.187815538104929310e+29
7.345396941718287246e+28
-7.957859255515193890e+28
2.553986474612025842e+28
3.642173893314257793e+29
-2.414659270560871739e+29
-2.872247555986937804e+27
-2.047706636400768428e+29
4.735993817496169627e+29
-3.409567906916113638e+29
1.568659157335628635e+29
-1.835382875415057034e+29
1.688301133524189217e+30
2.017158743430365612e+29
-1.544499022943885290e+27
-1.828151256562486829e+30
1.745818169012845913e+29
-2.152305913481063563e+30
7.551763762751932099e+29
-6.112819450369946942e+27
3.646407061799117986e+29
-1.882193926003881029e+30
6.163250185774898379e+29
-4.158964490524924328e+29
1.227770459085878692e+30
2.589467974024539582e+30
-7.124784899565993977e+29
1.105039584651941739e+30
2.547983480689202012e+29
-3.445676640013693962e+28
-6.327871372920554586e+29
6.768304830049309055e+29
3.156936913916865627e+30
-1.210774387308447483e+30
-3.167466127296631086e+30
1.078231679171682053e+30
1.156421265147810401e+30
7.722948439032483326e+29
6.165031846798988308e+29
-7.267598807643859444e+29
4.295648340845081046e+30
9.401207641132292943e+30
5.716118868595463981e+30
4.740724390375820688e+30
3.692670909137874945e+30
6.121785580557306300e+30
9.614797306323102410e+30
9.227923055963306655e+29
-1.089682378465624339e+30
2.805510882701560599e+30
-5.885358930892196910e+30
-1.482706718634443216e+30
-1.735555154397104355e+30
-1.004589392957966273e+31
-3.432816933208010931e+30
-7.196542069212377825e+30
-1.151566589350833094e+31
2.504268137959630145e+30
-1.431822518217676404e+31
1.181427220200486182e+29
-1.012971166817295272e+30
-1.455295251265254030e+29
4.134486633116618864e+29
8.368164728055610103e+29
-2.995976086271514717e+30
-1.322270756692624480e+30
3.945121272246000218e+29
4.472845545006758348e+30
1.024141296793809439e+31
1.191555925006265246e+31
-1.514015042023109173e+31
1.086442490490990638e+31
-2.724217073028772290e+29
2.935207286698982850e+30
-7.674290676426386416e+30
-2.554252889564274700e+30
-1.641568986618773645e+31
2.483076079875946392e+28
1.389262475278225699e+31
-5.964870408250268147e+30
2.224839466157206587e+30
-3.600533704398534259e+30
-4.336810220926002635e+30
5.996296730307275523e+30
-2.224624919720689544e+30
-4.135278529335175795e+31
2.630811722129984259e+31
6.595025702075762886e+30
-2.373237190454865984e+31
1.902144490773192719e+30
3.647926400338491766e+30
-2.152782169695404053e+31
-2.582613441220223078e+30
1.337892581802670039e+30
3.164489261998489090e+31
1.315910840990411428e+31
4.551438793509912176e+31
-9.510457067943994973e+30
4.903538450390927360e+18
-3.043895671882350592e+20
-1.915863526600576205e+20
7.356328692784307896e+20
1.199836472896054100e+21
-2.409399595913151775e+20
-9.819974509126457124e+22
-1.689800919327857894e+23
-1.424640455424723026e+20
3.078704900121556419e+21
-5.729186798103024789e+22
1.493070540653483985e+23
-1.273620031834636031e+23
1.550195744571173561e+23
2.721219415939362180e+24
9.834721210776776885e+24
-7.464871275831539794e+21
1.913433320235067874e+22
-3.407995120719993116e+23
-7.471922292188793610e+23
-5.758740321689535177e+23
-4.327601166581605868e+24
1.567106718032716217e+25
5.616904936588349556e+25
1.581166602163177086e+23
5.778401926214651310e+23
-8.119764035257598214e+22
-1.156699257366362659e+24
1.449961332384994301e+23
-1.455842997392883889e+24
-2.181677074603129541e+25
6.023724864101000050e+25
-9.296366901746023283e+25
-1.787418868204770196e+23
6.644439653368538606e+23
5.544439822953585637e+23
-1.017562990129366918e+24
-8.237936065449932483e+23
3.137390547418757212e+24
-7.335328943023773018e+24
-1.584955710829162197e+25
5.106337452674241475e+23
-3.260646111246047357e+25
7.725306591881113542e+26
-1.128896858375981969e+24
-1.366362142029905803e+24
9.349325249354023683e+24
3.184879948026810437e+24
1.315465478731016413e+25
6.079039778747024788e+24
-2.070990662088265071e+24
4.538801618740240604e+25
4.737069815771824405e+24
9.047458695205582284e+25
1.140248306273669755e+25
7.395261239890365794e+26
-7.548427080843414180e+26
8.255679924997865320e+23
-2.181688145117570128e+23
-1.433101952440234244e+25
1.656878036517211238e+25
-5.639275734418715960e+25
-1.381505174550080481e+25
-1.760646378598242998e+25
-5.465321435296613862e+25
-1.054483441777823477e+25
-4.765657395054493096e+26
8.823023584432494322e+25
-1.754215663053910199e+26
5.759659148404166242e+26
-1.359063217687217907e+26
-4.932543560680232595e+24
3.065399524948856282e+25
-2.416680432053988970e+25
2.306854703441537423e+25
-6.550038133614862698e+25
1.978574996650600416e+26
5.695606164491173917e+26
2.005981421015814283e+26
-2.449910964880473772e+25
5.754084961928531895e+25
-4.109911243869821122e+25
-2.174949329358183086e+27
2.893830557867612327e+26
-2.969794647771604856e+25
2.044087882713699565e+26
2.456691917898252625e+26
-1.624088966394025232e+27
1.771536673409092689e+26
-1.253983047929394250e+27
2.062916639394417265e+26
-6.841571352033339181e+26
-2.497533484503084911e+27
1.048845090605861059e+27
-3.134736993429659091e+27
8.905053142176070211e+26
-1.821284264988100264e+22
-1.221594377520546086e+23
1.660117146090632947e+23
2.321494741549132001e+23
2.481838970804015360e+23
1.135128559902448616e+24
-6.383161531059670971e+23
6.484884444918356986e+23
-1.966909307786735586e+23
7.113650528909466691e+24
1.162770598452283063e+24
2.229041733875892825e+25
-7.474839014455733765e+25
-1.107741874438528831e+25
2.177226581184094321e+23
-4.019418088116710915e+24
-2.081762171656413118e+25
3.685525317646151191e+25
-1.246616149364158914e+26
-3.056493916567022052e+26
7.997373624451340367e+27
-5.341485497292989953e+24
8.359999673909271966e+24
5.621740658995109684e+25
-5.232499739768433904e+25
-1.246152586676095855e+26
1.730063163399358225e+26
-3.790426421920442156e+26
3.249661068070478177e+27
-2.264671177984262567e+25
5.155936835983095637e+25
4.930180197036441222e+25
-1.461187263874466154e+25
2.839503144556424786e+25
-6.114433498150791250e+25
6.010810182444285294e+26
-5.516632047578818095e+26
7.326691646986273244e+26
5.628772962592325683e+27
5.907089532312734968e+25
-1.399361629146788427e+26
1.833852535433701668e+26
1.749609173155216426e+26
7.475093469370956155e+26
1.385048832045633590e+26
1.301500658700100430e+26
-9.657828056282105242e+26
-4.814130084138843066e+27
5.461797625266621686e+26
-2.023368153133227347e+28
-2.608586016552092706e+28
1.623960147066459896e+26
2.682586580346556996e+26
1.501079895269735633e+26
-1.029748684754976971e+27
-6.675326735958865107e+25
3.194120820454485471e+26
5.390924015290583425e+27
-5.415000382655386599e+26
-1.018156827787190854e+28
-6.564049481909408948e+27
-8.725290237973639157e+27
1.952565048718555577e+28
-3.076305985394216976e+27
-1.278442919893448468e+27
2.027299143121278335e+25
8.308791037659513295e+27
5.228545455282795072e+24
6.209275901978300056e+27
2.012357250906561418e+28
3.534376140620866440e+27
6.713922401064293599e+27
-1.703537599181401592e+27
1.030535314354107221e+28
-1.140674684875942170e+29
-5.163873318815658822e+28
-1.674207470078081049e+27
-2.004831275084039544e+28
-2.035912787981722080e+28
4.496540289857650349e+27
-5.306883198644120655e+27
9.425955038060076814e+27
-1.447881251860101926e+28
2.140327908467733361e+28
8.280988543998019090e+28
1.553604713796040958e+28
4.211216932728866022e+28
2.465954328875133752e+24
1.600072854122782741e+25
2.338848848021170786e+25
-1.292778195846508489e+25
-5.029206821573642271e+25
-3.832786269356694876e+25
-1.280793448840027526e+25
1.545423119119824398e+25
5.046123942318717947e+25
1.960219102476118502e+25
1.884926086993550239e+26
-6.575704789369782523e+26
-3.061707265042790638e+26
6.658523446067146691e+26
-2.879396083067758532e+26
1.763737776297194741e+27
-4.505244907870509398e+27
3.153549529242573915e+27
6.898685769890479990e+25
-6.612852708766110539e+25
1.492316924053676073e+26
1.277539231986956530e+26
-1.146625839038027431e+27
6.880330093785190272e+27
-4.642613915317751155e+28
-3.626986849503713971e+25
9.134343287798573593e+25
2.706515764628342075e+25
9.653346351590050127e+26
-4.332513221739740449e+26
5.894100029240194166e+27
4.238353158502404690e+27
4.725035975579344326e+28
7.093626889965545679e+28
1.451526451609497027e+27
2.011328933329568208e+27
-1.661286428814247493e+27
-5.662807347814728274e+27
1.408090731222195337e+27
-7.959780831007317632e+26
-2.472789823659630831e+27
2.858312866789669919e+28
3.974110056029106339e+28
6.584103833956866369e+28
3.951638566127569078e+28
-3.581928861815673225e+26
-4.249016011889360135e+27
7.639633532894922843e+27
4.518757332623966390e+27
2.449414973727185575e+27
-2.890993608599300024e+28
5.534214793285060725e+27
1.550483169323886337e+28
-2.788827510260557820e+28
5.351582033116720632e+28
4.721813655993203298e+28
-2.846904798585395266e+28
-3.484637091925598798e+28
-1.372393977988237384e+28
3.108712229349848333e+28
8.589065018282611314e+27
3.939933382943059316e+28
-2.634013075573606794e+27
7.653106713261509935e+27
-1.711738512928197750e+29
-2.575908883764675486e+28
1.722939766578355295e+29
1.021831833384386878e+29
1.020274811726898173e+29
-1.318170476281749086e+29
-1.478403197249790927e+28
-2.975474138440520741e+28
7.580253103127890270e+28
-1.135277608440107095e+29
-2.180895736468556315e+29
-4.231763095870728781e+28
6.710372558841305401e+29
3.008559477622726847e+29
-5.369458274282806627e+26
1.828142399076881637e+25
4.383312284578354332e+25
1.617737576271070348e+26
-3.192647609887254454e+26
8.155871838082618308e+26
-2.502796703841356690e+25
2.514294434881236139e+27
-9.720360390058737925e+25
-6.784089781410279970e+26
-8.212483252887926711e+26
-6.738370008982345948e+26
5.509449806851918969e+25
-1.286145311094999685e+27
-3.771361828297283364e+26
4.269031109227216715e+27
-3.249453446099046787e+27
-4.779201998341180902e+27
1.018679672792169115e+26
1.769364492941814534e+27
-5.471132929337647527e+27
-2.262102771542378993e+28
-3.103476504219912848e+27
1.739405991927689958e+28
-2.262670357175561694e+26
-6.082682588503952664e+28
2.224216317185867806e+28
-7.427525687734874728e+28
-4.888083039221883921e+28
-2.025614468304810116e+26
-1.943521572278495107e+26
-1.155852120215334831e+27
5.822544397739719232e+27
-2.655452461906815230e+27
1.065614876972938153e+28
-1.290067357244867236e+28
5.276594877002280434e+26
-4.673169216613763154e+28
2.331069612749366939e+28
-3.000922240018406771e+29
1.749281122330139079e+29
-2.319605734721124809e+27
-1.055868128337071761e+28
1.011256678495437059e+27
-7.955636348227452747e+26
-3.563303575285026368e+27
-3.148720099713370536e+28
1.217382183711540870e+28
2.215648320889615879e+29
3.055732477312261065e+29
-6.826521984513140326e+28
4.464604987988996248e+27
6.332650805184414012e+26
7.774217088639288932e+26
1.134790195252659327e+28
-6.116544083478057955e+27
-8.441073296337317628e+27
4.104001860886320297e+28
1.156390172942643787e+29
1.115865469428917617e+28
-2.995287032628981872e+29
-1.144920726163431666e+29
1.130212360150735515e+29
2.747077724427282458e+28
1.162513325966169410e+29
-5.832869314552417385e+29
1.703340977377606689e+27
-3.825171490770452306e+29
-1.999047958692950080e+29
1.976422452172227089e+29
1.325204985729117678e+30
-2.234680603197275753e+30
5.451152497068689294e+29
-2.784744232596432277e+29
-4.466530297816212969e+29
5.973231053792004278e+28
2.756978265715811671e+29
-3.244213390666822874e+29
-7.327576836762919664e+29
1.118895407019777626e+30
1.315459793858149807e+30
2.034485864012417348e+27
-9.490629663187467914e+26
1.835238158229904964e+27
2.261940146427211112e+26
-2.209177105772510303e+26
6.474693785599777333e+26
-5.106325913018309614e+27
-1.512459700563871332e+27
-1.872106769244185309e+27
-5.783376351498454863e+27
-2.627675401726088651e+28
1.542896940485479096e+26
-1.085470669074965912e+27
3.079142107287548800e+27
1.107168603463980295e+28
1.730770931801591138e+27
6.367994156081523446e+27
1.075109716551188198e+29
6.970394653381932286e+27
2.384296935881051132e+28
-2.026843370858685547e+28
-7.009929377127373102e+28
-5.338657106568116189e+28
-5.097129454732573656e+28
-6.372421253046975663e+28
1.902715541916552001e+28
8.444264992076388073e+28
1.672072396291823265e+29
-1.858938260777720052e+29
3.539890516403108830e+28
-4.389764844758283857e+29
-1.679563746058358347e+28
3.225398363242515392e+28
-9.511924039690252481e+27
7.282211018808282995e+26
-2.550747042483131612e+27
-1.434101202001561123e+27
-1.709987077869281947e+28
3.752307031512627513e+28
2.677899405610541024e+28
3.311942723172707685e+28
7.818261042003585317e+27
-4.151232211741338558e+27
-6.742493996322401439e+28
-1.480516859485654895e+28
2.683390764075862279e+28
-1.190228631233001237e+29
9.671032421901942617e+28
-1.429743684286382921e+27
-7.444463792372216272e+28
8.538347597179693076e+29
-7.641779849753893713e+29
2.569813649240017094e+29
-3.603212455285132910e+29
-3.428073694983106273e+28
-3.501814548841293195e+28
1.632972671891724755e+27
-3.268955338075639993e+28
1.194467448200197551e+29
-1.439822930224268563e+28
2.968388489425540386e+28
-1.246148270260549449e+29
6.554681898771389620e+27
-1.869465907711345632e+29
-2.413478519951764799e+29
4.513018551688800618e+29
9.191615099229213363e+29
-7.083318726344764639e+28
-3.211642608188073806e+28
5.569459154409719018e+29
1.898066266116726925e+29
1.168364864114904221e+29
-6.511651084182701271e+29
1.190632737466797947e+29
-3.874216672816621912e+29
-1.020208837002200822e+30
1.568595332478354059e+29
1.367439181408131664e+30
2.742864236891804662e+30
2.917044351327558147e+29
8.173732506439007363e+29
1.519303112448862660e+28
1.486050721315537158e+30
9.983036217139556449e+29
-1.503021896994832797e+30
-5.295362937730282538e+30
-5.974946067750125660e+30
-1.752798392631327961e+28
-2.251747352917237597e+28
-2.649420366339165383e+27
7.728410106833046842e+28
4.276792681404033044e+26
-1.791406082543901543e+28
-3.458889845261105229e+28
1.975524069764149029e+28
-2.827342738676142940e+28
-4.017884295999358188e+28
-4.355899188334832878e+27
-2.852811876287857936e+28
4.187225752309936083e+28
1.119132560738661282e+29
-1.266839945982621874e+28
-1.530114212255617659e+27
2.778278028758720760e+29
-1.689556234567440538e+29
-5.639864711751270892e+28
-5.873195582891765399e+28
-9.227938060499461113e+28
9.256511860596213983e+29
5.907570806695290230e+29
1.589100583525372608e+28
-8.101497791958326085e+28
-3.004905785980652597e+29
6.821226984789997326e+29
3.260236272044889466e+29
7.361543439851866493e+28
-1.442504830601912086e+29
5.035890527185127611e+28
4.256134418788641104e+28
3.720845586280770840e+28
-8.502562152934681933e+28
1.063643679354241961e+29
5.853134042071447119e+28
-1.688484945567047241e+28
-2.462136997318839606e+29
2.736583390225266263e+29
-1.411124137137661088e+29
1.708408471006753596e+29
-9.282264577809088737e+28
5.894417083609871796e+29
5.833533737069341680e+29
2.851261857216695534e+28
2.644651893582601832e+29
7.643778511049988475e+29
-6.969145321759009112e+29
-5.650223597092573881e+29
-4.897228015912535612e+29
7.136476052061351702e+29
1.028528305154528734e+30
-1.754075373316850861e+29
-1.147068957053537916e+30
-2.566783626954953016e+29
9.658917973064253346e+28
2.269743639728028727e+29
-1.112932017521490339e+29
1.182225725891812694e+30
6.679230144946941053e+29
-6.106650078447119216e+29
-9.569954481845065687e+29
-1.086313759650691396e+30
-1.066213692460236715e+30
-2.199547213608048507e+29
-3.512043808716407956e+29
2.711674937475296086e+29
1.803003997573654632e+30
8.926574370693370275e+29
1.831260730477060438e+30
-4.435095701775145914e+30
1.811139151108523254e+30
1.634444757830705617e+30
-1.282535262089384158e+29
-5.952977670232803895e+29
3.204773811622171227e+29
1.279994205120250743e+30
1.281625891122062802e+30
2.373882144766329840e+30
1.276076519383252016e+30
-1.414536010224358871e+30
-9.600320191327684799e+30
3.336282815421021526e+30
5.892031289277830589e+28
1.004736821906508628e+30
3.762120379803396484e+29
4.022072265797147477e+29
4.383480507675937009e+28
-1.175533517832381334e+29
-1.775918795350376489e+29
-6.410666521158921125e+29
6.609043926175803463e+29
-6.574796502359793435e+27
2.254034290291962336e+29
-3.153855900288498543e+29
2.603431017236055267e+29
1.413342182706671006e+29
2.281686423527285766e+27
-2.014185937695230104e+29
-7.955016008766755744e+28
2.253927909675180166e+29
-2.963499914496703093e+30
-1.216889893923355596e+30
-1.201085949144051338e+30
-6.566865096360849597e+29
-9.764644790613808654e+28
-3.543608418454720507e+29
1.741937867295863215e+30
-5.541404329425415966e+29
1.612854067730515496e+30
-2.935795629684599753e+29
-1.087549297606962130e+29
2.896363638013859871e+29
-3.416421212412181797e+29
-1.510790575687729996e+29
-1.270529754961321640e+30
2.526095393237893034e+30
-9.572939470964616827e+28
-1.959292086343451420e+30
6.456491009005789052e+29
4.229817871069174537e+29
-7.944306624728381830e+30
-2.686307708651233499e+30
-1.437948251199300162e+28
-9.328450765623688826e+29
-9.951135716235730554e+30
-3.089010305839426101e+30
3.444317416021588331e+29
-5.448179990961932749e+30
-4.163764896654327664e+30
-5.162196854888944028e+30
-5.719860062703458509e+30
5.982024638473349475e+29
-1.329813216873931962e+31
7.219322382639514730e+30
9.258424465202700923e+30
4.364695911649673015e+30
-3.653101099198359653e+30
7.395655924306167675e+30
1.599627347889400847e+30
2.803111612747147632e+30
-1.920665033322591570e+30
7.407837489405104321e+28
4.052386757671418134e+30
4.372338807841610905e+30
1.688284617610431874e+31
4.749915599788738210e+30
-8.439221041224266008e+30
3.723900916816102019e+30
4.580779220712339650e+30
3.686257542629041104e+29
2.472444966703490792e+31
5.429035515015306005e+30
6.331713438368966560e+29
-4.602846693785067513e+29
