-2.970097863733156800e+16
-9.773533349938503680e+18
-2.815523709398234235e+20
1.514409041940994851e+21
-3.069985991180129403e+20
3.326943748731043840e+21
-1.445455179157725197e+22
7.329649778500300702e+22
-3.204582677298956688e+23
-5.754244207480516608e+19
4.740935977937870520e+20
-6.816747507986653512e+21
-5.871056743943539733e+22
6.091758253244256616e+22
-3.017300191073315680e+23
-2.438425214111045260e+23
3.060897225663734442e+24
3.747225586963692193e+24
-8.567738023138264351e+20
1.507851423998107714e+21
-1.840771363789972754e+22
-1.706757821853836520e+23
1.962190890477221390e+24
-1.299807141702775777e+24
-4.098487129546514917e+24
-3.418661822474962468e+25
1.417587671848550257e+26
-2.612553689399930388e+20
-2.502411927140558910e+23
-1.521377045887564760e+23
5.968158153572000517e+22
-1.416672444911154163e+24
-4.494236574303162917e+24
3.944147977701241307e+24
7.788031076164056551e+24
4.984888597595184851e+25
1.919579598187561594e+26
-1.150553445350996810e+22
-3.560670100751086864e+23
-1.019924256759524260e+24
-1.753010606423721116e+22
3.311031977571510527e+24
1.237599892391452819e+24
-3.014122674873389518e+24
1.133553159572424510e+24
-2.097929259597423238e+25
-1.354335176687150929e+25
2.039593558883857554e+25
-4.856985089643487871e+26
1.809032282213662169e+22
-1.058344949653196419e+24
-5.427175167191608612e+24
9.226120387030418012e+24
7.111160824490920470e+24
-5.387796218796498517e+24
-6.650549127400564753e+24
-8.349884298891825858e+24
5.613732550415951823e+25
7.492027135619487582e+24
-1.626075758792369469e+26
1.707623469609398431e+26
4.952876017032571081e+26
7.316571515907954169e+26
6.403326772474745455e+22
-1.144527088410475291e+24
-8.517952438037616253e+24
4.628839200623130305e+25
1.928448836846821209e+25
-2.684065748998594333e+25
-1.575782053347951814e+25
-1.200083210786941547e+25
2.490223318691754000e+26
7.876136040172240559e+24
6.411541110902686435e+25
1.581786563624992809e+26
5.044507692232718815e+25
5.540721951764773993e+26
-2.050328768555005919e+26
-1.081236046524173957e+23
-4.252422227305968834e+24
2.228675353758379104e+25
1.694819028686807478e+26
-2.444332322391162453e+26
1.367222032159751056e+26
8.210111089834910212e+26
-4.071887397476128340e+26
-1.342853255487847449e+26
-3.768576167777977144e+25
-8.323137941769979490e+26
1.347942232659576311e+26
4.061181772877877304e+27
3.017368936755021671e+27
-2.527105986371477729e+24
-5.484821224413445362e+25
3.014238879699580533e+26
-9.377116464293723130e+26
-9.236878537869428717e+26
1.826937356992607319e+26
8.198759102139513262e+26
4.180380518127376481e+26
1.686881551173702622e+25
1.819863893377945374e+27
-2.336827274343311938e+27
-1.139637321933843249e+27
-3.457816880350819869e+27
6.795515162013165158e+19
1.436167807588529865e+21
2.159214064031227707e+22
2.436739966711694046e+22
-1.195556461469255116e+23
-1.744970801329152134e+23
-4.955382281086827999e+23
1.610550859006462296e+24
-2.476557527239340866e+24
4.602348484400799982e+24
2.503777337116022532e+24
-4.687303833398524703e+24
1.022153432318642609e+24
-1.314885199333969553e+25
-6.055900672361349252e+25
-2.604344841733732466e+26
2.009229610336237503e+23
3.925092564040237260e+23
2.440214543493564964e+24
2.251190980369130747e+25
-8.311302814372576865e+25
-2.905023862552477188e+26
2.932444927625087405e+26
1.122237446640890895e+26
-2.197139520882099685e+24
-8.237398363989805193e+24
3.280396806908082358e+24
2.187013431628166483e+25
4.257788241752450009e+25
3.380446128821308732e+25
1.442484867245153788e+26
-4.046801260394313757e+27
-1.845316218783420913e+26
8.499777877039356859e+24
2.749314700010394754e+25
3.328835070128884831e+24
-6.617394103831490827e+25
1.031273406773709508e+25
3.064591394544942790e+26
2.785012802412636005e+26
-1.892702173465661615e+25
-4.619031523614279808e+26
3.916230292667045479e+27
-2.267563055011164143e+28
1.988092541101709142e+25
-2.043073582804032949e+24
2.748111245226264482e+26
-1.311187022963216177e+26
1.981036977410963929e+26
7.391299514746351876e+26
9.991826390448268384e+25
-1.016683505093858414e+27
-7.238195597166341249e+26
5.051812420660494346e+27
-1.922692815641993696e+27
1.313593281287581091e+28
-1.690216206369500734e+28
-2.699941398341048776e+25
-1.901845642639648577e+25
4.024736515739000162e+26
2.006797931139265880e+27
1.290006843734490635e+27
-1.295085139197126903e+26
1.399912705066552597e+26
2.368432585612136046e+26
3.173443944031925497e+26
-1.236297038772342785e+28
-8.602440209863358013e+27
-1.958576920829797547e+28
3.782688750213968591e+27
-1.617124009789583577e+28
-2.131825498145606430e+25
-1.848223189295356441e+27
9.818631688959867629e+26
1.317099322607313070e+28
-3.090971098571904879e+27
-2.224030817942434916e+27
4.242466010411580201e+28
1.473178496041018155e+27
-3.712556660951285874e+27
7.552141341839013859e+27
-3.354172531143343446e+27
6.359561019866834944e+28
4.899196674816251125e+28
-4.686050111805455746e+25
-4.484553401406480588e+27
-1.635240943156437477e+28
1.856613292528830203e+28
2.335467184274497785e+28
1.858127286876306001e+28
-3.376910841606382546e+27
-6.552809385713012074e+27
3.876437865189182792e+28
-2.103358465000356333e+28
3.615881720743320871e+28
3.641182893699595202e+28
4.325610231762019397e+23
-9.205105915777152713e+23
-2.048612091316157951e+24
-1.896842128548744296e+24
2.451682759794577399e+25
9.118611781541808044e+24
-7.877376898117557880e+24
2.302409136057316960e+25
-4.029730790745914932e+25
-1.554488745825484280e+25
1.438315985979746575e+26
-1.904129685053391488e+25
7.872137111117943047e+24
-1.763202759693999496e+26
-3.315336879274954822e+26
-1.856481282547525468e+26
-2.312683747456713317e+26
-8.672503357785044161e+26
-4.125066718280488860e+26
-2.227914711332876483e+27
-1.885267631520759033e+27
2.355094035620052112e+25
-1.061340651589258301e+25
-2.376837998467051521e+26
6.613332348302847540e+26
-3.343475174401136230e+26
2.697744711016733081e+26
-9.808406807773502805e+27
6.158968399158081744e+28
2.246440598540437650e+26
-2.047235187969823574e+26
1.141089586783554566e+27
9.252162976020392420e+26
-5.750865830486335656e+26
2.823837065262749225e+27
-5.013651958510621192e+26
2.793202386730047591e+27
-9.024126068749010929e+27
-4.409899331152421393e+28
-1.989733378184073539e+26
8.054709504240712532e+26
1.014957684893571656e+27
4.545868577452276504e+26
2.202142846680407003e+27
-2.580427776318267967e+27
-3.039989008179740514e+27
2.074184233098834663e+27
-9.450094273787881349e+27
2.846420344353887268e+28
-2.299622967246318538e+28
2.864147595709069674e+29
1.999081412523160513e+27
4.798347244150419101e+27
-4.000840931524787761e+26
9.035589729545784953e+27
-2.029271129317531386e+27
-9.207547953250891107e+26
-1.730091375179441559e+27
-3.408628091103553440e+27
-4.281893130143201008e+28
1.697634945827995333e+28
6.356983965777444134e+28
-4.640018294251803492e+28
3.942930554170664700e+29
-7.033492391123795145e+27
-5.779520583545972897e+28
7.623125781714361876e+28
4.036866968784560216e+28
-1.948935182493894996e+27
-9.303733489258899671e+27
2.570740023883864325e+28
7.065795197549729725e+27
-1.276885712388085894e+29
-5.072262320999834854e+28
-8.326273842953334403e+27
-2.773824207616744831e+29
7.645950561732978041e+27
2.769712454736367983e+28
1.675481035837411740e+29
-1.019753522554730868e+28
4.013641914958407160e+29
1.710228757269926194e+28
-5.118009301679775360e+27
4.513801803555705781e+29
1.679644792317458824e+29
-2.251924020641290680e+29
-1.128284639402204304e+29
8.229497212813904445e+24
2.515815511270096631e+25
-9.928519149257210393e+25
-8.613041362361920036e+25
-8.123880263171124889e+25
1.409412032924972668e+26
-6.564226623308651232e+26
2.091864154364710755e+25
1.744746131942269361e+26
-5.519134338151479822e+25
-1.961832799404438511e+26
1.038000762894072540e+27
-1.663053541483339777e+27
7.438053724157558469e+25
6.329640124386003438e+25
1.637089772424001552e+27
5.780836709052775524e+26
3.122281019635043298e+27
3.349257990709172832e+27
-4.477893502398950113e+26
-4.659223508846769062e+27
-1.852300630610383883e+27
5.033886132880257717e+27
-2.519021835233683117e+27
1.067219363650986811e+27
5.389636134064446891e+27
1.137106413987681653e+28
-1.724210338674908389e+28
8.083745109647792645e+26
-3.785054296958742426e+27
2.542130404540731487e+28
5.072199014095978283e+28
-6.389177191011102914e+28
-9.248317853490268084e+28
4.074752597593428590e+26
4.634035888827386149e+26
-7.129324375947807334e+26
-6.398512004397741281e+26
-6.498362222755208046e+27
-4.371817603251313746e+27
-1.688527387181687936e+27
1.143127359625687181e+27
2.365183469082516852e+27
-6.814396327802751710e+27
-7.057392420545026696e+28
-1.149433492767096172e+28
2.598604311290155377e+29
-4.390500957170245934e+28
6.390204119996207421e+27
9.280409713621461521e+26
-7.355489841739996237e+27
-8.192389709880429152e+27
-3.808422849135417269e+27
1.873088449029322322e+28
7.959688569462552525e+26
-9.621952689202967729e+27
-3.351545969442186645e+28
-4.567753370639124632e+29
-5.633409655658463700e+28
-4.102057609975387685e+27
4.162532837473059481e+27
-5.486915951360850119e+28
-2.216465609297264495e+27
5.978863742122210983e+27
3.022795675030695825e+28
-2.389422402489822701e+27
1.039437761977323628e+29
3.639243744744556291e+28
-9.977164744113989109e+28
1.867368628327172691e+29
-4.290805928697240309e+29
-3.529436306521570173e+28
-5.456951502682922933e+28
1.374996383742701177e+28
-1.440452198370477170e+29
4.423356538491652966e+29
-1.372531541507949054e+29
-7.237928855837617468e+28
-8.585078943524093451e+29
-2.559132440304538764e+29
-6.304154802280601234e+28
7.912886073187586423e+29
-2.649467206471058330e+29
-2.119676283258699652e+29
-3.285556001476009423e+29
-1.115714069074119558e+30
-7.127009541358285576e+28
-3.304481165283987109e+29
-4.366149027222009824e+29
7.460542133320451919e+29
1.444776491404873938e+30
-1.803926641835204781e+30
8.744098450250383886e+25
2.630987596995591668e+26
-1.598060647238549771e+26
6.703127138557087374e+25
5.214459203164854103e+26
-3.117951593684782963e+27
3.148539809337836014e+27
5.017510021505232300e+27
-8.050422422295772323e+27
-8.126840943758826144e+26
-8.739794010122410450e+25
4.614409748794079454e+27
-3.436819937125098568e+27
2.965596392464286393e+27
4.385053592326879048e+26
-4.892680075187629280e+27
2.112095634726977527e+27
-1.136195322094770259e+26
-1.448342229839826898e+27
-3.635747064509709472e+27
-1.271902924204612726e+28
9.837958286105689182e+27
1.542088217574738867e+28
1.498034687427223052e+28
2.223064139183977447e+27
-3.500924003365894244e+27
7.706881268799141955e+28
7.582730272650285680e+28
-3.450099179215390416e+27
-1.050129586230072680e+29
1.727004590754322102e+29
-1.410502065938513504e+27
1.065989747794890366e+29
2.793088077489575251e+29
3.970423237039291605e+29
1.698941166099214995e+29
1.895293462169928227e+29
-2.712232020922773120e+27
-7.109466023051757125e+27
-1.570669600581636718e+27
-1.837432625123019204e+27
-7.389019113830120574e+27
-5.909925670543268581e+27
3.893381465472847790e+27
-1.503552825165469067e+27
2.204564648814023305e+28
3.539817934183665751e+28
4.851681940830079918e+28
7.059423857736380541e+28
-3.921061391367129832e+28
-1.158107013644114664e+28
-2.098963819802283371e+28
-8.815045973223882751e+28
6.234687834427427322e+28
1.708145784671814035e+28
-1.256553815854469451e+29
-2.138749543149598278e+29
-2.394602920867413590e+28
-3.698138935637518562e+28
-1.258019619654769679e+29
-7.898356211211801322e+29
4.488087600359168799e+29
-2.942113118571247895e+29
7.634470896213564484e+27
4.004809110039248872e+28
-1.657518052298495187e+27
1.373335359152344441e+28
-1.572491003710915848e+27
-2.721011955347047397e+28
1.305568325650505241e+29
-5.413538247633350226e+28
-4.588485328471606038e+26
9.937048677479083933e+28
-3.546867264435469575e+28
-7.017407257567037737e+29
-1.101910940907522141e+28
1.536247181019372969e+29
-1.037371327791885256e+30
-3.260611104767404164e+29
5.820782239704769957e+29
6.945873488584182442e+29
-1.043587333175270695e+29
-3.263881952263413433e+28
-3.819650781382294664e+28
4.663110524033737850e+29
-7.937046775065963163e+25
1.764905373071045611e+29
-7.592359617683344610e+29
-1.398331428624715861e+29
-1.054861557917251992e+30
9.435377894054205633e+29
1.127297763128120310e+30
3.670590326030100935e+29
5.288123583709303961e+29
-8.223656143083281524e+28
8.584659101969281300e+29
1.350473776794173304e+30
-6.288047898510009568e+29
4.202816676919358359e+29
7.588999768600319114e+29
-5.498649685049919700e+26
3.481929828084342641e+27
2.816588678833208590e+27
-6.126977966145526467e+27
-1.440991146339786814e+28
-6.613766549922398146e+27
-5.483247481981337224e+27
1.307291441538465137e+28
1.663703138432571104e+28
6.538755754174754050e+28
-7.899172948027226573e+28
-2.258018917915342303e+26
1.366541582507963642e+28
-1.863216681525026734e+28
7.746327905757247970e+27
-6.008916742268303299e+27
3.127283342148405103e+27
-7.302042150048306249e+27
9.543092464121274696e+28
4.119369305493923424e+28
5.826568231720654394e+28
7.094833988200540893e+27
-3.818764875380455453e+28
-1.117698104728993307e+29
1.179220292076528918e+28
5.915125693793024442e+27
-2.366706206478003287e+29
3.562305227980342567e+28
-3.861690144323463674e+29
5.764657706544095628e+29
-5.698848337421002298e+28
-1.824589441160578789e+29
6.145121942985554090e+29
8.618996217892244543e+29
-6.409618612011852745e+29
6.903649780651296813e+29
1.385172108336359140e+28
-4.982231007487783666e+28
-4.201805963913214180e+27
-1.557815066539389047e+27
8.089646556812178438e+27
-8.891325518120390494e+28
1.124644956598473151e+29
-2.523614475725316040e+29
1.455965436005492022e+28
-6.874182687975807445e+28
8.275042265900152136e+28
-3.564707175353246576e+28
-2.489148098482726472e+29
-1.338382157368098836e+29
-7.037261403383619564e+29
5.324624640751431820e+29
3.996757210140981319e+29
-3.045098615983941101e+29
5.822537421532102814e+29
-4.255591816397112088e+29
-6.148867585196776525e+29
-2.786912337692777077e+30
-9.683229817389977558e+27
-3.238864942401973409e+29
-2.004011696811663463e+30
4.137888131250797973e+29
7.960193880546489793e+29
8.029292307262113411e+29
1.814742805819460889e+29
1.721093427993299468e+29
-4.877254161706749708e+29
-1.403218806158382753e+29
5.160099829958644444e+29
2.000390447544727340e+29
-5.406716321040860997e+28
4.603481199618846408e+29
9.058520896574330019e+28
1.731818379882511257e+29
-4.454547932466346713e+29
4.483659483029748511e+29
2.064712063793681567e+29
-1.210553849002895363e+30
2.184788231592400715e+29
-6.883210985592882109e+29
-2.503977339895290546e+30
-1.962102738559894985e+30
1.116046277968922188e+30
1.712118657253389397e+30
1.426383301355120305e+30
-8.697908767656450571e+29
5.713307750791318297e+29
1.058996155490278886e+30
9.096554712162075758e+29
1.308273841238373312e+29
-7.798233760502980963e+29
8.688298610919263865e+29
-5.341023366738451201e+29
-6.322143457976440478e+29
3.675161013005149410e+29
-1.227875946696723688e+30
-1.912705779139136201e+30
1.623855083543408053e+30
-1.546464355825155197e+30
5.747388161778392105e+30
-1.567918736946966148e+30
-7.267231372533656918e+26
-6.286895712691426417e+27
-6.989041112421620110e+28
-9.342877771095150061e+27
4.918214266287677154e+28
6.555777477450715643e+28
3.444355693161713345e+28
-1.060835112850363650e+29
1.187325312612491646e+29
-4.353265973130372974e+29
6.397333444802107025e+28
8.654290683342359475e+29
8.354375302773950366e+29
7.555170450903261344e+29
1.538381762818592975e+29
-4.757895354246430874e+29
-2.212271351235243978e+28
-2.125834119858896440e+29
-2.238763246140742176e+29
5.251754548443450613e+29
-3.371288055876847889e+29
4.467441533229113039e+29
5.892860191056349163e+28
6.728344551644020476e+29
4.827389669054371818e+29
-2.072585395526538253e+30
-9.152490800054024958e+28
-1.544477993055247818e+30
-6.211591119229193774e+29
1.283786210897108268e+29
-6.767259940379203879e+29
-2.411091429953094596e+30
3.388903583819140950e+30
-2.032825046652775789e+30
-3.936038103504460862e+29
-1.285696337419834114e+30
3.197092683918570016e+30
3.080888961304955328e+30
1.163567608611310964e+30
4.550445750162409780e+29
9.692615636606630076e+29
2.083039836270026789e+29
2.445691233106276203e+30
-4.657047366439798207e+29
1.462322864927896165e+30
5.666967488423824302e+29
-2.757950871659124387e+30
-8.928028617813108438e+29
-2.249878658129146326e+30
4.868059108529748554e+29
-1.718604971591411446e+29
-2.188606747360477065e+30
-4.805903137777136138e+30
5.740100225986853206e+30
8.675848047584863543e+30
-2.919223724665338115e+30
7.541776104863561487e+30
2.937975992171862122e+30
4.458746944990995958e+30
4.554969750919499931e+30
2.888276635818684702e+30
1.047886430949884146e+29
2.968779230302249386e+30
-4.969166492970683354e+30
2.071224598445717692e+30
5.071454154596611496e+30
-6.863870380729298214e+29
-3.327562256633322006e+30
1.411790912430838020e+31
-1.044565155278016221e+29
8.119811281899636811e+29
1.557298515934356163e+30
2.399530157362658674e+30
-2.377785079508621419e+30
-4.179352475707611037e+30
2.648911057907565000e+30
8.260817825674362620e+29
-3.003918998010836057e+30
-3.453310054377028267e+30
-5.508962123939229166e+30
-5.513998245479811300e+30
-2.936667482271393713e+30
-1.577789598317463387e+29
-2.087627408570069496e+30
1.542531193475053901e+30
-1.371498531166046348e+31
-3.045434422067704527e+30
-1.744497723600851335e+30
-1.098222666754825080e+31
-2.807906728279388254e+30
-1.009466247940175868e+31
-2.849458131790099331e+31
8.339883037158007609e+29
-5.162572755226254321e+30
-8.725507212872566132e+29
2.829793147907914226e+31
-2.878890562768444474e+31
-1.813184686060162930e+31
-2.358306507463515963e+31
2.017246151835231170e+30
-6.221150848206436005e+30
4.732370018312985312e+29
3.916822519192444062e+31
2.258129543382144403e+31
-3.057698367661375276e+31
1.412744819517111128e+31
1.076058370384650816e+31
-1.810847256036326800e+31
6.411625976672410624e+18
2.788921111660055757e+19
-5.617055419680127713e+20
8.338656118460988785e+20
6.468765239568801726e+21
-3.861129126120806416e+21
-2.389298911790747101e+23
1.050867783827169613e+23
-2.904649172014871020e+20
-2.913171086966469427e+19
1.327988927663998218e+23
-1.004241353236869420e+23
1.947995670254062750e+23
1.086650559552110864e+24
6.782336140134323449e+24
-2.376802844774548451e+25
-2.005278514474873206e+22
2.346927040512342465e+22
-5.623835376923312422e+23
-7.556501225047063653e+23
-3.833328812827536458e+24
9.316343514873186379e+23
1.868686356435723306e+25
-4.959640524586060138e+25
1.606763572328294242e+23
4.780586130999189963e+22
3.614865264999530622e+23
9.217206189558138657e+23
2.884304272600583729e+23
9.349026894277203255e+24
1.124871385612137680e+25
1.584639995380551839e+26
-8.540268066005759942e+26
-1.150429008997988172e+23
-3.164000628969216942e+24
-1.064435351984992934e+23
1.038264805372574722e+24
2.837021970102551094e+24
1.486533161929460948e+25
1.825618971151659742e+24
5.998438332765062859e+25
7.399878701294642560e+24
-5.855081700306588516e+25
-2.064036844916637275e+27
-1.189545445864144634e+24
6.147083737297051737e+24
-2.579611801975066436e+25
3.486231529620348296e+23
2.699793955126987853e+24
-5.776228768173888687e+23
-1.688305858619800851e+24
1.764549197937008320e+25
3.637271140170610916e+25
8.057990815090242808e+25
-6.851291269305942346e+26
-2.478039124763988205e+26
-1.647376799229813988e+27
8.459559041138284927e+23
-1.878653830229125026e+25
5.886367942788243632e+25
2.746810812016515943e+25
-4.142528900496036362e+25
4.480153346158555981e+24
2.944632054257094207e+25
2.307508838849843110e+25
-1.691175574933208660e+25
1.909075788931122276e+26
-4.604204589547321628e+26
-1.593486724681850690e+26
-4.257591041450512705e+26
3.550678684789379747e+26
-1.144639099987629233e+25
-6.979417786415214607e+25
2.136416189549510538e+26
-9.209521980612724761e+26
-7.029715942017210534e+25
-6.957684493695186944e+26
2.008344132887360394e+25
-9.448098531962465607e+25
-1.600512789946932612e+26
-1.886329288825813568e+26
-1.169208869204410480e+26
5.074484358816791772e+27
3.032847221138215561e+27
-8.184754131187420436e+25
-4.747161586632945797e+26
4.424735186752117183e+26
-1.224477512591663217e+26
3.305754971151142265e+26
-8.051786935747101743e+26
3.826640459839084079e+26
6.998191763835254573e+26
-7.669911954582252116e+26
-2.154324913196474402e+27
1.243003744525349693e+27
2.707575650236903165e+27
-2.770445694046607874e+22
-1.029209425698505475e+23
1.276717615039719229e+23
-6.290827477886306815e+23
-6.591519493186756060e+23
1.438245688813975778e+24
5.800960591080888625e+23
3.176668077558536176e+24
1.530688388517825654e+24
9.524788119102525423e+24
1.714327031398761460e+25
-2.039658274017728849e+25
-7.489349106877660767e+25
-2.476705413899473834e+26
-3.123875435290086353e+23
6.050088490303557827e+24
-4.006488416758787655e+25
-2.893518943579157844e+25
2.959129006325060979e+25
6.143386701333752952e+26
1.654166146867012945e+27
1.696484549035739370e+25
-1.531921824892780092e+25
-6.011443278926160995e+25
-4.475008658714958104e+24
4.175482932452509374e+25
4.326623067650123100e+26
-2.961942427095150342e+27
-1.054070612420612288e+28
-2.964350222741769948e+25
3.378199377171933408e+24
-2.027136116920608940e+25
-5.904328999075153473e+25
3.951866828475065902e+25
-1.193632245493493941e+26
3.636469287532699106e+26
4.815659766632832155e+26
-6.269615405852150437e+27
-6.838490097116446970e+27
4.474717460070170209e+25
-1.362310475779430608e+26
-7.007813409497680451e+25
-2.079299646503722071e+26
-7.057089465751095700e+26
3.554365126819384738e+25
5.171356620937822885e+26
-3.273690519637241713e+26
-5.709435509549392165e+27
-7.793352857379695177e+27
3.380343057046278929e+27
-1.363596329698910573e+28
-3.378091644814311103e+26
4.063589193049033680e+26
-1.785029112690350456e+26
1.618818889648545262e+27
-5.238688455355629816e+26
7.929438697830681940e+26
-1.831932691143237065e+27
-3.985021116630412782e+26
-5.851725400462828202e+27
5.889990176874887885e+27
-3.147360658039963195e+27
-1.883903098116149770e+28
-5.017748636810125613e+28
3.822721455742073797e+27
5.013204827495665009e+27
-3.081955332317190373e+27
6.532515741686727121e+27
8.488708645752813335e+26
2.013701883378436695e+28
2.436505975717803802e+27
-3.994097273490756635e+27
-1.761115120948799671e+28
-4.317389970011187430e+27
-1.319250534255911194e+28
-2.306292300193454735e+28
-2.903340063233796104e+27
9.031886675232376914e+27
-5.157179579631681961e+28
-1.830534375831859509e+28
2.431864961288255929e+28
-1.862942229251848434e+27
3.504306581216412045e+28
-4.474738382187552236e+28
1.121126906759736421e+28
1.477586621872232520e+28
5.269463824996936415e+28
3.627867935214231399e+24
2.807020741974479661e+25
-1.874289421527179614e+25
-5.381530234615988981e+24
1.820382870089257874e+25
2.216817098573449485e+24
-1.751663955969506242e+24
9.030571347445581999e+25
1.841488227395198561e+26
3.249977399672949766e+25
1.958123757803841418e+26
1.470921021043557475e+26
2.351329869132937502e+26
-8.988204987754337732e+26
7.764039005457983710e+26
-1.855896380423716488e+26
3.408261307427268994e+27
1.168984432774449251e+28
5.057824782294590779e+25
2.111041289780825178e+26
2.775201998812021744e+26
-4.517639230867780031e+26
1.386656351473680438e+27
2.285143785365428578e+28
-5.426964980842235298e+27
2.972073482993190611e+26
-2.692276593643031870e+26
-1.964457915698945828e+26
1.311583284990185713e+27
5.637801832745207373e+26
-5.783518912071566779e+26
-3.556580836326467768e+27
-1.517004167982367653e+28
-6.977923628170647897e+28
-2.298721846224619701e+27
-1.962540542996112790e+27
-3.770106538368499188e+22
-3.668789514318913949e+26
-1.299511475478357828e+27
2.523830104492894065e+27
-1.226292921945699794e+27
-4.268514213249038854e+26
-1.057442147296104790e+29
-2.321123953793123367e+28
2.607668782305626521e+29
-5.480425095559799955e+27
1.242645735930122831e+27
9.051769817225418343e+26
1.697473615887659756e+27
1.437170148312797987e+27
2.286681676607838929e+27
-8.326236737754986117e+27
-3.983147097322011041e+28
-2.453458221302012908e+28
3.672015122557482852e+28
-2.162504936439278485e+29
-1.785746138429730537e+28
3.031861491424281580e+28
-1.784611151101645668e+28
-7.673208139539266819e+27
-6.742417873061937536e+28
9.724587501304589479e+27
2.622888181538564082e+28
1.681698026253627296e+28
-9.895474964389977213e+27
-3.214893572923882242e+28
1.372859479112262867e+29
6.625771634501507850e+29
3.562553062132768313e+28
6.113594961750951663e+28
-2.527553089042280461e+28
3.625680014163475259e+29
-3.365033009063401421e+28
1.818334451203699269e+28
-1.599493496584431788e+28
-1.794858502195415409e+29
-1.755451748449558491e+29
1.194460199051678687e+30
3.679387835337971993e+25
1.329201336981429781e+26
2.985908226709737884e+24
-4.894006178814212165e+26
-6.029409955538555592e+26
4.663845527971446333e+26
-1.256491902266038694e+26
1.483537404155076598e+27
1.475555561716374560e+26
-5.865945144685336908e+26
1.794706247509814092e+27
1.388601527373078855e+27
-5.809304179815427266e+26
3.934714886913377141e+27
-2.041961034483594911e+26
-2.401386489456459815e+27
4.571017591773328460e+27
-1.815330978566996470e+26
4.718647252418401164e+27
-3.232099419497979121e+27
-7.721145256719439426e+27
-1.948269986790574343e+27
7.822292670904551108e+27
-1.109201691547162836e+28
2.828735085646425085e+27
-1.314153443714324284e+28
4.615105158235039461e+27
2.979242729612659466e+28
1.088886979064039105e+28
2.841218945874137118e+26
-2.346426731959747513e+26
-1.280296721618677975e+27
2.506890784068399233e+27
1.526782228493020272e+27
1.267474772110345432e+28
-1.185175482879722905e+28
8.957446882467466256e+27
9.954510977244179206e+28
-2.100981544546077390e+28
-2.148864020603451541e+29
-4.161882203118498656e+29
-1.171710453267169892e+27
9.052641033975083454e+26
-3.798924670032749700e+27
1.175383790446834806e+27
1.149216488410397154e+28
-2.675147143678644514e+28
-2.054785157094997224e+28
-1.123912487898463854e+29
-4.192424749882402454e+29
-1.094825276310711141e+30
-1.686191661636104849e+27
8.827899031910585653e+26
3.904474130336184543e+27
1.041917324984473415e+28
-2.959884266474015520e+28
2.508734989378331612e+28
-2.216972252852368871e+29
-2.153149281789767832e+29
5.043284255793669750e+28
2.388929129037055421e+29
6.629901866484557553e+29
-1.422817335351857431e+28
-7.330777179234773477e+28
1.051336319348024427e+29
7.035042108587995280e+27
7.718318175525211260e+28
-1.277289183891543665e+29
1.480966191622068055e+29
-1.978812198716091271e+29
-5.283257513446519134e+29
-6.284938020609190301e+29
2.758975645788678494e+29
3.572931101706382805e+29
-3.309515252162590673e+29
-5.391037630007945680e+29
1.523553616169487664e+29
1.270450968182777047e+30
-4.359553368941666364e+29
1.852008509831690261e+30
-8.656022983506920694e+29
-5.524807326279406666e+27
1.577564483115760192e+27
-4.634778730306605869e+27
-2.778910301943555394e+26
1.728301758608686239e+27
-1.213757960700468059e+27
-2.026864241982893249e+27
-3.066028414253436162e+27
-2.773727013781058925e+27
1.050851135464022768e+28
-1.528281564674525380e+28
-4.846242712629835223e+26
-6.246657992454847348e+27
-3.156766159413494257e+27
1.020243401710120866e+28
-1.829130994255996774e+27
1.512127770409273937e+27
2.840937259020498428e+28
9.211472257538220643e+27
-1.145304508430635710e+28
1.365931321012065260e+28
4.457384263543893518e+28
-2.238454030003479120e+28
-2.854449440230064874e+28
-2.572645796160632340e+29
1.872100961782993173e+27
5.864815250170851389e+28
3.228279782462731024e+29
-5.108338742284438595e+28
6.117207719997266280e+28
-4.963600451245290158e+28
-2.447637611822093534e+27
5.449511637770154059e+27
2.634316159680008023e+27
3.124469245954389009e+27
-2.272973389044453799e+27
2.912797110397066582e+28
1.825915802926267864e+28
1.777323216566686185e+28
8.557092947916550012e+26
4.699070133450609298e+28
1.054713744390868929e+28
3.174657017357723116e+26
8.066785382543764583e+27
6.998233334827387675e+26
-6.708505677854438568e+28
-2.177767988229929474e+29
3.160970705746993112e+27
2.210851293838466691e+28
6.311909833406581326e+29
-6.680026182630760213e+29
1.607666789416261746e+29
9.907005765191453370e+29
5.398466591793023596e+29
-2.876401434647106655e+28
-9.705307991735100165e+27
-1.047809033473546769e+28
-2.869484549171672374e+28
2.755900809772886014e+28
-6.215190324163727365e+28
4.339506661415762952e+28
-1.536049710943714144e+29
7.801374494508017764e+28
-3.546185951653544665e+29
8.911966047683026343e+28
4.832677668816883591e+28
1.634214394187074244e+29
7.030609132747132643e+29
-1.972138419940228958e+30
-9.298048338625102865e+29
-9.662500863890027033e+28
2.847136508497640906e+29
3.273466907980265529e+29
-4.704848049817601397e+28
-2.941577960883784555e+29
5.359730365356888707e+28
7.314165860311404310e+29
2.445495548552563244e+30
-2.209224396956021970e+30
1.247508674619430772e+30
-9.871690646453660672e+29
-4.743251884907046246e+29
-2.122028845370238963e+30
6.246079391309788557e+29
1.478682866250295457e+28
9.312950415744126436e+29
2.233994105032478681e+30
5.303854224473090471e+27
4.628075561335757702e+28
5.669754486742594727e+27
1.264236138072884352e+29
-9.141519860574731828e+26
-4.356519678703092764e+27
-3.002565399833737917e+27
1.352597667765226340e+28
1.430371224877648286e+28
-4.935953076790930622e+27
-2.826586530143540610e+27
2.522448468736677939e+28
1.111635983298995777e+28
2.669092614744590566e+29
-1.412548570700238002e+27
1.173896880836203522e+28
2.548102789650942453e+28
-6.738987521747895758e+28
3.650001133023432377e+28
-1.215547393841613482e+29
-3.771531682787446017e+28
-5.570902882241533205e+28
-3.813024362842731723e+26
-2.066604873596101949e+28
5.397857245086706790e+28
-3.935566326673134310e+29
7.579673408763357257e+29
-1.692349725000154860e+29
4.014554916717290849e+29
2.504447791500651988e+29
2.027478660156213677e+29
-1.162723801960836560e+29
4.153038993818649471e+29
-8.315232882351078701e+28
-5.087926502239361958e+28
5.975602028714681267e+28
-7.371212804381880039e+27
2.078939437310489843e+28
4.763138854925183031e+29
-2.843921036819469544e+29
1.597042916475643977e+29
2.777264511264619754e+29
-7.143561336878843325e+29
-5.849517983726471840e+29
7.732287382812081209e+28
-4.305818082657470279e+28
5.288164298091120915e+28
-4.181216880804026899e+29
-4.870538366902140491e+29
-5.901752122884286635e+28
1.893534959027915648e+30
-5.886765926775550136e+29
-4.236469682559953423e+29
-2.970491055740208499e+29
-5.614722508396257655e+29
-3.909186289941084472e+28
6.203549935856334230e+28
5.317922844537570611e+28
8.444856573626707968e+29
-3.395141859465096834e+29
-8.535764107893349110e+28
1.139220755115080154e+30
1.338006811593284919e+30
-7.931817286720784227e+29
-8.064926702107929813e+29
1.171576448880229313e+30
-6.199734662985013886e+29
1.719524280885813328e+29
6.904675364832797807e+29
1.356372719956659107e+30
-8.509806165853465734e+30
5.493137927241189287e+30
-2.090490387682237674e+30
-3.690856987138198546e+29
2.134670543997837826e+27
1.174215817379842944e+30
5.078581357754770888e+29
-2.177971636215164953e+30
8.875846721559727519e+29
-7.297559395759275122e+29
-9.814422268186272863e+29
-6.875807994817096913e+30
5.869186660838070673e+29
1.887258196974218861e+29
-6.485025131046849128e+30
-2.546037740438789006e+29
9.498233059288796734e+28
-3.676522028089157066e+28
-3.264378682504043239e+28
-5.962228759191908861e+29
-4.885711485820053866e+28
1.310099413999440430e+29
3.061197577487972578e+28
3.772012907769586125e+28
2.055421892094030330e+28
3.519868037565787159e+29
-2.069377902842777073e+28
-5.645826921031692637e+29
5.514967681863951561e+28
2.580931788656848722e+29
1.039113592437366298e+29
9.161391182767089103e+27
1.114881797555985902e+30
1.003053703221488844e+30
-7.536797571503723509e+28
-9.306809044067453544e+28
1.090758263677054331e+30
-3.477775076928789537e+29
1.210498888281032625e+30
9.231328222347144542e+28
3.941870240765582801e+29
3.672036981678588984e+29
3.897704743737891289e+29
4.171503804275080208e+29
-8.822727179941920637e+29
2.648944079926521960e+30
-1.066457660406824910e+29
-2.479585423447947095e+30
-2.099113502094535084e+29
-1.519941115156357029e+30
-3.369531669240885247e+28
-4.269473061460636470e+29
2.994203563345395847e+30
8.513940142632670103e+29
1.441739093597312549e+30
-4.096217487179018341e+30
2.376009758232406023e+30
-1.267167711517691877e+30
2.314281905890602475e+30
1.292005944711239981e+30
4.103693397730301029e+29
1.124313126181238745e+30
3.582886818552285195e+30
-1.411976325279405316e+31
3.077705999299289856e+30
8.379995360685466960e+30
1.129135464470162240e+31
-2.008398692293645900e+30
-3.267867388793571987e+30
-9.078750634677095889e+30
-7.293226622589853781e+30
-2.878451132631213743e+30
5.132478645083263750e+29
-4.438983024986061081e+29
-1.381458800213815865e+30
1.517336765507847185e+31
1.182568198817226120e+31
-4.625596672926688230e+30
8.253763816360268590e+30
2.851233339164752995e+30
1.901332450442019157e+30
-4.166765524804307499e+31
2.565361849139916829e+31
-6.783696684317941959e+30
-1.612299906334525061e+31
