-2.097524823876312000e+15
-3.605928981628045312e+18
1.814033748713800335e+20
-4.939605064170317414e+19
-3.505781964059601797e+20
2.788391288554269573e+20
-5.385946519057801937e+21
3.934161226169051827e+22
2.967557785711382721e+23
1.097210880764807168e+19
-8.567361666571517952e+18
-1.456140249412408443e+21
-1.368783659985910366e+21
-8.745880603236834581e+22
-1.310817288736388447e+23
-2.509270136381089042e+23
5.826792191731843591e+23
9.585689768204128047e+24
2.692846229518005371e+20
-2.814659512606308434e+21
-3.313821856226912030e+22
-2.651565087427070442e+23
-1.852371018415568396e+23
-9.174856060032418704e+23
5.601825459175237152e+24
4.454516128115645810e+25
8.266769468323312218e+25
1.160245825073933320e+21
-8.789135116370755086e+22
-8.211941531349324451e+22
-1.027898229179017656e+23
1.297027936614739106e+24
-2.058579081371051146e+24
3.374783551241386778e+24
1.147478204277264107e+25
4.850592230362725745e+23
2.512561709151116022e+26
6.636697705052752577e+21
2.065790623249466896e+23
-1.335571894911856225e+24
2.296992334123310231e+23
-2.127887290971640390e+24
8.786704676889695523e+23
3.848221942023845512e+24
2.855112086248001599e+24
2.047058408834040277e+25
9.780261267981455921e+24
1.120284115889370889e+24
-3.998037623792242083e+26
-9.405682742170295992e+20
6.590633580402314104e+23
5.339027230981502490e+24
4.956831408620842430e+24
-1.527027840502086521e+23
5.338625577887060487e+24
1.866015273136625688e+25
1.090770233029848535e+24
2.309578222011456392e+25
3.656553120734850472e+25
-5.860087445710577265e+24
7.599885695644089083e+25
-2.730970993287785964e+26
-4.211311617741448729e+26
-5.046330542389880003e+22
5.667459378243386045e+23
-5.121187179808902942e+24
-1.579608356849849098e+25
1.579654954458842005e+25
-1.602640541532625600e+25
-1.866254258719289885e+25
-2.055803143480612049e+25
-2.505082645013392934e+26
1.801309759929866945e+25
6.176801101220075040e+25
1.712580371612554916e+26
-3.554254966488159310e+26
-4.908533824280377089e+26
1.458200866128231157e+27
1.219150318230723143e+23
3.501759610821315916e+24
-1.198960548650225181e+26
-1.542151861386424530e+26
-8.822686580950188757e+25
-8.798863830904366708e+25
-1.910684369311339833e+26
-3.177737223103894195e+26
-2.093913683282465689e+25
1.364413341843392128e+26
7.758500919753066879e+26
-9.743194337481763232e+25
2.631466399565468510e+27
1.824513317582468396e+27
1.039494344606214752e+24
3.519180202716342397e+25
6.207357873241897163e+25
-1.923545209044915484e+26
-7.917685356365337591e+26
2.477952862156088800e+26
2.232325232913468939e+27
-1.270825107823420899e+26
3.139551656079194540e+26
1.123839545446163139e+27
-1.220268275822450000e+27
7.737245226562619831e+26
9.740341381226212718e+26
-2.742935660221206364e+21
1.776440365549025755e+21
5.381682893145059099e+22
1.594051360893861878e+23
-1.246204931586501200e+23
1.443965099281424602e+23
3.962953460377821559e+23
-2.454809996365071531e+23
1.930245542017014761e+24
-3.422730355940425214e+24
1.174190198366602713e+24
-7.462855630395265920e+24
4.397703369356380551e+24
7.077688233425174286e+25
-4.376567876193397735e+25
4.908050672270511439e+26
2.073429507437513734e+23
-1.363269297401316707e+23
9.680120730820836317e+23
3.843024168425845962e+25
-1.846686160746293414e+25
-5.110018847991020117e+25
9.031885651722567637e+26
2.933299076671517972e+27
-9.248727092150627048e+23
-2.009612615168656226e+24
-1.682802219121487104e+24
6.956683443704966181e+25
-2.719249311028963924e+25
-2.505527585631222293e+26
-4.466451902831621144e+26
-6.876485725769586430e+27
1.491729593112695083e+28
2.061392256985523636e+24
-6.430061343149771638e+25
1.560631404899891216e+25
-7.238819885983469656e+25
7.665606931486271076e+25
-2.951154494545304785e+26
-5.408558833072934145e+26
2.837896839080988180e+26
-7.838473108699611920e+26
3.132750567102624328e+26
5.124399329482677278e+27
-1.399832637216820953e+25
9.102076170820345292e+25
2.941700156780029037e+26
2.264907683315429806e+26
-1.865955643009704509e+26
6.294254225543743936e+25
-1.917331039370673665e+26
-8.908853623895260844e+26
-6.847799344748048751e+26
4.424839134897311386e+27
3.722073494649960904e+27
-7.834089088482321268e+27
4.476482121921276110e+27
1.696362722050103759e+25
-4.210796828985436939e+26
-5.848317140386725478e+26
-1.360032462019891698e+27
-4.966164310482529678e+26
6.737731696746919158e+26
-9.254377790209592251e+26
-6.080862856211200056e+27
2.042523903659380664e+26
-9.685043690718131238e+27
-1.312173167048134683e+28
8.360473546832919825e+27
2.482725007713467189e+28
2.556294027206613227e+28
1.381159509979756676e+26
1.876208098720825346e+27
-1.924171420470418524e+26
-1.824211662802996412e+27
1.041136140012824938e+27
2.110509787792537550e+27
-2.236165461497445899e+28
7.494573128329502821e+27
3.793085050634915085e+27
-1.843735522823505985e+27
-1.217906799660280861e+28
-4.124878223755831034e+27
9.149632272950103147e+28
4.219561676217926232e+26
-4.213425751478072942e+27
8.395035848057007794e+26
1.306441532669737510e+28
5.379558911885448148e+27
-9.260290066708254869e+27
1.198668340655411242e+28
4.100503986258144982e+27
-1.017223660653972857e+28
-1.974423946331171399e+28
-2.510220237159383181e+28
3.072701741317371411e+28
-7.442839337251720093e+23
5.131700866402135677e+23
-2.468041951553440176e+24
-9.404782957309973779e+23
-9.674506876517350333e+24
2.461746662062001966e+24
1.557277544853388390e+25
9.500848828963597811e+25
-1.267001966499750011e+26
-2.763415602375576335e+25
-1.308027259284733846e+26
-3.275128368078771441e+26
1.801755350402280372e+25
1.116064359025256533e+26
5.345273181735357954e+26
3.413547629076186499e+26
-1.229774958441267167e+27
-3.323756883615618722e+27
7.728944013593570869e+25
2.835786131054916199e+27
-1.418763134486258772e+28
-1.314102712150440813e+25
1.584424347058335273e+26
-1.705341391371812246e+26
1.712106252930613260e+26
-3.533075471534332586e+26
2.697426359666630767e+26
4.776447372905776774e+27
-3.115545104187573724e+28
-2.828683569899009057e+26
-5.260354640728590279e+25
-2.650250920794913296e+26
5.325680870319893012e+26
3.907659317772080422e+26
-3.367336788197420526e+27
8.327630077845299132e+26
1.678613613103919159e+27
4.050957828860904934e+28
-2.850134552104206402e+28
1.151797207997299166e+26
-1.131109661661957586e+27
6.383287719065673104e+25
-9.499270746483962088e+26
7.017808478682219017e+27
-5.875968451185215381e+26
7.303147388605414379e+27
-3.337271705474266376e+27
5.461100673149647168e+28
-3.395215075889153964e+27
8.395983709146600411e+28
1.791522024745332209e+29
2.850727789412565245e+27
3.333052658739301420e+27
3.350210685526762688e+27
8.804034785021830388e+27
-1.054407304500599498e+27
-1.026617895148202122e+28
3.848310503392040812e+27
1.358900888972250681e+28
-3.491429322567042077e+28
-1.300157071990087961e+29
1.054355371838022133e+28
2.978838650591086105e+29
-9.720849312349676098e+28
-7.825111960336444006e+27
1.435706054212212556e+28
1.853909192114705938e+28
-4.045109844044480668e+28
-6.261258481848417624e+28
-1.843967727973921987e+29
1.658756318630851486e+28
-1.780886778069711833e+28
9.681727959067531355e+28
1.264955665664265026e+29
-3.115242724727849657e+29
1.354457578041758872e+29
-9.427262962964093454e+27
-1.296335214223264999e+29
8.895293832443287883e+28
1.116055940305754688e+29
1.678813751675729406e+29
-9.827210181217978697e+28
-5.696280573616755897e+28
-3.505143324524735792e+28
-7.995167883057294444e+28
6.603876225281701675e+29
-3.257765582555577428e+29
2.445067185821184313e+24
-1.154824371836757186e+25
6.124191323152022100e+25
6.968082572041035142e+25
2.486526631069171400e+26
3.612212998585007503e+26
9.416315054440310804e+23
6.924235347640385131e+25
2.082588457936031117e+26
1.194511822562105100e+26
3.555192977879552765e+26
1.802607487141526604e+26
1.380534746347467407e+27
8.188047854001281903e+25
-7.395514534294904026e+26
-1.137272507144970947e+27
5.795340596823268467e+26
-2.724321892833219685e+27
-3.485595961859684277e+27
1.579256956524745756e+26
3.412176579396730723e+23
-3.049761237488333146e+26
1.675871532286687088e+27
2.663911742527485480e+27
9.524506523171649250e+26
8.981172533109022633e+27
8.808750330284415950e+27
1.733526107911569591e+28
4.943975133353724962e+28
-1.189672169015261983e+27
-1.933315326928034505e+28
6.572814477719764623e+28
-5.981462225857378516e+28
7.232476533784155667e+28
-2.715123117286776444e+26
-2.832066899208498546e+26
-5.591432712150965315e+26
2.674279008871651730e+27
8.157275338823483202e+27
2.295833952650868560e+27
2.064083604221102270e+27
-4.547907017886775178e+27
9.963868376024375290e+27
-1.867386044898172963e+28
7.821705523962359987e+27
7.470756764592320960e+28
-8.564621890957699481e+28
-3.239670093098278649e+28
-4.210606269302012696e+27
5.558061720057948582e+26
5.816761847549455392e+27
-6.933455622942439071e+27
-6.073285739730050340e+26
1.411113207948247578e+27
-2.067486375323680967e+28
6.578416476890268484e+28
3.625898741777397200e+28
6.463165852779514288e+29
-4.081443048849960981e+29
1.157931950463529416e+28
1.929933555217865813e+28
-1.611873162524549680e+28
-3.504828930959364930e+27
-4.855105259853494239e+27
-2.395359092960905351e+27
3.636855145380033128e+28
1.140904295360246957e+29
9.463584104729454398e+28
2.879958227186285236e+28
-2.379360942908420287e+29
4.817629980870942345e+29
1.491075961788382629e+29
1.035041741421126598e+29
-4.281441229799797123e+28
1.557495468179806814e+29
3.700043483395066323e+28
2.665811534334683043e+28
9.311942680873215722e+28
-6.073606173962064109e+29
5.154617485849259708e+28
5.952456410198688157e+29
-8.500645158447691447e+29
-8.361672415840113041e+27
4.822168471738101507e+29
-6.009453022740635214e+29
9.404623662818414160e+29
-2.269601557007395107e+29
2.305446770568248764e+29
1.121137933241421079e+30
-4.091746747525556387e+27
9.891248484970251913e+29
-1.278009137819638979e+30
-2.528087151442161814e+26
3.596340337910726458e+26
-1.042696404645976058e+27
5.855219958805054274e+26
2.679842558129950021e+26
2.000181388962603009e+27
-2.130819305325042888e+27
-2.081871940447295019e+26
4.353025276422480051e+27
1.921420831417059798e+26
-2.131090994467706462e+27
-5.860328783136266343e+27
5.523091423876265858e+27
1.362886875541104993e+27
6.895227840600409056e+27
-1.142206891584017750e+28
-7.341378546872143036e+27
-9.156968052810615214e+25
-3.284492842375445280e+27
1.152547320905225406e+28
1.062697011891193494e+28
-2.093561389738877527e+28
-1.845806351354191946e+28
4.233230069864509679e+28
3.854819422599638342e+27
2.249766648471187331e+28
-8.172036644616093608e+28
3.120028561780371078e+28
2.864407143018712799e+28
-1.006843913083280986e+29
1.626897896793890034e+28
4.493861849532510557e+28
-1.107322582221250245e+29
-3.803883050287278339e+28
-3.671608675704324193e+29
2.561091887687535543e+29
-1.176826179395285707e+29
1.110539208634189597e+28
1.503082420102202612e+28
5.833448433527780368e+27
-1.983279615558631805e+28
1.834746364206958393e+27
1.561050622527609749e+28
1.184964533367733663e+27
4.321374844040811356e+27
-3.190343516263502241e+28
2.434178794791381279e+28
-2.057393374678165788e+28
-5.946779474711342402e+28
-1.673001758610008107e+28
3.207814027199539183e+28
5.647183857562632387e+28
1.964412338481225997e+28
5.779247820482288841e+28
-3.429528230783621276e+29
7.555324761224496398e+28
-3.187426477894810988e+29
-6.160220389565761427e+28
7.464693447223490538e+29
1.495746943523871010e+29
3.021380443984454767e+28
5.175929149786342958e+28
-6.162258514278442602e+29
-1.206058679528965381e+28
-8.990300386426540559e+27
8.026139174195635463e+27
8.358021775244423284e+27
3.797112747486524976e+28
4.139369415924257585e+28
-6.547665874779785169e+28
-6.921665916311953268e+27
-5.773816237818737538e+28
-1.881490429651803807e+29
7.547306134481946331e+28
6.259981258875653104e+29
1.738493048871619573e+28
2.462323656359820259e+29
7.448758111982950012e+29
-9.916077277362955260e+29
4.071655775875857330e+28
1.227633054901253176e+30
-1.253942283465551495e+29
6.193587433594307196e+28
-3.458549491339719896e+29
-5.839616923090762572e+29
9.674064732148150243e+28
-7.215224607325914654e+27
1.286914453602875673e+30
-5.531428858517794706e+29
4.041060983033220790e+29
-8.912116568264179831e+29
-7.032297586381808967e+28
3.932077625674193356e+29
-2.939396393044733974e+29
2.014534939690200151e+29
9.859205534566466351e+29
4.511248023107237229e+29
-1.111486082094214111e+30
2.995597850171702223e+30
3.052561782895081211e+30
-6.328116251428560007e+26
2.848070689588271983e+27
-2.871888691243481620e+27
-2.125289829214623953e+27
1.346703517717203745e+28
8.334231534519382654e+26
2.098816406127731726e+28
2.109206329451714825e+26
-4.766480547637724598e+27
-2.127417208099171945e+28
4.321468848977196952e+28
-3.199424267266420433e+26
6.076608686085794529e+27
-2.467826248493817455e+28
9.080606222127289814e+27
3.200612118595865151e+28
-3.044979390714396086e+28
-5.768579407267263763e+28
7.216464836613972257e+28
-8.242860951530446805e+28
-8.977613222595088909e+28
4.420287624590884642e+27
-7.054404319165144537e+28
2.975361290580181226e+28
-8.101754044868188322e+28
4.307164674878333785e+28
5.709510904875911088e+28
1.590732246382834558e+29
9.293749654249923701e+29
4.383323357960333802e+29
-3.672110418291434735e+28
-1.304059245443121834e+29
9.230016640058057361e+29
7.664580569766233532e+29
-1.323172026370628217e+30
-6.996739070365922934e+29
4.031479741147051133e+28
5.614672840889269144e+28
-5.199655322252448367e+28
1.005167347553799297e+27
2.216206835550659416e+27
2.988832887138115017e+26
-2.057236179618386919e+29
-1.044562198449607790e+29
-5.883341673525179876e+27
4.257693201290845450e+28
-1.454213161023781780e+29
-1.975203901705883176e+29
3.520703617636202453e+29
-1.096972644129991019e+29
-4.223166594266267865e+29
2.777752164942293725e+28
2.449898977129628357e+29
2.259653167232041585e+29
9.530012673104875734e+28
-2.269651052396475580e+29
9.387296048998325946e+26
6.681725155931758935e+29
1.067275808069614222e+30
-3.104783151443723156e+29
-3.395139096064147278e+30
-1.490708615664552399e+30
6.795013033580504247e+29
-7.236514917746811761e+29
1.966512667975571315e+29
2.058771140042958393e+29
4.002237043325878041e+29
7.146368285001273200e+28
5.594596378637413347e+29
4.432072995038958484e+28
3.180038300717622982e+28
-5.049218016546136310e+29
2.612125516273705774e+29
-3.930199766397817616e+29
-1.095505219564721436e+30
7.338869393780175671e+29
1.547348606136129922e+29
6.283063374956089532e+29
-2.801082610473960215e+29
1.265916887400997687e+30
-2.317758691377738438e+30
-5.291963251196871289e+30
1.007639460416309033e+30
-1.328318029993118878e+29
-5.147252323865232050e+30
5.782764100477149249e+29
-5.572268423564286722e+29
-1.659225372596141013e+30
-1.764710247605313441e+30
-1.822660695690714882e+29
7.083038490277209191e+29
-4.860107033677420881e+29
1.178886139598751265e+30
-3.005634607639459963e+30
4.416101260007295988e+30
-1.314205930384843676e+30
1.389984750022717118e+30
-2.064236145344620577e+29
3.233621923789858712e+30
4.400790685948383079e+30
-3.286213059596943796e+30
-1.762783272860185725e+27
3.065737016173165027e+28
-1.181413258219963540e+28
4.137902366168284927e+28
-6.590734560054690357e+27
3.427231152981841358e+28
6.010064250671578601e+28
-2.101365487906975366e+28
1.547038267131909984e+29
-3.153209207555983026e+29
9.281007087574373395e+28
2.082202668178003910e+29
5.005558205267109343e+29
-2.791333921389607294e+29
-1.186338804007155220e+29
1.562891481689679290e+28
1.462981519925557292e+27
3.657961387996582456e+28
1.683764963562736924e+29
-1.806543832269804570e+28
1.428662611578275490e+29
-6.378579088085237899e+28
2.067197973756628355e+29
-2.637608725010941978e+29
-1.534009847197151105e+29
-6.826610083962753354e+29
4.060964496223814225e+29
-4.590739999193323218e+29
-1.173257178988694889e+30
-8.224222119663753917e+28
-2.103285615741177359e+29
8.614830390533339024e+29
-2.440705342933089612e+29
8.788716012887271763e+29
-2.491671445324732609e+30
1.975127326561993983e+29
3.693412661391699050e+30
1.093892278868262407e+30
5.693721579917291208e+29
5.679501172052186423e+29
5.951788689617555953e+29
1.542636549503526304e+30
-3.619221111794571174e+29
-1.657928256198650211e+30
4.780823934673664405e+29
-2.568482694584569676e+30
-3.639908884064611512e+30
3.890349086593568135e+30
-3.503169446024596188e+30
-1.999191844398996645e+30
3.565104052302559602e+30
-3.441923776229779477e+30
-1.075378467352454778e+30
-6.731407277300369664e+30
-1.427282972370261540e+31
1.229192181209562286e+31
2.780272254256971247e+30
3.027642815065416345e+30
2.094976745871621903e+30
5.587010064761901494e+29
2.953881981722124225e+30
-8.454758851467556312e+29
3.306471616351215680e+30
1.174190088947710506e+30
1.681020354238426090e+30
4.844473710243468231e+30
2.194830827913832881e+31
-1.157017477659170493e+31
-1.446706417630673295e+31
9.071948640370702196e+28
-3.796424664634541520e+29
2.486852247009479795e+30
-9.406772539993207367e+28
-1.510004054013805148e+30
-1.307460544555354573e+30
-3.086510034387872742e+29
9.941764507816621262e+29
-1.405249987701839247e+29
1.062446636867571201e+31
-1.962915111186730604e+30
1.881167887700494663e+30
-8.302957571319743923e+29
1.079100416888897362e+29
-4.793003082914017080e+28
1.322222329216907470e+31
-8.179628973226681569e+30
-6.166212611881326248e+30
-2.988640903784712532e+30
-2.234941780375446014e+30
-1.111337951588319845e+31
2.275538455668648385e+31
-1.438971030064692524e+29
-9.332645031247735968e+29
-1.140119724956911628e+31
-8.353821945155222770e+30
-3.919914258298483966e+31
2.414905458460183274e+30
-5.871796454988550158e+30
-1.319565218233648497e+31
-1.493865372461672489e+30
1.374338495652664514e+31
2.262818978976373143e+31
-1.468313401538253249e+31
2.020331893517258117e+30
5.314722029824518179e+31
-1.590768056578715796e+31
-1.254981876268795406e+31
-2.038567595020937104e+31
5.767484756043991040e+18
1.110549463414821028e+20
4.975803681066930668e+20
-6.459121261751075602e+21
4.863639767867967406e+20
-2.213532431966676713e+21
-3.467945060343106188e+22
1.620885987169323608e+23
1.820206860373336719e+20
7.724699009211778990e+21
-1.760692393447417656e+22
-5.971350748897508065e+22
1.558424958289530554e+23
8.801336300738820702e+23
-6.369256073262792754e+24
-4.908306866709845879e+24
1.319051403685449538e+22
-3.255884524785250179e+22
-1.718372237350829860e+23
-6.742569269599411078e+23
1.919816145395023903e+24
4.896753285671918607e+24
3.451670429616444589e+24
8.401051282894898483e+25
-1.665953679067522919e+23
1.304512699414661762e+23
-8.048114673533457111e+22
-3.430325598341048901e+23
-5.617142818758234326e+23
1.824122464970870085e+24
-5.454599229885629684e+24
1.976352567012405152e+25
2.432074735667576347e+26
2.752476062764401804e+23
-8.603451715631325590e+22
-1.713782305398248685e+24
4.298462431849177128e+24
-1.207959301909904099e+24
6.045151193500606393e+23
-1.145135629901977574e+24
-1.989283683583285109e+25
-3.299399390458364387e+25
-2.030475849917645116e+25
-3.066584488501037462e+26
-6.160751596009007780e+23
9.452021839660355294e+23
-2.828222953886645546e+24
1.104608241496995604e+25
-8.688149871176873689e+24
-4.251443825566387125e+24
6.646909515545120887e+23
3.385843005363588634e+25
2.970476918188384507e+25
-7.083026153735793777e+25
-5.453803757108453981e+25
4.655863761648195465e+26
6.187879849971058057e+26
2.721360166015211164e+24
-9.601353109467458737e+24
5.857560094280683255e+24
1.457301136534870097e+25
-3.168133403865959288e+25
-3.255199169230355676e+25
-3.027326610927410003e+24
-7.002115908142109411e+25
-1.167561065759221088e+25
7.353712260907088990e+25
6.494181310569751063e+26
-8.080622418098573125e+25
-9.026712479308066941e+26
4.412693761377258438e+26
7.453039159811564410e+24
1.074361473829551773e+25
-8.911920915399557515e+25
1.036106652449676255e+26
8.719569577507181802e+25
5.689069975907786872e+25
-1.838462340390882792e+25
-1.146445611539763490e+26
-3.032030185278620297e+24
-9.334938676282176105e+26
-3.976630194480482066e+25
1.375939109533088482e+27
-9.234670276539170375e+26
2.651060264580090983e+25
-2.166446310074955534e+26
-6.146343449788034513e+26
1.406549898646670747e+27
-2.503597462307009032e+26
1.758823376461922065e+27
6.077548838465221592e+26
5.150855931362975034e+25
-7.895191966022009221e+26
-1.089066018163310466e+27
1.456584954974031627e+27
1.142012678300617887e+27
-4.369070961877675776e+22
5.940458109783064445e+22
1.728051417490759132e+23
-7.920512084689998053e+23
-1.719648844385147033e+23
1.924825661581145376e+23
-3.763992450836193587e+23
-6.745566281938879405e+24
1.417883891626978245e+24
1.049317438567250020e+24
-9.348212455339065017e+24
9.080249478035991995e+24
-9.555676432661326701e+24
1.793481489638836431e+26
4.827579664735034178e+23
-2.201549245263022303e+24
-1.240162108587806083e+25
-1.808498495817141473e+25
6.034110198803537228e+25
-1.002329787427185080e+27
2.299782235014323761e+27
-4.182535720806698843e+24
-1.989407504948729420e+25
2.147919213687041017e+25
1.133441757670280791e+25
8.370361860845860380e+25
-7.582673399048905081e+26
-2.727243984245124385e+27
6.235302268610533449e+27
5.336238332012252451e+25
4.259352774855417041e+25
1.000790603619007741e+26
-2.822669229433827224e+25
4.728424279720738695e+26
1.733433090167707644e+26
2.142050688577263394e+26
-2.496864609948513624e+26
-2.602536785869133753e+27
-4.201818673609936950e+27
-1.165333666472991306e+26
1.689274817954594154e+25
-3.548161836251255711e+26
-1.282176522227126750e+25
-4.098367163288137223e+25
6.186243519770041804e+25
-8.491672466835385733e+26
-1.811770872085984954e+27
1.961580271218301708e+27
-7.097596047548345852e+27
3.501600614485993588e+27
-8.959880399159097939e+27
-2.964357648626009096e+26
9.397814834718919973e+26
-2.931324342155302815e+26
-1.221954513776246675e+27
2.370544858456819161e+26
5.678749308481416928e+26
9.403867430574758035e+26
1.915321905248760132e+26
-6.551382286043229661e+27
-9.014722115148566127e+27
5.824063034741801339e+27
-4.328329324574515847e+28
1.298323361456715086e+28
-2.617706300031778725e+27
-2.576266776997655272e+27
5.100573357050768373e+27
-5.399221948063121693e+26
-8.830209363493851556e+27
-1.378121868491741155e+27
2.955254235596285295e+27
4.900695812510403863e+27
-5.798445250577445563e+27
-5.713804728615529316e+27
-1.442228119526069411e+29
-2.003455875303935807e+28
-5.819719649214568345e+26
-1.362725055340788978e+28
-1.439347306090211099e+28
1.404956086692496593e+27
2.360432102011804217e+28
-3.085890122452754549e+27
6.602991334502538837e+27
2.687426630479664081e+27
8.088394528153420731e+28
-5.048010115769584276e+27
-9.275571212640146088e+27
-4.388379926578513211e+24
9.267485564641358882e+24
3.908643486865394834e+25
-1.219235778276851446e+25
-1.194667324652943211e+25
2.812771568358707399e+25
1.382543767357499287e+25
7.777029874192939295e+25
3.782268478594227451e+25
2.289239476233761177e+25
1.987729911314573230e+26
-9.274636528421991494e+25
-9.927484836850331482e+25
-2.846146958382824208e+27
-1.452432783111443536e+27
8.404621342409520905e+26
-2.237029039454877579e+27
-3.250863169240083411e+27
-1.942641818013867768e+25
-4.025091505461035518e+26
3.192164252523643053e+26
-2.445272813396131767e+26
-6.185024006290932797e+26
2.592936060337939341e+28
-2.621281543736141323e+28
-2.777534351143284883e+26
-3.792026908958800463e+25
-3.308540727059551275e+26
1.361742198977135899e+26
-1.455007400385675467e+27
-1.108991744508162632e+28
-6.198782680729543443e+26
1.872156855361961367e+28
8.200147046064532918e+28
8.946406288064621118e+26
1.426405482920487542e+27
-1.524235995006056619e+27
-1.509452646684377907e+27
9.439813779704620697e+26
1.091571712925925667e+28
6.001732388901706817e+27
4.635645047537042705e+28
-2.463995350022730496e+28
-8.854602493159188728e+28
7.642251645675474366e+28
4.600029818985723874e+27
-3.441552518819396481e+27
9.898423409063034262e+27
-3.418529292944869700e+27
1.966462284522946903e+27
3.353795235742963343e+28
-3.669898172476366712e+26
1.818344738269071461e+28
5.620868415316415659e+28
3.851140687021321980e+28
-1.781404817540353667e+29
5.985181312740524427e+28
-2.445808701082030593e+28
-3.040601325318577063e+28
-9.756490333495413206e+27
-2.534129964973376345e+28
-5.350417754133879922e+28
-5.610514114331824141e+27
-1.396746061054542778e+28
-1.203449845352231240e+29
-1.429724152021615605e+29
-6.814384948671849743e+29
-1.537846025251129266e+29
-1.090230445302966205e+29
2.082524489165403962e+28
2.539714527806154777e+27
-2.247226730276177259e+29
3.989760966762232391e+28
2.921307395430806169e+28
1.048182456280605269e+29
3.651776410992645039e+29
6.655670565483411165e+29
5.057762163454486365e+28
-7.791782176170918705e+25
-2.275783616039253955e+26
-6.155344760113559476e+25
-3.845583071530638448e+26
-2.573245056383585772e+26
5.378367623377998565e+26
-2.387375071415892400e+26
6.263893638600314096e+26
-1.196931079525270560e+26
-4.095943818747100807e+25
-4.670889191451202141e+26
1.893972428007778166e+27
5.751413830730640437e+25
7.808371632375643520e+26
-1.649870594629274664e+26
2.821889345509279983e+26
-2.910116131435857114e+27
2.898122920779544990e+27
-3.704022542683214471e+27
-1.389624260845837428e+27
3.830098336056655422e+27
-1.098806290012720800e+28
9.220843799989290371e+27
-1.002921605704475864e+28
5.349053286695582043e+27
1.861527526952231477e+28
5.817615174073157964e+28
-7.567458454115874251e+28
1.059197810282009354e+29
-4.171949825801696092e+27
1.029519824079805366e+27
4.217396062022889667e+27
3.365679570736142442e+27
-3.728864745858828970e+27
8.423084439018518467e+27
-1.131276137996524653e+28
-1.948992791424414507e+28
4.486161072180061253e+28
4.829508358958772443e+28
2.222608654770900583e+29
-2.455451164427224583e+28
-2.401340464482066725e+27
8.582140683101343462e+27
-1.622255364990082795e+28
1.652432453998146131e+26
3.896024518129614297e+27
8.551019869802147731e+27
-1.524993762510395603e+28
-1.602984675288507876e+29
9.376979291341067329e+28
-2.718854749830520397e+29
-1.441884608060440883e+28
-1.605650272631917142e+28
6.920419643657203385e+26
-1.027595345827897616e+28
-5.130590791214445020e+28
-4.496835973182293555e+28
-1.519611062753399043e+28
1.191171990175022265e+29
-3.581974128396533284e+28
7.365389745930719966e+29
2.857234642373591952e+29
2.148013125900957349e+29
-1.010911272935999449e+29
-1.328036914756727327e+29
-1.151319059354605946e+29
-4.102988249335859432e+28
1.064251472346533468e+29
-5.090292562133775356e+29
-3.599950801820586803e+29
-1.094207968612730830e+30
-3.826916747464609386e+29
-1.172487924452962123e+28
-3.537704405256191556e+29
3.392643677313509384e+29
5.928610750953021483e+28
2.581391128976288981e+29
1.741361482790191449e+29
1.847244017346426009e+29
1.533259194986709421e+30
-2.183290503656632113e+30
-1.841277496205233393e+27
-2.514064711383236407e+27
2.616229065275775234e+27
-1.368269041103466221e+26
-2.319685706671004468e+27
7.529281817399654616e+26
-1.828000825440593241e+27
-7.293360145804924260e+26
8.932624119819444478e+26
1.735623099930019159e+27
-8.787592142902979805e+27
-3.981816171997870131e+26
1.012032091759553384e+27
-4.621939882232863775e+27
1.622125344472219763e+28
1.434592397836749162e+28
-1.583694105542560061e+26
6.322874572691452875e+28
-4.931060988411427500e+27
3.443265238243559889e+28
-9.210885009763189461e+28
1.434330939054827626e+29
-1.582860199281230485e+29
-4.653475233017351673e+28
-2.366818391996092466e+29
-4.876090927928540434e+28
1.023632387190965836e+29
-9.003535408933217349e+27
1.575622935920412779e+29
2.162791187520968062e+29
-1.539627383356188196e+29
6.484576650809838084e+26
2.682271477337739468e+27
2.087236856320736491e+26
1.441577216101707296e+28
-3.534038267233211213e+27
8.906363296035467843e+27
2.381494037489964452e+28
-9.837142664249625633e+27
2.842648796700168212e+28
4.180382900830001879e+28
1.952732544820546321e+27
4.312226411128215511e+27
-3.647724742862726962e+28
1.861807578842459720e+29
4.089002693938611296e+29
1.345622907853315857e+29
7.118638704114581895e+27
6.311445659132077371e+28
2.303488925483815396e+29
-3.599901260597425407e+29
-9.307400791756770166e+29
-1.820545602666649176e+29
-2.894680889347531670e+28
2.386183497211860055e+28
-2.247469449165789256e+28
3.348569566454482537e+28
-3.206312600133399185e+28
7.086655796948482080e+28
-3.369868453625174353e+28
-2.096976968798213687e+28
-7.973539952100677731e+28
4.548903508202108840e+28
4.176681667923963064e+29
-7.984840951687534190e+28
-2.936114320304523569e+29
5.760136851019688364e+29
9.906911994873344742e+29
-1.285905180769087778e+30
6.779297727902810148e+29
1.103886488010452743e+29
-1.738564495655985584e+27
-3.363520891549420522e+29
-8.758199135424210212e+28
9.369493916471791711e+28
5.288650401387818492e+29
-4.210279582996333368e+29
6.040654766521505127e+29
-4.068465047075250951e+30
9.351177571099658334e+29
-3.125073438870720560e+29
4.969159876374690052e+29
3.084462489454272569e+29
1.035488494020086636e+30
-6.413120932479348462e+29
4.403045509898035745e+30
2.904731330780659063e+30
2.904274396775221572e+28
1.519303020802998822e+28
-6.853867775805394228e+27
-2.366868848129836253e+28
1.084080501031028485e+26
-4.242327066534858366e+26
8.345557586234950346e+26
-1.382571878770241624e+27
-1.372642818396409332e+28
1.188799369516578413e+28
-2.472892224309149626e+28
-7.823118156323607067e+28
8.448512402059348553e+28
1.268711617090186791e+29
3.946847962278853078e+27
-3.035307504858995675e+28
-1.503740038224728548e+29
6.153109955633511233e+28
1.156905123924297038e+29
-7.102707281070773140e+28
8.451521067969368535e+28
-2.679356620819655604e+29
-6.256927731731213279e+29
1.224920420598221845e+28
-3.227591352498746997e+28
-2.757910655819389383e+29
1.526378996483674963e+29
5.058588762703170473e+29
5.965762384429096869e+29
2.318060867218278931e+29
-1.806174802398699069e+29
-5.169085128943945480e+27
-1.399752194969942725e+29
-1.785097311359965890e+28
4.270280857406052046e+28
-1.034690830832498319e+29
4.687012549703578371e+27
-1.021321516108383088e+29
1.892784001195499211e+29
1.585980505581243362e+29
-2.078130153250493279e+29
-3.347795004587705615e+29
3.794308324279377140e+29
-2.291156976431557852e+29
-2.050719915505439530e+29
1.922151759667132252e+29
-1.609589446233141998e+30
-2.277860803896490166e+30
8.401896424684715080e+29
-3.162923018640218207e+29
2.888558227831724652e+30
-1.660690857287640230e+30
-9.430261850525014818e+29
1.186741708096057315e+30
1.928426839812903584e+30
1.326380407223474048e+29
-1.667920837496421748e+29
-6.198325841670898233e+28
4.510263166783059331e+29
4.056527820264615681e+29
-2.705839464391808777e+29
1.738072513174474945e+30
1.200201727041350503e+30
3.134035749679386060e+29
7.283652406758169094e+28
5.796533221490257051e+29
-4.507601276830921622e+28
-1.259236341540805878e+30
-1.069811786939750164e+29
4.979839223688373621e+29
1.745888138783580837e+30
1.148555718016625116e+30
-1.416820268149070936e+30
-3.941127213302822627e+29
1.269277658768549214e+29
-8.979678944672694972e+29
-3.020929486508942683e+30
1.159937543192171908e+30
5.617865736211259988e+29
-4.058721283135733839e+29
-1.532869994535827085e+30
8.565688999287591336e+27
1.950964965145398563e+29
7.232183782812402920e+29
4.634558293256065703e+30
4.362353419049165784e+29
2.427049308997077240e+29
1.256638821311151993e+29
-2.143764829872721103e+29
8.824390016353307037e+29
-3.066119583522651786e+29
-7.087948011768628911e+28
-1.076815220414766451e+27
-1.793777624537855269e+29
-5.101009091201287902e+29
6.998337150606498891e+29
2.815982689831492995e+28
3.380684379880855688e+29
1.337347223785562140e+29
-4.600816893988637219e+28
-7.369893219921839457e+28
-1.407204426811173368e+30
-8.325288953738941992e+29
3.401383878656028313e+29
-7.252709433266881846e+29
6.460195078509067643e+28
6.770822269987736535e+29
8.301162075982743548e+28
-8.951185530826958936e+29
2.147921944110198989e+30
-1.485840561837296194e+29
-6.965470024130956655e+29
1.526268002304476497e+29
1.841770012349149937e+29
2.872243082593003360e+30
1.451049266939870664e+30
-5.341853470765321644e+29
-2.314393019761696157e+30
-3.843055852174634552e+29
6.709590832577136632e+29
3.083277040039337745e+28
9.165298494403126803e+29
4.790469984094513435e+30
7.862649137215487721e+30
-1.175381484238899037e+30
-9.843299591433684212e+30
-1.059310373464151102e+31
-5.405274464505260581e+30
-8.349557804762681249e+29
-2.269349168770950385e+30
-4.455878035503649020e+30
-2.924088729036208658e+29
-1.245376258580372473e+30
2.808980755070503122e+30
4.946686929348606098e+30
-1.012339628643880934e+31
9.465389785917475413e+30
-5.748957910444655273e+30
2.171177955667126527e+30
-3.646055636466157427e+30
3.524330829902505275e+30
-8.087254191359221463e+29
-5.860100829440453389e+29
-3.913404523488497696e+30
-1.038118254424658809e+31
-1.520678426420636678e+30
-9.316559769038567945e+30
-7.305462656140220021e+30
-1.712947092327449378e+30
7.038024615306599091e+30
2.980867839238862672e+30
-1.813570079851263113e+31
-1.860612768183393176e+31
1.290163139183471911e+31
-1.508193988438097068e+30
