-1.458714558749883200e+16
-1.495285389066232320e+17
-2.045274663463985480e+20
-1.266550643079071662e+21
-9.309930897444538941e+20
1.654606228423650050e+21
8.789183255243386782e+21
1.001260273704741372e+21
-7.903181752846643311e+22
-2.494273315743521997e+19
9.341420117307478835e+19
1.424892435593469467e+22
6.336582910973922247e+21
1.600001170867534283e+23
-3.083380885053268138e+23
1.654010290966186439e+24
-2.575778081057631950e+24
-6.434636776039806707e+23
-3.178132040635704934e+19
9.566564606068178026e+21
-1.299776769685748869e+22
-1.500225210620704929e+23
1.880151248917499180e+24
3.860480686855056922e+24
6.570811398777971373e+24
4.644860363151777569e+25
6.571510218658370720e+23
-2.575457500231684850e+21
-3.941112342727577358e+22
2.792741963351223498e+23
-1.371981910609804143e+23
-1.492103788487574070e+23
2.600584610881378726e+24
-7.425078730545167226e+24
1.219192044343034780e+25
-5.493685653734914095e+25
-1.242138435526968854e+25
-3.816463143915818582e+21
1.766710492476406822e+23
-1.470235171930344574e+23
-2.403169407917899196e+24
1.622353036969855045e+24
1.674031443092327656e+24
-2.441531997786098450e+24
1.191432912004237363e+25
8.818326872130348755e+24
-1.076981156718873472e+25
4.187792371203253329e+25
5.806623892331111890e+26
1.411833963932265795e+22
1.939712465651596190e+23
-3.114121729340081990e+24
-4.998185862167846460e+24
5.859739629158297575e+24
-3.046768111323214512e+21
-1.932568946901510983e+25
2.674757474847946980e+24
4.829027098813533075e+25
5.021741850115902785e+24
1.115711467068808108e+26
3.689364502066755887e+25
-3.400564195215410935e+25
3.917679669629322152e+26
3.462951500510099040e+22
-2.734649996331063569e+23
-4.897807914771482233e+24
-3.471226032880992374e+24
-1.551548364332631881e+25
-1.601503803486132847e+25
-3.389547299732202625e+25
-8.787282375232504015e+24
-5.467275034129624863e+25
-2.270814462210324224e+25
-1.197376206908648807e+26
2.425426536458793745e+26
-3.871683765709923212e+25
-9.689678023944510716e+24
-1.752725084718206114e+27
-7.863799973171963311e+22
9.596550929616685184e+24
-5.851206081744836528e+25
5.571097312978549251e+25
-1.189676011897392851e+26
7.891720078226319725e+25
-8.954845355769681014e+25
-4.334736313827849778e+26
-1.763227693442102303e+25
-3.886720241744856917e+25
-2.532601965268802581e+26
1.398575365891285214e+26
7.799681345937073295e+26
1.094104170422013670e+27
-7.328722327890580702e+23
-9.150537715912186865e+24
7.343004173359098553e+25
-3.463976406981373462e+26
2.251305930161503986e+26
-5.210079824127413670e+26
3.274311280961764890e+26
2.238533664470231882e+26
6.015289768290045187e+26
-2.623897674361083379e+27
-7.423016202407575838e+26
-1.099559514024108711e+26
9.757636685705560334e+26
-7.398905970633611674e+20
1.823723095804849684e+21
-2.034445736235591795e+22
7.643814810903488600e+22
-5.057924025506029004e+22
-3.121659427019268261e+23
3.319749015814953207e+23
1.714182679094709820e+22
1.508840966666794819e+24
-4.313900567132121703e+24
-9.559199858639830264e+23
6.293699062154895693e+24
6.840726468691533968e+24
1.100633482049467791e+25
6.192009089783676431e+25
1.128646056077877095e+26
-2.274140393268069500e+23
7.772128775790108082e+22
-4.636761393723264331e+23
-5.029173451721408386e+24
1.981498206934250071e+25
2.610185145351295567e+25
-1.496125660701778973e+26
-1.055644415747162909e+27
-2.788758790696566836e+23
-2.794413594241950017e+24
-6.389509674513406641e+24
1.640924832516293350e+25
-3.155155881279517382e+25
1.986243894251292524e+25
-6.439382580189809560e+26
-1.551646507523186327e+27
-8.150009678619375903e+27
1.018644564606000794e+25
-4.303107532548617643e+25
-6.905910628326479690e+24
-1.155595314327106079e+25
1.741714227582563797e+25
1.142759303065152118e+26
2.541702838179889700e+26
5.951478738834806059e+26
8.556607931000674801e+26
-2.131671678494316226e+27
-6.834453899323460259e+27
-1.293090755752897729e+25
1.288992211576769734e+26
1.499086558411980971e+26
-8.418505389069682745e+25
2.432435560710871303e+26
-1.900999114421706143e+26
-3.377719892991794671e+25
1.250435648524091816e+27
8.231547356970980424e+26
5.393515276970479832e+27
-2.776155193088460071e+27
1.632114613079250946e+27
-6.710025824193429318e+25
5.927325705645410860e+24
-3.191908919046607193e+25
1.083877971247372044e+27
6.006680447471329987e+25
-1.907669344956231012e+26
-1.787134093184050579e+26
4.021432873174916154e+24
-6.169335912601179701e+27
4.886488844007653034e+25
-1.027938355048167365e+28
-5.131385649375126081e+27
-1.553029723943527926e+28
1.023144175334878367e+28
-5.324246272609311344e+28
4.952375001520178749e+25
1.509376161438787804e+23
5.861078814972470828e+26
-1.239643308940889015e+28
-1.693322169963144435e+27
-6.164661810918219752e+27
4.846763135325308960e+27
3.087386424512944855e+27
-5.409326518659973793e+27
5.848868203344441042e+26
-2.145618228354122190e+27
4.915286875594684720e+27
5.709613995676927990e+28
4.718275625729735873e+26
6.538745528169890833e+27
1.496783869330494188e+28
4.712570208808200865e+28
9.021377488318899611e+27
1.487988728106591898e+28
-2.064987718180410467e+27
3.586337372056048268e+28
-5.541661762934291509e+28
2.352881946594901934e+28
2.670819314269366297e+28
-4.544547472018162457e+28
5.666307682651617960e+23
6.170554134110324916e+22
-1.739144803844509558e+22
-4.471519018385370000e+24
4.189952817208507350e+24
-2.269570150280017085e+25
1.416265921002897062e+25
-3.829514670887065811e+24
8.007037564456318231e+25
7.385506881871279743e+24
4.783585437174513002e+25
2.525507061113993638e+25
-1.240046218276376961e+26
3.365274555849770578e+26
2.072092715100581092e+25
-5.687103816655472870e+26
1.486640989609289048e+27
2.799955418885092429e+27
-2.373371793931855034e+26
3.054717220515662797e+27
8.149384765598986588e+26
4.463244479009272799e+24
2.732597066292360711e+25
-2.655473487800612465e+26
1.942363427917368876e+26
-1.402011591075589347e+27
1.564360389290403827e+27
3.826163072344943237e+27
1.753857924487220168e+28
2.390022910434386965e+26
2.082452308550467912e+26
-9.867105228449172671e+26
1.076357274090683453e+25
1.081167097424323581e+27
-3.021466176144677110e+25
1.550430540677512374e+27
-4.989467703501320916e+27
3.004109836508311309e+28
1.596853141886261254e+29
-6.923733000729738448e+26
-3.566508107319392093e+25
1.357539448047836662e+26
1.254542731536768456e+27
-1.463655965960701318e+27
-3.276321581577097647e+27
7.256619330806362507e+26
-7.792185058305330504e+27
2.958126083588956302e+28
-1.446097559487268262e+28
-1.067069583565456779e+29
1.897322542597759138e+29
-2.154400897012098931e+27
-5.409690235849876225e+27
1.332387873554843877e+26
-1.474738702001090179e+28
-2.570822377789293233e+27
-7.690900381126079722e+27
-7.747080310998774985e+27
2.845870671017671709e+27
6.004680165228811312e+28
-9.951794757340769173e+28
7.619278494059093258e+28
-2.923331324162501031e+29
-4.793131797218731158e+29
3.410867129201277754e+26
2.768084961098785961e+27
2.931160804508497125e+28
-1.427709960066169375e+28
5.227637805227355055e+28
1.061213089872198691e+29
-4.509234501955031096e+28
4.453588207864195037e+28
-1.943412113317668136e+29
-1.860127546023813693e+29
4.996608394572256313e+28
-2.419268741137475187e+29
1.264332955174966057e+28
1.764425576951038715e+28
1.119889221016209525e+28
4.105711943641364110e+28
-1.162237649394237627e+29
-1.540718366798107675e+27
2.509159675227598752e+28
-1.072358655970617814e+29
1.646114934020429971e+28
-1.817664406704819727e+29
2.960360544817647245e+29
4.732174310701732630e+23
-9.742078044595136235e+25
1.842466190661187650e+25
-8.896467513960995624e+25
-2.248146938117612791e+24
2.527684042726684962e+26
-2.226581675242999463e+26
9.409457670220711476e+25
-1.118193884781008570e+26
8.956687996072105267e+25
-9.087113625242760791e+26
-4.746719042263637872e+26
-2.085365748732682475e+27
7.263542963118987985e+25
6.077410010591201828e+26
-1.274956160975230224e+27
6.343078928018666577e+26
-4.593045527578207587e+26
2.768407231178966899e+27
-2.614334284406499756e+25
1.730734637816800294e+27
-4.187075619744858765e+27
4.389038787275922220e+27
4.597071712159742932e+27
-1.855333951281315311e+26
-1.020460295980073029e+28
-5.669351384417018417e+27
2.120410637242991416e+28
-7.767681069608230690e+27
1.667379220998251332e+28
-5.208859762600287654e+28
-3.204262779120363909e+28
7.543312021580805594e+28
6.712808234936850016e+28
5.993435163937414430e+26
-3.907760616084767571e+26
-8.999247134362680327e+26
1.426449286009161770e+27
5.084760611286243152e+27
4.717546709135883613e+27
-2.225561852867362829e+27
-7.830490837457534582e+25
1.292800325813059929e+28
-5.168997192825953703e+27
-2.534985173529975714e+28
-2.521376103837223358e+28
3.075490604217326239e+28
-2.737387163913353865e+29
-3.690417895600114990e+27
1.017702834957337746e+26
-1.332194841999960413e+27
1.710955715387465038e+28
2.231906619847309698e+27
-6.400946646738866033e+26
-8.120162453774648373e+27
9.944875356351472151e+28
-1.742466781547642927e+28
-5.836371116727595708e+28
-2.150850963235380604e+29
-1.431406029769782968e+27
1.946623314679191816e+28
-1.260948580839281036e+27
2.915756186257965024e+27
-2.159899129065957881e+28
-8.239162309446139362e+28
2.559183266012797350e+28
-4.617435124635969930e+28
-2.315749073757513612e+29
-2.511734831240533179e+29
3.580759887972010921e+29
5.502736863018976174e+29
-2.661831526303060944e+28
-2.314342787332200880e+29
-8.355803354160993663e+28
-2.101015708281084697e+29
3.541519531579283329e+29
-3.355951727237857260e+28
1.000001155620711625e+29
2.165199753630107153e+29
1.121896810755317765e+29
9.862348614813422847e+29
-4.434906649667321743e+29
6.760826443572566488e+28
1.707565096826311865e+29
3.317780131591537144e+29
-1.325603317120490187e+29
3.353787753509829346e+28
-1.636607286888459280e+29
2.886355191375992863e+29
1.761346607336018806e+29
-5.155137061536252793e+29
2.746604391566677958e+30
2.099179698519668863e+25
-1.859591417624197386e+26
-1.345764142777991724e+26
-1.492139090980389958e+27
-1.232695168126705882e+27
-3.727460162566023334e+27
3.755615108251746188e+27
4.819149108566705735e+27
2.198747079652789032e+27
3.593760344261681300e+26
1.346525975268172619e+27
4.514471170096178772e+27
-4.280307842801659381e+27
4.889777441831324576e+27
-1.051887841346989810e+27
-3.183772280321401786e+27
-2.979726802814823121e+27
6.927468378993989128e+26
3.827140702047340330e+27
-1.579608008167631057e+28
-9.394489746137931148e+26
-3.115067371992260200e+27
-1.702219664495257300e+28
-2.831877871315874359e+28
2.326524389685520117e+27
-1.131045101989176188e+28
-1.207847360190697921e+29
6.971203560525741112e+28
-1.326134958134363714e+28
-1.775573515783019709e+28
-1.279345573603796423e+29
8.193962579708044876e+27
-3.658645055570609118e+28
-5.935196824693078862e+28
2.030174662588467478e+29
1.357216760152401549e+29
-3.068307486784731405e+29
2.286604324767744797e+27
2.607351855167903969e+27
-9.327810813359353068e+26
-2.977912547545845792e+27
-2.675181512374608841e+27
5.757089712822725718e+27
4.334341754083364215e+25
-7.394362541398367521e+27
2.224290882827933340e+27
-3.397255801124740649e+28
-9.881119182658375886e+27
-1.370994996473839217e+29
2.260186403358568337e+28
1.967303013946788402e+28
8.553768257704686696e+27
-6.004989436000261091e+27
-1.307746791375207118e+28
-5.723884032210307953e+28
1.260564178110058621e+29
9.067369380011660522e+28
4.687716880056228994e+28
-3.380492888256311884e+29
1.063575717667482941e+29
3.823072689448995968e+29
-3.113655799995210207e+27
-6.553112671583391589e+29
-3.026625249386515204e+28
2.388610849766842594e+28
1.048819526514193260e+28
-1.710572660304875034e+28
2.744148814172257495e+27
2.760698422456431918e+27
1.766421213163632456e+29
4.805920533644757003e+28
3.108264073192818885e+26
-2.085057895690959364e+28
7.103645687273326133e+28
-1.549564860981872133e+29
2.045264091304619959e+28
8.031420727427468683e+27
-1.156077930554423514e+30
8.177379198170143210e+29
-6.614255201841506960e+29
-1.753089478619893090e+29
1.961780660386781881e+28
1.409527440152021160e+29
1.730161078794203339e+29
-2.305399961113876298e+29
1.745498248514748317e+29
-3.153462550376312030e+29
-3.878415440554415355e+29
1.121598239260342793e+29
-1.210548988776022302e+30
-3.495376653034929921e+30
-2.726341482360358427e+29
7.129505171107449004e+29
-1.103449651646801673e+30
1.388990936100076523e+29
-1.237930112610734232e+30
1.521122389072206669e+29
3.330992630550486006e+27
-4.017024557091715092e+29
9.960644637180287488e+30
2.177415075773234249e+26
1.256376397477130496e+27
5.329854850007470997e+26
-1.472223617725230038e+28
-6.582096272474374676e+27
-3.805270880956671658e+27
-2.281926678769162431e+27
-4.392359791469101793e+28
8.189857494853679063e+27
4.350304259434908125e+28
2.457877836472265510e+28
5.880620666269998950e+26
-1.873173488968913537e+26
-4.308893482774049228e+27
9.026404525793810266e+28
-2.825846946403893231e+28
2.371507821671633289e+28
-3.818675200563165135e+28
1.389539241505343925e+29
4.290346818250207478e+28
9.427914609033996531e+28
-8.596644890259633753e+27
6.532408055168263540e+27
-1.687452265125471967e+29
-3.422867209613858409e+28
-2.551025286004202416e+29
1.942244821930805963e+29
-1.029816449169489539e+28
1.549585172636897972e+29
-9.082990061394060719e+28
-1.495748749133106115e+28
2.240930742102328830e+29
6.787152339141208369e+28
4.003306417483125836e+29
1.348453082883961597e+30
-2.592683783976971595e+29
-2.208155865273871692e+29
-9.208801973731935924e+26
3.552068582411291575e+28
-8.268034949987723255e+27
-1.221624747175319163e+29
-1.559221013558513575e+28
6.158530823709269332e+28
-4.773804533908948892e+29
4.573815984671788946e+28
1.957577426003534164e+28
5.660727204862984349e+28
-1.877085934424842698e+29
-3.483148071040332294e+29
-1.921806269467881404e+29
-4.305982145966519059e+29
-4.530784944625919680e+29
-4.463145590571786238e+29
-3.566156588072486188e+29
-7.361020081691976476e+28
3.404501703284340276e+29
4.485451876377991107e+28
-7.656277479688553940e+27
1.073666512073907116e+30
1.639018744206282044e+29
-1.196233018937779246e+30
-1.956725235368896686e+30
2.330989824650283985e+29
2.403027231589654568e+29
4.646482212803529694e+29
4.595680933294471118e+29
1.069208049061390745e+29
-6.664054514447203411e+29
8.751615795247690777e+29
2.447545046808019302e+28
5.393668750496421767e+28
2.281219326781639342e+29
2.242902863135873336e+29
-5.349206923163861950e+29
5.977032701669526369e+29
1.828650030966069580e+30
8.005550434707075890e+28
-2.342691598710338908e+29
6.222626588888643514e+29
3.477629440404575688e+29
-8.603837183487270132e+29
-5.987717903851405797e+30
-1.745143972837835492e+30
-4.103402487614003972e+29
4.254592477953421713e+30
3.183598926623855023e+30
3.278121248955275617e+30
-5.828707468368126190e+29
-7.900575135484583304e+29
4.078030183027904718e+29
2.038400426330604812e+28
3.926891371588779440e+29
-1.355243605207333355e+30
1.166283001441586865e+30
-8.220649452628074261e+29
-1.061347833659194776e+30
5.631972727461646600e+29
-5.105020695340816651e+30
1.231520145588637830e+30
8.356949367862808747e+30
-6.646289917781774798e+30
-3.077012558645140039e+27
1.851400599119237966e+28
-3.995171286392210544e+28
-2.021801511477079975e+28
1.220899368491445012e+28
-1.406947565647235692e+28
7.123060480484795056e+28
-6.033533789901925948e+28
1.874953021009867704e+29
-2.928470349474511400e+29
-1.608240232852700690e+29
-5.564795069922361859e+29
-2.700525127675072701e+28
-4.038740904564445779e+29
1.878159958740972513e+29
6.913574235177778489e+29
8.497701445105221779e+27
2.165365794526922870e+29
5.770110225222829342e+29
8.199242518395312617e+29
-1.424679050556364409e+29
6.041640729368653328e+28
-2.572990452334573485e+29
2.840139227682357691e+29
-2.964646617938008408e+29
3.411446733749676159e+29
-2.868033943504569597e+29
-1.866199003589496683e+29
-1.007352262304090630e+30
2.967396753366127832e+29
1.611162469840762086e+28
4.839487764309793345e+29
1.095717503156294916e+29
-8.033184356652874760e+29
8.070984089199199952e+28
4.266872799180480246e+29
1.127927431511581002e+30
4.359948431869070882e+30
-7.398235281437241051e+29
1.448423446055653598e+30
1.358318048187441110e+29
-2.051142749532849442e+30
-9.628777349538263236e+29
-9.605104074157175934e+29
-2.282401681941117950e+30
1.395913846043272015e+30
-2.774500046531769548e+30
2.030442756132696345e+29
-2.174616909073212160e+30
2.119234807491417147e+30
-3.116603729226789049e+30
-7.465904452516602873e+30
-2.336721027015159494e+30
-8.915330299896499233e+29
5.756693861204874505e+29
5.561123215116472355e+30
4.695576297103533940e+30
9.917806972103397943e+29
4.911424776244696830e+30
6.657518155585255843e+29
5.648656387906734040e+29
-7.288782766173050611e+29
-3.101434751661514728e+30
2.885890164635082715e+30
-1.967102988764524983e+30
1.862466684933380575e+30
7.767688876690386034e+30
-1.308735527989347301e+29
-9.424578042019728593e+30
1.821618653125557709e+29
1.221506512767889003e+30
5.412760730114793958e+29
-3.236340977881157030e+30
4.800877334782002444e+30
3.489594011423994284e+30
-2.383962363725696195e+30
-1.522755116722205249e+30
-2.334630088992867734e+30
-5.308963637158068125e+30
-3.350064300111972720e+30
1.832125978542705814e+31
1.471560031822038327e+30
1.400737542317485427e+30
-1.532871163695208204e+30
2.072438018168217394e+30
-1.350350585054305044e+31
-1.593893058997441877e+31
-6.495014979636615251e+30
1.644065717364524827e+31
4.005489394194967270e+30
-1.140420749645820045e+31
5.999054346370582870e+30
-1.344500024144537122e+31
-1.554095976320158477e+31
-3.485196719504032260e+30
7.242303164256638862e+30
-1.853398538693057478e+31
-5.923560035463476122e+30
1.046757251394934914e+28
-3.205861653473026448e+29
-8.812532023806631097e+30
1.920745388527436950e+31
3.148768384042638851e+31
3.424865289333717749e+31
5.024946351590213394e+31
-1.843274839562816235e+30
-3.535323787552001995e+31
2.125177471515632524e+31
1.784705379915325440e+17
3.709669721939527270e+19
6.343153846324040499e+19
-1.262349185914975814e+21
-3.824624170886897336e+21
2.527696107332219961e+22
-1.891596512640418133e+22
-1.410007810662101470e+23
2.204873366778185974e+20
8.902425211670695510e+21
1.638040273466131743e+22
8.153313593873496277e+21
2.671833859082439182e+23
1.810092806418007086e+23
-2.055612826590317319e+24
-3.816450782881760726e+22
5.021310035834532004e+20
-3.937619611139074477e+22
7.990324488567983073e+22
7.236595101046212468e+23
-1.427483728069371909e+23
-1.491161029911468057e+24
1.043002123175739109e+25
7.230228364113842449e+25
-3.358977212842415594e+22
-4.749165661904912463e+23
9.041019044438419807e+23
-3.222575433079785207e+23
2.496106389274518052e+23
-1.544475401503921626e+23
-5.601613375953317453e+24
-5.496452344928912750e+25
-1.622182483347344540e+26
-6.558126704748047578e+22
-6.910356757895660521e+23
-1.788322834111041548e+24
3.921430827525669640e+23
2.738821491971598246e+23
2.597140177020371482e+24
1.813612284639116461e+24
2.703446381605433773e+25
9.464839311716795936e+24
-1.779525247774612582e+26
4.649318871405897182e+26
-1.096399861817933614e+23
5.899451641890891459e+24
4.387106085392774941e+24
-3.730343320312397292e+24
-1.564408331070503540e+24
4.501493985373077367e+25
-2.324505511962306197e+24
-1.671584162511845612e+24
-2.630688216157982145e+25
-6.434339367342677938e+25
2.652662931875642645e+26
5.912095957989485129e+25
3.773316779294479541e+26
-1.756403423776795974e+24
-7.632914930791031002e+24
-1.744684107973221870e+24
2.683169409208742829e+25
-1.251672210066683347e+25
-5.999325773801108227e+24
-2.807975686789104816e+25
8.843290514927300668e+25
7.313674981387924759e+24
-5.610828370162649664e+25
1.646112698899645527e+26
-4.067020217732897811e+25
6.490365216913899534e+26
-1.124235896737435834e+27
1.442434615954010241e+25
-1.699889445515185126e+25
-1.337875500533854914e+26
-2.055549708826235019e+25
-3.853845985236978261e+25
3.095888307677773244e+26
6.858262639023596019e+26
3.762442595803882464e+25
1.463911031393069842e+26
1.029016098622396509e+27
-5.017895240863931733e+25
-1.210649529769240010e+27
-1.247224648331942673e+27
1.047238107112886801e+25
2.352544788236013472e+26
-1.193347503470776356e+26
-6.488570075904445672e+25
7.206257818602464944e+26
-5.132573986768715800e+26
1.615671311175752409e+26
-8.639351650206403899e+26
-1.205221001745640082e+27
1.331721091886067419e+27
-1.031932845916486229e+27
7.410190478550683475e+26
3.775077294397326780e+22
-4.182387224787156782e+22
1.171390761518849191e+23
7.732830147782986485e+22
-2.694952433951245609e+23
-1.193988217351442379e+24
-1.860249709105100861e+23
6.781910906907631278e+23
-5.620735622855811913e+23
-4.029843115423011470e+23
-9.179648625816215306e+24
5.228895044142849736e+24
1.559022532829000369e+25
5.779727881320897589e+25
-1.036368066820994903e+24
4.990589782693077091e+24
3.005143446914154549e+25
4.065900784917946615e+24
-6.315418738016289778e+25
-2.431642449754916382e+26
1.105153034302742477e+27
9.945974901668293644e+24
-3.182456647420988323e+24
3.601488212784554904e+24
2.028163292690612122e+25
-2.425855879808049991e+26
-7.237641834945345314e+25
5.042121117199462616e+27
1.285410289702175890e+27
4.978795888219514045e+24
1.791183318446343329e+25
-6.499700200908160708e+25
2.553817659948713428e+25
9.493688423628420223e+25
-1.124303698575556645e+26
-7.058870203765528747e+26
3.944116393187081984e+26
-3.629560901077154146e+27
3.161278560031621375e+27
5.267361133519132747e+25
-3.303997548267744934e+26
3.115449829428736647e+25
1.019771145295948522e+24
-8.616142956159330809e+25
5.346391711283991239e+25
-7.751301139284932699e+26
-1.082461967334404325e+27
-1.842600137691915285e+27
2.186868102517734340e+26
1.753914219337856673e+28
8.158676559541760874e+27
-2.249771009039638589e+25
-1.515882065100780006e+27
-3.074266018334077527e+26
-5.873058295769316033e+26
7.412872041784949195e+26
-1.541493004981463118e+26
4.741387462428621388e+27
-6.525352487406373355e+26
-1.142459384538799727e+28
5.924570352652327632e+27
1.053067650342511316e+28
2.779287409790025681e+28
1.177978550900374420e+28
-2.846647125909198731e+25
-7.183618931608630205e+26
-4.064058599745263769e+27
-4.047657905308017740e+27
3.866586058159074366e+27
-1.273328904257340729e+28
7.503281428158297656e+27
5.416257702727933186e+27
4.357484412721232612e+28
-3.917020771982666600e+27
2.759451025742807908e+27
-2.819927184819983080e+28
1.248903466973915491e+28
2.952602333695573979e+27
-1.056427397140906304e+28
-4.715916311738301282e+27
3.704442799017458547e+26
6.367422945055019076e+27
-3.531270545127015622e+28
-2.119692011772742575e+28
-1.763739313109543758e+28
3.968341961647337229e+27
-1.889902018894262214e+27
-7.864971943296580872e+22
-2.472163067579725974e+25
1.693026928918242777e+25
3.423907440338295752e+24
-9.744615323211424515e+25
2.337605348993470580e+25
1.966047945255395612e+25
-1.398925206622118654e+25
-3.609385201497212881e+24
2.737824414530197239e+25
2.054576743813278680e+26
3.586977973452446822e+26
-4.142492589102708049e+25
-4.475465298058676780e+26
1.887755772531923204e+27
-1.996081368998102986e+27
-5.102483911784056784e+27
4.443873936204108625e+27
-6.125045812910879464e+25
-2.868250423027246977e+26
-1.957284555126164361e+26
-1.225040493838714292e+26
3.720701688137913049e+26
-1.305091881956084570e+28
5.735486432236159426e+27
-3.708469195875830756e+24
-2.207215951672957948e+26
-1.399864010898108410e+25
-7.937219328078162561e+25
1.417676779646214327e+27
3.824929181760041505e+26
-6.530565940601997169e+27
-1.797720952707264549e+28
-1.767884747828311093e+29
7.468746587048365454e+26
1.044219521623445385e+27
2.139973854721134081e+27
2.626175695233105347e+26
-2.356317240064264396e+26
-3.695128264033302512e+27
-7.197006707472492781e+27
1.203492022486356665e+28
-3.858637362899044117e+28
3.559620447410817889e+28
-2.660137232531924357e+28
7.022833759208936257e+27
4.928136658604633548e+25
-4.103567556730395133e+27
3.006961181718776493e+27
4.966213925054725549e+27
-6.094544347537373477e+27
3.907119861159991223e+27
4.087513852368847964e+28
3.755312523980333678e+28
3.117249865296585993e+28
1.964240508843346240e+27
-1.829228569117998265e+29
-4.399203899134179872e+28
-1.044717098824580149e+29
-3.630194411052412531e+28
-3.770164205199872653e+28
-7.186500961224301707e+28
-2.947864462239413438e+28
2.049686682001586818e+28
1.387273024693247009e+29
7.135659818794538122e+28
7.006593162727411089e+28
-4.437100559648732338e+28
5.915675699459282947e+28
-3.799238366679978913e+28
-1.418332485181697009e+29
-7.380623338138814520e+28
-1.690044508447092619e+28
1.208328518290216061e+29
-2.342337635807199517e+29
-4.816412634713400787e+28
3.631911201632178564e+29
-6.425944807456648132e+29
3.059497747334519208e+25
-1.780684799372368400e+26
4.354253016525264657e+25
3.805988223734625826e+25
1.718902730576879047e+26
5.765329106873087304e+26
4.707706720300905898e+26
-2.410332819244573464e+26
9.074369774891642604e+25
8.325071169994826512e+26
3.395544404017685252e+26
-1.650584645596430768e+27
-1.937048102345584280e+27
-1.724710732006127843e+27
-6.735936154266543371e+26
2.698465022261363000e+27
4.933920415534996160e+27
-2.491945856017188802e+27
-7.250504926977523977e+27
-4.227336754710443938e+27
5.813567698063228587e+26
1.201389712537856080e+28
3.241792099077300556e+27
4.381932047075590916e+27
3.473595463357450589e+27
-3.217766082856865520e+28
-1.228886287873722847e+28
-1.438347901467456808e+28
9.576346230566953443e+28
-6.599391842379886161e+26
1.325021577454950519e+25
-2.635272332097147205e+27
-2.470864182880032306e+27
-5.826262560609432452e+27
-6.389936540476355793e+27
1.763158886711761621e+28
9.600203154538140505e+27
1.524724841986739090e+28
4.028227618752802304e+28
2.117535549203380108e+28
4.554074751537552748e+28
-1.688202992917993906e+27
2.440772073608322312e+27
-4.268512070520088700e+27
1.262631291458499900e+28
8.380645222217692345e+27
8.166628491736857552e+27
-1.801524920193262036e+28
-1.245665611111993795e+29
-2.340521173955011898e+29
-7.446005138338422544e+29
1.278249284048186921e+28
2.359090444719856350e+28
-4.362480017420524814e+27
-2.612965696611603049e+28
-6.562206092036510511e+27
1.070022804154130371e+28
1.814975578857490148e+29
1.977781865239618749e+29
2.989989056937642374e+28
6.233479151091709971e+29
1.056212691556413263e+29
3.864703351138214547e+28
-1.059028132291735311e+27
1.613886966149761868e+29
1.270821901539514244e+29
-9.700345226648040093e+28
-1.561840813781067353e+28
1.138682223593308473e+30
2.698400522383554821e+29
2.974952073347568005e+30
-2.792368547931956405e+29
-3.507027635792988077e+29
1.267389890059977123e+29
-8.378665907358935260e+29
1.815432805678864885e+29
-1.281847050749390912e+30
-4.514590881432114892e+29
-1.474766770449291700e+30
5.928820718290218350e+29
-1.111992363773711370e+30
2.494601771315252939e+27
-3.294024591413360392e+27
3.917453006953996481e+27
-1.639810882421736673e+26
2.230638146674270220e+27
-3.985833884449891577e+26
2.736523662735440267e+27
-3.174425782717550625e+27
6.056320146298704099e+27
1.312201892621305227e+28
-2.645821022659042649e+27
6.040087481452858076e+26
3.984083535820915501e+27
4.538542088525668233e+27
-2.031486301356493690e+27
-5.178368073634601736e+27
-8.296732336559637960e+27
1.893107461137588295e+28
6.351308174855451482e+27
9.493486586713127140e+26
5.868922211288539543e+28
4.685760866895812634e+28
2.161128142871958781e+28
1.347362946571457520e+28
9.418888287815916887e+27
4.347145250746322030e+27
1.966386758367234674e+28
1.154613940568558103e+29
1.985129962965040514e+28
-1.990806026012867079e+29
2.946029612636797059e+29
-2.080117360275822161e+28
-8.103547000380648393e+27
3.797611505706122669e+27
-5.128391844549658490e+27
1.514986430788244040e+27
-4.421616291177476482e+28
-1.218851851624611924e+28
-6.540444964670398226e+27
2.730974304871578183e+28
-6.098919387000561518e+27
2.307880343870979972e+28
1.791873233165101618e+28
-1.143702185644550121e+29
2.025742364221193768e+28
5.721514505728903499e+28
-4.237478273532136813e+28
-2.088973060968442226e+29
-3.584455754019046814e+28
2.708304710043265148e+29
3.697912507383902836e+29
-1.977346980643056526e+29
4.606998159558549061e+29
2.917903374378248836e+28
-1.204288139059628112e+28
1.828837353383284162e+28
3.100343121231121999e+28
-2.608876778444211594e+28
1.460745841927307601e+28
2.977345593604787717e+28
-1.571856785808769989e+28
1.478888101967683070e+28
-2.834988925216199369e+28
8.269338784645967217e+28
4.232764125620868992e+28
4.248997724750003305e+29
6.448861039191005908e+29
-3.218198448063725205e+29
1.143744487234111967e+30
6.630604021917995756e+29
5.574453115285990189e+28
7.864064713149314235e+27
-2.624790505277544283e+29
-2.026808042604058263e+28
-1.847432848095273536e+29
-3.979954959234921311e+29
3.852317112403628399e+29
-1.712726090211805460e+30
7.983403593871695056e+28
6.461663605769124910e+28
3.642006834652253433e+29
4.560452010275071040e+28
-2.723068311447108133e+29
1.211100482538311785e+29
-2.257138596418010429e+30
-3.302484914033386891e+30
2.384348533529109740e+30
-2.607275954696178918e+28
-2.548702448356830072e+28
-3.063079416807921593e+28
9.506303053935151109e+28
1.944135262547139370e+26
-1.193010150150269393e+28
-5.533067671158919435e+27
-4.276145298078563021e+28
-2.658680744711135350e+28
2.723523590491863801e+28
-9.415239346530116444e+27
1.963288186793021372e+29
2.395037404786745161e+28
3.313371092224482482e+29
9.664848128128830040e+27
1.817974099991753863e+28
2.565279739321117882e+28
-3.824940324807315853e+27
6.224689599336110521e+28
3.548731000538149591e+28
1.171168637300268876e+28
5.067074797626540372e+29
6.153355925533403022e+29
-4.028271846225183164e+27
1.361276984515522119e+29
4.319524143389617369e+29
-2.625834429732708845e+29
1.160729742179429373e+29
5.249215335245176278e+29
8.195034247798071139e+27
1.222758227743346069e+29
-2.062262995085400478e+29
-3.222249827431835338e+29
2.471352957000734316e+28
-3.582654696469108750e+28
8.636876320493266958e+28
-2.814135608605497882e+28
2.771559099847054819e+29
3.789040745592372322e+29
1.727955640951429679e+29
-6.838945546993046933e+28
-7.562871018823494597e+29
-3.206592603226854985e+29
5.931694157994689324e+29
3.437863403777413033e+29
-3.503582279125292103e+29
-2.649317505568604641e+30
1.330488479064417160e+29
-7.852381917833257481e+29
-2.576767106229264653e+30
1.367481599160871559e+30
3.492655603488879281e+29
1.414820435545847814e+30
-4.183308347013266623e+29
-1.993394656504895657e+28
-1.250376847381280418e+29
5.088031030003663915e+28
-1.039697166486539850e+29
-4.196742045020605399e+29
-9.303814379507906672e+29
5.325195640562368573e+29
2.596679337414018529e+29
4.807629302404925826e+29
1.611285289407815213e+30
-5.321290619742235505e+29
-5.270604165089820804e+28
1.889458666150004147e+29
-1.571727346376241187e+30
-4.868365563617414835e+30
1.194790093991755651e+30
-4.559896233648254282e+30
-2.682706503573766169e+30
3.690039956064951313e+30
1.484224118302840851e+28
7.993361261801123924e+29
7.469569544488519471e+29
6.800740317962371426e+29
-2.313285183524274232e+29
8.507352207697963453e+29
-2.891138700337956360e+30
1.725516159473997643e+30
5.983728092612028416e+30
-1.982845120362519864e+27
1.983206661415530831e+30
7.277783151020237050e+30
-1.141452005380470703e+29
-1.087691964704743636e+28
2.687311634128894341e+28
7.886036880357946593e+27
1.098573569142671659e+29
-1.269740560775892091e+29
-7.907172916216726777e+28
-5.260832191282526059e+28
2.730418072635576192e+29
-2.385519805308026550e+29
2.337109633949144569e+29
-4.352928448923341362e+29
-3.024664996061701446e+29
-1.018188726956598268e+29
-1.350048894858495153e+28
4.371089595246887559e+28
7.208763937610351038e+29
-6.754230948798814754e+29
1.479276854034634368e+29
1.200833348492647453e+30
-7.502649467551370777e+28
6.554045982485780297e+29
-9.359947143776043866e+29
-1.753890656544141410e+29
-7.002529224415882931e+29
2.461518966207759448e+30
7.847026499370724970e+29
4.902576376884021317e+29
4.042526517905544896e+29
-3.292993575669809320e+30
9.275507609271207230e+28
8.296622189590170015e+29
-9.391743032935593768e+28
-3.070420795665652091e+30
-1.655322835463846387e+30
3.520955343184374673e+29
4.488737391246209948e+30
-4.686285222425902548e+30
-3.439611675825619308e+30
9.388529718713505410e+29
7.368540994196688002e+30
-5.315035410683413147e+30
-6.339782850660772539e+30
-6.036126359380469962e+30
2.351044501143971640e+30
6.878670320271350619e+28
-5.889717267581342324e+29
-1.151197917025206498e+31
-1.079785182287978952e+31
2.072705162762969944e+30
2.392691508219767161e+31
4.302380915139012809e+30
-1.333223539777453835e+31
-9.353175576895657241e+30
6.407857532234188699e+30
-5.158201136841065523e+30
1.238008102356295869e+30
6.185023378164270557e+29
8.065930708932070875e+29
-1.714023818591721688e+30
-2.305035257580252301e+31
-1.846072337274240139e+31
1.119755712942253522e+31
3.122812352754811504e+30
3.461710000298868140e+29
9.050253639661359040e+29
4.570401938734772029e+31
1.998168099720290879e+31
-3.200582365871241832e+31
6.243503713894940417e+30
