-1.047101029097944000e+16
1.795101179246966016e+18
7.611505307544307302e+19
1.162967924694455910e+20
-5.071670792677228544e+18
7.978458891003266335e+20
-1.859243467089987922e+22
-6.551767665952035963e+21
3.057827367395025905e+22
1.813688024379455078e+19
1.289865910013575823e+20
-7.641429478940451275e+21
-7.617216661685576244e+22
9.811614417356529546e+22
2.706391725893394283e+23
-1.166915947417392682e+24
3.780975188742601555e+24
-9.792796527360703843e+24
-5.348355854609211392e+19
-1.409157621350954277e+22
-2.112125250455666793e+22
-5.068463549331108843e+22
-2.045744625192336297e+24
2.208225840384133583e+24
-2.146543289979044062e+24
4.278215550936169451e+25
1.516179312482462008e+26
-1.193969725657579520e+20
5.802718728964565212e+22
1.402989213177189803e+23
-1.410225947396028760e+22
-1.218600183756809451e+24
-6.483992099668578062e+23
-3.760493414681797024e+24
2.613316819793491490e+24
-2.491695688047745352e+25
3.068063635268862309e+26
-2.873306414259161268e+21
2.885645310400022509e+23
2.003753223502660626e+24
-8.829926820291104903e+23
-3.222518673742733192e+24
3.213036684715932485e+23
5.231241162047917304e+24
2.210843601962383027e+24
1.108319791829201898e+24
-1.974936920286802321e+25
1.855222070405001430e+26
-2.155646994630000397e+26
-4.988883119322894959e+21
-6.162624545434617512e+22
-1.806126848384520344e+24
3.712152128928966687e+23
1.747031489898769652e+22
-1.891566754200438614e+24
-1.632889545221265695e+25
-1.404775143840953306e+25
6.866557381029806817e+24
-2.306829376287340029e+25
-6.593717591420093812e+25
9.790708692321710165e+25
-3.742515331997228254e+26
1.095677721673016926e+27
-4.351853555939657174e+22
1.496341136870512953e+24
-2.235917136768190309e+24
-5.179266086878595296e+24
8.285472113351925390e+24
7.723574489514958797e+25
-2.170176627618567646e+24
-1.804568651415480846e+25
-1.372311421931606914e+25
-3.988546058052170002e+25
-3.048442492260152109e+25
-2.282923700380557413e+24
1.278894564840812150e+25
-8.981357507071393776e+26
1.103141099435277901e+27
5.283134939604170729e+22
1.958799809044501697e+24
6.994734700744795937e+25
2.840529105181020301e+25
-1.580786909330398449e+26
1.033936212027350123e+24
1.182609247841002312e+25
-2.923218817824744127e+26
6.182990654998160164e+25
8.445239196523808855e+25
-1.092264884539165668e+27
-7.982355454393024209e+25
-1.306147246290992998e+26
-1.839395286568723167e+27
1.644120407231031358e+22
6.036135406250116665e+24
7.255122143693195815e+25
-3.825047618339178547e+26
-5.296297977980602178e+26
2.748364714569090221e+26
7.917543455034549551e+26
2.386398586422017835e+26
1.229216913251938136e+27
1.766877909877326675e+27
4.294264219648162413e+26
-8.737750106089234056e+26
-9.696919991561222651e+26
7.190627827401090662e+19
-2.007327175806799577e+21
2.072756550536716616e+22
-1.821569607478112420e+22
-2.544695851511265016e+23
9.316256915059883723e+23
-5.137164158075516276e+22
-8.685857300837706519e+23
8.032362961326478239e+23
-3.093899498076505691e+24
-7.036289543983847380e+24
-1.314916747613232869e+25
-1.312561270075473912e+25
-3.883170742071843988e+24
-6.643014175481836325e+25
-3.848617664202353279e+25
-3.647452910504656786e+23
-6.025473525905529053e+23
-2.904006215345013816e+24
-4.053782992480980345e+25
-4.348035592603476084e+25
-2.043375840968145233e+25
-5.334199750328618337e+26
7.677701142786710952e+26
-2.736568380640836861e+23
-1.157682223689115758e+25
-2.010428962467673383e+25
2.950309138265029224e+25
-1.457023286947845924e+25
2.635756934294337672e+26
-2.160101261327849659e+26
-4.376724844245764086e+27
3.830461711385392095e+26
-9.267977714147215370e+24
-8.923013917603733118e+24
3.999229424586038446e+25
-1.387396949477677951e+24
2.693932303308370731e+25
1.646654392791484853e+26
-7.018357644358473431e+25
8.180648340194471505e+26
-3.312343554553274971e+26
4.891156767771612138e+27
-8.555125440858469573e+27
2.191835786738068011e+25
-1.213137817606543935e+26
5.952690388944487794e+26
3.513361636668531343e+25
1.771121291438980471e+26
-6.421872951837046278e+26
-4.981042690191862179e+25
6.592767777052727291e+26
2.471230384034528590e+27
2.435895979004435907e+27
-2.163987700070158298e+27
-1.890138657600239782e+28
-6.996698147878840065e+27
-4.487971331651292355e+25
1.285916306415727168e+26
1.068883827511981300e+27
6.133915762217991112e+25
2.751500422186682360e+26
-1.307541060046545936e+27
6.961166585583558037e+26
-3.324235095698488105e+27
-5.100799193599438731e+26
-9.332570461582230547e+27
4.065034961856446473e+27
-1.190453572316278309e+28
-1.103501281381037864e+28
-1.080657084540816939e+28
-1.606878787194942393e+26
2.216952379489153180e+27
1.751515406192452113e+27
5.204232998814486065e+27
-1.932886123859879129e+27
1.054404632659481636e+28
-2.424679265717442951e+28
3.814975558469645953e+27
6.342350540185659831e+27
4.190358814563649168e+28
8.230175745902878837e+27
-4.878774322436584663e+28
-5.216771350261683067e+28
-8.069314575317857079e+26
6.794734632657022741e+27
3.489107794105915919e+27
-2.703878761869564486e+27
-1.840627901879025812e+28
3.309980075349759880e+28
-5.511981947394916714e+27
-8.826463751349199918e+27
-1.298124975500658964e+28
4.266945057071523142e+28
-3.642338079469880107e+28
2.566360358800375693e+28
-3.246334712108499107e+23
1.998776163670190618e+24
-8.817826921754026951e+23
-3.036453221844984806e+24
3.555401476816045024e+25
-2.707331183192265586e+24
1.283567984240849167e+25
-1.453192457725761153e+25
-8.127110955333285858e+24
6.668085099649111352e+24
1.184944052920623648e+26
-2.518478050953824370e+26
-1.250538999493615144e+26
-5.409145325285610251e+26
1.273186105249721523e+27
-6.200709952921864173e+26
-2.646068514476025574e+26
2.936323214862257753e+27
-2.032511580373647945e+27
-5.442079131903948681e+27
-1.757448334954845169e+28
2.123751534339746561e+25
-1.720194453461097606e+26
1.390245071957482034e+26
2.516673940794137068e+26
-7.835045547596700127e+26
-1.003784556057380973e+27
9.129443151623753761e+27
5.129815698682022988e+27
8.217988524032598636e+25
-7.519956960587761349e+25
4.661170971912006043e+26
2.562803926970583968e+26
7.052360596747747133e+26
-6.428733016331890336e+26
2.127457118680894951e+27
-5.056751785853077502e+27
8.849416391159940559e+27
8.087430735970099305e+27
-5.948887025304545709e+25
1.357857307072772867e+27
-2.204741832294011937e+27
8.605253902242892248e+26
-2.662798367040698075e+27
-1.574915741690097435e+27
6.503418888686632269e+27
-7.215931992711127846e+27
-9.111295582499969244e+27
3.596138033836591167e+27
1.436729137010173608e+28
-1.820270447606115971e+29
-5.356235916523601616e+26
-2.826532164029311893e+27
-4.059032255703898104e+27
-5.999475624319027096e+27
-7.592453028858454733e+27
-2.093150363286900534e+27
2.459816922177522440e+27
-5.385251856017519306e+27
2.604273224551604381e+28
9.528514819965424549e+28
2.641830627786502417e+28
1.651496637654639589e+29
-1.524641428541933888e+29
-6.912545983398588282e+27
-4.075616228609933078e+28
4.468002557519975981e+28
-2.507700264916227536e+27
-2.050033055403113957e+25
-4.534623412523589311e+28
-1.486901360463711763e+28
7.617003806675463708e+28
2.309880205045179129e+29
-4.733180742642810130e+28
-5.359005044759224467e+29
2.863566613667630399e+29
-2.810202728086839680e+28
-8.152981842085883809e+28
2.342972337967724475e+29
1.848893145332988981e+29
-4.477009043653678515e+27
4.199929153871068634e+28
1.378111587253948387e+29
3.750709537229300566e+28
-8.753822373593712117e+26
-4.340904204452178949e+29
4.831306751672377369e+29
2.729946031003999769e+25
-1.128459604210922947e+26
-5.739427630843774223e+23
5.222773203684802019e+25
1.847746325138792303e+26
-2.001209660366691948e+26
-5.382202877921841420e+26
5.808243680280664174e+25
-1.414528544524876588e+26
-4.779602788287280289e+26
9.513264396037656176e+25
1.125103157932426479e+27
-1.406963106121486062e+27
1.777434381618819652e+26
-9.946978998475903765e+26
7.672310234917228802e+26
4.329176562784201766e+26
2.365656327994309197e+27
3.435810594237842043e+27
1.174167941467863420e+26
9.106561595140862748e+25
-6.884368231569081339e+27
-4.479289705107806891e+27
4.264738757269685827e+27
2.742419925599685489e+27
-1.384282362167780319e+26
-2.556632209068126029e+28
-6.887834324544974289e+26
2.530306115359095592e+28
1.381309839613666336e+28
2.074142227026418819e+28
-2.858015553142758854e+28
3.223256686914389717e+28
4.460572908426142487e+28
-2.769773616351464327e+25
1.329223889683623699e+27
5.416990360979670717e+26
1.954290662071794811e+27
2.503804353881413007e+27
4.206807047661773063e+27
-3.665952878458599179e+27
-1.610861758589106348e+27
-1.415839184480250660e+27
6.904029574326226434e+27
1.332820383094841462e+28
-2.333634661189377368e+28
8.077472099206938561e+28
-1.867791367754975264e+29
3.521629996351181305e+27
2.261250978090842682e+27
-5.101910600084881891e+27
9.485997497473988768e+27
-8.866446019466703580e+26
2.689599998159983796e+28
-8.961332211506698250e+27
-6.129740104636413469e+28
4.546019131514312631e+28
-3.549430642751949478e+29
-3.983243035586553747e+29
-1.424036291336107673e+27
-1.034318033580611246e+28
8.724386130252599021e+27
8.938851088674198421e+27
2.532468747415954316e+27
-6.368609739750320652e+28
5.554672182407599336e+27
1.332171500789299738e+29
2.201433502577071927e+29
4.934532818227581783e+28
1.667063355961503615e+29
-3.563362324061221504e+29
2.803899063712523639e+28
9.086484932933870070e+28
-3.943866499348879457e+28
3.708615875397094706e+29
-8.435606963173136700e+28
-1.504621440689091823e+28
2.902222276229108948e+29
3.730975738445162834e+29
5.341529345116327946e+29
-1.722840588250136916e+30
7.430947345125460387e+29
1.730333722112831139e+29
-2.111461240064770937e+29
3.355734702337079597e+29
8.158868851742292839e+29
2.209273345659738776e+29
-2.148134999067083119e+29
-4.587162726436567899e+29
-1.081981268391547852e+29
-1.977339867620591461e+30
-2.800053375136361304e+29
9.057197512702344869e+25
6.439783909984242085e+26
3.212236209976001747e+26
-1.057839956416726420e+27
1.547636555921673263e+27
1.554799038616863716e+26
1.944397442253854936e+27
-1.237205614572325963e+27
3.916048031482071709e+27
1.484388921630273068e+26
-2.136198997141771388e+27
-1.649166677627706163e+27
6.952292179347524375e+27
2.956235244046949430e+25
-2.299487969383105087e+27
-1.263090089368142677e+28
-5.416059967619811688e+27
-1.295496966487076666e+27
-6.418359193762674751e+27
-1.096857523705860873e+27
7.328643119654069086e+23
2.449084269624934418e+27
2.424390840251075921e+28
3.579050312591850877e+27
6.413405661546972183e+27
-3.548337473236077457e+28
-2.050348600750639084e+28
-3.717891072814739802e+28
-5.907570906528329107e+27
1.204536270968322379e+29
1.164491965757590661e+29
7.135972934586864640e+27
1.061925952321854204e+28
5.455693150274320407e+29
4.413757099973957806e+29
1.299043939256878350e+29
1.253953819712243583e+28
8.912038343841339112e+27
-4.458135151854178261e+27
4.416111681028042163e+27
-2.481472028625477607e+28
-1.444818334591774505e+28
4.803113368566056711e+27
-8.622711079229092858e+27
-1.599203247365125057e+28
3.405188656356719479e+28
2.946288085950278826e+28
3.481385328232574466e+28
6.158821969598677835e+28
-1.755551154064090957e+28
-2.327345373251881587e+28
1.444576891777272189e+28
-7.866728359356705599e+28
1.139573122793041797e+29
3.144749483443614173e+26
2.548653823675759988e+29
5.786350676560683961e+28
-4.755346514081007711e+29
3.255392193480916793e+29
-4.806485586656891808e+29
6.899606650106891463e+29
-1.618043262357955170e+30
6.896600929712150743e+29
2.940765759399740256e+28
1.522106810272215830e+27
-1.585790030564656040e+28
1.856093031684191950e+28
4.169699812816584702e+28
-2.084371267073156471e+27
-3.281878089984997671e+28
2.152632050314135368e+28
-5.896494612094062997e+28
2.447626599824684108e+29
1.503810121052439967e+29
2.322858524774903305e+29
-3.368105537645333155e+28
-2.577003227382570266e+29
-6.177053075292274024e+29
1.243378810083726048e+29
3.979854730306038073e+29
-7.120970406745193264e+29
8.617807839079971256e+28
4.073638587954991619e+28
-3.824193112778928919e+29
-6.545087417284754643e+29
7.248086648071736659e+28
-7.537215575582408200e+27
-8.975596729108288269e+29
-7.044053721760907818e+29
-2.070413654942081698e+30
-7.247442262975136589e+29
3.332788505071108549e+28
8.307960189486753271e+29
-7.469136397201533608e+29
-2.099876849129903097e+29
-1.372260039634101232e+30
-6.350764292573348007e+29
3.686836066399933314e+29
-3.014469028244665300e+30
3.240749803181341756e+30
-7.830422351620786628e+26
-4.520580406649693473e+26
-1.138975226376563007e+28
3.442854994745817827e+27
5.064920717041956416e+25
1.763551465630035895e+28
2.570155694466982593e+28
-3.024606930904229528e+27
4.545677161150701154e+27
1.756839185686146602e+28
-2.203789046449411007e+29
2.375346391498474711e+27
-8.601819477030950650e+26
-1.959340397947844975e+28
1.501956906191478399e+28
4.809736758010345178e+28
-1.922533407825553060e+28
-2.762889608251503385e+28
-3.484620639063298852e+28
3.184630306827198665e+27
6.712427644689426210e+28
-1.057090906325316115e+28
-4.954327963642950369e+28
-1.409734378582547377e+29
1.127178905660772612e+29
1.575110532200115404e+29
3.374230283505102173e+27
4.708010175385158172e+28
-5.936532044068993809e+28
-4.260304161825114593e+29
2.460186499597927821e+28
6.170857165203998528e+28
1.835429613886941803e+29
-2.259389296920210964e+29
1.146804694638344361e+29
8.956599090784665283e+29
-8.434568587729051721e+28
-6.488377036788404301e+28
-2.388483311927569551e+28
-2.054743595032280517e+28
4.596012926489846836e+28
-7.737152177784407565e+28
-1.394024152066433390e+28
9.907207377030974543e+28
2.877405441278233992e+28
-8.203591434235540563e+28
-1.002053052116079674e+28
-4.677144585571406949e+28
-2.508120056199149273e+29
8.485904314600380867e+28
2.037230632680120032e+29
-3.095086921293869968e+29
6.390071339586172234e+29
5.129610151050650558e+29
3.878737126710229032e+29
-5.003694585614639794e+29
3.898716891602173043e+29
7.949440605337755960e+29
-1.055492115930046131e+30
-1.127279852885212139e+30
-1.345741436518781779e+30
-3.070299770586426549e+28
-6.411862017682291113e+29
8.046790396072591080e+29
2.122260157068094800e+29
2.552413506878769254e+29
-1.524655371557356320e+29
-1.466123330846171249e+30
-2.517934279514328841e+29
-1.458435184662836142e+29
-1.053859938762228692e+29
4.099544061405976935e+29
-1.944211064252992199e+29
7.266150604391525550e+29
6.060752980871970400e+29
4.352485602134839060e+29
-7.959116388832957603e+29
-1.656733018192183085e+30
1.291485018720512563e+30
-7.725723871544491760e+29
-2.703905199425255056e+30
3.339796598756576104e+30
-4.602689968301517149e+30
-7.305754911342253234e+30
2.416417392863333534e+30
1.211296617611539601e+30
-3.758001209318238378e+30
1.139508519816275037e+30
-4.247597951433392683e+29
-2.532109135175300365e+29
-9.424245781328904207e+28
8.521159109487008374e+29
-5.437884044106729664e+29
2.905413610697000757e+30
1.636321185513343068e+30
4.843446429399785319e+30
-1.592206915091211830e+30
-5.053317204021142872e+30
-6.721076045782032306e+30
-2.233367404450020900e+29
7.540381322616073128e+30
6.643042730870671326e+27
1.953013683670588175e+28
6.655724626130195884e+28
-1.671696775887963262e+28
3.349005744057829416e+28
-1.136631100501126775e+29
9.204298802617988585e+27
1.201493835067618153e+28
-6.397027843049718815e+28
-1.880241604204392094e+29
2.067746694961465411e+29
9.429219762120413920e+28
5.259090570848767146e+29
1.922292545312771834e+29
-2.776743991066914330e+29
-1.079958638773292767e+29
1.505213237915390982e+28
6.085633228330123313e+27
3.101119577236797281e+29
3.061216397978960895e+29
3.099333408336768583e+29
-2.288899869349029068e+28
2.244820170429847926e+29
-1.047616200908343298e+29
-1.110256638570886553e+29
1.866899956673259344e+30
9.078918781107869813e+28
-1.190550460268252231e+30
5.501170707821050514e+30
-3.027463402936894128e+26
5.669258752426369356e+28
-1.177597965902799593e+30
-2.115096084352166479e+30
8.487249757538559425e+29
1.948138265991339904e+30
-1.531155222628333862e+30
6.935631700313610349e+29
-1.699522760856945267e+30
-5.496084663329893910e+29
8.168321349826911430e+29
4.067885909308465682e+29
-1.281855186649272594e+29
-4.997594669050614335e+29
3.607281751990885207e+30
3.414400107792021606e+29
9.896975007768078097e+29
-2.485915137950063822e+30
8.720091226667745801e+29
-3.540466149058387350e+30
-2.078726118097905387e+30
2.963257082839712998e+29
4.934316483110293323e+30
8.400453361807777316e+30
4.836823746798906291e+29
7.056923647963468128e+30
-4.295909320279064886e+30
3.943886299604685270e+30
-5.520453602235826380e+30
1.293488656329727771e+30
-9.837786632674000322e+29
-7.977447446162364482e+29
-2.481760882946139885e+30
2.765900535646865616e+30
1.669975082419281691e+30
-8.450981998371070830e+30
-8.524238242838036937e+29
-2.889361533538820520e+29
-6.877071242610455612e+30
-6.911003256228190610e+30
3.990060482013086498e+28
9.667049810172938637e+29
-2.139921241620860519e+30
-1.106537847576059977e+30
7.989412029627811804e+28
2.172072662233362735e+30
8.837607443306194581e+29
-8.461714806494684662e+29
1.141916524896103592e+30
1.183479578012475538e+31
-7.149566768514621954e+30
-7.161659819824997633e+30
-7.221410290157802678e+30
7.989777793982656671e+29
5.855267998075766275e+28
-1.650991099070069246e+30
-4.488158039957318879e+30
-5.629794456663993598e+30
-2.206702328778011008e+30
2.023934769160421358e+31
-4.886473422536735448e+29
-2.129964039422234185e+31
-2.247551849602939113e+31
6.838060246777247445e+30
7.913376085253534774e+30
-2.898460622531935876e+30
-6.360750067096504606e+30
-1.098386792943539975e+31
5.534933062929336615e+31
3.388029666236476010e+30
1.753307256042627230e+30
1.485109494974263014e+30
-4.567854376360982481e+30
-1.719405888723060893e+31
2.530449526015660191e+30
6.512187839882001204e+30
1.849750318199072487e+31
-3.373481820798418044e+30
7.510346811596493760e+30
-6.464438834532520960e+18
1.029778962384675471e+20
-2.924975929935762883e+20
-1.491186279766660481e+21
7.123292238897376920e+21
-4.806797304367938535e+21
1.160758264850338231e+22
-7.016523064802435452e+22
1.032535842874666189e+20
2.745616715973290099e+21
-6.664413785875601057e+22
-1.763578534351556533e+23
1.562448526115396659e+23
8.111375362076490355e+23
-4.566055340121517378e+24
2.153700243141594377e+24
8.067981928358878380e+21
-4.860423979926334472e+21
-1.553992760753212149e+23
1.481724862277722940e+24
1.436365207199268236e+24
-7.610177973381163804e+22
-3.560517815533995829e+25
6.908106906628442806e+25
-5.392119342181765454e+22
2.228305026600661061e+23
2.592585182071478110e+23
-5.130234537131442239e+23
9.942666689324306032e+23
6.146658584105826365e+24
-6.497025231288856910e+24
1.055509491959500581e+25
-4.538556704823520724e+26
-1.203180521465807655e+23
3.470901284903324301e+24
-4.169315836904979877e+23
2.627867335597736046e+23
1.035352032924313818e+24
-2.172219443004543345e+25
6.454749788883798903e+24
8.314230980958128754e+23
-2.481217272271264925e+25
-2.072735828799200597e+25
-1.357081108629872740e+26
-3.944892430866749787e+23
-8.114214296289356806e+24
-1.864614414409617476e+24
3.379754988997968191e+24
2.655751998464993400e+23
-2.309609277010326511e+25
1.281868214699949283e+23
5.088556732078242373e+25
3.570247162425365173e+25
-6.105226337930140579e+24
-8.159221549460755616e+25
-6.021134365705930841e+26
-8.949191922275617642e+26
-9.070966716306749663e+23
-4.432993890891560200e+24
6.172743532934720825e+24
-6.604417167644620118e+24
9.659121043663991031e+24
-1.275786273231101943e+25
4.398178257528316902e+25
1.150068068887633225e+26
-1.124081821341209527e+25
-2.215968931479426345e+26
-5.313076908850254617e+25
-1.561976139262759333e+26
1.597221079580189852e+27
1.003165806686220397e+27
4.094922699461424797e+24
1.192113603630513190e+26
5.860687276972021183e+25
4.964779614284694459e+26
-1.077562051098356592e+26
-3.086992016248729579e+26
-4.992158522672296014e+26
9.541670025456313159e+25
-1.390195080723823017e+26
8.219722734312250755e+26
-1.440664380396524852e+26
2.659983792187514256e+27
-2.084140019466077491e+27
2.872594565088430640e+24
-2.563377640654841525e+26
2.692689859072477763e+25
-1.659101151168962523e+25
-6.189033714547802463e+26
-4.634451569403959908e+26
-2.821625266416875781e+26
-1.019445123663824763e+26
5.453560035626780635e+26
-1.326055376919196425e+27
3.398487658011902395e+26
-2.191659817757050064e+27
3.404187100531866888e+22
5.813642109336342338e+22
-7.470607480875647815e+22
-2.232552929739803973e+23
-8.546813733680965485e+21
-9.033265029091510777e+23
-6.582791666455929432e+23
-2.344150801718556372e+24
-3.039637166299040690e+23
6.629814258573282216e+24
1.819604144006201489e+24
-8.939997038052261249e+24
-4.401092264618244576e+25
7.105887176321725783e+25
-2.714515778475768666e+23
5.880528472622955894e+23
-8.937978573603113603e+24
-4.472328670304637315e+25
-2.362929009461832760e+26
-2.150207031842007145e+27
-1.760218701429653806e+27
-4.057403084145037133e+24
3.146727284989887898e+24
-1.002984081900564182e+25
1.556243893461773770e+25
1.186972496262729878e+26
-1.102502849125661484e+26
1.937228533894125308e+27
6.954721785077077811e+27
5.997823206748592863e+24
-4.399644176530270953e+25
1.915203826175108037e+25
5.820000196982110430e+25
3.051308066875324511e+26
-2.270140395133256331e+26
-5.013209237440698973e+26
-3.697827385093416333e+26
-8.561753520116777941e+26
1.182493230366695442e+28
-3.851604560627331838e+25
-3.744183930984085125e+26
-4.816189057981481277e+26
1.353742850798726285e+26
5.422827885670518132e+26
-1.025750652386420810e+26
-1.331673014690071375e+27
1.974565992056459697e+27
-9.280030187748417260e+27
-1.578530301298287450e+27
7.563402496220842342e+27
-1.243107130317285704e+28
-6.894764344995161124e+25
4.993013476273078244e+26
9.277804323490347144e+26
1.070842305840768987e+26
4.052336105068131667e+26
2.476385757315103939e+26
7.230822310913529174e+27
4.400673294572342808e+26
-9.978246090103192181e+27
-1.262090569803464044e+28
3.618364444432684986e+27
2.030568323892905126e+27
2.092192439589188309e+28
-6.929682426684967593e+26
3.584904282401797908e+27
-9.654405235460072871e+27
4.544671344075656342e+27
4.566238043853872520e+27
-3.087627665878390850e+28
5.247922065928665422e+27
-9.671200746717417761e+26
1.820596661138445083e+28
5.699671154103511614e+27
-8.989966443543803647e+28
8.798451170714144315e+27
-2.246338284073370273e+27
1.162364155525231281e+28
2.813929455089459575e+27
-1.849555844240550732e+28
-4.439493655567595761e+27
-4.853137658563773052e+27
8.089517480657428820e+27
1.751704326915360292e+28
6.723451339496681030e+28
-7.362908116159840720e+28
-3.453604249674794040e+28
-8.288574079487574226e+22
1.258027004694462401e+25
-1.310737329804516189e+25
1.165837273390317076e+25
5.155656071745409721e+25
-5.768188386537663774e+25
-3.009988158557310516e+25
1.320542105503128227e+26
1.916500790807742343e+25
-2.332309546021227552e+26
3.604600436631728282e+26
7.454787364336021666e+26
7.072180940861853792e+26
1.936430159354299744e+27
-2.541884531201043983e+27
-6.007891756942733205e+26
5.138772274538476724e+27
-1.614731007571259954e+28
1.320066350592501457e+26
-2.156060373620444125e+26
-3.128670075662862550e+26
-1.492191138663820698e+26
5.393273726622365381e+26
9.040767854441798703e+27
3.750551608733587062e+27
-8.349249026920478148e+25
9.385710182739989108e+23
2.650178392463926829e+26
1.034477027026623099e+27
-1.147972522307410889e+27
-4.873711512867385852e+27
-3.245907844551364977e+27
3.085018689822491599e+28
3.147148821593534284e+27
-2.759515028654365312e+27
7.381066746555208996e+26
-2.713585044377482710e+26
-2.242851705237466616e+27
1.524141822132350991e+27
8.352327204013064889e+27
-1.125829256048518063e+28
2.806593956370604823e+27
-2.037995853405934529e+28
6.514652782105390303e+28
1.880151608615522841e+29
5.193368668169044897e+27
2.046133221654220341e+27
-1.072373513185984582e+27
-3.182012581057493839e+27
-3.954166366066386964e+27
1.749520835259372824e+28
-3.943450881511626816e+27
4.384495464297469993e+27
8.709730568620258183e+28
5.140415820013801991e+28
-3.228461475298286274e+28
-2.568065482853373625e+29
-1.555084671426699104e+28
3.323915447882218601e+28
1.525128457029087352e+27
8.230656083605536803e+28
6.328876150817868381e+28
1.631594555118792600e+28
1.330723425252403629e+28
6.340889807895551460e+28
7.922361498828760176e+28
-3.866264896952128901e+29
-7.830319667835798173e+29
-8.499413970738028672e+28
-7.963608729347531116e+28
-2.251992866618358716e+29
3.894171418516484559e+29
7.987336979864866857e+28
-1.578002544801155552e+28
-6.268567844628540064e+28
1.919016283930959291e+29
-9.758981520985627391e+28
-4.322236553161968073e+29
5.808931579514896859e+25
-2.648229180917486055e+26
-1.869989775867760582e+25
2.620524163107176051e+26
-6.617999723623637017e+26
2.612122462296167669e+26
-1.564552406193313561e+26
-8.006418514030155461e+26
2.044208862703375988e+26
-2.735150286633127655e+26
-4.080538904148277858e+26
1.600302752438727033e+27
-6.057694898664624332e+26
1.155884746662755751e+27
-3.025158327838915116e+26
1.310838667058448072e+27
-3.617283998402312905e+27
-1.276567479119129247e+27
-1.784127859782892454e+27
4.747426147278502971e+26
5.545637865561600338e+27
-7.792734322680159949e+27
1.920966177770642115e+28
2.018575880706725746e+27
2.228527119178393334e+27
8.212873733290457046e+27
2.131956423586897048e+28
5.887294748598286164e+28
-1.257472759212264125e+29
-1.336999044547744357e+27
-1.889010556221874183e+27
5.214906162592540238e+27
5.251610865205534103e+26
4.129133480003663743e+27
7.906080196115387115e+27
7.990535427245512376e+26
1.555453644044030066e+28
-7.158061850450748109e+27
-8.197205772379628396e+28
-6.202204666568770779e+27
-1.643111173169425400e+29
5.011869058317145990e+26
1.226940937180456237e+27
-1.349281121509442989e+27
-4.061489534896986223e+27
-8.088132279629931477e+26
-2.751221449854527578e+28
5.662982706431103391e+28
-2.328765067169177713e+29
-2.093863644937796886e+29
-2.059431262663246306e+29
1.348676733174647786e+28
-6.916995304470219786e+25
6.287152353217056743e+27
2.864045274381316635e+27
-8.999209992630292057e+28
6.417256266459590315e+26
7.561021547480821374e+27
-2.099385371176445551e+28
-5.699609536270067003e+28
3.587336700611797413e+29
-1.225385549724428253e+28
-8.906309424010225158e+27
1.431966849378410602e+28
-8.896113818231805203e+28
-2.295091350522319587e+29
5.436586350698833694e+28
-7.878921218446632935e+28
8.105527920584873366e+29
8.368582328158556701e+27
-1.584248161726850782e+30
-7.057363429137011366e+29
5.084094696188157038e+29
-3.421314767851995572e+29
-5.353032614409186683e+29
1.167536325033419591e+29
1.727284627505029671e+28
-6.170739968543511887e+29
-1.019428680964243579e+29
9.929715864048769883e+29
-8.117287732263804071e+29
3.433153326459395005e+27
3.917102762260466336e+26
-1.013333813964818450e+27
-9.625362885263139277e+25
-4.021172950549696910e+26
-2.157230323381468791e+27
-4.142165208345324427e+27
9.031466440840546533e+26
-5.290962439164974145e+26
1.714517504324578254e+27
-1.020449185589349859e+27
1.335433957586494101e+27
-2.778608074411592814e+27
3.377367614446955641e+27
-9.140052792815873812e+27
-1.210799923689037687e+28
3.817613895818353337e+27
4.497923560456752423e+28
3.698174182799943818e+27
-1.362332641481566182e+28
-7.108186530421834652e+28
1.353828353692701104e+29
7.314571064832184301e+28
-2.912037161442224882e+28
-3.291569984528199480e+29
1.433392072564139317e+28
7.552606398944011049e+28
-1.986026424210946574e+29
5.094137673725182423e+28
1.743808450889921311e+29
-1.093648133126104795e+29
-1.256107747976997231e+28
-3.017496651194583629e+27
1.104076020678460959e+28
3.568060547201565002e+27
-2.926597554556797917e+27
-1.153231859576723725e+28
-1.740447877718367805e+28
2.562072787101441282e+28
-8.731890761145806676e+28
1.521878033457884537e+28
-6.148880033241096355e+27
-3.057633715385227913e+28
7.026297342234094420e+27
-2.632190364288547669e+27
-2.066283006932410480e+29
2.492265616414717394e+29
1.017153545002726193e+28
-9.897555333460335572e+28
-2.747276801158231380e+29
4.320402692378701346e+29
4.429180055613132708e+29
6.770380731104421675e+29
-7.636121718034885633e+29
-9.624287909834597381e+27
-5.444607826622643364e+27
-4.350391318827919266e+28
-3.537337097085250935e+28
-1.742377712716220064e+28
-2.818280670007838658e+28
1.250678468628493851e+28
2.273390343130510409e+29
-2.604793723801985051e+29
-4.828501726640045007e+28
4.468432049384121799e+29
2.123077865716057345e+29
-2.690136422865253390e+28
3.331081130216978594e+29
-1.264253456075193722e+30
-5.761182965390927904e+29
-1.954182174996934583e+29
1.024232848542113792e+29
-8.764052669121336435e+28
2.756247682571876728e+28
6.506976564683245834e+29
-3.220574171707818494e+29
-1.736618873647360101e+29
-2.367826116643006882e+30
-2.619584089029328612e+29
8.777763629260603493e+29
4.031864402656087418e+29
2.896134452116715632e+29
1.822143297242556060e+30
-4.849468198988221758e+29
1.641578393493748350e+30
3.677203959153417545e+29
-1.697796995575772354e+30
-1.578587722582665793e+28
1.440218100950041886e+28
8.605299539766162409e+26
-5.879114976472510114e+28
-4.046017264869401372e+27
8.299754933133281438e+25
4.701416981219156721e+27
-1.434405768335290034e+28
2.813226595035858846e+28
2.894281134252672884e+28
-1.126729320950569745e+27
-1.808335105645574436e+29
1.752538888963828987e+29
2.801380552764805373e+29
1.281896377730152263e+28
-2.553149447237535798e+28
-1.049731533433817484e+29
4.692342009156309707e+28
-5.909625459823789789e+28
4.411205198375981015e+28
-3.926202932807198055e+28
5.016561351693607541e+29
8.540095386770048615e+28
5.708895463333804612e+28
-1.410508533397649125e+29
4.026450986678561081e+29
1.152968117099190128e+30
-6.542363315946867612e+29
1.253711162067913006e+29
1.260632940124870769e+29
-5.850718225114096043e+28
-6.698156124757969743e+28
4.584991804078497654e+29
-1.475432306832298418e+28
-1.394843915503376144e+28
-7.579745720851124449e+28
2.461879884090738335e+28
2.525775587159258277e+29
-1.114404955172208905e+29
-7.288415242348665481e+28
-1.508878990504086357e+29
-3.277693457112574790e+29
9.618943084435381038e+29
-3.225814904311673796e+29
-9.103150530098375913e+28
3.829271341710252855e+29
2.625813288273136213e+30
4.158181207467643999e+29
-2.443130756463796168e+30
-6.414931823045642186e+28
-1.446179675681693318e+30
1.212357614790377600e+30
-7.958166067312065323e+28
-8.743561099239313992e+29
-3.403416354185819093e+29
-8.202183795328233949e+28
-2.453505908144556503e+29
1.028204886523756062e+29
-1.916684104746653353e+29
2.897967764246184170e+29
-4.367048260130494200e+29
-3.472734871607339112e+29
-5.601109730710914879e+29
4.521761538689552873e+29
3.546080383990219309e+29
5.929222117558620406e+29
-4.407031609001224191e+29
1.253524448681272117e+30
-5.573858990699814481e+29
5.976702770479039678e+29
-1.132423801422095264e+30
4.615666448901968823e+30
-3.207180054827179880e+28
8.581890913130085162e+28
-8.358433246320083529e+28
-5.032565264936287339e+29
2.822219562583026320e+30
3.569835907759644412e+30
5.038887703169036723e+29
5.070717727595774395e+28
-5.030968683790286405e+29
5.083489149111902401e+29
-1.143710571688716769e+29
7.164878586962962128e+30
-4.981817717989514912e+30
-3.866377732623899908e+29
-1.140725488547203419e+29
1.077208113569737875e+29
1.834677076453390881e+28
4.498234579420963413e+29
-4.779138646670478168e+28
-9.140386423724257881e+28
4.724099438529022441e+27
-1.876736937334142759e+29
5.091072184190328238e+29
6.140387780366421038e+29
2.584389934958416917e+28
2.624179750296647511e+29
-3.198348778811440611e+28
-1.450588753592678657e+29
-1.263342589581892373e+29
1.725114793474277835e+30
1.650042817624401364e+30
-1.636481456554254461e+29
-5.436270338982900029e+29
-5.042992598012736544e+28
6.794657878302869473e+28
-1.005127787477429182e+30
-1.622657511933510549e+30
1.759355957345606257e+30
-6.590752885066214219e+29
1.433718458038161081e+29
-1.746427119441774916e+29
-7.107236644393120289e+29
-1.993789970940702634e+29
1.376589238863115902e+30
1.621860124896550828e+29
-2.432226001455005467e+29
-1.451714073162170131e+30
3.185861013905593520e+29
2.639869503419805319e+28
1.225005433863818736e+31
2.352672671825508236e+30
-4.773707716721967296e+30
1.113976840040569406e+30
4.201646043856748547e+30
-2.393546722175201597e+30
-3.380771596182891633e+29
1.997060570555980266e+30
-1.491787935975099249e+30
4.898064008125598015e+30
-1.347690083350619181e+30
2.324219481808872256e+29
1.462193323932517166e+31
1.364649364476547304e+30
-4.255817358828369464e+30
1.839886092415835339e+31
4.249522345555810201e+30
2.116394099981520255e+30
3.654107396099408277e+30
9.205788333528211187e+30
1.052263575710192238e+30
5.257997237934310625e+29
-3.298706609321763726e+30
-6.629788939414335430e+29
1.247709166977883674e+31
-2.995555920852857060e+30
8.455704112563233417e+29
2.147537999204150286e+30
-2.776409602402157198e+30
-2.380383718266854271e+30
-2.746371773674630372e+31
-2.932578060006914111e+31
1.779102008972191873e+31
1.028058537009299342e+31
