-5.198436603898024800e+16
1.934437784859876147e+19
2.173816064373831270e+19
1.023639073441185006e+21
-4.339683018971833958e+20
5.258479690920175337e+21
-2.757261926227965169e+22
1.329840193611131225e+23
-1.331409545155042293e+23
3.849326613523735347e+19
-7.802261045235895501e+20
-5.363277042896267641e+21
4.592938817261879794e+22
-1.446901353834558846e+23
-1.502704334727585601e+23
-2.750325503416831966e+24
-1.782822844761080162e+24
2.263156312393244064e+24
-1.226834146183340196e+20
1.460190052365242257e+22
-1.054091324364876572e+22
1.408081412368978055e+23
-4.033283641083558468e+23
-1.642643218303268589e+23
4.301345117540462400e+24
-1.415950745911857106e+24
-2.131199477666400159e+25
3.209176844513969177e+21
-1.659353904456404419e+23
-3.504520737089562943e+23
-1.174923546707553052e+22
-1.967033754657169122e+24
-1.990103767256015623e+24
5.605244732272772433e+24
-1.257275198712042952e+25
-7.539618208248225471e+25
-2.002275257854725850e+26
6.163923145184056967e+21
-5.154350028837214591e+23
5.521214231027773048e+23
9.044553305709202113e+23
-5.382344611405830187e+24
4.603487608738621539e+23
-1.339482655800116151e+25
-6.052163732623847309e+24
1.607796789611910361e+25
2.498378975656872907e+25
2.749141486949989981e+26
3.195508334989254790e+26
-1.279272123691317592e+22
9.984197606314835098e+23
1.432414720907628310e+24
6.769701854900486876e+24
-4.707713326616825987e+24
-1.423843834141013971e+24
-1.504732192207372033e+25
1.038179354827040316e+25
-3.986582034642004937e+25
-2.507582606525699848e+25
-2.168514226405372627e+26
-4.076435517341620970e+26
-4.828095635071309144e+26
4.776988005058180876e+26
-8.246280060894037882e+22
3.730903980443336442e+22
5.758065564025013479e+24
2.450700864285885408e+25
1.690495529127949733e+25
-1.229342622750187549e+25
4.255422598581151557e+25
-2.952929969772764303e+25
-9.849714803107054241e+25
1.766996441083813838e+25
-6.538364768279900062e+26
2.922133962416027474e+26
-3.574337673614536862e+25
2.320869568935643734e+26
6.639974639681265006e+26
2.484780068182671638e+23
-3.306987529960633408e+24
-6.219819185261876107e+25
-1.547780200245224315e+26
1.224610208360113224e+26
-1.255146345323433759e+25
-3.344209308135897476e+26
-1.426043367605806494e+27
3.280143167312006798e+26
-9.134412707780900440e+25
-7.943447234988718836e+26
4.382294607227019733e+25
5.179647275436132924e+27
3.179366022555991475e+27
-1.684325612473629247e+23
1.591836916060040630e+25
-1.804334938791683117e+26
3.827661039679804245e+26
-1.591548262803189390e+27
-3.238935906485778939e+26
-3.359351361554920122e+27
-4.301534523120153981e+25
-1.598157044713890028e+26
7.382301545833358489e+25
-3.758031629433592747e+27
5.260667334693289672e+26
-2.755221448137476329e+27
3.030343191077678219e+21
-7.906269631389250879e+21
4.352776310792065227e+22
1.160060814609364329e+23
-5.215177036296147970e+23
-9.965237567078678879e+23
2.153708967322714280e+23
3.265892294524172522e+24
-2.521092142410611294e+23
-6.431414581105582114e+24
-4.650850517270310391e+24
1.678006631807361269e+25
1.800680259048878576e+25
8.853459059717430794e+25
2.883086792782163595e+25
2.481574220554177078e+26
-6.244406011050840608e+22
-9.693733931163249436e+23
5.541081834908344203e+24
-1.667164625280839366e+25
6.493443416104008969e+25
-2.129626257667569939e+26
-1.118846405775990216e+26
-1.471922904968744532e+27
-1.235986200645141935e+24
-1.878506807580057024e+24
5.086784724398054039e+24
4.433017953782331803e+25
1.233907435588141046e+26
-6.025695088040127901e+25
-3.857219540394350629e+26
-2.233933353210958763e+27
-7.913546822596879758e+27
-1.024286917813051322e+25
-5.291208755310421467e+25
3.920356983932849997e+24
5.840326318220845173e+24
8.342366308971292870e+24
1.648765189907643373e+26
-1.546924379997319896e+26
-6.123917964899807595e+26
-6.721675612495340923e+25
3.272718014088197345e+27
5.463808700634027079e+27
2.371816311781487235e+25
6.042938735891408809e+25
5.708474652352622663e+25
1.551456034885995046e+26
6.214927151210378653e+25
4.194788044355649433e+26
-3.113899040700070007e+26
4.357798503550651233e+26
-6.257179104987354352e+25
3.315324887033000181e+27
1.613949081283023254e+27
-3.472535231601367035e+28
1.005469051673061235e+28
7.702761933561772249e+25
-3.598917911944965768e+26
1.959832756335082934e+26
2.162881740092189323e+26
2.108944930093165173e+27
-4.922272346134576142e+26
-9.375461030901483422e+26
-3.428959758741630839e+27
4.090641863536565171e+26
7.692552309360797583e+27
1.958808716899087497e+28
8.836847160127236734e+27
-3.824165851404014972e+28
3.504784153821542012e+28
-1.802425087930474927e+26
-3.200725978026474516e+27
-1.269611140193754079e+27
5.328526610992083522e+27
4.281760793746790807e+27
1.424690148361178307e+27
1.184798931198210301e+28
-3.390207751042138504e+27
-9.798010687836445255e+26
-2.610338822160876134e+28
-5.250998986762789953e+27
6.607774167134270259e+28
5.228495322755301598e+28
1.176634119686692670e+27
1.136539500394539986e+27
-2.132420628614267738e+28
5.167894406183664486e+28
4.050346321083823176e+28
-1.996681552919979954e+28
-3.750547448490813658e+27
1.713010220339590334e+28
7.068185721802818579e+28
-1.744923434362807799e+28
2.238286842075937389e+28
-6.277600061123046000e+28
2.542815539466772247e+23
8.850163161890052301e+23
-1.948574782761834016e+24
-1.420634171848890929e+24
6.386734924860832235e+24
-1.841495442518938361e+25
5.837279088498600197e+23
-1.854776895002967758e+25
-5.775862704039860411e+25
-4.963552852560428389e+25
1.039904829888766552e+26
9.567218850046688059e+25
-6.110203621881466114e+25
-9.096048627340814669e+25
2.452521584041344515e+26
-7.548650149662279324e+25
2.590913201067207235e+25
4.244114827219431821e+26
1.377333820384772695e+27
-2.842132231480750807e+26
-1.362536955041418886e+28
1.101026820411655400e+25
1.022686703350311603e+26
-1.551827428738157181e+26
-8.847382618714164743e+25
-2.400273731376442516e+26
6.362403947796393844e+26
-2.502143707607333243e+27
-2.713272644145997016e+28
2.006687243966137208e+26
1.959239898964017955e+25
2.438370242053915191e+26
2.433534269121514261e+26
-1.481622387917389547e+27
-1.857643685061988877e+27
-2.839496292998983766e+27
-8.399466426996030090e+26
2.351254701995751756e+27
-1.289640166260909901e+29
1.387798753582019116e+26
-1.219100942307187870e+27
-4.161435404042153750e+26
-2.727709093213713229e+26
-3.251334047423640354e+27
1.892302059371147236e+27
1.436136458715713372e+27
6.736498326181461962e+27
-2.970934115174603452e+28
6.814441656634719214e+27
5.969777869808141422e+28
-1.317446713252687586e+29
6.120260495255461461e+25
2.279963747169413017e+27
2.601819454190030128e+26
4.469952431724189939e+27
-1.722093694274393200e+27
3.838431704166939117e+27
4.103761963474875151e+28
-1.149842987095595498e+28
-2.291951953342644506e+28
7.790129773202072478e+28
-1.728538385854980227e+28
3.348810191110249338e+29
2.234374070618200893e+29
-1.310992924239173714e+28
-1.315211210993608765e+28
-2.883320820334888261e+28
4.927084413998710396e+25
-5.969587784466293479e+27
2.717201489382803387e+28
3.611527052073997251e+28
-8.645328240899858609e+28
3.015228488385390029e+29
-8.963418018765735178e+28
3.878184803045467786e+29
-1.512712548013130640e+29
-3.500486157542515470e+28
-1.347828759122047191e+29
1.410165411626961830e+29
7.722830784501248029e+27
-3.826831702599072400e+29
8.885319554497115881e+27
-1.543987809303967944e+29
1.800277185237395646e+29
-3.039336476762298599e+28
-4.589338401743952146e+29
-3.030324008550246676e+29
8.439468980078947554e+24
-2.638474972771511217e+25
5.896081065038940179e+25
2.193994489948418847e+26
7.162026382371707263e+24
-1.490246355981912262e+26
-5.851015638947075946e+26
4.442271754287910318e+23
-4.224176864327075029e+26
7.375504690016811771e+26
3.490742461115359297e+26
-1.178769365812413756e+27
3.253997671329804085e+26
1.598714580561517457e+26
9.152707713286059877e+26
-1.126690658457881823e+27
-6.298410992961817751e+26
-4.444281036706200600e+26
6.362573426166017138e+27
-5.101684972987185110e+25
-5.623203594050862595e+26
3.576413656299193649e+27
-2.292722473499707403e+27
5.223367969756745481e+26
5.561139564573130422e+26
3.564729805192653534e+27
3.942417923687487885e+26
7.281604751562653767e+27
-3.951260856305967536e+27
-1.171562047506536502e+28
-1.797666402219570574e+28
-4.415311634282481167e+28
4.426375670069909350e+28
-1.289144368532937890e+29
-1.705357885935105337e+27
-1.481661963961573020e+27
1.081037500194881526e+27
-4.563404857842718233e+26
6.811977135297082414e+27
3.792614089507837028e+27
1.924317770851361954e+27
-1.427412531446959302e+28
-8.929227351042245421e+27
-6.201525028503815535e+27
-4.656575833540248242e+28
5.199151081492265798e+28
-3.669673832739274630e+29
-1.148445034949527125e+29
-8.554691267311867002e+26
-1.666343847212236849e+27
-4.836636944983560414e+25
-2.265772345112672156e+27
-1.233625007219045245e+27
7.910360951153607270e+27
1.217039134114811832e+28
-5.741496370709113705e+28
-4.950715497260118940e+27
-3.624813388804842498e+29
3.269285005159977619e+28
3.386908637580236627e+27
1.787045040626583294e+28
-1.913910379877283554e+28
-4.636002296296748753e+27
9.736446047219153521e+27
9.375159973782098288e+28
-4.107912927023002523e+28
1.311659381159968106e+29
-1.600943989444995418e+29
-2.740775128706828331e+29
-8.360550493880574285e+29
5.487414148725372564e+29
-8.601351572300476862e+28
4.106726275842675521e+28
4.481844786653706085e+28
8.082517094992530258e+28
2.271505362921674727e+29
2.872747470428775109e+28
1.479298669348965417e+29
1.117213214503926394e+30
-2.227768493805041865e+29
1.036160859527088597e+30
-1.494874568944740477e+30
-1.870800511173020696e+29
-5.317638675067726721e+29
-5.201722314693073882e+28
2.727317556360758749e+29
8.110532990478957422e+28
6.622762729246732526e+29
-3.590283136133955575e+29
-1.680011890126864854e+30
-5.777952723973168286e+29
-1.241200370498671649e+30
-7.133672824068574160e+25
-2.261430684707036425e+26
-9.943174247633758176e+26
1.252594365132260891e+27
1.799129101031464189e+27
1.789833654933713602e+27
-5.921192044140475390e+27
-9.404278753073147806e+27
6.621192060376782435e+27
-1.927983242308145465e+24
5.168190309990332501e+26
-7.008047477608412379e+27
8.444994286916644110e+27
-2.599878855884140239e+27
9.553935299229416427e+26
-5.213966693895174119e+27
-4.320879104376412444e+26
9.311712718066198273e+26
-2.168953616081845378e+27
-3.669930933679265879e+27
-3.176528565840010730e+28
2.237341234982987858e+27
-4.383979331676061717e+27
-1.358266226656870955e+28
-9.887911244927455806e+26
3.230615439121961527e+28
2.089639845845797793e+28
-6.987412285462469929e+28
-4.056112823794715723e+28
-1.105944671417365206e+29
1.289755801412709013e+29
-3.484143221302815836e+27
6.340325492077832117e+28
-1.667907879775854595e+29
-3.056435758056843143e+28
-1.019387483928871476e+29
-1.631209888180043542e+29
-2.899149520210692761e+27
2.017591123331858586e+27
1.230812508047991208e+28
8.209299928567044253e+27
8.885361927752562972e+27
-2.847851668043366124e+27
4.692733897501172420e+26
-8.193421627882791874e+26
4.051297498751048537e+27
9.999687616147803231e+27
1.722249779507037186e+28
-1.002846790569688561e+29
5.987977490805478711e+27
-4.409713047348700347e+28
-3.447453264418087932e+28
9.573642607504599951e+28
-1.301698083843784807e+28
1.334628387362093660e+29
1.573456609887614942e+29
2.725017219496613254e+29
1.460461790393461305e+29
-5.821306323973589683e+29
-1.739150310435467370e+29
-5.037409722832647685e+28
-1.294410632477231982e+29
-3.855506548302546864e+29
1.056738962758802281e+28
9.083526522109341956e+26
7.097869107421005785e+27
1.452523144369118260e+28
3.125483220412906795e+28
-1.357451245995419384e+28
-1.168745793039248344e+29
-2.169030762775951649e+28
-1.546397040510767594e+28
-1.509165866242741623e+28
7.840254530886906048e+28
4.161143445577291834e+29
-2.784329727834665295e+29
-2.072524256071528446e+29
-1.056138302843363362e+30
5.315215900679211654e+29
4.624051995096883538e+29
2.709410302011814920e+29
-4.902749112782351491e+29
-1.464609316261140418e+29
-2.403447041584237656e+29
-5.105550693622494738e+29
-1.478498854567578713e+28
-4.494622493195086440e+29
2.911778647158041112e+29
-3.121406370874106801e+29
-1.147824784643476184e+30
-1.551402303732140151e+29
-2.974140966880944745e+29
5.067261201901197144e+28
2.680154333610754873e+29
1.305835346427852521e+29
-7.497582261387261006e+29
-2.754870387329744856e+29
-2.039726424891085777e+30
-3.184408607415134328e+30
1.741754883637410478e+30
-3.993437133937851742e+26
-9.740198935846397746e+25
-2.604972823458334746e+27
1.247772834003044007e+27
4.765407191144158427e+27
3.912810163203937716e+27
-9.039335848580872678e+26
9.057466112926754344e+27
8.437778012999166565e+27
1.634366154434911269e+28
6.607815436510870291e+28
1.323243522115667847e+27
1.325221468443867828e+28
-6.352858552744319104e+27
1.311809454880176624e+28
1.670266445063025936e+28
1.115258480135727177e+28
2.716224272909444427e+27
-8.481694143073662495e+28
1.383136386517501337e+29
-1.521286608428152483e+29
4.639751986272699210e+27
2.913355873518125509e+28
-8.231320595190012302e+28
6.210531930569251440e+28
1.544524855432468281e+29
-7.240356955504197552e+28
1.168219817285038844e+29
-4.985424080498632119e+29
-3.732727817889880884e+29
3.156587948272547043e+28
-2.103911579375492338e+29
-2.893794101504687914e+29
6.404531438485502864e+29
2.660187198299405899e+29
-3.456712622517371306e+29
-6.384269340051285850e+29
1.971000376444229280e+28
-1.561746172646457984e+28
-4.320557835689619972e+28
7.486971205402011176e+28
-1.649007617036509780e+29
1.873583171241978265e+29
-3.031342269299935461e+29
9.173737383772162218e+28
-7.541124758420495876e+28
-3.969227766637344462e+28
-1.518205353599025368e+29
2.868822031529567100e+29
-6.946877872998098893e+27
-8.640604655385090659e+28
-5.523416233459537510e+29
-1.868031862539793098e+28
-1.719162132312118487e+29
-3.300559710347324782e+29
4.896876831104160133e+26
-3.035736844116855773e+29
6.969040933123582907e+29
1.991128331744019851e+30
-6.114340668734370384e+29
1.702617436708792990e+30
2.064160134900264300e+28
-1.719275750044606652e+29
1.852448351782663521e+30
2.822246077446151401e+28
1.688776864636748965e+28
1.259665761675657440e+29
-1.866927554937637943e+30
-7.839992522994814979e+29
3.588679119597755558e+29
1.508989072543264059e+29
2.725870894791329513e+29
7.990190322419015164e+29
6.283305823711107363e+29
-1.297427304550808566e+30
1.644863312554550136e+30
-6.091166252200330216e+29
1.727007172750914028e+30
4.023564651247191009e+29
2.030068703524488785e+28
1.526879043056783566e+30
2.551629905532014530e+30
-9.520392283646156843e+29
1.514870619442897492e+29
-2.588249164612060285e+30
1.416491092701134798e+30
3.939021283264181415e+30
-1.329459847500360865e+30
-1.463599966819712530e+30
-2.067249201283624057e+29
4.930394973443849038e+29
4.125554274121841425e+29
5.023374698761887922e+29
1.391241708188748590e+30
-1.947464413976051894e+30
-1.133398079856092553e+29
1.617558626868851438e+30
-5.332188968166379147e+30
3.601051086031133652e+30
4.941889743314502100e+30
4.287732336318103448e+30
3.207684997361827606e+27
-2.349483269527601609e+28
4.077871990529920402e+28
2.265639446393118122e+28
-6.995951998881482597e+28
-5.152203234611369806e+28
-5.018580138597316464e+28
8.823361964317601433e+28
-2.271138097850403762e+29
-2.673749578505933142e+29
-1.107993290836891174e+29
3.538498378070585332e+29
6.790999413686789836e+29
1.876684900568922442e+29
2.883370364111394933e+29
-8.855428285675279354e+29
-2.954471373864082411e+28
-1.834369156704119511e+29
1.486794560407543155e+29
6.306664873302346632e+29
-4.450488551425341538e+28
-3.762032237497507588e+28
1.128079190400950898e+30
8.281001495848063556e+28
-3.674973694971787744e+29
7.251888040128369693e+29
9.792112840890107700e+28
2.502211038139304211e+30
1.792495805595747601e+30
-4.119875466812185325e+28
6.159525870690934221e+29
1.607406608437344642e+28
-8.063097432029711968e+29
9.665691616365183166e+29
-2.009308508005894156e+30
-1.816484564645773973e+30
1.796366118043514694e+30
-1.343706561158061229e+30
3.324077329737652168e+29
-4.391709934522033305e+29
-9.254622423504533863e+28
1.465366648216544693e+30
-2.098702952030145092e+30
3.531121433269284700e+30
3.076805982291504537e+29
-1.046678793343967910e+29
-1.640092155180458566e+30
1.205167393879110790e+30
1.294784153666758867e+30
7.991403730755521325e+30
-4.003945215759104056e+30
-3.595026566600144661e+30
2.576990447877049199e+30
3.498337240452485540e+29
-6.862047735472363729e+30
3.397996661748223357e+30
4.329619420883165139e+30
-2.015487142517542521e+30
-1.792130954276442399e+30
6.425803848551833128e+29
8.836282058648311934e+30
-3.354960723520162275e+30
-2.335832692152126693e+29
-4.982075512187051039e+30
-4.320975142663176186e+30
-2.358281681636769751e+30
-4.054815823480372843e+30
3.851320083061159846e+30
-5.007982595977456441e+30
9.216781991513258235e+28
3.652621426829210033e+29
1.022605084042771313e+30
-6.665744119815395277e+29
7.032006457654714582e+29
-2.433006021943398620e+30
-2.096084981047284392e+30
-1.027557681176008105e+30
9.079687847118340573e+28
-2.987209636508783107e+30
-5.199500177329848779e+30
-5.564006547669020342e+29
2.730790301476168614e+30
1.515857430614861061e+29
4.733748646177274579e+30
2.127702015636642182e+30
-1.420884362394955923e+30
-1.797441994543357291e+31
8.372681699866884831e+30
1.438073666878220489e+31
6.411993750475285288e+30
1.757022442237380522e+31
-6.285976104349751735e+30
-4.512377090303342465e+30
1.918974470205478786e+31
1.198819154410696463e+31
1.051661665773778874e+31
-2.191572468258230463e+31
1.792684334365888329e+31
-4.227954846392436530e+29
-6.319209963124297277e+28
7.049706442025131709e+30
5.039108472016512721e+30
1.307033217013257181e+31
2.769237139282744050e+31
-3.299283364557274238e+30
4.808357478822186517e+31
1.753395515006949924e+30
2.238478948067177037e+30
-4.316638418284090880e+18
1.099047461202448548e+20
-2.033135155404558828e+20
-9.784012559406503035e+20
9.842942761663662653e+21
1.022447417324525427e+22
4.281385325472879372e+22
-9.907094339122197063e+22
1.268258569612503941e+20
1.725276628807378063e+22
5.802765094465661043e+22
-7.087913226970898157e+22
-4.826568190427262249e+22
-1.142705232266761224e+23
1.523183988186171121e+24
-3.843719043755137743e+24
5.942553829602137997e+21
-1.652200292389291557e+22
2.409306359326167542e+23
6.916984317947287574e+23
4.169018111937701105e+24
-8.434379974934953453e+24
-6.437115273380486369e+25
1.293528420864301146e+26
-9.040046427875575438e+22
-6.898124640270843726e+23
-8.566103845331319243e+23
2.429536382247212249e+23
2.573046602211199700e+24
1.718637950789696004e+24
3.201787033391559743e+23
6.073915453026853328e+25
2.414000058429118875e+26
1.580103399839348713e+23
-3.601502287956299009e+23
-9.984996062543724990e+23
-2.313734910820097196e+22
-3.890413574415164480e+24
3.551457626641153049e+24
-2.718648830466401702e+25
-1.388492499669764579e+25
-6.966052308678617367e+24
1.571096618107104215e+26
-1.382066169666205434e+25
1.449390923113814727e+24
6.553337900616901418e+23
-4.468268345842648211e+24
1.056813163091393834e+24
-1.608737706000235000e+25
3.876439289070812215e+25
-8.311537507066630206e+24
-6.770734109401083701e+23
-7.260739374809633796e+25
-2.401034946533269895e+26
1.234588422898210035e+26
8.018908634633206707e+26
3.173970617440752119e+26
-3.061597585078969065e+24
-1.222791990749112241e+25
-4.597462242293189345e+25
1.159402873404302815e+25
-1.944857776585739478e+24
2.178797825567424879e+25
-2.443072666523379322e+25
4.729883758619578532e+25
-1.842173313830524958e+25
-6.651984227443391726e+26
1.887094310000936190e+26
-5.769827921019647394e+26
6.626371387267478362e+24
2.098219757448774240e+26
-1.337086631663411076e+25
7.129329452820267289e+24
-3.595181930748708730e+25
-3.273013950655329430e+26
8.757793122350012412e+25
3.857730317864388918e+24
-1.373150446670638156e+27
3.467137496991813451e+26
-1.331703042634087411e+26
1.306353118856106492e+27
1.414710988356363088e+26
-1.801083200826019915e+27
-2.081963479354762218e+27
-5.865525333506614620e+25
-1.820511202850663499e+25
-9.702224322498770502e+26
2.560745769855074075e+26
-1.151851086842080616e+27
-1.016607198886955323e+27
1.529736586325168144e+26
-1.766723703722432255e+27
-1.103892051811651002e+27
9.526806085882314898e+26
2.045754562335248043e+27
-5.262586227840685902e+27
2.281682814778657368e+22
-1.946894559871753205e+22
-2.818642681347070031e+23
1.060045381053687251e+24
-4.658683073772765420e+22
2.799272086840018624e+24
3.876515902493027348e+24
5.669805083621427159e+24
-3.243763398524416438e+24
5.651682814021249796e+24
-2.042804574265388818e+25
-1.622711778444429463e+24
5.781773906045259007e+25
-7.541250568159972695e+26
1.312690561024564419e+24
-3.440946693188792755e+24
-2.155872336133222402e+24
-7.643432273783162535e+25
-1.520375852576776870e+26
3.048823909182195412e+26
-1.093378402199306858e+26
-4.300024131272839770e+23
5.295491959757939325e+24
-4.922005625930664152e+25
-4.953467577179136998e+25
-1.246698086380069246e+26
-2.849811352959381159e+26
-5.199008611521140061e+26
2.086943036005861013e+28
3.849715211693385434e+23
-1.558919105312271732e+25
2.532075582255881494e+25
5.333596312901351040e+25
-3.996090793757896187e+26
8.122882225710589192e+25
-7.144023759482670481e+26
1.084017082949529973e+27
-2.935180871382371937e+27
1.737921424985375429e+27
4.189555772102144313e+25
5.664113060657165195e+26
3.542525468797842157e+26
-2.320752918719316470e+26
9.408408802898172589e+26
-1.969325463942817397e+26
8.107254617126292058e+26
5.082323817526908996e+26
9.586600474967086463e+26
6.998849746630529734e+27
-2.123762696796023489e+28
-2.539741568063303345e+28
3.477424064311061055e+26
-6.970454070358552004e+26
-2.551463540196118437e+26
9.233337140898991333e+26
5.878492781113984669e+26
-4.800983053179757068e+26
-2.273544949236194515e+27
3.870939468247754340e+26
7.046519217183465831e+27
-4.349175792462056597e+27
-7.819828266501398689e+27
-2.093847877112992492e+28
-5.564696036517639588e+28
2.251031152149588729e+27
-8.011406312472682934e+26
-2.740565082976245245e+27
-3.850257974701002011e+27
1.541684325787112696e+28
-4.955144940407402717e+27
-3.265364004377542771e+27
-9.177449801034863200e+26
4.760838332684253887e+28
-5.240458917225114018e+26
-4.782283191323256846e+27
-2.606153341815558406e+28
-1.236386154324931002e+27
-1.991301231254846254e+28
-2.677566378501567253e+28
9.064647404350630795e+27
-5.279163783884805986e+27
-9.810181100417903379e+27
-2.222768255744189596e+28
-4.717495298102604197e+28
5.498094689436965021e+27
3.204714356570592685e+28
6.061000768169648254e+28
1.960272909743566614e+24
5.991825772547176514e+24
1.433647859972626566e+25
5.865381332468756206e+24
2.311012321959662890e+25
-3.228142685901667762e+25
1.745393680650815716e+25
6.037613204823932236e+23
2.908591853612578496e+26
-9.531982230748990871e+25
4.952143668971631268e+25
2.249129987682020230e+26
1.465510426109483199e+26
-7.503335942756776184e+26
-4.878481635243179153e+26
1.040063693970719904e+26
-8.884382041535176843e+26
-1.393180163278141091e+28
8.179747464146139738e+25
1.245829286047387788e+26
1.209314597585065609e+26
3.270690506156790077e+26
-1.311893050313397185e+26
5.929829349399370442e+25
9.448378595142754747e+28
-1.477845003921828604e+26
2.083934013794863075e+26
-3.175820148002536498e+26
-1.017180146367564561e+27
-1.599413187593053808e+27
2.455686706255160085e+27
-1.091640720573721695e+27
1.345907779135475218e+28
-1.329141584573029213e+29
5.367053442411031255e+26
-5.341822349264323437e+26
7.877509419586713760e+26
6.087928656850106300e+27
1.208842891266944082e+27
1.029030207487692933e+27
1.866148114605302605e+27
1.784953234126485847e+28
2.067323537219223074e+28
8.036296828516171039e+27
-4.896739016751142721e+28
-9.847977825175356192e+27
1.026110849887522708e+28
7.152395845548632044e+27
-1.923556527020227898e+27
2.132507279284580358e+27
3.390624248503421214e+28
-8.595321441824833506e+26
-2.822391950044415667e+28
-4.546154772290275282e+28
-3.354852939181549590e+28
1.823702669067688113e+29
-1.862828086906302898e+28
-1.069084365161162061e+28
-7.854186909227831941e+27
-2.348662957684794228e+27
-3.054603988309028666e+28
-1.538176968958832654e+28
4.554642121355991596e+28
-3.642071201213436343e+28
5.050253703780376730e+27
1.679491712917175567e+28
1.353627232270394953e+29
-2.004519054612116249e+29
-6.238725065232304667e+28
1.359374598652958207e+29
1.870040127340732928e+29
-3.716129225787110535e+28
-3.541221925468559687e+28
-1.415394038887925021e+29
4.743572521226805091e+28
-6.058031898559387956e+28
-1.493202876164881858e+29
3.073288301247670896e+29
-4.772910523097497469e+26
1.059512181546871917e+26
-2.153679964316190464e+25
-2.673764567487271486e+26
-2.154316435672647744e+26
-4.591371863732093130e+26
6.152128341213434713e+26
-9.412679615764912665e+26
-6.519439936750267137e+25
1.074088168697816635e+27
2.277736753207989493e+27
-1.126255690192296045e+27
1.125772370173211771e+26
-2.843698624632918596e+27
6.619643357005839196e+26
9.041940809798059090e+26
-2.486627401931760638e+27
2.457696558875890503e+27
-1.941982116041709280e+27
-1.436400765584357470e+27
4.902169179810404430e+27
-2.392269127189530364e+27
-1.144917636461957604e+28
1.060911779686004710e+28
-5.340832812598473298e+27
-7.243769201441854509e+27
-1.522218484951131506e+28
5.619135555796578364e+28
1.573549002073229080e+29
-2.163346345654488889e+27
1.548366893359547463e+27
5.332397154870671603e+26
-2.404450915487979837e+27
-2.009603035150669962e+27
-1.756821700509272454e+28
2.984784697192461843e+27
1.270347559728358109e+28
-4.934143226488892067e+28
5.398121412597984041e+28
-8.452734718391835522e+27
5.322769776562825885e+28
-2.447412268992279096e+27
-5.031438575723625956e+27
1.025545276947167718e+28
6.136906223213997469e+27
-2.043952574142759891e+28
-4.863188107768198624e+27
-1.087889067521485625e+29
-3.952606827386270357e+28
-4.439746571654948813e+29
-1.360405144287886741e+29
-3.127142616085725460e+27
1.485493971149294648e+28
-1.243801422251487926e+28
-1.117362905753966628e+28
-8.968142774957259270e+28
9.349968056482860878e+27
1.323032760766753076e+29
-4.516840421233180656e+28
2.894642253808154670e+29
-7.620326078203401420e+29
8.832423540262114882e+28
-3.447039392023721441e+28
1.203779105384155435e+29
7.554856494968015082e+28
3.514754686683124428e+29
-7.696562547999754725e+28
-1.217545420040133476e+29
5.236228803933816188e+29
-3.513469706141053604e+29
-1.334711910146976633e+30
3.493309780041708662e+29
3.999275381562052758e+29
1.281496800051453336e+29
-4.311827589551823435e+29
1.350680984164170833e+29
-3.934850685272881951e+29
-5.962104542638363235e+29
8.714117711655460819e+29
1.250942241465972937e+29
-2.364403168888836379e+29
-6.726340902089801377e+27
-7.511007389284390997e+26
-9.582945760476010315e+27
-2.362991300085467511e+26
-8.450864353516591634e+26
9.820119732257848701e+26
-8.721597595754477011e+27
-7.856362912650847327e+26
8.926132689139320768e+26
9.349007462242798857e+26
8.546388827377467857e+27
-5.374617171687591416e+26
-5.242523676310735770e+27
-3.273622338064740472e+28
-5.074613438244909001e+26
3.443004804003626475e+27
2.999118642715574780e+27
-7.082521559127369442e+28
-3.883504993887196742e+27
-4.531324043631827264e+27
-1.065196231257777228e+29
8.394746609680771406e+28
-9.384501594888718894e+28
-2.834135655616650505e+28
1.218024090465147972e+29
1.013710487225132430e+28
2.182608213989845862e+28
3.873509754660775897e+28
-2.940642548310006720e+29
-3.032969910680595105e+29
-1.561290719586411131e+29
-2.495018643644712380e+28
-4.216239688941473103e+28
-1.500863672367445587e+28
6.072941195108490537e+27
1.281284939589307392e+27
-2.331361554977001698e+28
-1.240406245060646908e+28
1.385193873289331172e+28
-3.557297973517154495e+28
2.356919958946500348e+28
-1.233598844742306111e+26
-2.077100248728704869e+27
-2.602856926630006151e+28
-8.943312228186701484e+28
-2.595981917761508971e+29
-1.656806995035687678e+29
1.012830489375897963e+29
-1.625524149538144658e+29
-2.821918283304596223e+29
-6.146665473675748977e+28
-2.462595809114207209e+29
2.427398064293955212e+29
-4.461031691308181460e+29
-1.450944250841880185e+28
-3.224383480020461338e+27
-5.918821322885488548e+27
2.543821124630303943e+28
2.351847408334224398e+29
2.203344169978823025e+27
5.021899974421398308e+28
-2.910916040044948425e+28
3.885905594495835371e+28
-5.763624152529363643e+29
-4.204357599164693637e+28
-9.152420978775026618e+28
-3.291879813809439684e+29
3.008291620770910746e+29
5.934695643209674417e+29
3.343430433571222012e+29
-1.073678494356634864e+29
-1.979480794013979723e+29
2.990764354817818534e+29
3.128478864073295073e+28
2.929924494336270425e+29
-1.317227251445309192e+29
4.233324585189086756e+29
9.078592288208569629e+29
-1.892173111102382978e+30
-5.645754900816367717e+29
1.906070286915520740e+30
-3.630868676378187224e+29
-6.750480763882068707e+29
2.925961805807918981e+29
-1.628888445740773621e+30
-1.047673131702216557e+30
-1.281409944045861877e+30
3.964663350556968492e+27
-1.233690220588438581e+28
-8.083166231863155811e+26
-4.757282985280826661e+28
-1.754712712534659941e+27
-9.369450785965433474e+26
-6.351826596401850681e+26
-3.568102626902743355e+28
-1.680974767856950642e+28
-1.403607991547389728e+28
-8.683556754713367790e+27
6.131809529734778812e+28
2.019216628477156009e+29
-2.742525311527756316e+29
2.535373731671022511e+28
-6.190983231417032566e+28
2.620467279157751622e+27
-8.174280548330131876e+28
-1.821186609905810548e+29
-7.991925100003240827e+28
-6.725030066224628131e+28
2.232057514085690312e+29
9.319407899702615809e+29
4.659557690043804098e+28
2.732776849658113187e+28
2.987767472577813196e+29
-5.584125371425534690e+29
8.242562197029581820e+29
-2.649871341693673148e+29
-8.432930128416203906e+28
2.216757448164591397e+29
-7.796645033994791897e+28
5.955983575065089192e+29
1.526231208868578555e+28
-3.590179420012124015e+28
5.567067011232621469e+28
-1.277620532481444565e+28
-2.833605865509738700e+28
1.146201604018480602e+27
-2.588735273156376495e+29
-5.513787836155032731e+28
2.064537607421540002e+29
1.565058064369207257e+29
-3.584092934771819592e+29
-1.473956169149251652e+28
1.896043007323625450e+29
1.129918418255462918e+29
5.750014146715029291e+29
-7.346908517103178137e+29
9.665823929985263215e+29
-3.054880263583772261e+29
1.455329612967390752e+30
1.102484822842539065e+30
-9.970408355587809586e+29
-2.191808411748183617e+29
-6.680823424509864102e+28
2.150656879759548954e+29
-9.475330457621128598e+27
4.931492909311199027e+28
3.936026348083189030e+29
-4.888133312436819807e+29
-1.315774778959461666e+30
-2.919005678495516165e+29
9.829535209368067721e+29
4.923049967395964304e+29
5.308505530830875302e+29
-3.817559279598034989e+29
-5.767054722185589912e+30
-3.563933579614728485e+29
-4.421481501575276663e+30
-1.950498416495294672e+30
5.035455747259892469e+30
2.287233801954735857e+30
-3.892352683745319698e+28
3.526191256718236476e+29
-2.879907827075468973e+29
-4.824615681411037471e+29
3.088729366445459800e+30
-1.109996829720273058e+30
3.080304473775107133e+30
3.193450757642449030e+30
-3.200154222502332362e+30
2.431081361703513590e+30
-9.488827645129125053e+30
8.803704096717314659e+30
-4.668934901422745127e+29
-1.128038088159750222e+29
1.237377542775675695e+29
9.887144736396545801e+28
-1.204301328616687934e+29
-7.113191942714106397e+29
5.779204938946760538e+29
-1.452951201821676570e+28
-3.235906500078237895e+29
-2.445707970424872710e+28
8.258465439633272212e+28
3.759419120186261320e+28
4.414333895362773621e+29
3.639275869615272134e+28
-6.182661775388379892e+28
1.764778870981246120e+29
1.031976475156760401e+30
-7.236507892121341591e+29
-7.413845656178824401e+29
-9.708192435105498793e+29
-3.541308556873159195e+28
-9.584974311232074232e+29
-1.281084674143640496e+30
-2.886657989171559577e+30
1.877757802408682632e+29
-1.187069247322300951e+30
1.003164641849248616e+30
2.334477987681439523e+29
-2.758103351255270916e+29
1.743064546646583775e+30
2.599660588880795049e+30
7.158873719543451183e+29
4.446313621082342345e+29
1.059286655796616957e+30
1.806098512334405312e+30
-6.738837568893139216e+28
4.859748901647667901e+30
-9.422475532806670096e+29
3.807508375889216819e+30
-1.971792486769863834e+30
9.163711860832625234e+30
6.716480163274465651e+30
5.336964412216181703e+30
-4.189043113726339276e+30
9.167598241268761791e+29
-5.227733698036513799e+29
3.036138123411615556e+30
-1.174175685785848817e+31
-1.477999057251105723e+30
-7.495286075212164207e+30
-1.043784404909074920e+31
2.829665385275297431e+29
1.069157574548644606e+31
-1.031065894772741096e+31
1.870316090159112797e+30
6.308316028746969335e+30
-5.498181980892174845e+30
-1.111576558468008052e+30
-5.981229742307804415e+30
5.632419183875830257e+30
-2.040109093525973352e+30
3.654334032167325760e+30
6.920041800224918690e+30
5.127195083508109141e+30
-2.237940579063469771e+30
-2.099248608245816971e+30
-2.246670049596178726e+30
-1.529454114939362406e+31
1.460806025071100148e+30
-2.331122342306547789e+31
