-3.128578901675219200e+16
-5.014934254636399616e+18
9.916574202025821798e+19
-3.193674598167834132e+20
-2.339902448989780050e+21
-2.064416591074911846e+21
2.052085991887909526e+22
5.980811092558287471e+21
3.848524067860179447e+23
9.185540705317394432e+18
1.061262697434419528e+20
3.541503425753227723e+21
5.339237110430917093e+22
-7.995801086007820104e+22
-3.344655704451994092e+22
8.571337293500507425e+23
-4.101432754190779050e+23
2.219752058991182037e+25
-5.253172294606513111e+20
-1.570345003755668242e+22
-3.793860265361574304e+22
-4.033390072326495750e+23
1.069051777042146086e+24
2.281373283070761536e+24
3.018864818170088254e+24
-3.860463443878340363e+25
-2.739346850063957139e+26
-2.010999413249825309e+21
-9.181356067195408142e+22
1.075103180133202427e+23
7.143971407538245264e+23
3.356367614603141621e+24
-1.965675562842449068e+24
-3.788669164076430436e+24
-5.974893478895886218e+24
-5.315400628619522231e+25
6.629075090341940647e+25
-5.693971290174030610e+21
-2.807247716759017609e+23
-2.494168060301678186e+24
-1.429156732522711552e+24
3.877672976988480140e+24
9.596760159777392878e+23
-5.580532704242791193e+24
5.208789558026375010e+24
8.458858962485479324e+24
-2.098748811235602238e+25
5.978799947217560608e+25
3.552111926116305804e+26
8.942029007502092272e+21
6.011963951644532833e+23
6.775453872837759334e+24
-1.134564239788855248e+25
1.179958149210211896e+24
1.752261590931674590e+25
3.469485572549777119e+25
-7.497674588405563950e+24
-1.449696322334313524e+24
-1.554994960173810423e+25
1.906308881834617786e+26
2.332845235939191695e+26
8.945528441132187217e+26
5.048245325128619014e+26
4.743977405606618412e+22
1.094522589988314952e+24
-4.244987217353755530e+24
-5.457840489973080838e+25
-2.436939369399290620e+24
-5.598964148615908946e+24
-2.578590721397906125e+25
-1.704870566366194399e+25
1.638787011125728434e+26
7.500146654649412449e+24
1.033364889019703663e+26
-1.249180495388220068e+25
-4.140042409275359885e+26
-1.248396854994712958e+27
1.450465512951857756e+27
1.011807878331948377e+23
2.138765517629207626e+24
2.410015078861778236e+25
-1.320200598521849912e+26
-2.324119952786882906e+26
2.943017079568553673e+24
7.937623740918099471e+25
-6.261976980710819904e+26
1.308576525431813771e+24
-7.317895154309756431e+25
-9.622170417020400017e+26
1.458933870992713666e+26
-3.114681702541398380e+27
2.150377510605588454e+27
2.641172947045901287e+23
7.877872835571459606e+25
-5.502852394850774117e+26
1.989003134369450067e+27
1.033546862104426043e+27
-1.020846011555575480e+27
-6.943261008674369124e+26
2.012553099358390948e+26
1.677658670183372503e+27
1.398472054376092191e+27
1.587064837921667860e+27
-7.466721360599003606e+26
2.910788765812510125e+26
-6.955877734689730724e+20
1.100017535301135106e+21
1.086168395078348413e+22
-1.481836270475293135e+23
9.344147678105341788e+21
-1.688757999032935213e+24
-3.444374394156134307e+23
-2.412247262680885458e+24
8.626789058669946591e+23
4.368398060226773636e+24
3.951293286238332524e+23
4.064726685810824181e+24
-2.190675302039022536e+24
3.076954781267888433e+25
-5.519673441728164514e+25
-1.646074449019205736e+26
5.766023796768132773e+22
9.919067832877431390e+22
2.798843697774430125e+24
1.296600618149284413e+23
-1.020072169845369704e+25
1.967089034383855320e+26
6.183466345305108467e+26
1.931414263771028421e+26
-4.634197268619676069e+23
-1.525138266713935534e+25
1.723075487486119988e+25
-2.099029658046324068e+25
3.400490543562227375e+25
1.135871618932984032e+26
-1.982153800060710696e+26
1.263751462359565808e+27
-1.030032659828405005e+27
1.608903231545374983e+24
3.752513147314630836e+25
2.850307914539538173e+25
7.790272270149890715e+25
-9.566824582659501827e+24
-1.538818540649784538e+26
-3.420488239312946725e+26
-4.883686924853581935e+26
1.777955640846583604e+26
5.696264884604047869e+27
3.008349485359578069e+28
3.016604257321911419e+24
3.957249962755389699e+24
1.545157453381248229e+26
7.285212977799791128e+25
2.673499159325114851e+26
5.932454712530513256e+26
-3.352328264945029428e+26
4.291844064768324477e+26
3.208252895882521741e+26
1.864765091820577472e+27
6.202760401370449912e+27
-2.060990203448143096e+28
1.679448388403954117e+28
4.302705122380918728e+25
2.558223897890616267e+26
4.262133739878111977e+26
-4.084197576727209941e+26
-2.685048457618120487e+26
-2.909352652276977223e+26
5.330771901607132335e+26
1.047858339649189253e+27
-3.141794948018537677e+25
1.522285530906999234e+27
1.225653873403885298e+28
-3.027082426350593454e+27
3.245300693615250710e+28
5.062665364077872270e+28
-2.346058073403665677e+25
-2.004800867319587383e+27
5.342721095936313759e+26
-3.239698453511909008e+27
3.154706063384671222e+26
6.908318027176723397e+27
1.562770716127906153e+27
3.644018768708785467e+27
-5.667375255564629870e+27
5.284312959031445853e+28
-6.450052866698859418e+27
-1.849380735206516621e+28
-4.969539904822417957e+28
-1.455198124509030293e+26
-6.379845098185339037e+27
-1.606007457905216410e+28
5.099444034134119170e+28
-7.376681558197249487e+27
5.018281094589903318e+28
3.795329438880422575e+27
-2.979600280248509558e+28
1.717111096344917073e+28
4.430027279225175850e+27
-9.657355012161043484e+27
-3.452351367041849473e+28
-4.998781884975137004e+22
6.036395614323342857e+23
-2.041621211661228355e+24
-3.356100596041793342e+24
1.017499219676706441e+25
-4.017255545934913116e+24
-8.686811983350827546e+24
8.776537547259210640e+24
1.877639872811932934e+25
1.778182440340929727e+25
6.263379829814030772e+25
-1.308999151430875920e+24
5.366965376258883334e+25
-3.020068038888446621e+26
-7.016728877266850192e+26
7.952262607718906655e+25
2.095160305470147469e+27
-3.583527917055031947e+27
-9.740415063250259276e+26
7.876158417257999784e+27
-8.198488434106767579e+27
-9.863583793555361719e+25
-2.509901921264359357e+26
-3.367946739170387274e+26
7.908679529661836869e+25
9.481052164462079760e+26
2.373742868022164659e+27
-1.683213292362747384e+28
-8.636027167788858111e+28
7.448532534217680256e+25
9.990434330636867294e+25
-7.045270513622090472e+25
4.532090912275851409e+26
1.135759053823968080e+27
-4.949549591967403728e+26
-2.162528945581960364e+27
3.218212737231655954e+27
7.442892882343590388e+27
4.878669884831817489e+28
-4.898881468546352948e+26
-1.647507246874063565e+27
8.736867280434398120e+26
-2.786365374829376502e+26
-6.370675555854876793e+26
2.537736064713780158e+27
-2.007067137788026963e+26
-2.233337196532385147e+27
9.429609825334815550e+27
7.255767526458510275e+28
-7.795583962049987826e+28
1.374664984879653142e+29
-2.372076790412652296e+26
9.277178501226834271e+27
-1.341681073966574228e+27
-1.476957315158390884e+27
-3.723168818909456940e+27
-8.808767112266288133e+27
5.554372312979878258e+27
-4.511574491086888893e+27
-9.881203971702051099e+27
6.740627300646681633e+28
-2.029937381333378078e+28
-1.163449560849682423e+29
-1.704705396453268903e+28
-7.684687591530603058e+27
1.263013749579334171e+28
-1.856304550765153930e+28
-2.005387702998459159e+28
9.698853874867539624e+28
1.834830940550612569e+28
-3.231552187511976018e+27
5.400431081530216766e+28
2.942120709942321944e+28
4.575388928185668558e+28
3.185070088619997126e+28
-3.032136950236614748e+29
1.732147537446040223e+28
-1.565045042707093082e+29
1.002502121341884456e+29
1.039841351992093614e+29
-8.338613869550544061e+28
-2.167201632105566123e+28
-7.551388269032461324e+28
-5.799348376927494686e+28
2.389888193367978479e+29
-3.856280539846793233e+29
7.490753213739145598e+27
3.799811437334899924e+24
4.802323094287318446e+25
-8.397749135369088377e+24
1.111801683250634007e+26
-3.413316993097523183e+25
-6.808001809664038007e+26
1.594277802871826097e+27
-9.604068216709215029e+25
4.169384453925385648e+26
6.706166830456021303e+26
2.212311189540696082e+26
-2.615180183617240725e+26
4.001640532829646095e+26
8.951696762608039354e+25
2.252620395029519968e+26
1.156999377084087057e+27
7.179360933828807106e+26
1.921296384128949445e+27
-1.722090150921649124e+27
-1.458865723122629400e+26
-1.208256095516331238e+27
1.735213266857262706e+26
2.161177191141139614e+27
-2.101247955620746239e+27
-1.393785372367332163e+27
-1.671650612461089576e+27
-3.014820203947156732e+27
-7.053534282272038412e+27
3.879163911456571613e+28
-5.289643252155852156e+27
-1.333219502820252494e+28
1.170317144339027646e+29
8.242765785281985459e+27
4.722056235328358438e+28
-9.231036402693094194e+25
3.065276212969899929e+26
-2.241760169393102737e+26
-3.069209786329223581e+25
2.001775819886129763e+27
1.832873411942924430e+27
7.608635454166959248e+27
-5.809270903455576567e+27
-6.017243103285294337e+27
-6.945043632821329008e+26
1.313194689966137958e+28
5.233676094242926610e+28
-1.405941089529058434e+28
7.811672809976591936e+28
4.067653816118332176e+27
-3.998619652317560296e+27
1.765773695732480193e+28
-4.904358425366602421e+27
-1.383269706583352576e+28
2.478957476369775205e+27
1.097589172337916387e+28
-4.771597974777217185e+27
-6.328520663034686637e+28
2.634227596168358881e+28
2.035657614002189142e+29
-1.688162684637789210e+28
8.787069473376423636e+27
2.742834954163174846e+25
-1.119808757834612376e+28
-7.656548777106247533e+25
3.769027324851467333e+28
-2.226475230740284350e+27
-1.639489074900773279e+29
3.146178513205271974e+28
-1.044775746974855792e+29
-2.989931507270091933e+29
-1.758192662145573736e+29
4.761966405719746681e+28
-1.370033716676649811e+29
3.542770401268821374e+27
-1.555361474582598053e+29
3.202356269303786358e+29
5.129295850554033735e+28
-2.748054480412917428e+29
5.565602984196760364e+27
6.717950148144145185e+28
3.998733021971436084e+29
-2.094648380820234375e+29
1.363609903390201940e+29
-2.190842932522717131e+29
3.593828902645053409e+29
9.631279023073767723e+29
1.390238178772339713e+27
-1.223093358752932729e+29
-6.259736972399942649e+29
-5.955001588903396761e+29
6.819435958441388413e+28
1.239940261773411105e+30
8.435405571470637090e+25
-8.740706974716676507e+26
4.133275517331411189e+26
-9.009339227895454562e+26
-4.359561064908163932e+26
2.476381519761759223e+27
6.114819241874742971e+26
1.773044667006675292e+27
2.409007658693610360e+27
3.082851305003014578e+26
-4.883759725374561804e+26
-4.051911029200985469e+27
-4.897588358369709358e+27
5.591638972292610798e+27
-1.085528129127719300e+28
3.478573689246997788e+27
2.466166841149130026e+27
-3.329791477820049323e+26
-3.686662432897361655e+27
-1.214951443833627648e+27
1.068000551463140647e+28
9.066022329962572630e+27
-7.800355983958075413e+27
5.030808746706176642e+27
6.386290597181675511e+26
4.384426122422922443e+28
-7.109925851815098304e+28
-9.890022840201387466e+28
4.938510967908379072e+28
-4.842803171778423234e+28
-4.023956869208555958e+28
1.459051887881166440e+28
-9.394318210236002881e+28
8.873344063466864562e+28
3.285708717788119659e+29
7.840540073667740805e+29
3.631836016458631118e+29
3.405842614776461539e+27
-1.352963240401384710e+27
-1.462800977682890115e+28
9.097169885293412513e+27
1.036419858587171939e+28
-1.848483905074199924e+27
-9.703891392801656713e+27
-2.511019625798758805e+27
-2.469236403146318780e+28
-1.787348954437448143e+28
1.074027877405662340e+28
4.198807304605991837e+28
2.899984169041311156e+28
8.529924328270259619e+27
-4.820868982024377658e+27
5.797395039500745445e+28
9.817063583085912167e+27
1.919286424198320080e+29
3.010734230515278721e+26
-1.416441638285651738e+29
-2.165563043621608668e+29
5.990060119730111222e+29
-1.123451817677980255e+29
3.665778391376839091e+29
-8.575756186650124751e+29
-4.644166836193963653e+29
1.657095394498849506e+28
3.680820577594404079e+26
-1.330718757519148971e+27
1.526957378626321787e+28
-5.601011013178651194e+28
7.425339515733147534e+28
-1.872369211700596466e+29
-3.593614808988576656e+27
5.240641477718924519e+28
3.716254981422516969e+29
4.299947533150219432e+29
-1.435812680133859950e+29
-5.196707293974153884e+28
-3.785519512325139620e+28
3.195677607465526133e+29
-6.875354146212538554e+29
-2.397038164537747994e+28
1.050229611923270705e+30
-3.022687803330785500e+29
-3.772042866435613850e+28
-3.538500352865551745e+29
-7.635136463266918569e+29
-5.875527596773755813e+28
3.240396737457444889e+29
-1.438469690318868605e+30
-4.121557688065041204e+29
-3.947947747900925597e+30
-6.394592340453244059e+29
9.313206251574898162e+29
-3.832971297319196156e+29
6.195371778492164528e+29
-5.564319755269072795e+28
1.495976026489389613e+28
7.964084078853284189e+29
1.171565520782266713e+30
2.137308772221754129e+30
-4.053612288071981126e+30
-5.800326598550972517e+26
-7.818056297094558083e+26
-5.623534080805369323e+26
5.934777055184847337e+26
-1.424150739317351205e+28
-7.847529344715264011e+27
-2.122327523225887962e+28
-1.917472466179978970e+28
5.024136174941860688e+28
3.961730945543256201e+28
1.151834222191917976e+28
-1.370923857244040984e+27
-3.471882716263811206e+27
-1.319906500059848721e+28
-3.341106102649056278e+28
-2.293360672399699860e+28
2.201339934061407801e+28
1.999362155392350474e+28
5.249134778114861282e+28
2.185334063480372925e+28
-1.884146866027428656e+28
2.081089589858839090e+28
-2.520009531501156787e+28
-9.629578094497206281e+28
2.063944169154814317e+28
3.676000444204690154e+28
1.229795615064196666e+28
1.462122248336907712e+29
1.049680318574918220e+30
2.358296335850447851e+29
-5.823318191380041841e+27
-1.445541862568557346e+29
-3.534574626876687676e+29
-2.578102319132616912e+29
-4.175773012813666523e+29
-1.344314612398941020e+29
-1.302090885694229321e+30
-3.186449518015505611e+28
-5.426444813565672849e+28
-1.367509075558046621e+28
-3.005340868791347007e+28
-4.448715461429131952e+28
-8.708016477774176463e+28
-4.070375484986609338e+29
-3.302301484609585133e+28
1.308136313909982972e+28
-1.559166335177464560e+28
-3.180231089765879117e+28
-1.877744552728197997e+29
-4.345246360362213026e+28
7.655291263708708087e+29
-5.261064153028158341e+29
2.329909928910849437e+29
1.541509926971022043e+29
3.807740293697787080e+29
3.357385824781852721e+29
-7.964611202250460058e+28
1.972868057249758557e+30
8.005936237377444128e+29
-8.119598649618240847e+28
-1.299156130979890159e+30
7.497560126268330862e+29
3.271120070848506425e+29
3.043158440609365324e+30
1.746351002629726808e+29
5.153090421079316240e+29
2.972368538785774963e+29
-8.156745261173483690e+29
7.795760654318831193e+29
-1.468256274073240659e+28
1.552149885912483622e+29
1.171301642391457854e+29
-1.600963684829804369e+30
-4.140893348086181187e+29
-2.954273043287988175e+29
-1.610739186414444650e+29
1.022925484716288668e+30
2.867348400076887632e+30
5.057376924845534955e+29
-8.756576884118938015e+29
-1.448832128073054227e+30
-3.462593443574154734e+30
-4.367859901153941680e+28
6.598891445605011479e+30
1.773965099189618199e+30
-1.738047264123390061e+30
1.999613788499785291e+30
2.942281266032646809e+29
-1.516867688885652441e+29
-1.226689791490988556e+29
-1.183982264471617053e+29
-2.166446832172341274e+30
-7.150799075101283379e+28
9.281243977544388977e+29
-5.214621013818871286e+30
2.220396007680709848e+29
3.105215881257122742e+30
1.821011793752195070e+29
6.655787722792534801e+29
-8.652184931363784369e+29
-3.196200744672831001e+30
2.086805490987433591e+27
4.488558050635942886e+27
-7.647459270449348535e+28
-1.394503754634455501e+28
-7.790396609567077044e+27
-3.162861580187866286e+28
-5.729576524354031737e+28
4.429831041969241444e+28
-9.726779735486948459e+28
-5.577690487272970181e+28
-1.455281610124903575e+29
9.049946971178241130e+28
-2.493872462973832358e+29
5.477051296069447944e+29
1.778019869037076309e+29
-1.052589283687835173e+30
2.375028704170211596e+28
-1.270882955033900782e+29
-8.684444401852183734e+28
-1.117689295260711319e+30
8.410875258617364025e+29
2.526033212769414475e+29
-2.014103040499083288e+29
5.511124310364638219e+29
3.710978096098568032e+29
5.979184454732320618e+29
-2.415472147443399547e+30
-8.301899423641502302e+29
1.249941420574767391e+30
5.505126479826637154e+28
4.152876221438888559e+29
2.223488472974994246e+29
-1.462529971468392393e+30
3.672806536723014512e+30
2.108494937782536902e+29
1.232818889550471068e+30
-9.067037214180981427e+29
7.308057987528898969e+29
-3.508499348758946910e+29
2.252217388232133771e+29
6.358525771401788211e+29
1.039024066029680276e+30
-2.813305241403412791e+29
7.679813305429932345e+29
1.734889834220690350e+29
1.144061015999685802e+30
1.163854575023788149e+30
-1.054448229525946395e+29
-2.857544913329278612e+30
-4.671800174681284186e+30
1.522861400339636667e+30
-5.234534211596532294e+30
-6.180087367767386494e+30
-4.183769630113105479e+30
1.595668706490964150e+30
6.569924957649692412e+30
3.428316212020764958e+30
-2.142746385420050596e+30
2.768606989755120799e+30
1.267504462584097243e+29
6.912276776271053053e+28
1.957679319824994882e+30
-1.548354705823056653e+30
-1.943574824318961779e+30
-4.989057469474596613e+30
-3.049851567461539462e+29
1.492487524020753791e+31
2.678347705758727955e+30
4.176442983024063306e+30
1.228093786264637108e+29
1.759741297685094638e+30
-5.029563695920158412e+28
2.752939057364943589e+30
2.670218987525555168e+30
3.173536890723897162e+30
-3.289788852333625340e+30
-1.386712678507131644e+30
-2.964155406521905153e+30
-9.119162916188718997e+30
-3.998143814791683914e+30
4.796513101733650827e+29
8.406054682273099694e+30
2.887079046374032211e+29
2.516128425107011637e+30
-2.017746368900287201e+30
8.342347236195591691e+30
7.522474501288139036e+30
4.985313442840101553e+30
-1.090444637851976670e+31
9.957295456734949338e+30
4.153980275018014815e+30
3.587104105358155865e+31
-1.235895059937409585e+31
8.113993160786299912e+30
1.794926641264137457e+31
2.608968218988674076e+31
3.058160331100984326e+31
-3.053869156017881074e+31
-4.099578393678099180e+30
1.202280073125732252e+30
2.199611455450246105e+30
-3.026565674656695530e+31
-2.999660136887818989e+31
-7.323159158521539683e+30
4.853367700766988812e+31
-1.323602731159296419e+31
7.202032565571295734e+30
1.286098222338710285e+31
2.550334197891104768e+18
2.416342965943256678e+20
1.918061338209365787e+21
1.355307481820746744e+21
-1.238910187476807896e+22
-1.133656225080842964e+22
1.745699960016900310e+23
-7.975968285163558168e+22
-1.297084972717545472e+19
-1.075815490861670387e+22
-4.018208417885793655e+22
2.044007135858239325e+23
4.836784553227813965e+22
8.976070457528385840e+23
-1.280108353773379663e+24
1.419247980687636762e+25
3.038415443425498235e+20
1.801320735403117484e+22
3.669097520455305805e+23
1.842121293606509903e+23
-2.716373404229301468e+24
-2.200017802690111008e+24
2.884210627397937338e+25
-1.966876588506206612e+26
-1.644772137881117519e+23
1.886099815821359574e+23
6.174258408263568085e+23
-1.252781436323261709e+24
-2.215091481792055523e+24
-2.209829819111362722e+24
-1.093682038310711883e+25
-7.355985200951217948e+25
-2.802416658933736223e+26
7.835333017301055177e+22
4.478848318108216590e+23
-3.558555361168122645e+23
-2.678534887311258627e+24
3.764526695570966797e+24
-4.793475507977337839e+24
-2.379799065180907506e+24
-2.833197843269936671e+25
1.643918985925888158e+24
1.728288282784381530e+25
2.671217639095955568e+26
-5.391227702999606907e+23
1.896488909564443588e+24
-5.750030256969864786e+24
9.491777920874765154e+24
-1.349839982441229961e+25
1.697717632560043661e+25
3.365994011938613228e+24
1.209604715433831506e+25
4.018200896156372644e+25
-6.281667606330517815e+24
9.694555041776601942e+25
-3.516421470559755135e+26
-2.285859011562661949e+26
1.897827051391904974e+24
-1.374360039277301060e+25
3.086930259723341728e+25
4.769688982221630231e+24
1.211363559424123391e+25
-9.948963569890570128e+24
4.875594775753278546e+25
5.890587854963484790e+25
-2.983851069796038008e+24
1.783770398618114160e+26
4.068682736064465918e+26
-1.352493097698069923e+26
1.659858529317342852e+27
-8.173881717631106635e+26
-2.137573163814730472e+25
-8.052481590166720885e+24
2.381984341620116913e+25
-1.850999539829470375e+26
5.982774987305873391e+25
-2.109602079092533844e+26
-1.168370651779821454e+27
-2.945391908768502115e+24
7.529608241650385569e+25
-1.167673615251961996e+27
4.659807085197043546e+26
-6.668758633004875683e+26
3.341171731943103999e+27
-7.986056494926529938e+24
-3.317007145331284632e+26
1.260911775938975133e+27
-1.079149453805984615e+27
-3.766269201935888115e+26
-9.655180984919184509e+26
1.874034188649632173e+26
-8.724992540446239997e+25
-1.367205316819145111e+27
5.290948115397521619e+26
-1.324421966027914550e+26
-4.045619451029433196e+27
-1.994548670562294773e+22
-6.271320039696417528e+22
-6.800927141614644206e+22
2.261176262483956193e+23
1.219745821514002250e+23
-2.035856835892744995e+24
1.368998601490822741e+24
1.306220668038858513e+23
-9.258125259899680105e+23
1.417626100794787394e+24
2.382939729323622937e+25
6.117715304619754729e+25
1.188519275414143586e+26
-2.627291681873042471e+26
1.430719148346979027e+24
-9.940171129616001585e+24
-2.686060978315729815e+24
-4.958087753452707686e+25
1.321133586418182215e+26
6.664577180028310417e+26
2.297875218372722940e+27
7.452583182164397602e+23
-1.349816268078634038e+25
-4.365260928995649667e+25
-1.960681393202191539e+25
-1.847399557418098514e+26
-8.145824339004142433e+25
8.845755525622455791e+26
2.260844387304193905e+27
-4.112121514554717058e+22
5.848901584728746771e+25
-3.492721920143594304e+25
-6.717276804666722964e+25
1.642510668687443167e+25
2.108063038130250594e+26
7.828452797257198120e+26
1.388220983770305443e+27
2.225955865842828704e+26
-1.017716217311550667e+28
1.043589174380070813e+26
6.761071516801955816e+24
9.754141013799730111e+25
-2.320160315589907104e+26
-7.987009113338759430e+26
-1.447161254378783155e+26
-1.398674811925968541e+27
3.095721922857100966e+26
3.262549512032463567e+27
3.849653150726427238e+27
-1.817426296594696152e+28
2.093778187451524377e+28
2.430624689979127258e+26
3.215682189545312212e+26
-1.468522589053020412e+27
-1.319766392065780615e+26
2.786231181435107454e+26
-4.136087434803586588e+25
1.832319752340410637e+25
-2.638776315857101806e+25
6.770109208697299951e+27
-4.288960802633051937e+27
1.203528749934736172e+28
-1.590766119523636836e+28
-4.973507592807674357e+26
-9.458410409032317519e+25
-6.031009858630138602e+27
1.774142011925031261e+28
1.304925606245194771e+27
6.107379741110627690e+27
1.143351196576365016e+27
-5.734232253902296203e+26
3.820584633576913222e+27
3.760762402125240907e+28
2.910957420874434331e+27
3.064992307914507021e+28
6.427165357866647763e+28
3.169435531255087301e+27
-3.106015389575014795e+28
-2.951802105789284857e+28
1.111677960399924213e+28
4.403166013147236415e+28
8.806718830467826258e+27
-1.312687839328496430e+28
1.724697251015191778e+28
-1.700186950786478410e+28
-1.199539835666346107e+28
5.710506843332879416e+27
-1.153901165342398391e+23
-8.522208170894637807e+24
1.552730052584518167e+25
-3.251351818201340848e+24
-6.304501236613428568e+25
7.145122268109554437e+25
-6.670110766485764498e+24
2.231980537514727880e+24
-1.942951515736264549e+26
5.993731639574458921e+25
-1.025247132111281066e+26
3.886903193161351925e+26
-1.084520335112146948e+26
9.538248394828283585e+26
-7.609502944470722428e+27
3.391758971770274327e+26
-4.233156097919258373e+27
-6.346565044523371735e+26
-6.285213862817183149e+24
4.173157370890861383e+25
-1.190231963851376502e+26
3.191076563954585442e+26
4.273200405438477360e+27
-7.020608232400001251e+27
1.287985921963359422e+28
1.639760089591381357e+25
3.321570278904411712e+26
-8.923460374791197378e+25
4.479227851064242550e+26
6.022476249667620982e+26
2.857059597381438135e+27
-6.396908723937800174e+26
1.766354696490128068e+28
-3.112263215344446385e+27
-3.580533145769358034e+26
-8.673754339740496566e+25
-1.612581246546839330e+27
2.829547438204837611e+26
1.401603830891414749e+27
2.500964366374088989e+27
-9.455053110918090395e+27
9.388018337612681186e+27
3.557456026025819344e+27
1.874404794738665338e+28
-4.325484969796170945e+28
4.602999554503487608e+27
-2.271124092025581859e+27
-1.614222502475852078e+26
-2.029387923267694518e+27
-6.765137343496880158e+27
-6.281230568892941273e+27
4.713377690197473495e+27
-1.258132013364561692e+28
9.527493296525856498e+28
-1.197893783686291173e+28
-4.066905144825924008e+29
3.916877897189607297e+29
-4.956145641593408561e+28
7.061055219017521501e+28
5.727139095697747744e+27
-4.463509796377988615e+28
2.885939139328722605e+29
-2.257357335622623130e+27
-6.171594764865127162e+27
1.148721603568665537e+29
-5.674233854020039228e+28
-6.321569444296800657e+29
-1.700124201165910913e+27
-9.412766792731311525e+28
-1.000935401993370870e+29
1.590216517385564261e+29
-3.315277986809493272e+28
5.238388434183580425e+28
4.621763946443414646e+29
7.056040901337937470e+28
2.998427560638775166e+29
1.655177387985437441e+29
-1.353387448011753050e+29
3.469932855480998742e+26
1.501209578140626147e+26
-1.223518712576949003e+25
1.179230553187353762e+26
-4.772100278748193130e+26
2.811885561318464733e+26
-4.500193404760231188e+26
-7.089690340785130795e+26
2.479000410197122557e+26
6.553486102714574018e+26
9.568521514194114339e+26
-4.099204686188417875e+24
2.837933230000707991e+26
3.249778726579479274e+27
2.476028093809397198e+26
-1.211656631805656749e+27
2.166217088202236973e+27
1.674767805313155333e+27
-9.296587646598340260e+26
2.214068583357951715e+27
5.061368788225970259e+27
-1.624257969006631024e+27
-2.659630045884045712e+28
-2.757086418537063640e+27
-7.931636968552753079e+26
1.084761960792975801e+28
-3.441505974996507925e+28
1.472464597450509097e+28
2.348183432210531062e+28
2.909578396618770896e+25
1.338769924742817629e+27
-4.010499895061077308e+27
-4.990084927675399892e+27
-2.484677517057270447e+27
1.317881138087468862e+27
2.975950681512448618e+27
1.116211682110324325e+27
3.406992122154256270e+28
-6.733507613962148665e+27
-3.434929778715169379e+29
-9.834858666116951924e+28
5.975607432730827726e+26
3.405791400644428993e+27
2.651411069150096251e+28
-2.854206652632490248e+27
7.924533885427050979e+27
-7.223107413932503290e+27
-1.307689671036540945e+29
-7.457306706651162630e+28
-1.890298451586855357e+29
-2.358423999011261413e+29
1.715333507234706027e+26
-5.688418972527727071e+27
-2.467285686522693767e+26
-3.517564164058769298e+27
8.558667873236280375e+28
-1.508825394367703794e+28
-1.763036739744634883e+28
2.597837623952304416e+29
4.746225393346402587e+29
-1.081073789698163773e+29
-7.767006066580933018e+29
-4.833748654399279199e+28
-1.418682490606235211e+29
1.189173140873222459e+29
1.997843580971874581e+29
-9.120155861982242819e+28
-1.852112665408430105e+29
-1.770761762386969807e+29
-3.181087872774236467e+29
1.930384101354682468e+30
1.347413116892996506e+30
-3.343562314946779961e+28
-1.688246257643215444e+29
-1.010198137931580509e+29
1.088400314375604331e+28
2.680379245407617161e+29
-6.860576140125788213e+29
4.898468372946911179e+27
3.287660715831978746e+29
7.907343402482137559e+29
3.142720484656916070e+26
3.722003453453746048e+26
1.312784752755627978e+28
-2.757907306810637003e+26
2.052034944849180046e+27
1.666174636853922224e+27
-1.122682044551031250e+27
-2.811219453222676447e+26
2.289658378997962280e+27
-3.613780089856833946e+27
1.131266686258698976e+28
3.265105509397067946e+25
-3.821656753734254664e+27
-1.149327128872907427e+28
-3.724291581276902756e+27
-6.700788929225015925e+26
2.929248029416522661e+27
-3.849505606094713041e+28
2.946460825695223293e+27
-1.950581887126490668e+28
-7.142260322359202084e+28
-5.562248010515617338e+28
1.557157295949647930e+28
2.611880713962384309e+28
1.748759295202473972e+29
-7.010403604410876161e+27
9.855285048779845385e+27
3.775266302175560745e+29
-1.289928032743700789e+29
-1.047815009758130862e+29
1.918098791208947133e+29
1.570684131394206201e+28
-1.252443265833685856e+28
5.438196822359509396e+27
-7.800898189105244175e+24
-1.315053085571022844e+27
-3.992014295837666705e+28
1.971302648041876297e+28
-7.317228526924493261e+26
9.061078951647088499e+27
-7.421826116459656666e+28
-3.025922218746957242e+28
2.340936784560203233e+28
-6.849521929705232097e+28
5.967215871005282472e+28
1.025039889594808100e+29
7.109611560512953076e+28
-6.083829398258445558e+28
1.528031812670487086e+28
1.474163401560901100e+28
-1.223975068614273704e+29
2.249453886178036403e+29
2.258035164543179168e+29
4.033992589141788190e+29
-9.773370324737304980e+27
-8.477139258180829896e+27
7.765662992212458187e+28
-8.621293806588120594e+27
-2.054499508168128398e+29
-2.573805167403463198e+28
-1.691598181863711153e+28
-3.456829906900412113e+28
1.410875836378250549e+29
9.242283719740728792e+28
2.061149598084482290e+29
-1.063745888652762106e+29
-4.030649081705635740e+29
-3.072223614685194494e+29
-1.806002297820842145e+30
-1.585858901692282244e+30
-7.572720156645618932e+28
5.456120481070177022e+28
2.419191073024449635e+29
-7.617439232351466902e+28
1.847564867124977062e+28
6.685804036244250825e+29
-6.028867493346563029e+29
-3.997587327880797950e+30
2.554494198272771989e+30
-4.784646115767151708e+29
-4.688748271720446297e+29
1.611322743698932173e+28
1.636840294154994616e+30
-4.698393399179187377e+28
1.992456738057613471e+30
-3.010939970687842679e+30
-1.488496362115533049e+30
2.245823259515113311e+28
4.743703631090259987e+28
1.987115878318535938e+28
-5.454101569361283046e+28
-1.226869901797756031e+27
-9.699625798230836887e+27
-1.247943769138493333e+27
-1.430269321620322946e+28
1.671752913760439123e+28
1.003637489054167501e+28
1.889919915524167886e+28
-3.124677956972775999e+28
1.233677789828509182e+28
-3.266602812489483261e+28
-1.102250233946198735e+28
-1.810149128147098445e+29
2.935229874206960933e+29
-2.918253860406382099e+29
8.185125517355679631e+28
-1.391649165079827797e+29
-4.860973556599692904e+27
2.819068528725060411e+29
-1.132829879717817462e+29
2.511053956721387748e+27
-3.601255408186965130e+28
-3.727273412051152401e+29
-5.295401466074994576e+29
-2.817115131141380631e+29
5.336688089545779947e+29
9.294292271190209224e+28
-1.334611166229875751e+29
-3.265207896597911695e+27
-1.370330379917795336e+29
-1.942502860495961358e+28
2.994239444021265807e+28
7.515983699426823558e+28
-1.633717623381538884e+28
3.441597537918009353e+29
-9.430251395522134445e+27
2.994500849642803114e+29
-1.676057454460428643e+29
2.028224129805137564e+29
1.416709262320498079e+29
2.608847563602590676e+29
7.574674061325953481e+28
1.158101785724320287e+29
2.147129882727216931e+30
-1.040126046319367228e+29
3.081516765694271765e+29
-2.897541250155366598e+28
1.565550111985292579e+29
1.720111085457938352e+29
-2.780574093616339086e+29
1.633339945132460617e+29
6.839467013877428289e+29
-6.700597592855258064e+29
-1.444965683727621345e+29
-1.727124180796924325e+29
1.022760848154916663e+30
-4.994241734628410921e+28
-5.843472886601482243e+28
-1.224163850044890305e+30
2.710132687687918082e+29
1.014629702347414719e+30
3.445529384949712383e+29
2.057005950268471037e+29
-1.729485944871955396e+29
-1.803800894822740260e+30
1.765266958095457632e+30
3.658812771809951349e+30
-6.691859184849821862e+30
3.484217935263512194e+30
-3.800446812418541119e+29
-1.923693261903477057e+28
-3.658411335907328450e+29
1.384309195412374350e+30
-2.706918245132526390e+30
-2.515814823726443329e+28
-1.208367749414100264e+30
3.170585894055641105e+30
-3.256773148141816586e+30
3.538918878830419542e+30
2.899153528316225574e+30
-3.379619095551450114e+30
-5.337709039789353651e+30
-1.070997047869178931e+29
-3.820714656700836691e+29
4.697766869177509294e+28
1.041552970799017836e+29
1.280875863777157109e+29
8.886488902397549858e+29
-5.385440891010121126e+29
-1.195647885029135301e+28
-2.730316083939485691e+29
1.996561223751460836e+29
-3.337318053600933556e+29
-6.746864620133177420e+29
2.295707361445931233e+28
6.971636163667967918e+28
8.702276849882384624e+28
1.306707777108608421e+28
3.476056734609831919e+29
2.240857101289703146e+30
-1.469986765178695672e+30
5.922231259840584984e+29
-1.353713363502807429e+29
8.912746574387473925e+29
-1.409037306430214020e+29
-1.056204827528491885e+30
-2.142859892438424830e+30
3.955539110647195607e+29
5.111221809200133265e+29
8.933724168524210720e+29
1.546658851825985624e+28
-6.189425365539740730e+29
3.204627402249508491e+30
3.250485479017525784e+28
9.158729231629737525e+29
-1.720531372857434090e+30
-1.643596011331944962e+30
-2.949912760224752017e+28
-3.995539315557435998e+30
-5.715813804237804732e+29
2.662626535261118496e+30
2.758006109127517916e+30
-5.239056150321427249e+30
-1.623960913513791634e+31
4.054348202177523887e+30
-1.275501717446539943e+30
-1.800606554669381037e+30
1.706387897648101126e+30
-9.265804589126807706e+29
5.615520583385301041e+30
9.318990248020130950e+30
5.511816792615768257e+28
-7.849911012164896149e+30
1.351986582355261528e+31
-6.530071586527935119e+30
8.782085549241991112e+30
3.869754122070923676e+30
-5.059064797473447825e+30
1.614130588563371969e+30
1.215739356192595354e+30
6.771837039894843492e+30
-1.014409799985886285e+31
3.395093952976824758e+29
1.035303819794151149e+31
-4.999284567737142047e+30
5.223860551267788030e+30
6.735491988400800253e+30
-5.277267456622421909e+29
2.025543122764498234e+31
-5.472997650954638032e+30
-1.045518858002798047e+31
-7.991003793495191435e+30
