1.602051244376301600e+16
-1.238811569956132864e+18
1.939967110863428321e+20
6.858354415607547167e+20
1.395786174123634328e+21
3.044834421836570690e+21
-1.329809417242565778e+22
6.285482921524084920e+22
4.807833740379785024e+23
4.776510891378500608e+18
4.084990708531536200e+20
-1.209828945595567964e+20
1.775538995189093761e+21
-1.586221442489767145e+23
-7.916631796391722824e+22
-1.094863103424524672e+24
-3.833922161272532710e+23
-1.142825305001152026e+25
-3.112405976060903424e+19
1.712262627378192712e+21
-7.892748309115242021e+21
-7.111776001418819168e+22
3.356341588541269334e+23
4.317009435119737247e+23
-2.274653498801158277e+24
-2.126536706933365006e+25
3.298864520939199485e+25
4.003886221618975867e+21
1.355272002584557755e+22
-1.719583720682953900e+23
7.354445427923155839e+22
-6.695322433090154419e+23
-1.728565830019507686e+24
4.802814951113228447e+24
-3.105377473485517470e+24
5.732290437130875334e+25
-1.869226689996766439e+26
3.639651825586932285e+21
2.780412047656181364e+23
1.263476738919709641e+24
-5.853706679279342049e+23
-2.390341904071667990e+24
-1.094195973373579420e+23
-1.849838245823856786e+24
4.771854695998370544e+24
-1.825149013977470704e+25
1.894493514704628370e+25
1.560033684902709277e+26
-3.040548888249334031e+26
4.171356205628407153e+20
3.384213429029541962e+23
-4.303969406266618958e+23
-1.545125834999156796e+24
-4.958414157801127898e+24
-4.686903573309878824e+24
1.539456472096477300e+25
-1.516380349691301452e+24
-1.169716646290408005e+25
1.370124822777593285e+25
5.292027604782782281e+25
2.957206462121391590e+26
6.280208645981155252e+26
1.609336064188341502e+26
-3.733858081479412050e+22
3.011269185937906178e+23
9.261001309799788726e+24
-2.253188857848320411e+25
3.120802254453489990e+25
-8.513597604689220798e+24
3.847103246971776509e+24
-1.928335412619373739e+23
-1.553822878482274050e+26
-2.579709441711267982e+25
1.662848493343620379e+26
3.236687076772359651e+26
-6.200472205238938159e+26
5.495181549853187663e+26
-1.082065511658624150e+27
2.519056627706184556e+23
3.873956308882923224e+24
-1.002744841393441724e+25
2.705723723629769527e+25
-1.244948467168509721e+25
-1.231832185259950453e+26
1.841962950940298218e+26
2.105546015661768233e+26
-6.026234306231328883e+25
-1.873401446104611289e+26
8.134277936883161827e+26
2.685212058025661545e+25
2.249723422172934947e+27
8.508875371776576412e+26
7.837633113290758381e+23
-1.340067873861914802e+25
-9.823884657415920054e+25
1.888991253521241317e+26
-7.458975307016641551e+26
8.060000413390832755e+26
-2.505869287490256765e+26
2.701843121225237526e+26
-1.977095062808172655e+26
-5.769845619927043304e+26
-1.009186937701305715e+27
9.361121549526608859e+26
1.088400691866000076e+27
-9.526038809343463260e+20
1.269963669512652849e+21
-1.467744520964011563e+22
1.194489362569318367e+23
-1.667530620879252792e+23
1.531705063989812289e+24
8.294391729010769920e+21
-2.648294398591389340e+24
1.121697064174509495e+23
-1.604175707920702206e+24
7.393734904898693313e+23
1.800894087977611267e+24
3.639287630567763035e+24
5.965919612689040921e+24
-9.266041266376081931e+25
3.652763498190876563e+26
-3.626218918017206961e+23
-1.279700971107298421e+24
-5.476912367641713692e+24
-5.874080572065845801e+25
4.863489169801829484e+25
1.770947906807004907e+26
4.344546818511151318e+26
1.121672068776379940e+27
-1.673529277221732719e+24
3.498634702462540124e+24
9.089715529474671982e+24
1.185021186247124854e+25
-1.680705243769047212e+26
1.035884830920941837e+26
-4.959514746222303451e+25
7.388051973926729900e+26
8.433113043610305537e+27
-1.021442818615279361e+25
7.264829862818753602e+25
-4.536728362230546730e+25
-1.840152192588166708e+26
2.579864302069125352e+25
-2.143791717250360836e+25
2.966717711627342587e+26
-8.273316393599613604e+26
-2.526140034546235536e+26
-1.323028629232774181e+27
-5.361929155424447653e+27
-1.797038219134385531e+25
-2.956140313232058679e+25
-1.109462816757540457e+26
-1.679290866314253594e+24
-3.443349131382790457e+25
-7.437017527927275916e+25
-1.811504452070686315e+26
-4.038304791268502337e+26
-7.340408850114939506e+26
5.549468184827757819e+27
1.740615641075781287e+27
-1.077664670734895623e+28
-6.032387708123663052e+27
-3.625468559788523275e+25
-3.363981772109031228e+26
2.133942952480197555e+27
-7.449823687634685740e+26
-5.937750346343718101e+26
-2.170180693425242808e+26
-1.709911113488087454e+27
-6.513166359085737876e+27
-1.850346271090688430e+27
-7.903714648646827865e+27
-1.156515441797675694e+28
-1.154021206384619521e+28
2.940346403613281124e+28
-1.131877807251986530e+29
-3.145065963798447635e+26
3.427583978160048186e+27
2.276589145515172126e+27
-2.316674889448845244e+27
-3.635028336699596618e+27
-2.030151144804111649e+26
3.707934921644616371e+28
1.691379149552374406e+27
4.921614691046475409e+27
5.554396565252932518e+28
1.963206607730435558e+28
1.743555204797013180e+29
6.561546028374217202e+28
-3.791129707649449840e+25
-7.611409223257564511e+27
-1.301463631135014726e+26
6.899754961041234869e+27
2.252221953374631981e+28
-3.076392639702071731e+28
1.931719097399960510e+28
-1.718399822793557379e+28
-5.853366356533661933e+28
-9.614537818401356278e+28
1.536039230792769956e+28
8.258553330711960384e+28
3.550037410876445017e+23
4.234095718381036797e+23
-3.288195427221003192e+24
2.456577288022325933e+24
-1.397455308958168430e+25
-3.826927811485267994e+25
2.906275891096603150e+24
-6.327359785848531994e+25
-1.584164470175155105e+26
-1.289735046053658513e+24
6.437179600940250649e+25
-8.154128650750864117e+25
-2.749889651526632489e+25
-4.896171354125394283e+25
9.439052664528410107e+26
6.653385984527784065e+26
-3.364870844217545153e+26
2.337907779079967460e+27
3.156143380212100497e+27
-4.033030734382163994e+27
8.224213311421469510e+27
5.416599077753487848e+25
5.463851701432520270e+25
9.651111390711786062e+25
2.555228393385042186e+26
-6.129658749148314075e+26
3.502484854152496792e+26
-7.007451185625026641e+27
4.841036434591775196e+28
-1.381992516276648114e+26
-7.431558882954997255e+25
-3.092388584755678846e+26
-3.459989225853987823e+26
2.009797676085836946e+25
1.442761467184858751e+27
6.519165867699301321e+27
-1.149045078261254886e+27
-1.101056811456836733e+27
4.384825880059714893e+28
-6.877125315023166527e+25
-1.946813209630331421e+27
2.378450708415264351e+27
3.497768755892125598e+26
-8.230141348697414071e+26
1.702491934170824374e+26
-6.333475528962500156e+27
-2.554175261918552745e+27
-2.162412001537645794e+28
8.418843930978843378e+26
-5.799235499885106339e+28
-4.382429991182249790e+28
-8.968021608725967564e+26
-5.715697265677246847e+27
6.739127722350717285e+26
-2.532409321931456558e+27
4.016740240242328849e+27
-1.065783567578297067e+28
3.126745663893277794e+28
1.299695658202224891e+28
-2.944799644994691618e+28
-3.327421290062617886e+28
4.120064143486533718e+26
-2.274199794434452016e+29
3.411297341960504679e+28
1.532987312267070831e+28
-2.476793037922790406e+28
5.120269532401884211e+28
1.872770301159479269e+28
5.238309500997589504e+28
-1.048036924502754664e+29
1.971442092946691876e+27
7.721877781541102363e+28
-2.563409808428473311e+29
-8.179762652256520917e+27
4.157210157487952201e+29
3.589944702546521342e+28
2.708954754545654439e+28
-6.363890834919274445e+28
-2.132672072437661419e+29
5.734029641282770457e+28
2.611789855202636117e+29
3.607224610474064365e+28
5.877725214280024934e+28
3.825970187274116735e+28
-2.701890866066537153e+29
-1.395464504305652771e+29
-9.488578489772480365e+29
-6.801583519881273136e+24
9.645688398442899573e+25
-2.098126698950743670e+25
-2.102808936263378619e+26
-3.336380005041203293e+26
1.462980121913964781e+26
4.406965454712700912e+25
1.707998842986687454e+25
-4.016127073692375108e+25
-3.355885619702752250e+26
4.064322145794307267e+26
4.336330891160280004e+26
1.927747853123509841e+27
-1.824713053520301247e+25
-2.825810186345539329e+26
1.990792863537441578e+27
4.542339063609808620e+26
-1.225584138808429859e+27
-1.682759203637857032e+27
-1.557377221128748823e+26
-7.879601280979627903e+26
4.808265026439127858e+27
1.896846342332603540e+27
-5.298256022273253804e+27
2.113303426983233442e+26
2.880750351744461353e+27
5.866574102323255005e+27
-1.430152630815717801e+28
-1.940706335166206617e+28
-1.718925434002763907e+26
-2.182680772847419148e+28
3.617520092461604534e+28
1.021329438626498426e+28
2.513088567738880407e+28
1.607500522384195237e+26
-2.671303061327978459e+26
7.161223357337090465e+26
-1.163369618038283404e+27
-4.433077097657226516e+27
2.629230949808170630e+27
6.475110082606064105e+27
-2.117911678095350507e+28
-2.449383187744424878e+26
6.239942639269435536e+27
-2.782416517946103903e+28
2.111857436851856658e+27
-2.151187940979866814e+29
2.941507239485440380e+26
-3.066996533478226141e+27
-4.073641026232565504e+26
-2.962406918588329318e+26
-5.179219357783653660e+27
-2.793357634849316737e+27
-1.538348940255145988e+28
2.051612544398592083e+28
3.794992933851664078e+28
-2.143120829483491178e+28
-1.348664768125135231e+29
-1.082977591821980850e+29
-9.991304050314873650e+27
-3.616520648850729882e+27
3.168231852507725317e+28
1.117770788250572330e+28
-1.742587759550061319e+28
1.025627973299845029e+29
-3.256955770619382768e+28
-5.257071079689682891e+27
1.674031940476799768e+29
-2.501680259830528518e+29
-2.116005036928531720e+29
6.273129500407826421e+29
1.922671146413195407e+28
1.107047651735292352e+29
5.707117351053615256e+28
9.707020221706096081e+28
2.480548673158637661e+28
7.251648606926376386e+28
-1.110560346372466956e+29
5.069282992945178807e+29
-1.966353547984224767e+29
-2.042221182133048338e+30
-1.219263000056632438e+30
-1.630391313708323623e+29
6.459210147345806254e+29
1.648006721687173094e+29
1.036748230448234162e+30
5.794217953574604639e+28
-3.376863269145234595e+29
-1.343743447748457741e+30
8.836910420077357834e+29
8.167554186151491008e+29
1.033259697571381420e+30
-9.840099933924412638e+24
-8.767425621637297382e+23
6.894490322012784596e+26
-2.251224777982279634e+26
1.206374903368844116e+27
1.216254618447333275e+27
-2.515785513636901702e+27
-1.469127783401003731e+27
-9.522059129864574786e+26
-2.650062241491300205e+26
-9.218093600145350277e+26
-1.431114001648672142e+27
6.011212278114553068e+27
2.750403410168898871e+26
1.055056697618707166e+28
-1.144269257057811686e+28
-3.476677344642460876e+27
3.209047140267831916e+26
-3.582974143955375952e+27
-1.080254028604931429e+28
-1.457661675527893075e+28
4.855608008176821646e+27
-3.075514739478377908e+28
1.116921445446482085e+29
-3.643080808610381304e+27
-2.986551465805181462e+28
4.986039397393629184e+28
-1.658423881885438441e+28
-8.847162811553957627e+28
1.279073115692181554e+28
2.046238347209276374e+28
-1.246813402720001899e+28
1.483996867623320299e+29
-2.129325984043241500e+29
8.732857415206785142e+28
-2.026936899886815232e+29
-8.215210813971803868e+28
-4.988796903173268736e+26
1.774344841915882661e+28
2.285349030832010093e+28
-1.556272539911742276e+28
-4.921911993549426118e+27
-6.110637104679522514e+27
7.197865902841846454e+27
9.314527124365492002e+27
8.455619684726350898e+27
-1.190870578069452768e+28
-2.308470130912800392e+28
-5.598030406223726005e+28
2.269402982329462029e+28
2.274733171591742235e+28
1.479657471552229041e+28
1.015322310859460230e+29
-5.783485519516154200e+28
-1.276356978592627259e+29
-3.192523515710374243e+28
-2.192518714688699009e+29
2.247685564461456051e+29
5.117559157368255033e+29
5.710749177974578107e+29
-3.856336077740242789e+29
-8.137404763534251218e+29
1.931562812131122201e+28
-1.972948116588950515e+27
-2.589787907252463471e+28
4.579002480749553241e+27
1.259341459686408689e+28
-4.871058036751714175e+28
-2.210694969113720194e+27
-2.296626521386380798e+28
-3.420005908575993407e+28
-4.739361443052632487e+28
-3.887798321817012559e+29
-1.952013547056089301e+29
-2.909860432716437238e+29
2.911960795197603503e+29
4.518879619531440831e+28
2.141674817099433679e+30
8.418730570989620108e+29
-6.457737755266830407e+29
-9.395702179548885300e+29
-1.999906617654954432e+28
-8.140858440235655898e+28
5.062896467315017237e+29
5.129884982612365280e+29
-3.617835264383674253e+28
1.060962475306309655e+29
7.537304647571284135e+29
-5.456150795693250971e+29
-3.847058831497899795e+29
1.722746765076981701e+30
-5.511861374660181621e+29
6.014534030134399398e+29
2.477345330239132420e+29
-5.051242535564146764e+29
-6.967360630202939011e+29
9.665410985917524458e+28
3.471237017194671054e+29
1.576933270664716216e+30
-1.562421801423462163e+30
-1.813400895085565475e+26
1.343510632374158763e+27
-1.122183826277040434e+28
7.061737315348048213e+27
-5.952907611605013199e+27
2.568691739836854332e+27
-1.641615111853149900e+28
-5.122403060550977337e+27
4.588403865945116579e+28
2.984365398681171768e+28
6.782794474262627088e+28
4.977493665158820801e+26
-5.614191453074527471e+27
-1.793210452898343829e+28
-1.431565035644173544e+28
-4.898297701942689811e+28
-1.918073791575358067e+27
8.320877120538455022e+27
-5.569902392325373162e+28
7.661102574411730505e+28
9.464364624845607899e+28
-4.039263377770802180e+27
1.301406267726920013e+29
8.130219325593138011e+28
1.791753399859282085e+29
2.326028866480289220e+29
1.547137869660247941e+29
1.744385078438576714e+29
2.739328786917685085e+29
-6.932738798587923006e+29
3.002254920195165375e+28
5.685491012675459942e+28
3.602915394229344227e+28
-3.138703160200978826e+29
1.412191550810482482e+29
5.398464950163255540e+29
6.669329645090314374e+29
-1.082127159878455368e+28
2.758916677059131315e+28
-8.336539592727712157e+28
-3.095277461990008280e+28
-2.005814960828088405e+28
2.274883640757749809e+29
-1.109812226961431841e+29
6.682159110497503529e+28
-5.826217730882322750e+28
-1.440231738818543177e+28
2.573553089572933032e+28
-1.197258637827037753e+28
2.464315181602006067e+27
6.270686797908637120e+29
-2.876330705248510839e+29
8.123272983608308155e+28
1.972489405359719759e+29
3.453601179040118680e+29
-5.216894514198863788e+29
8.900786665780092595e+28
-2.309184385130382087e+29
9.529852391427003579e+28
-1.505911210269567543e+29
-1.686358164735213351e+30
3.545644361174091185e+29
2.664977328332406688e+29
2.996159328105728557e+30
4.415960326332917520e+29
-8.383550163623447592e+28
3.923983564768510881e+29
3.421235678520805824e+29
-1.093423811842881987e+30
-2.497053905555919324e+29
1.443351484434386650e+29
-6.310186159251745537e+29
2.416553278899747534e+29
2.467085875097265709e+29
4.979317780335469378e+29
-2.838779045311913463e+30
-2.194270527549937111e+30
9.213404018252246141e+29
8.950170548328996289e+29
-1.912867231635982122e+28
-2.266730816343018742e+29
6.312320400332096127e+30
-4.669278234101440424e+29
-1.206755363536666973e+30
-4.555262361628313084e+30
2.735543129876489074e+30
5.931533547596551878e+30
1.295564159503360824e+30
1.359502866100548363e+30
3.179051392661815683e+29
-3.010465046938545446e+28
-1.473477077696918820e+30
3.617115646712987256e+29
7.524985339436386250e+29
7.752721567419858139e+29
3.005940862297680859e+27
-1.457501448568717374e+30
5.440058554398291725e+29
5.626377874353606517e+30
2.394475967387924348e+30
1.728906399302618335e+30
2.743424602691686992e+27
-4.025206683165624173e+27
-1.993406572144755982e+28
2.328897556864703619e+28
3.705481923559365506e+28
1.267467349222903296e+29
-4.825342603703092102e+28
-1.069058201709746089e+29
9.340009309835329169e+28
3.677000138946655349e+28
4.298880484055970462e+29
7.644271393832318745e+29
7.585448114100052657e+29
3.471880076180420462e+29
3.785242379415828260e+28
5.454842800713583361e+29
-4.412771449632503949e+28
-2.392793047840792517e+29
2.718680031425283383e+29
-6.279101564871296212e+29
-2.927441528632943028e+29
3.327004372292559375e+29
-1.899634744261256542e+29
-2.690805785972370152e+29
-7.651064462301311799e+29
1.928035770800255740e+30
9.480665146050405625e+29
-5.049767458475901265e+29
-9.651031648738369058e+29
-1.733089474640486780e+29
1.034438440266739128e+30
8.454316654838168656e+29
2.985223172044568596e+29
-2.058914646936934193e+30
4.218199124900624114e+28
2.465554436805144752e+30
-4.253300136014487821e+30
1.785720213575205626e+30
1.427556385863245968e+29
-5.401261811429579803e+29
5.100334156204359840e+29
3.277148427767490819e+29
4.860983266444821107e+30
-6.826302068714000051e+29
-8.442297763955841306e+29
-9.994549492060424871e+29
-1.089123674389733775e+29
-1.775250410375138144e+30
2.407923100779128793e+30
-2.021730368228387799e+30
-1.048408397437841627e+30
-4.519786291022954446e+30
9.257696636100542308e+29
4.066081793109039210e+30
-4.347438752710865443e+29
-4.130895634539885430e+30
-2.502544021222113015e+30
-2.899719711707448122e+30
1.722838461381067763e+30
-7.673156028674189001e+29
9.818174911201313493e+28
-2.067853964508942896e+30
-3.900226638341660065e+30
8.464557699887605098e+30
4.906252613154099559e+30
-2.984988214111802724e+29
-1.192523177973339873e+31
-7.173991155058162673e+30
8.852180697771167003e+30
5.320047341125002534e+28
8.061466670295086031e+29
-2.629654869215699525e+30
4.595365905025740530e+30
7.426388933638341107e+29
1.823697844828232786e+30
-1.101820390609580599e+30
9.602288087594791944e+29
6.403811290720390868e+30
9.483859612270959249e+30
6.049492045563061554e+30
-4.513049027708474980e+29
-1.582160453467931813e+31
8.967880638900150403e+29
2.042011408894766546e+29
-5.768784882832835576e+30
-6.820715420011574309e+30
8.894842047627010227e+30
2.751422288684197168e+30
1.221057470874638370e+30
-1.496701676488764349e+31
5.359132892516927771e+30
2.554523096564316233e+31
-1.271542380758472691e+31
5.921547895164697651e+30
-2.921736746825442492e+31
-1.368853199329823545e+31
-2.803882761492093550e+31
6.771713969062506780e+30
3.009316564222110807e+31
3.282750976217631122e+30
-3.034864505593805452e+30
3.218022415045179463e+30
1.145995738615845233e+31
-2.771407288521478733e+30
7.044931881819498960e+30
1.132332042679701459e+31
2.759745471235501119e+31
1.473253193844809086e+31
1.059222667528020992e+18
-6.146904885463851008e+19
-2.576927552427518525e+20
1.714228489017999770e+19
1.134471479966289625e+21
5.541008051717081661e+21
-4.097734745120200616e+22
-1.493111323483825316e+23
4.751997594045480960e+20
-1.499858737522005246e+21
-1.094186138011075556e+22
-8.115058817014433841e+22
5.556875247724073121e+23
1.266796721124552286e+23
-2.057267106867791916e+24
-1.059714504319986868e+25
-5.490595150373225759e+20
3.143055674951794793e+22
1.023763270719608319e+23
-1.206721798655948995e+24
6.071826129057994590e+23
-3.075568639934146575e+24
1.194789457252784853e+25
1.285631579945619597e+26
-1.114599822047144890e+22
8.880578675576268023e+22
3.777822323025103762e+22
1.217065939580730932e+24
-1.336562916707040422e+24
-2.021854700736837149e+24
8.370495236111356211e+24
-2.060395403646082883e+24
-1.310594951361167720e+26
2.402503416746654407e+22
-1.546639880653989583e+22
1.227537786822203120e+23
-2.865005377092880381e+22
5.882235246424518463e+23
5.429015181561684979e+24
1.123202829094759267e+24
-3.773719070764184535e+24
4.423828127840873994e+24
1.034983341036040634e+25
2.614901998171347406e+26
6.575587292495328041e+23
-5.049474906237499490e+24
2.947337751992489484e+24
2.763201095792063976e+24
-2.089371104555763698e+23
-5.845981625172031862e+24
4.696635594178477087e+24
-4.382902428791057435e+25
3.606314465966411468e+25
-4.085771967315806451e+25
-2.234308959422269988e+25
5.502024144044073076e+26
-2.633529112577194302e+26
1.725699694287015547e+23
8.958099855941278835e+24
3.392290282134036099e+24
1.171189769964782212e+25
2.525888357300280561e+24
4.572249110261174561e+25
1.741486941977563406e+25
-4.729633288075992802e+25
-1.853615321670107605e+25
-3.907345223863649376e+25
3.458045416453858811e+25
7.883786105966720646e+25
5.928496477620592442e+26
4.109734333550990264e+26
5.348336756444659777e+24
-3.387519893199992685e+24
5.282218217189358252e+25
6.490018791385438992e+26
-3.324882018153043234e+25
-1.386342396843457807e+26
7.654683437392536778e+25
5.285809049215429081e+24
3.820881587217266648e+25
9.379661834042209286e+26
-2.195603322586758953e+26
2.475739318426663842e+27
1.152643323069680180e+27
-2.446744777287462117e+25
-1.760166013528153431e+26
4.705389252873162041e+26
2.200734999537200189e+25
-6.592350949761531736e+25
-1.505609856965853148e+27
-1.930189464924031545e+26
-4.878113612576918676e+26
4.185888762194086577e+26
-1.437295026806938854e+27
-2.990640641282488034e+26
-3.050976744338622852e+25
1.270538853687221866e+22
-7.566920172713734151e+22
-9.803237841170488046e+22
-8.795450592355065287e+23
-9.897953928661079110e+22
-1.472762763174492655e+24
1.233876917355531121e+24
3.620693917888454062e+24
6.373991809142948448e+23
-2.508589595631614100e+24
-1.208400418907232355e+25
-3.929230872482677753e+25
3.826030644438078807e+25
-2.558548165380243100e+26
1.810924380725853049e+23
-3.019021028554512594e+23
-3.328562088613072474e+25
-9.656891102663878304e+25
1.886549705087723030e+26
-1.030941445571936077e+26
3.193957080598017010e+27
1.751309549451054215e+24
4.478154427464897528e+23
1.183644913084248064e+25
4.404789741061660714e+25
5.903226017415873368e+25
-3.089741106196617811e+26
-6.448130568527653029e+27
-7.178181672087773592e+27
4.792983657937604692e+24
-3.533700531634950408e+25
1.148047873088264775e+26
2.437517381146101179e+25
-2.811233288374381945e+26
1.279345683234092657e+26
3.996587352400365063e+26
1.741479556275813063e+27
6.390912607678005789e+26
2.804938387873633927e+28
3.226610686872453243e+26
3.775502877379826223e+26
-3.259013187501684460e+25
-3.703504991008962364e+26
7.285720392183278345e+26
-1.757094300750615380e+26
-2.547430475135959233e+26
7.333754622686319628e+25
8.023171761078328689e+27
-8.680940743200323240e+26
-4.235036489785131479e+27
2.363110341276069170e+28
-3.142358800679486064e+26
1.842218233744280228e+27
-1.793162386634668769e+26
1.289879295717468802e+27
-1.366547987152215247e+26
-4.269728104206794417e+26
1.892300152505467184e+27
1.055363508903484556e+26
-1.210334366508332181e+28
1.885609057402402517e+28
1.238539015106603487e+28
-4.408762781660012279e+28
2.119265074247400789e+28
2.181100622775090516e+27
-6.481491258024958392e+27
-1.446960072317797046e+27
-1.435292856355662397e+27
-5.440466508630360682e+27
8.536697192908084553e+27
6.860930329647308423e+27
8.049151102463326855e+27
1.512014025888364206e+28
-4.059692675833526812e+27
5.940398602217168251e+28
-5.243955936354659397e+28
5.313145590630758445e+25
-1.576310172357850116e+28
-4.894572403102009142e+27
-5.328607589712359110e+27
3.972160368498966203e+28
-3.263020981435819209e+27
5.812763988578632272e+26
9.679342564204194091e+27
-4.363139364117871402e+28
-2.658841927115415920e+27
-7.429150936832834892e+28
-2.861317263718673910e+24
6.464934269379489831e+24
-1.369651585579363048e+25
8.633517191595870900e+24
-8.245119003689740258e+24
-7.726497068144898046e+25
8.737733353451536595e+24
-6.794655827173840325e+25
-2.427218775246533508e+26
5.452652222513848036e+25
2.056754261746963840e+26
-3.369755434469004943e+26
-5.360417194076368713e+26
-7.711097484069272229e+26
1.518209196417461305e+27
-3.205175807304111067e+27
-6.329293999622959806e+27
5.714669093990229732e+27
-3.103790084773253532e+25
3.590781958943516954e+26
1.815290161609902248e+26
-1.275294246347780607e+27
3.150714886049658243e+27
5.746234195848300306e+27
3.215228588347312463e+28
3.228730570678814558e+25
-4.483225499232468496e+26
7.581818799027565094e+26
-1.108529259092634403e+27
1.122301637877816643e+27
-9.324952109094249355e+26
-1.707159272360566938e+27
5.727451746230316975e+28
-1.045868987982452298e+29
-4.444133792975872708e+26
7.629864907558555101e+26
-6.333428831292274361e+26
-4.210092587340370942e+27
5.196079030607452699e+26
-6.907379605700296711e+27
4.495208964153399236e+27
-6.443511868774556747e+27
-3.205037690534541185e+28
4.157925887029901531e+28
-5.401934583280430373e+28
-2.130968480779159083e+27
4.373522245390198026e+26
-1.138176436711774110e+27
-1.128139658396073494e+26
-1.613357396994922690e+27
-3.082543527265365632e+28
1.588088060589600559e+27
1.815981976117491256e+28
-4.376244515661335599e+28
2.179110648638059350e+28
-8.453474806882800973e+28
-2.123312483406094549e+28
-2.538425018833113161e+27
-2.030365372200067904e+28
-3.216196423484707874e+28
5.607658108082668532e+28
1.362686777003942314e+29
-5.648887215595949424e+26
-2.441970332734002563e+27
-2.080026987638363388e+28
-1.429138434832803702e+29
2.846658095863425128e+28
-2.071666057388416961e+29
2.249698664901550048e+29
2.491484367413897201e+28
8.607687124028314662e+28
1.057719717226652344e+29
-4.535854152841277788e+28
2.242775230089884222e+29
3.273566234086719917e+29
2.425594680229143477e+29
2.425097889890740904e+29
7.758834760162577704e+28
-1.331552233704935287e+26
-4.899943702041044614e+25
-2.988610693226576001e+25
-3.559320176243439903e+25
7.211308028083192365e+26
-9.053316974289093853e+25
-2.927312072811775816e+26
1.293359106976789549e+27
-1.846888425686309901e+24
5.100519525381395741e+24
2.043199677984117824e+27
-2.006520866696543141e+26
9.816201411537903221e+25
-7.062173615441868959e+26
-4.695965777421241755e+25
1.166756541796463471e+27
1.200632081304977758e+27
-7.326251327722626798e+27
-2.760954998816157388e+27
-1.203823869720972445e+27
1.868780105351014119e+28
1.526671524217315334e+28
2.742053907343755492e+27
-6.486933795094910281e+27
2.522210411289384578e+27
8.296022299983805075e+27
1.090860190069618356e+29
3.355606989898993378e+28
-9.144819149875461065e+28
9.543072309510286455e+26
-2.223435040299971767e+27
-3.335576920682582854e+27
2.021838574526062437e+27
-2.683097297278260705e+27
-1.246369016196344714e+25
6.746367959919458289e+27
-2.367176438276634596e+27
4.488757922959947678e+28
6.916178970768133783e+28
5.506679856207956116e+28
4.305481360301129977e+28
-2.608660849721670194e+27
-5.170758490982014529e+26
-5.621675580130259824e+27
-3.573055198389879615e+27
-1.154574822140365738e+28
3.809202868938649307e+27
7.558907806724544191e+28
-4.734510492611548649e+28
-9.603172486140707720e+28
1.082786279247254844e+29
3.579740944653159271e+27
-1.887823960355225811e+28
-2.621033299772164753e+27
4.739224738045943683e+27
-8.743742503617155339e+28
1.363635995793333086e+26
-7.902475040539526455e+28
2.209411292155144709e+29
3.235960881588354474e+29
-5.651091366406522898e+29
9.193926922115974400e+29
2.593765839028755397e+29
6.136889470624772376e+28
-4.901280229122003108e+28
2.698326199107429132e+29
8.392807786712727056e+28
-4.669185724625254859e+27
-3.740676239440364970e+29
-1.609761170728497752e+29
8.795042796682488542e+29
2.283582302976639986e+29
-8.863162861899256856e+29
-5.205521650397404705e+28
-5.513208711772549519e+29
7.688213378939626807e+28
2.024006150957759667e+27
6.722648589757989092e+29
-1.456888373705605302e+29
4.332251530556835271e+28
6.310998001253483010e+29
7.467630483369742612e+27
-7.879427605465347599e+25
-3.744178156343242923e+27
-1.253211680485768463e+26
-1.637376958008848243e+25
-4.625796832542888015e+27
-4.610602097691397044e+27
-4.441597782481449172e+27
-3.780613383679814215e+26
6.268757877059310124e+27
-1.188755520085924602e+28
-1.872721771751921632e+26
2.104305502049592322e+27
-4.282809946374030886e+27
-1.001560453441910756e+28
-5.684058826547892583e+27
1.935954328441623798e+28
3.709981263824771112e+28
2.411673794988820637e+27
5.268123338642673753e+28
-9.712922581112303660e+27
-3.756628911232344866e+28
-7.035676685683445688e+28
1.264755139589593275e+29
2.990531742953459747e+29
-7.022702511936143674e+27
-7.654093947545928420e+28
2.287992580420893916e+29
2.482956830090185641e+29
3.319133670525358872e+29
1.492216834747916790e+29
-2.345629853073110924e+27
-6.340130646478168971e+26
-3.150514330597815116e+27
-5.366368311223137514e+27
1.588432566865031262e+27
7.511048267744143457e+27
4.832592370881422424e+27
-2.046360814029600863e+27
-1.867430429588561494e+28
2.113277810929277207e+28
1.400510687196875644e+28
-1.685637861588166744e+28
-1.980695960193154508e+29
9.870491744904892863e+28
5.990655564601262642e+28
-8.714476360183588956e+28
9.345212757790089829e+27
3.585115356117844941e+28
-1.714271724740362370e+29
1.360912322952750042e+29
1.071229804535784574e+29
2.573442789107158569e+29
6.274589310446026162e+28
-1.440538613622133712e+28
1.273831926377251684e+28
-2.609485732601931444e+28
-5.880949138144657256e+28
1.076505727697072712e+29
1.904280356312609170e+27
-8.772958212048376594e+27
-2.495597469976825566e+28
-2.475271674577270205e+29
6.212527167975361038e+29
3.245916000645445723e+28
-1.511629742710141955e+29
1.082711533671563276e+30
5.332474512780006303e+29
6.445492189719204136e+29
-3.459147275768434973e+29
-1.380054302269654961e+29
6.163989353172950670e+28
-2.230127365061013572e+29
-8.941806892257371992e+28
-2.537395930787187109e+29
4.074083755285119030e+29
7.309811855142298584e+29
2.643938774720191736e+29
1.638798621947220898e+29
3.777930934845790794e+29
-8.579754577241553179e+28
3.380144361968457312e+29
-2.531412530358977304e+30
2.697414943228934922e+29
1.454987940566117808e+30
2.066490064401319251e+30
1.967586976162182523e+30
3.044077821925619766e+27
1.811929972474884336e+27
2.432315161575930037e+27
9.399443957547686630e+28
3.655319161096901049e+26
-3.140310678143480465e+28
-1.151338495733077575e+28
-2.015866952370909150e+27
-3.517605995756663343e+28
-6.423571314358885245e+27
1.683861646803796149e+28
-1.605991940073356711e+29
1.253813114470656249e+29
1.149550142700912596e+29
6.867477763500837058e+26
5.805657713232603445e+28
-1.541379536446669359e+29
-7.100588540462120418e+28
-1.980967291976851706e+28
-2.628682777381815370e+29
6.990463468059258533e+27
-9.322111227142926472e+27
-1.875242743243145878e+29
-6.769079576214865985e+27
-1.566319325939100643e+29
-7.610068011674931684e+29
-3.346356385184373027e+29
-1.319842869958947739e+29
3.858994817115238427e+29
5.211848551368521764e+29
-2.823258151501057785e+28
7.772868762101238723e+28
5.536549002831312565e+29
-9.516278494059583127e+28
3.471248415581078222e+28
-5.980229291416228616e+28
1.068624347707411949e+28
9.349738747380088040e+28
2.094030764209792852e+29
2.517444102682579088e+28
3.239687843961503392e+28
-6.318872911961447365e+28
-2.698488324666141682e+29
-1.132172499391424884e+30
9.912769256274675014e+28
2.592103883134672901e+29
5.486327331419369977e+29
1.165057701462940332e+30
-2.456536413273017936e+29
-1.046733555547519503e+30
1.713376856786576437e+30
-2.070163361628443705e+29
8.834792915842891930e+29
7.206714350104383353e+29
5.024244430401183223e+29
-1.429051501930371841e+29
-7.628541023337978116e+28
3.261753020086117671e+28
3.305272618820658152e+28
-2.696452787497416654e+28
2.300277485504618038e+29
-1.867241761830579535e+30
1.897672437817650514e+30
1.099789187974734600e+30
5.242766652065829078e+29
1.712501832677046566e+29
4.412310016653323408e+28
6.476354719118613709e+29
-3.657126307616931181e+29
9.480697235500156467e+29
-2.030166336644062922e+30
1.256358342377067286e+30
3.988814400592935248e+30
2.801483106671162671e+29
-1.330730475134948278e+29
-1.489566672617836695e+30
-6.914058104075948929e+28
6.223208715877881572e+28
-1.414754215787374221e+30
1.801155954253059845e+29
-2.841350022869199162e+30
6.444773174907479579e+30
-7.366443395564825254e+30
-9.020982760708755015e+30
9.638501006398585151e+30
2.268360566633480654e+27
3.808104408605881003e+27
2.217497593860399515e+28
-3.921621059771407667e+28
-4.278093065655935059e+29
-1.373974257654190443e+28
2.355384594922590028e+29
3.978475318680695076e+28
1.243864323541189956e+29
2.316585945236531188e+29
2.843829957562568275e+28
-4.349701521606732162e+29
-2.988735388444119657e+29
-3.734149555990030253e+29
1.519682066399636932e+29
-1.610445874347911025e+27
3.640854207039069987e+29
-1.011938520016807635e+30
-1.585377401537958646e+30
-5.945540351166400532e+29
1.215727305521510538e+29
4.943304898179951876e+29
-1.566614890338897534e+30
-5.023133511722716839e+29
4.013583502084885766e+29
3.292093773756992267e+30
-8.852154735904893236e+29
1.610750090466889450e+29
-4.405364622062253626e+29
6.888346257762180524e+29
3.545337939564946397e+28
1.394735550912368063e+29
-9.132404027649256031e+29
2.369914983664990932e+30
-1.295551572945183387e+30
-2.186970074038064565e+29
-3.838665470228068918e+29
-4.079606817305519702e+30
-6.452076574501209131e+29
5.304678578021967710e+29
-7.888645201786592211e+30
2.985373737270865302e+30
5.224213219299358484e+30
-7.381388414278954375e+29
1.357677086848514177e+30
1.363670118583549502e+29
-6.132592052257324313e+29
-1.196968585661267785e+31
1.195615467517001945e+31
2.105610709709471181e+30
8.130927201100877800e+30
6.820592442352861460e+30
-1.950989706955493227e+31
-7.100030278546508628e+30
-2.753364958489740358e+30
-2.213870184770873579e+30
1.785192658003084260e+30
-1.250711307653425241e+30
6.159794986067091216e+30
2.348071907086299752e+30
-2.044159517580664322e+31
4.712989224954281763e+30
-7.211711429677206399e+30
3.953873526740770064e+30
5.511845109433685938e+30
-6.661690839962175610e+30
2.438047159206945408e+31
5.747884389030986697e+31
-7.130115210834623343e+30
7.703187419107455389e+30
