4.125579536039588800e+16
1.200356302851360256e+18
-6.345923070398477107e+19
2.597937462962903777e+20
3.146699702165878211e+20
6.812369772644904468e+20
6.137416407838612259e+21
-1.180053522123712574e+22
2.115306955045529138e+22
4.626240569740288000e+18
6.353989492246654157e+19
5.680874355974484263e+21
2.496101657599420452e+22
9.196796232538322371e+22
-3.088097441531758410e+23
-1.390702957486191254e+22
2.708914966163510000e+24
3.760324443917411791e+24
-8.845408440767607603e+19
8.096959307572456718e+21
-5.505616332153499419e+21
-4.009403521046479163e+22
-6.166765266949695152e+23
-1.228777133562903763e+22
-2.569909103687337616e+24
-1.922192608699860148e+25
4.392793753392049768e+25
3.526471865603251241e+20
1.141965705373877881e+23
-1.046813322903192800e+23
-1.390423463548395685e+23
1.237040611361013870e+24
-3.028178470125868774e+23
7.350678195904090149e+24
2.470355246206363747e+24
2.184112026319891578e+25
1.341946629041929570e+26
1.588310788029986898e+20
-8.730814054426769726e+22
-1.330335713300117753e+24
-8.409422504004870304e+23
2.153523568822017526e+23
1.171676869780738891e+23
3.134272529227118891e+24
-1.883402955572357301e+24
-5.834142375055696557e+24
1.570138568669178682e+25
-1.957126667933263887e+23
2.199098496685871894e+26
8.064326249825255293e+21
7.749082010377494358e+23
2.186750812909795426e+24
6.285358149312914213e+23
2.907389312242406616e+24
8.128350563633801021e+23
1.692888494932141849e+25
2.106613594784754022e+24
-1.838430219482320094e+25
1.750695273564220587e+25
-2.162356972698710662e+25
1.007805806148332423e+25
-1.227955736190807489e+26
4.681105353813638093e+26
2.552804646032469970e+22
7.606303279426473988e+23
-4.935947281223885049e+24
-1.386364072551848076e+25
1.636321707477856909e+25
1.482557322967366857e+25
1.748667281197642330e+25
-2.075132459684984457e+25
-6.214304400563901237e+25
1.422575467704873825e+25
-9.567411223411174335e+25
-2.911479467850994170e+25
-1.361348321413566161e+26
5.682036805299735665e+26
8.422175058866613531e+26
2.353688273627685428e+22
6.718854730222570836e+24
-3.089369769255918498e+25
2.964101199192317434e+25
-7.592827171037939432e+24
1.019621702576243865e+26
7.745430516567212428e+25
8.963614468309338191e+25
1.316573161242359476e+26
-1.825622533115342862e+26
4.126837947512615351e+26
-2.236440736441996278e+25
-7.936667533420346501e+26
1.306149670322973148e+27
-9.459412245888924805e+22
2.974283290217866163e+25
5.296303985941768318e+25
2.005992330893655347e+24
1.710955958688229634e+26
-2.027254110149286266e+26
2.126214581149133969e+26
-1.427061410302248597e+26
-3.007531435632376174e+26
3.329924991258348677e+26
2.058043078894162122e+26
7.033572146663346502e+26
-6.440417414173237736e+26
-9.240936279198114775e+20
9.189404592994873508e+20
-1.155577886011552694e+21
-1.413038025184484828e+23
1.049954079673978255e+23
-4.205289880875607796e+23
-6.736180729201647682e+23
-1.271723849296877768e+23
-2.456978229544620365e+24
-2.027092535228876934e+24
2.600257320519823977e+24
7.045248345545349152e+23
-2.456602430870849677e+25
4.934730393098063424e+25
3.866634327019460439e+25
-4.053966352425930145e+25
-2.582703048271890848e+22
-3.453995315719193514e+23
-7.577211692703268722e+23
-2.739115173142960303e+25
-6.328108266589285655e+25
5.338326391970201719e+25
8.948484146520298326e+26
-1.055148030813553131e+26
3.735055129216446775e+23
2.872382513800087245e+23
3.998258081940205983e+23
-8.170854902976708426e+24
-3.961936040077367959e+24
-8.867196302483154008e+25
7.868984523779882400e+25
6.132994369558348415e+26
-2.413369828203073622e+26
8.104898556306709975e+23
-2.243116431153198729e+25
-1.677449150748607417e+25
1.602169600395712123e+25
-1.061602207429061984e+26
4.792172909329238755e+26
-1.910277211877440240e+25
-1.814665520387270543e+26
-6.108271840494242669e+25
-1.711106133055473406e+27
1.850964470073801446e+28
1.277325397958828023e+25
-8.885366507141853743e+25
3.328742671858281835e+24
-7.049058073369543602e+24
-5.156810764657625238e+24
7.660208580675629445e+26
-2.826861978581682168e+26
-8.866883399538761236e+26
-8.608003612146707478e+26
3.686939958274812966e+27
9.993013646609911992e+27
1.691031279543853189e+28
-6.100477526967787858e+27
-1.047581196109965955e+25
-3.568675190006877565e+25
-8.727697051135355787e+25
-2.767646393113110631e+26
2.148295388379032822e+27
1.051469859787647079e+26
4.927385557434176369e+26
-4.883717885712574691e+26
-1.401740815010290950e+26
2.209625277037875483e+27
-4.428005027316001786e+27
1.002721211476068689e+28
-1.888662970530758329e+28
-3.295668790154121117e+28
2.702924066840985546e+25
-1.832251238449973969e+26
-1.981754448609195114e+27
2.898740289478589030e+27
9.722331335962311530e+25
8.038907656293865829e+27
5.401553098995099127e+27
-2.819233387595692991e+27
1.712227212934830103e+28
-3.314434030026029525e+28
7.842748705177961298e+27
3.212191441357396682e+28
-8.649078628457540509e+27
5.795971549885989850e+26
-7.265774099215557748e+26
7.494193586097865739e+27
-4.629122862282187857e+28
2.545871075258874824e+27
-3.164762296626249673e+28
6.663493741401756143e+27
1.901704590342221270e+28
-3.978686544090611057e+28
1.462213440501102757e+28
4.018704878780987114e+28
-1.177509221912640777e+28
1.295900877488724220e+22
1.237583954623815351e+24
7.278505907442415315e+23
4.444577827020788193e+23
-9.990092616932449256e+24
-5.643601969878168374e+24
-1.645685313431075543e+23
-4.050668563718579128e+25
1.113030681297317645e+25
-7.717934804643317862e+24
-1.276091708634607465e+26
-1.190255664590989642e+26
-1.722148664359434389e+24
-3.410968116389525427e+25
5.361511033957273269e+26
1.989910158522811033e+26
1.804180006047757421e+26
-2.109315432052303722e+27
-6.486934771385538493e+26
2.473869075235777250e+27
-1.504370695951732663e+28
5.765984318754872713e+25
-1.758887103139970036e+25
-3.191002865526251459e+26
2.513487542604482148e+26
3.043011156741550313e+26
1.177306072397794698e+27
1.038537954872542230e+28
-2.248422716840640715e+28
2.837425181212407036e+25
-1.289269889709199384e+25
1.763845360241151285e+26
3.353255525285332713e+26
7.237296379706754072e+26
-3.825199457001622293e+26
8.619918769539862745e+27
3.238682837720403696e+27
-1.965751030984636951e+28
-3.894291077541972022e+28
-3.240163877368974186e+26
1.394886974833834099e+27
6.974571800691714470e+25
-5.264390373075523312e+26
3.256128631066136068e+27
-1.166822962138091483e+27
-3.958955062095773926e+27
-6.212545510567162882e+27
9.540505881464509599e+27
1.521502324507623370e+28
1.153673274382044881e+29
8.193505776126658288e+28
-1.086774101993779080e+27
7.718122811021104493e+27
3.634850817260513278e+27
-7.941400296162455005e+27
-9.740343573458308588e+26
6.939790526495980032e+27
-3.287500213173705839e+28
-2.385346946221018156e+27
6.388050146394527764e+28
4.744466165935859946e+28
8.757646031651131615e+28
-1.682594668717868063e+28
1.788400417358058359e+29
-1.228746595717239983e+27
2.628609803770913511e+28
7.698333436136229124e+28
-1.049198985876748365e+28
-5.465344881521062332e+28
2.719827412181545180e+28
-3.496003817001397054e+28
1.929306593432788625e+28
-2.710446080584980832e+29
-7.931496579610253633e+27
9.236368824419059171e+27
3.544977733723521592e+29
-7.053928945848038679e+28
6.016472516381643547e+27
1.198830731123689434e+29
-1.522094956455429230e+29
3.935581440196045708e+28
3.799985160259669249e+28
2.090676064277563101e+29
-2.035677617227589857e+28
-1.578759157287726503e+29
2.644996111594897545e+29
-4.719898323703199790e+29
-1.862028866626205967e+25
-1.188381949724462924e+26
6.855618201111616871e+25
-1.527367252913994406e+25
1.243036831582828246e+26
-4.244812912497252675e+26
7.582246269983900380e+26
-2.241225773593938557e+25
-6.001659740901295765e+26
-4.666757016086959489e+25
3.287092470334507929e+26
-7.519172240583743598e+26
-1.190641516781390022e+27
-1.064068182700588823e+26
-7.333625510713930764e+26
-3.136209773633812965e+26
-6.028000340663582732e+26
6.275951428937562519e+26
-3.415215956898339475e+27
-2.231375019175420326e+26
2.205098044109783884e+27
2.968038457931409118e+26
-3.268120584678092935e+27
-2.488683117214068346e+27
6.199331819772552892e+26
2.913111518079178284e+27
-1.439833551871631839e+28
-9.514469293795477555e+27
4.128592186704507381e+28
4.648740170530158429e+27
9.221629526882875307e+27
-7.439470730104369676e+28
1.001922848693774037e+29
7.504779699993867090e+28
8.138327845759957428e+26
-2.038465423050735853e+27
-7.122939103343450079e+26
-2.150172670645889587e+27
4.182593366235019416e+27
-4.087139556201806886e+26
2.124022320088227398e+27
3.400422587204308364e+27
-7.202732414943616836e+27
-1.021333446296746196e+28
-5.441217393404972711e+28
-1.350066726579651511e+29
-8.483783151293500101e+28
-3.013472994804505659e+28
2.177766164404195947e+27
2.649609945769885968e+27
-2.819143266171501381e+27
-2.748413484626372890e+27
1.190025792916328889e+27
2.897436712291327960e+26
2.086123117891646226e+28
2.564090363494110510e+28
-2.125777635668783999e+28
1.278974320815976158e+29
1.507139288065478774e+28
-4.544053076747508243e+27
2.393237069051257165e+27
6.642324620232374213e+27
8.880914922269571946e+25
3.099770924029761358e+27
-1.050464828998241729e+29
2.111041032871938387e+28
-2.195308872880487009e+29
-4.709711205508540084e+28
1.517736330013609714e+29
-1.660255084105395929e+29
-1.557677261875421679e+29
6.128748835377307561e+28
-5.801359018265266173e+28
-2.148456082517049460e+28
-1.318446208260437062e+29
-3.309140166054499093e+29
5.318348895552096196e+27
-1.566061300130262066e+29
7.569486263440229368e+29
5.162405603249620927e+29
-2.823430925269545158e+30
-5.034459307735735162e+28
1.869417463980346570e+29
-8.482210853362490511e+29
-2.608010002396173768e+29
-4.033388409713824912e+29
-6.795224565586411977e+28
-3.916979066227300859e+29
-3.613538327116684749e+29
5.351765219396696473e+29
1.217000251407901852e+30
-3.759809561853050335e+28
1.832052504157162633e+26
-7.043575077266631515e+26
-1.201359770990794078e+27
1.420225731283845521e+26
-1.050859073876848621e+27
-2.644146979236559768e+27
5.664542014106794144e+27
-1.786739174553033309e+27
-9.989188983545800517e+27
4.773212758993540659e+26
9.623453007106853858e+26
4.122281926578782117e+27
-8.037089174237851691e+26
-5.944515316016938785e+27
1.007748411378641992e+28
-2.196267469976064467e+26
1.735599319018936073e+28
-2.416457327387473581e+27
-7.553039362256177230e+26
1.011137142756402217e+28
-7.995314985776737666e+27
7.022873301595441526e+27
2.148170218877924147e+28
-2.920526891370015026e+27
5.601072688023536661e+27
3.731133795724312780e+28
5.890037861863868753e+28
1.306883821007367685e+28
1.382848596810220526e+28
8.961124028688730749e+28
1.589427366747181242e+29
-3.463003040778942550e+27
-1.768871880705243795e+29
1.357578330009999622e+29
1.083969877431802247e+29
-3.415603456116217701e+28
-2.538666063364433954e+29
4.063169724987595485e+27
1.779050526092054286e+28
-1.590187115581962115e+28
-1.513436794518854448e+28
1.616380752588465794e+28
-4.746140089535076965e+25
4.825029595130822403e+26
2.572285599347011285e+27
-4.916761764495038210e+28
-1.743040298441111460e+27
-3.302236597307392213e+28
8.904779138233671085e+28
1.440176930398701227e+28
5.398656074532674680e+28
-5.824464464675675493e+28
-3.946105177795275883e+28
3.858958208912241514e+28
3.650721206567251908e+29
1.922426791092353916e+29
-1.098179721362886625e+27
-5.437817895813548226e+28
1.696523018049804617e+28
-7.537796504885022117e+27
-2.499497869551226507e+29
6.040126206244817137e+28
-1.371382833723138628e+28
-5.176102659463112245e+27
2.395684050544574364e+28
1.009867512035766422e+28
1.063095327745747692e+28
-5.337577882570746866e+28
-8.176501262096534730e+28
2.377982712471993888e+29
2.394060804719143494e+28
7.149695565443414722e+27
2.503277101468699289e+29
9.315769159366318242e+28
2.661445391003656330e+28
3.787806520611928865e+28
-1.515495619408708222e+29
2.415890086535466859e+30
1.233030490185422268e+30
-1.125990699956880862e+29
-5.390253823755935759e+29
2.161756778373422214e+29
-2.490162248247879436e+28
-5.897031162462441499e+29
1.808548248291215222e+29
3.839425676617238342e+28
-2.313960652804645983e+29
9.601379873889264906e+29
2.642986444935167428e+29
1.555730395995301869e+30
-6.088312558807218671e+29
9.163411468501425519e+29
2.722439384352375115e+29
-5.176910422901507008e+29
3.876184185658752274e+28
-1.005088722128172031e+30
4.220256142658655882e+29
-1.489149060388615925e+30
-1.783864412890946705e+30
8.323342752585852034e+29
-1.538019592159798227e+26
-8.679702313757488825e+26
-2.140537789947835988e+26
-1.532779868506702116e+28
-2.268970176443159815e+27
1.352163272478319612e+28
1.656642943664008317e+28
-1.709672310158968143e+28
3.997660071620653945e+28
5.175270529206558257e+28
3.791865098801906698e+28
-6.255547156934131999e+26
-7.804310435698179606e+26
-3.218623158477747386e+28
-8.995711698884270253e+27
2.975153272164286336e+28
-9.126811613650949223e+27
-8.575787260982456085e+27
9.750944341511558265e+28
-4.607118084304329264e+28
-4.661423865131456841e+28
1.713109942758870401e+27
1.695957123080818312e+28
1.767499683442338499e+29
-2.491202758965050596e+29
-1.857274125564850743e+28
3.062710450366865643e+28
-3.556759125961357873e+29
-3.959693225438412854e+29
7.648964778185221260e+28
-3.328613224112462032e+28
1.468482656308049768e+29
3.138896250828392294e+28
-2.335184938543841060e+29
1.440233535445462294e+29
-6.369759346652476486e+29
4.618703984791274015e+29
-6.144726226415420957e+28
-4.658000344775480777e+28
-6.546181941999654516e+27
6.403878125811772667e+28
1.815382712639817171e+29
-1.486425836043745765e+29
-1.020122107906316495e+29
-1.686944950810342997e+27
3.039183388005065616e+28
3.681949450975252795e+28
5.529186779087079261e+28
-3.114507837448357981e+28
2.519004271439028062e+28
1.362457945964531552e+28
4.093508644510472433e+29
2.138252927154761920e+29
-3.233190987268484181e+29
3.574240886884191192e+29
-3.209786274644985085e+29
1.499204895872628379e+29
-8.387212713919725120e+29
8.620759148589783792e+29
1.867337502146415469e+29
1.650072543528451885e+30
-3.546398107782601618e+30
-4.559213699612985726e+29
7.558178865456918421e+29
-8.751093242911972634e+27
3.826214205082380965e+29
9.303679850692543097e+27
-2.104573010033331301e+30
1.215920307335358018e+30
1.605126195922051093e+29
3.941785588101649216e+28
5.672037040544498131e+28
7.517632739368837481e+28
-5.739056013137134472e+29
-1.117375638467350693e+28
7.075439483774105625e+29
-2.111971709660272173e+30
1.960293913714996230e+30
2.016884320474902686e+29
7.099680426639607522e+29
1.160981225101369244e+30
-1.014298156593075690e+30
5.060324629231352719e+29
-2.493325016836065168e+30
2.338126379483421929e+30
4.051374506982467542e+30
9.028715368152626274e+30
4.994510470129872855e+29
-5.326319221926365582e+29
2.450420030437071501e+29
-6.653463484662924840e+29
-6.744892440660690173e+29
-7.321548823019763025e+29
6.366304628142506684e+29
-3.480140304006222945e+30
-1.035591772638096991e+30
-2.128034759976127239e+30
-2.440028800917950213e+30
3.015670856068470001e+30
6.020041188806685320e+30
4.203555234277349532e+30
-6.618044207028082512e+26
1.457924175794344112e+28
-7.111510427800709942e+27
1.060069432847436020e+28
3.440868807709356116e+27
8.025728573859870961e+27
-6.150438951544962612e+28
-1.519791042514100923e+29
2.109999217477875138e+28
4.038994780141308906e+28
-5.988986298060271353e+27
2.176069387100272378e+29
2.718460706824843563e+28
3.341052810051460364e+29
-4.284453816726909969e+29
9.550986414780139087e+29
-5.785340766117889846e+28
4.480169589279963242e+29
-6.116074383687690121e+29
-2.262012627113097964e+29
1.269258978494817436e+29
2.168516688693029930e+29
-3.898537102383028691e+29
1.082355542917862851e+30
-3.246331270315538443e+29
4.247111157939325098e+28
2.431418669672529573e+28
1.057910091063881813e+30
2.045584241814604490e+30
5.899626702776174535e+28
2.095608760718115908e+29
-1.040535786662131948e+30
-4.449998201943011267e+29
-1.422767431596044129e+30
-4.691562734645208206e+30
3.542911712324623443e+29
5.002835742720242748e+29
-2.200617284645361961e+30
-1.414353773421796275e+29
-3.424564687597026440e+29
3.517594586933059981e+29
4.533008543006544658e+29
-7.475829985286236497e+29
1.826645670747919316e+30
2.129129833972816874e+30
1.034198589758403567e+30
-5.587765637866905078e+29
2.074927239863480160e+30
1.592418703283413696e+30
-3.462269048784238787e+30
4.894287074186801565e+30
3.710720994153476613e+29
8.793098472043959773e+30
5.508614456205625307e+30
8.850463336243187080e+30
-8.620126014226182489e+29
2.141299178476473898e+30
1.592787912835834162e+30
7.594539114220553402e+28
-2.507725292248666140e+30
-3.882511335798348022e+30
2.449419486858186781e+30
1.400474530561285732e+30
-1.208619969048673838e+31
-1.522247317273974705e+30
1.043755185553656937e+31
-3.432349137319168259e+30
-3.984923118714591033e+30
7.191523064227067471e+30
7.870247035825108591e+28
6.501402447677766758e+29
-2.649450625638741471e+30
1.031895099859259476e+30
-5.180715742100585972e+30
-3.520233677989462136e+29
-9.786309269277795804e+29
-3.464613229328339330e+30
1.470263475981430531e+29
-2.477101528929598678e+29
-1.236579253226182096e+31
-2.460102182095951589e+30
-4.205859035642562675e+30
2.456890140776229803e+29
-2.503354932774537552e+30
-1.094100048292108693e+31
8.800636290489868874e+30
8.138198596603349599e+30
1.704616822077847122e+31
-9.024298146938460079e+30
3.646264548829930741e+30
-1.098008755856744550e+31
1.467777318212980431e+31
1.626995459913064411e+30
1.109354678424323208e+31
-1.226286870435735750e+30
-1.552990548395161504e+31
-3.590055350649720823e+30
-4.929960594130871574e+30
-5.030039344487145139e+31
1.452636280964343254e+29
4.226295028495899776e+30
6.547416438661364890e+30
3.164377657455412860e+31
-5.213318679496583499e+31
1.920889047934274914e+31
-2.702682877012977640e+31
-2.612308965035063050e+30
4.192419845694204693e+31
8.142638364402894848e+18
3.948935694928494592e+18
-4.271500398515379896e+20
4.786441690118510346e+20
1.878877101014878257e+21
-3.063093091491456221e+21
5.184341613564002094e+22
8.289716885316641489e+22
4.260069852865492582e+19
3.035320523440228663e+21
1.620106298650188264e+22
-1.069741182934493923e+23
6.474543584022944652e+22
8.196239092330299759e+23
2.905083802091800616e+24
-1.928506097709448069e+24
-4.911452891098883555e+21
7.667201649114184942e+21
1.612592805129296586e+23
-2.568543609174144309e+23
-3.025084444234460021e+23
-1.240563769679152169e+24
-8.475420773754323927e+24
1.572120075870715091e+25
-1.162133309479551028e+22
3.282725530996990752e+22
-1.702102647619965724e+23
9.541449090963008620e+23
-7.779973024581954621e+23
-9.161476658293351907e+22
4.720515124852506107e+24
9.346749220555502893e+24
-1.364976124621975845e+26
2.814738574101284420e+23
4.963296912295965816e+23
-1.511718742253648350e+24
7.814059016012201596e+23
5.425049312221074974e+22
4.078037652581557031e+24
-8.975412477743277005e+23
-7.481306900093400221e+24
-2.860262741354594003e+24
-1.706768299385734572e+26
-5.666364720562568403e+26
1.913545131974986113e+23
5.601303698264662609e+24
2.907480772647311081e+24
-4.058654569889900800e+24
2.811368681465277118e+23
-3.017138308109525747e+25
-4.243945800976883696e+24
-7.657644351413709447e+24
8.243755353103752527e+23
3.365287554453613632e+25
-1.071938010631940276e+26
-2.726012646939583129e+26
2.809043407424638301e+26
7.200124461019264776e+23
3.648885216089597914e+24
3.291124516942255463e+25
-7.202562217296695417e+24
7.647700814568599144e+23
-3.736523716130144967e+24
3.383355900695827150e+24
-3.803572775706306754e+25
2.563141093089175700e+24
-6.255852683868200833e+25
-1.142587152249509712e+26
9.937508197821670760e+25
-7.129840786420419974e+25
-2.669813110912898402e+26
4.212490674721514366e+24
-1.207827903607382414e+25
-2.877161300787576779e+25
1.178218884913283407e+26
-7.721460095864320370e+25
4.014991455105135054e+25
-2.247963231446130207e+25
5.921321292757597391e+25
-2.823444060316386619e+25
-7.087353931226706250e+26
-1.191889798427719756e+26
6.079108564888051864e+26
1.080524790575396247e+27
-2.930831401766285050e+24
-2.332106905221033313e+26
2.540290768570524533e+26
-2.955450385911896798e+26
-1.507199674671488100e+26
-3.832700636414059713e+26
-1.849602594611631416e+26
5.197830475303881869e+26
-6.953610007275304587e+26
-2.306156047652573811e+25
1.569786354695648797e+26
-1.058823768670187692e+26
-3.816531253017427575e+22
-1.319663510852127655e+23
-2.897119988156818816e+23
1.173577785894612291e+22
6.974153731012622769e+23
3.066469549494060018e+24
1.159403021219136260e+24
6.500178881895686285e+24
1.556483056520182387e+23
7.520923936572598206e+24
-4.720115730989646264e+23
2.005776909357757504e+24
-6.456951645131326738e+25
-7.766972890548574048e+25
-3.215595226086168855e+21
-1.718274087763822651e+24
-2.799280829335267235e+24
-6.910884307109771813e+24
2.702487299712313006e+26
-1.723769873782895288e+27
-2.507177636162189809e+27
8.527026194656077965e+23
-4.292432615280385597e+24
8.111202541972820149e+25
-1.401732822038693420e+26
-1.068818593027568382e+26
9.765638037641037998e+25
5.779636124483553791e+25
-1.550654109614625343e+27
-4.035344877526113873e+25
2.545051066474147493e+25
2.765806043458072779e+25
-6.665886018010729726e+25
2.935653732873170234e+26
1.014281863986379207e+26
2.484389740206449898e+26
5.393270452966427835e+26
-1.685393022530461275e+27
-1.428959099055858668e+28
1.105500850829601020e+26
2.626832886908042233e+25
6.985622811743767784e+24
1.704518335800675980e+26
-1.018784409657383526e+26
-2.123921495812491656e+25
5.012186420773113808e+26
5.772074538798190422e+26
-9.004215130636186208e+26
3.644923174713079448e+27
-7.104579173848917387e+27
-1.371349075557839424e+28
-2.835328259484221599e+25
-5.914582807887268061e+26
-6.061695487812994705e+26
7.830496025977982586e+26
-3.851614652679744033e+26
1.290723491787301852e+26
-8.095185168775425655e+26
7.075582591022490098e+26
-3.198505253847115015e+27
-2.006881672525672016e+27
-2.119841323948485854e+26
-1.192732652627246756e+28
1.892760495958045791e+28
-7.307578240904066770e+26
-3.245726748991313962e+27
6.075088528167003063e+27
-2.354842436249492547e+27
3.575412511062927796e+27
-3.026032628016304993e+28
3.743776791252538811e+27
-3.157212421017285143e+27
-1.170279255682843739e+28
3.667626813585468784e+27
-1.451744353460368534e+28
1.518794385992644867e+28
-7.762117398077410323e+27
-2.258687431035582805e+28
-3.385361588866689650e+28
-2.771754395261932108e+28
-5.207822581369189163e+27
5.018709343601988540e+27
1.773523027044352589e+28
1.128198713286669667e+28
2.466530499400093291e+28
9.039124929017211609e+25
9.625417965219155964e+27
3.993214461155890323e+24
6.374625105157048628e+24
-1.016808199993128480e+25
6.296062988898478582e+24
7.835935733020028683e+24
-8.704418739766214316e+25
-8.725480844485767830e+24
1.896225285979580342e+25
-6.751418344663052760e+25
-8.926912767866288164e+24
2.556413147387406236e+26
1.042240871291810109e+26
-1.500248103173707979e+26
-1.712055722981791704e+26
-4.916582028837366383e+27
5.479492870586684031e+25
-2.701719290010931295e+26
1.055785226817719508e+28
4.756827835990957376e+25
-1.114247086490246351e+24
3.469669249326427946e+26
2.270545285740470152e+25
2.300595202792342881e+27
-2.335859013727049091e+28
-6.078351470165577698e+27
-2.797860148414261361e+26
-3.173468690740649309e+26
-1.350890912761357878e+26
3.027062360515746450e+27
9.861996996771915815e+26
4.608243937455338328e+27
-1.446172122133860272e+27
-7.807019097091309481e+27
-2.140197007683914035e+28
-9.963472720218205083e+26
-1.846393343198247448e+27
7.617621072681187141e+26
-7.833707500116193657e+26
-3.368271520965680924e+26
5.014015650799743052e+27
-2.387814494670047836e+27
-2.356650546826712348e+27
-1.398639752183370710e+27
-6.432507369253596579e+27
-2.946953084309158988e+28
1.074999729120750263e+28
-1.115597153079117784e+28
-2.851830193864116217e+27
-6.650123559490085160e+27
5.147335120045999406e+27
1.085077579695575487e+28
-5.464808314519820758e+27
-6.893737778117207311e+28
2.572969502969468335e+28
-1.248044563524801135e+28
-4.265747586429885131e+28
-2.445206903877976851e+29
-3.070415725264994132e+27
1.387087817753824447e+28
6.057565445133644176e+27
-5.743665170864014303e+28
2.547435371171020630e+29
2.073987901928029579e+28
-4.874603179868748629e+28
-1.850941768116066331e+29
-3.485232182374721093e+28
4.799517497704278629e+29
-2.522838737000952247e+29
7.087711221307541246e+28
1.113696314762745198e+29
2.563504780748583039e+29
5.802914267963601143e+28
3.725178703073517071e+28
7.805430808512339995e+28
-3.080932481611718468e+28
-9.302577887998774019e+28
-6.065929149246952228e+29
-2.297267912842056900e+29
4.420405252236988660e+24
6.213362345254550833e+25
6.409380208128945217e+25
-1.813446247689430532e+26
8.514192649669217345e+26
2.090434242293445789e+26
-1.395142691122031417e+26
3.113725129406002221e+26
1.533187118829365032e+26
2.642645410807683875e+26
2.465303946650478852e+27
1.509516536126220562e+26
-6.867054453301741614e+26
-2.457509011742405842e+27
-2.443968925156256111e+26
1.484311196640466146e+27
-2.623987484328229173e+27
-2.732014509876378421e+27
3.073408783588359455e+26
1.360181766025614650e+27
1.425868995310772668e+28
6.295585453188549395e+27
-1.617502115286772782e+28
-2.009685629570232788e+28
-4.730366661909555789e+27
-5.050800428162719032e+28
-3.913287966442467956e+28
8.607785659484581206e+28
2.967096152218482029e+28
-1.241074990955303062e+26
3.225759484887486063e+26
2.264360672152762708e+27
-2.021020774873652588e+27
1.589120579765331783e+27
-9.288641642188348036e+27
-3.671030190196305612e+27
7.680444258930459401e+27
-9.311970832517719961e+26
-5.059456891871041368e+28
-4.120612417051038437e+28
6.182386849652855126e+28
4.087206375400008821e+27
-2.417420148593150741e+27
1.509652951613248821e+28
-3.892210287833209993e+27
1.676712018719964960e+27
6.607622551203508271e+26
2.300052869835706484e+28
7.568613749823383205e+27
4.239521712185735047e+28
2.909924179821797193e+29
-1.754404393366810065e+27
-2.938544348874701794e+27
1.806052220082985662e+28
-9.026304936258665492e+27
9.447077977058517976e+26
-2.855564793419772696e+28
2.678582537346983750e+28
1.162792638919454611e+29
8.991802268407584836e+28
-1.832645414298810796e+29
1.108827845733282810e+30
5.091846740652315544e+28
-7.423563137675414807e+28
5.512647416592907391e+28
-4.009027591523318977e+29
2.956242301804205506e+28
2.898312482238119912e+29
-3.374286793132841590e+29
2.603985114244232165e+29
-1.360696660609598401e+30
2.253160332374391545e+30
-9.551276162315954457e+29
-4.453808073284505056e+29
-4.903662260624423814e+29
6.003720323105877040e+28
4.787249127701502779e+29
4.917783510672739254e+29
8.076563084147965989e+29
-3.859770506812370294e+29
8.936694529930267779e+29
8.582074669807805893e+27
-2.200626096894639382e+26
-9.726054597122096656e+27
4.753045821048052394e+26
-1.484826092649505150e+27
-7.613185446784938429e+26
6.662419965289910442e+27
3.939806411103789238e+27
-9.137630033657748567e+26
7.946067776907507056e+27
1.479723511397187694e+28
8.490455022469005359e+26
8.554832997668662894e+26
-1.293398755516414030e+26
9.371234747686106683e+27
-6.045322389629294407e+27
-5.129133334539512627e+27
-2.142154863980869764e+28
5.064117930481109259e+27
2.489577481997844497e+28
2.720156365119425071e+28
-1.409148902615641102e+28
-9.419144316977375969e+28
-4.255115111341682655e+28
1.341529044563059108e+29
3.561499427273882515e+27
-8.425604769853462788e+28
2.572510919511400724e+28
4.731833378277763891e+28
-3.407834381030812951e+29
2.212423521564125161e+29
6.874901068935773636e+27
-4.125474528354604061e+28
5.148532267795879139e+27
-1.736624567072349917e+27
-3.566074208044283093e+27
4.616382364475521352e+28
-1.549720071618151402e+28
-1.571828416304129662e+27
2.253925329116894621e+28
1.200253778836486879e+28
-5.531821323027586383e+28
8.106660679928387560e+26
-2.959395915725286375e+28
-6.560312394858599292e+28
-1.504668861770240559e+29
2.739941896120862675e+29
-7.216226005164887651e+28
2.425958302440304074e+28
-8.599736380306822825e+28
1.756831792597086124e+29
-4.836380176098110452e+29
-4.477489489006426063e+29
2.210139161072507219e+29
1.650602465472195802e+28
-1.856152659700101095e+27
-2.401906744801349263e+28
4.625098013463872993e+27
-1.094780465047317724e+29
-7.403353552690513349e+28
-6.044212524931661656e+28
-2.164123753167432298e+27
1.676901974669014450e+29
-2.895764982096461797e+29
3.362850177722460571e+27
3.033559052973352229e+28
-4.384793477309912489e+29
6.134678877782109678e+29
-3.818286776216028740e+29
1.099601220185103445e+30
-1.631799764834634043e+29
1.962945750105326276e+29
-1.829459720923534354e+29
-4.286133493021960544e+28
-1.484376187299383869e+28
-5.019295067466998852e+29
5.707739925436185512e+29
8.752343029729287762e+29
-7.059310964289112637e+29
-1.666477020854509556e+29
-4.966454208797054596e+29
9.528265625078801245e+28
1.015834841765497923e+29
9.416860493708517882e+29
1.152222689805103446e+30
-2.547077531304459393e+30
-1.684155686422958008e+30
3.091329013225675202e+28
-8.522186009714497264e+27
-6.468570091123745335e+27
5.891333380803207638e+28
7.308351499052619278e+26
1.598312613667374240e+27
1.506075495768695546e+28
2.020356112111423627e+28
-7.973883046953161552e+27
-1.952861777932156184e+28
4.984243000337146374e+27
-2.237964004942331627e+28
-1.041973733915752015e+29
1.942023613516291955e+28
2.094671476885133459e+28
4.800278355902747045e+28
-9.424176209532380430e+28
1.386543538304357758e+29
-6.470567145389116828e+28
-2.509772348717053340e+29
-1.496337396398606805e+28
-5.553495819280438911e+29
4.369362585990001272e+29
-2.471874604088472548e+28
-2.504163854312031055e+29
-2.519912793971992855e+28
-4.783680276554385195e+29
-1.075589970931475519e+29
-4.541558198909645834e+29
-2.534058873179010133e+28
-9.605531122933529829e+28
-6.648506045823979284e+28
-2.003223758507354943e+29
9.408364246396787529e+27
2.715652214204715987e+28
4.830562229865079277e+27
3.794086245748920096e+27
1.644087111038660935e+29
-4.221966125462187385e+29
4.514284834403329391e+28
1.821025033186502897e+29
-6.315067974459043317e+28
-3.692640645744706909e+29
4.887400323855690545e+29
-1.356362639603186226e+29
1.311909218626610909e+28
3.975223915807498282e+29
-5.203149889167499267e+29
3.085397182426429324e+29
-5.414919150750470972e+29
-7.168710421900923209e+29
1.130539205213501817e+30
-7.271832025255006127e+29
1.000797048982213261e+30
-1.243759736345107544e+29
2.306358049753954022e+28
1.029560030534966492e+29
1.299230408067875362e+29
1.863254713120152437e+28
2.782505755328236673e+29
-4.178335390360801442e+29
6.717879764867668856e+29
-5.741544896590601488e+28
-4.448594873770140243e+29
-1.317289552501858690e+30
4.713046684469622843e+29
2.259587758395308095e+29
5.164274532442758658e+29
-8.471532664410210946e+29
-1.589225834638087951e+30
4.281318459177686819e+30
2.074444458309813247e+30
6.761149101907824462e+29
-3.106336419824844328e+28
-1.949593018522585041e+29
-9.164189707048022524e+29
5.987648209796665126e+28
5.506767129627069906e+29
7.425661892972165868e+29
-7.627460713710799807e+29
2.648580160694642142e+30
2.814171254493902336e+29
4.186767200946927523e+29
9.573365236150936516e+29
4.714645237969262578e+30
-4.572655178869727236e+28
-2.482150590998971546e+29
1.079446957351073566e+29
-5.607801466151329995e+28
-4.683125963812505710e+28
1.102074717358575206e+30
-7.837464346467572979e+29
3.344231978405448532e+28
-2.255079893259796652e+28
-3.291538298356216572e+29
-9.721407772032616934e+29
-5.926547883584424169e+29
-1.100009373434233228e+29
-1.713323915073060558e+29
8.566461590883116907e+28
4.013377324238300248e+28
9.012748602441249522e+29
8.860892889279676708e+29
-1.640446632587131877e+30
-2.512996701055925286e+30
-1.050719240612831134e+29
7.725332014520326775e+29
-1.537492877067584089e+30
-1.246462583046302006e+29
3.406054987262795631e+29
1.136079667839588893e+30
9.792510521703090712e+28
8.398029614048872274e+29
-5.169010071720425772e+29
3.963074187264539653e+30
3.740043749622190495e+30
3.007311753961569358e+30
-1.280645057304942332e+30
-1.050221368318459751e+30
1.696729404600946436e+30
-3.551301833046464569e+29
3.320539471146231522e+30
-2.024712348741135911e+29
-2.708353748268054014e+30
-8.819879373258845647e+29
5.499202485803813008e+30
5.875286845055847312e+30
9.993697288419123494e+29
-4.310130252297944041e+30
-1.995331449716401356e+30
8.816951748141554550e+29
-2.942649216552802251e+30
5.483416242821193710e+30
-1.703525983615130177e+30
7.652114308470407331e+30
7.049381052540657884e+30
-6.289624319999903152e+29
-3.383348771103693250e+30
-5.017863545926849546e+30
9.976618525355738954e+30
-2.966330965410616269e+30
-2.162856616934885814e+30
-5.420486349993184883e+27
-1.888030129083244441e+30
-1.035518380846451363e+31
-9.564482707250300035e+30
5.414830352034730808e+30
-2.312241746233000073e+30
1.103461518868368437e+31
3.044548124488201128e+29
4.956605893113953152e+29
-2.982650942123123143e+31
-3.262168147500097014e+31
-1.722991890634879187e+31
2.107478572910816779e+31
