3.310534890434424000e+16
-5.801991080980582400e+16
-4.554105846447580774e+19
1.566033889810068275e+19
3.616054831859333857e+20
2.632393212023496770e+21
4.655607522399219614e+21
1.314659318828882303e+22
2.535542671713757456e+22
1.311066487616750592e+19
9.080507220760821760e+19
-2.022772216762087244e+21
4.154743876588962578e+21
4.454645590674385142e+21
5.213618743607191142e+19
-6.090226913757995551e+23
-1.772380026190148938e+23
-4.023542199472611752e+24
4.441802373274871398e+19
1.099206229045671887e+22
-1.619936940144748134e+22
2.738191104136989198e+23
1.489386230728997554e+23
1.769409299262180872e+24
2.398701906319426347e+24
-1.386967113177266054e+25
1.352667084818460409e+25
3.017285025549919846e+20
5.274749077727436236e+22
1.334921156372111043e+23
2.011758088327950395e+23
5.928885813240109340e+23
1.783373774306441869e+24
5.001492312930758978e+24
-1.077707419221037197e+25
8.974458711667568657e+25
8.908391844301581603e+24
-1.124477573927959265e+21
2.654133395277320469e+23
-7.474354656349447394e+23
7.506700877852535696e+23
-2.066928410351581599e+24
1.788393030166040260e+24
-1.248561421912525949e+25
2.474879953971147444e+24
-5.041041227123101419e+24
1.973375485298336369e+25
-6.968048951257913324e+25
6.747183140064329351e+24
8.059160532749679329e+20
-8.892611277400889832e+22
-3.323486932131900302e+24
6.059055149810329552e+24
1.281604749468881457e+24
1.297821332211729309e+24
1.250749626086895728e+25
3.131139134736770735e+24
-7.542758415979606918e+24
-1.668488288617080493e+25
7.220938480596413743e+25
-1.306339892581357082e+26
-4.730782044286146391e+26
-2.283617180380535399e+26
1.080496381202402378e+21
-1.319652168255874835e+24
-4.185682152717158944e+24
1.075078062509605775e+25
-3.703085549029396127e+24
2.260165949012675834e+25
-1.199343387794220600e+25
-9.853762736281828532e+23
-3.559312452322456059e+25
6.352118185312905052e+24
-2.870009077932766905e+25
1.029324953167933462e+26
-2.122085708338247751e+26
-4.733731501023173913e+26
7.975067827173887929e+26
-3.115063553573052534e+22
-1.016514303424095984e+25
-1.830032217004011639e+25
9.669020950535335073e+25
2.511926610937736572e+26
-9.504376154785407223e+25
-2.209794306504605138e+26
-3.109285591269958501e+26
-5.718939280314429210e+24
-1.750926945537198074e+26
7.919956299847959073e+26
-1.070688461874943895e+26
-2.206830023646577858e+27
-7.307794529189460612e+26
1.414040756071537553e+23
-1.784846999932869036e+25
-3.412631890323232979e+26
-3.809651090891096731e+26
2.003166051883656212e+26
-4.782217728158132642e+26
-2.080928966147105255e+24
-2.610543609791506776e+26
6.532886990627522545e+26
4.608138429639314422e+26
1.693525672274014366e+27
-1.835691369443728614e+26
-4.278617228973942834e+26
3.115923740860184003e+20
2.785364448666590380e+21
4.957821093532321133e+22
1.031309778393982462e+23
2.825161782907433512e+23
8.813898287364978780e+23
-3.417975364345325609e+23
8.223135117218912708e+23
-6.742455746573060727e+23
3.650879950867944738e+24
-3.121235454260090377e+24
-1.098350535443509225e+25
5.163361468781657544e+24
-6.191709263257636417e+25
-7.092881836982322749e+25
-1.450531876416284863e+26
-2.379958840682690548e+23
4.471390188179703705e+23
5.628513576317948048e+24
-8.389093267457737289e+24
-3.956000038970356331e+25
-6.088449269721446998e+25
4.937871609420806535e+26
-2.798234667207138472e+27
2.037904447339286866e+24
5.446773071124469700e+24
7.496960821655854851e+24
-1.078122485185830762e+25
2.610392379570340333e+25
-2.045673455210936719e+26
-2.397452999978111543e+26
1.152175754907660203e+27
-6.670195366352205552e+27
-8.487730837126924428e+24
-4.961240972153309763e+24
1.805431472784344769e+25
4.182078556541503200e+25
-3.135958340911213235e+25
1.763113137583279135e+26
1.505018368242968251e+26
8.860329870172967721e+26
2.385626353530665126e+25
6.848462129348056789e+27
-2.343695093063475288e+27
-2.745749206602534638e+24
1.014093353495274225e+26
1.751261481109278667e+26
-1.521281984082769696e+26
-7.559721292155628519e+25
4.868605731501044118e+26
2.887123052062962697e+26
1.716643634564430695e+27
1.160467917378113127e+27
-4.487440718525529213e+27
8.273373552678290930e+27
-1.147726314911388056e+28
4.107194868152073607e+27
-2.351892573733860605e+25
1.192182673970074452e+26
5.154624356237222628e+26
-4.851738820782545782e+26
7.792530864804404355e+25
-1.083671469266718103e+27
8.767531615840223557e+26
-1.485660779700362247e+27
-7.312010481001508467e+26
4.701891916104941623e+27
-9.175074315776005798e+27
-7.663017585318930100e+27
5.356715775625414133e+27
4.940283395263428875e+28
1.376334602925759235e+25
-8.664426590075110864e+26
-8.745638473746668718e+26
7.136637650952670296e+25
2.345134583351162107e+27
2.232767468471142830e+27
-2.802959039317978180e+28
-4.511005407096297683e+27
2.003837174919879125e+27
3.981813836857608308e+28
5.998211472552141869e+27
-9.037247396179237656e+28
2.929358447468630317e+27
4.516548271053796721e+26
4.129706761009335479e+27
-4.100970424598959984e+27
-2.701626893190351733e+28
7.268426131733736399e+27
-3.347158864901411225e+28
8.061500655027642106e+27
-1.936829792847366530e+28
2.921108362622099170e+28
6.779285205007470882e+28
5.038429174466626624e+28
1.151036650090289190e+29
3.470722277505512558e+22
4.439576334202677823e+24
-8.069575875334242052e+23
7.186899632149437927e+23
1.953412004794212235e+25
-1.523307188413401813e+25
-6.770209890726319135e+24
6.603575100302847163e+25
8.100071651536298661e+25
2.154990402543069579e+24
3.510240452419980552e+25
5.587446381536722844e+24
3.377248832758235174e+25
-4.559002293073330826e+25
-1.851905483854367951e+26
-5.958818609006935085e+25
-9.123325685245107277e+26
8.355490363144285166e+25
1.918922391492073902e+27
-5.651798682876841965e+27
1.163469094094159525e+28
-4.412531979800513422e+25
1.099749471731974305e+26
-2.941223438067248399e+26
-2.036080858667125893e+26
2.502713276477932497e+25
2.782575793061643242e+27
9.581562336737391180e+27
-3.483090028936665747e+28
5.182150559435620065e+25
3.538351266572027851e+26
-6.282208810005828901e+26
-3.378206888763496630e+26
-7.033484608251168508e+26
-8.844253079418878386e+26
-3.456728565405323627e+26
-1.886048042667175155e+27
3.867745354017293938e+25
-6.380776074710648360e+28
-5.881359027811588679e+26
8.097906788967229425e+26
1.206045100727173105e+27
2.105542402272419420e+27
-7.393361090289775850e+26
-2.718331871510906732e+27
5.637949447440783570e+27
7.898227693416274545e+26
1.917992486042451002e+28
-8.199431454029219126e+28
-5.466791012420329490e+28
-3.913121549717742727e+28
-6.144847509976524692e+26
7.942061319122509697e+27
5.820520144279538382e+26
-7.527460018823665023e+27
-4.466386385387803751e+26
-1.120611603054380411e+27
5.126065179668750014e+28
5.821327097329735739e+27
3.534745134617446959e+28
1.110029329367090954e+29
-5.460016904692302935e+28
4.058094239313553483e+28
-8.052654867193069730e+28
-8.969036883558852231e+27
-2.254280186589628506e+28
5.142744516416409932e+28
3.242409521052197227e+28
-1.015611153436305354e+28
-1.157983807559224137e+29
5.562906176101668933e+27
-4.168491666655049023e+28
-2.907192397634629102e+28
1.526700456157324777e+28
-2.838943691671644313e+29
-2.554290700001047318e+29
3.238175026819959760e+28
-2.407884229171335486e+29
-8.311562519637435719e+28
4.226772577414487783e+28
-1.666891531828492957e+29
2.517717526011409086e+28
-1.917942690538477470e+29
-6.679311754320767764e+28
3.283859060732166402e+29
6.663446076654330156e+29
-1.083165973149036338e+29
-2.693658726307202906e+25
2.321363933431329425e+25
-1.086246656399887629e+25
-5.927634233782648632e+25
-1.697193691010950784e+25
-2.919238176385305850e+26
2.225511307517991896e+26
1.544934121290519304e+25
-6.982577042751355286e+25
-1.214318278721076752e+26
-2.460117584863094106e+26
1.250479862096809124e+26
-9.590931036651124836e+26
-4.698525422431113269e+25
7.822274743356820246e+26
9.767622417682576062e+25
1.102281258679866200e+27
-3.136908929376325755e+27
5.086876202619205519e+26
2.360255696200875088e+26
2.980561999421276415e+27
7.750031053605062075e+25
-1.286239996612615268e+27
-3.079612419693245798e+27
-2.190369168430719167e+26
-7.254580669882686591e+27
-7.211758187868568408e+27
2.024997917907365056e+28
-1.406600122828839489e+28
1.365350834210349386e+27
-3.569864269686535205e+28
-4.227488328724189560e+28
3.533383924940823805e+28
1.579276095962414090e+28
-8.278314522949251293e+26
6.718555387916052105e+26
-8.187899876778388427e+25
-1.353071522206718236e+27
-7.492936439296060661e+26
1.370728134958203311e+27
-2.775821099257509571e+27
-5.799892988050046850e+27
7.887423333671095002e+27
-1.286466120696140931e+28
2.790861505661014658e+28
-4.641683926109690024e+28
1.142891819893081576e+29
3.888327658679704077e+29
-3.590527078291122701e+27
3.794081156663795161e+25
-4.777386133429537545e+26
-1.118580737871185641e+28
6.615912895073171079e+27
-1.833148570862922823e+28
1.463869783245256871e+28
-3.007860844613242246e+28
1.086949549045272690e+29
2.226663365428092460e+29
-4.546211654415974961e+29
-6.675337507156412936e+27
8.669973961159333136e+27
-1.152428794549585663e+28
5.239754146957686409e+27
-5.366896382070316467e+26
4.863595767175564329e+28
1.150059476146451958e+28
5.050390263421939775e+28
2.196315858138622947e+29
-2.097870639215029251e+29
4.705369994005981066e+29
3.550285088248423432e+29
-3.391840467569880129e+28
-3.386951813334418650e+28
1.585604693929285728e+29
4.477670261503301067e+28
1.164232055853363623e+29
5.328689711202780555e+27
2.677952742158042222e+28
-1.723156927386075658e+29
7.338028485032062406e+28
-1.542444170705802092e+30
1.816844475992183533e+29
-1.884285211519763777e+29
7.455136053047305734e+29
-2.098098029680407678e+29
-4.450168921779750905e+29
8.067449001662085834e+28
-2.048259742315175651e+29
7.714742193223869955e+29
4.761589340243906733e+29
1.113553475955266358e+30
7.632887118939576635e+29
-1.095855674687096477e+26
-5.620063958901205563e+26
1.918943930249338033e+26
2.048881814579477566e+27
-2.856342237444759370e+26
4.396967276420558091e+26
-1.449787432083571980e+27
9.895374546643924414e+27
-4.567995556621567379e+26
3.292685026698644574e+26
3.050723512114273057e+27
1.490986024115989929e+27
1.406173173092533276e+27
-6.801079474562382443e+26
1.001279804872071283e+27
1.393543691890539041e+28
-3.993376241129539290e+26
-1.318292792822949773e+26
1.353852232205483878e+27
-5.906933441919754894e+27
-1.227364725844211098e+28
7.924898668405247846e+27
9.104317025298668875e+27
-7.037175965152291724e+27
3.268981832322632337e+27
5.137675990499000334e+27
-1.466183110102232550e+28
-6.598682207919745745e+28
1.389921576335506902e+29
4.709409397727548599e+28
-2.649324786830976447e+28
-1.969682406038576192e+28
2.079815415029712346e+28
1.810433764045054883e+29
1.011060507031707207e+29
3.456678975356329438e+27
-4.055224710546364173e+29
-6.065594338168717771e+26
1.037813546136303442e+28
-1.028786678388568781e+28
-1.435107312658091708e+28
-6.709896569385577397e+27
3.555817666078901230e+26
-3.225485270122471394e+27
-5.960224595035759429e+27
1.012570757970469438e+28
4.910670376393913920e+28
5.430631762258605794e+28
1.003810988160696388e+29
1.909121253169942849e+28
-2.270322395499085938e+28
-4.262502945122692155e+28
1.058930226804404401e+29
2.959624257058835176e+28
7.076793887016836364e+28
-1.956552482898107239e+29
-9.089436206009013448e+28
-8.700428864392273187e+28
1.260326332025025871e+29
2.131198309751992987e+28
1.174686933515611758e+30
4.170118094716820884e+29
5.423181374386273655e+29
3.202336319703541221e+28
1.319684547288767269e+28
-3.142276885424278535e+28
3.310422819048414801e+28
2.657914803335721463e+28
1.430207665202480943e+28
1.383985606494694205e+29
-7.768416819541208604e+28
5.925502821593358074e+28
-1.740780866852315561e+29
-4.485512700890756891e+28
-3.228968692406282638e+29
2.590807062712622514e+29
2.785398129049331022e+29
2.122570653793137652e+29
6.182081562059959216e+29
8.045129451716518653e+28
1.814358065400887671e+29
3.151912183164232850e+29
-1.477859956426161858e+29
-1.029659447790372753e+29
2.558307310707747420e+29
6.138224988389047663e+28
-9.923715955358282085e+28
-8.066172429561174582e+29
1.135038682823116383e+29
3.811126826477054319e+30
-3.355787925370769112e+30
-1.093377029682270577e+30
1.701063632915492010e+29
1.249059121706040847e+30
-1.383531811012641574e+29
1.662580194822889133e+30
3.917193866617599874e+30
-1.499609178993550028e+30
8.936548706578798061e+29
1.005210145626376803e+31
-5.324967065232232001e+26
-1.273989337387473868e+27
-5.881531879407442450e+27
7.234828953495306187e+26
-1.713484066425041194e+28
4.546068375773249701e+27
-8.776452075265138199e+27
-1.564826247588215256e+28
-2.221124619873120582e+28
2.463893244451450780e+28
-3.867991477235116913e+28
1.925837085297258522e+27
8.365915785270929746e+27
-2.094166726291435317e+28
-1.524923518081760822e+28
-1.750537639914406963e+28
7.374721041943531961e+28
3.399103850841215896e+28
9.350323850636799985e+28
-6.256899428490350874e+28
-1.481166236918709250e+29
-2.494414187239399691e+27
-1.335506807641643727e+28
-8.212668323808144039e+28
2.934415277338120138e+29
-2.212416253705515326e+29
1.093060410815033636e+29
1.678715277548347891e+29
-3.259090307095003725e+29
2.616574669066317113e+29
-3.115471259447605610e+28
-5.138876192770716670e+29
-8.790010789270245885e+29
4.525614102270977944e+29
-4.307751007425030753e+29
-8.948238529179926427e+29
2.412891557376329981e+29
1.010269795997504274e+28
-2.595433502667662223e+28
-4.107352975713417490e+28
1.908041563095288355e+29
-7.158928857005269493e+28
2.429913705503260322e+29
-2.425197810523616420e+29
-4.630957967275127003e+28
1.447793692276205546e+28
1.270849202002285493e+29
-1.154157778764116430e+29
-5.247240766630816115e+29
1.586493749963620493e+28
-1.595263956689701176e+29
6.921307712691134223e+29
-6.682710213814834057e+28
2.182405379733374890e+29
-6.610387686693403586e+29
2.414442631443591788e+28
-9.178575418436162208e+29
2.014520794721793292e+30
-3.109850487896722097e+29
-7.502321623225651501e+29
-1.388900761578596498e+30
1.335566013666431513e+30
1.974234176668704150e+29
9.084960560326498574e+29
-1.838574711727945568e+29
1.411353866031072240e+29
-1.686031457364701894e+29
4.974729786917180941e+29
-3.707219945533655242e+29
-2.183413712425918451e+28
1.626314479500218677e+28
2.286588460568220694e+29
3.731743348758432084e+29
1.577578120274971853e+29
-2.289471050192961623e+30
1.207635464771749807e+30
-1.599523193350539744e+30
1.461666648706653666e+29
-6.806561251660154582e+29
1.113287558442197878e+30
1.652782919902296088e+30
-8.656768818441112359e+29
-1.454664828272922942e+30
-2.051786540290695491e+30
-2.312070377618913064e+30
3.826351625399383498e+30
-7.086378351708608347e+30
-3.961897939772588963e+29
-2.581917307767432418e+29
-1.033997311329558104e+29
-7.792635109419554624e+29
1.343266620182107403e+29
-5.409771407551520103e+29
-1.943984354738445297e+30
2.843504399879130391e+30
1.304878872577025964e+30
-8.420253504828472767e+28
-1.215550785262205689e+30
1.319744379624580148e+30
1.556794653003045193e+30
-1.250721280116318018e+30
-2.636785651239285134e+27
4.606086802720210070e+27
-1.037850712705045961e+28
-1.338413181212994729e+28
-4.487525956723490651e+28
-5.007021710870130657e+28
1.421302753543609890e+28
-4.019131320393526417e+28
5.300396140949084376e+28
1.157098758754448307e+28
2.127089481740518942e+29
-3.505992939124561052e+28
5.215461400206751562e+29
8.805830697447708687e+29
2.635929896765209971e+29
-1.529292994487632487e+30
1.496104490701936253e+28
1.729972590936516313e+29
-5.160034462474538876e+28
-1.584624870999339105e+29
6.468171168603596929e+29
1.516983968237474420e+29
-7.024094708698737601e+29
-4.461491497028178726e+29
1.093673836412555838e+30
-9.569529370711439259e+29
8.007375446476051064e+29
-6.612956595958854554e+29
-4.601607677501631973e+30
1.545791354841781725e+29
-8.361002601608242984e+29
3.925691862028385789e+29
-2.208209199993690706e+30
3.836838805999706281e+30
2.648635506487326000e+30
2.272751401919511902e+29
-1.515424402048556067e+30
4.338944701557562651e+29
-3.548167084893017081e+29
1.127172928153884576e+29
6.669839930223790733e+29
-6.488039408329870602e+29
-3.359181047214772046e+30
-3.373435363558994876e+30
-2.335340434550041950e+30
7.481009242896726661e+29
9.737893503371302977e+29
-1.833322174953059332e+30
-3.210469612947680973e+30
1.244919732272506143e+30
3.411228064492573714e+30
2.456619944142059694e+30
6.984586898951536532e+30
-1.110118848122455375e+30
6.453937439902233822e+30
1.721094331518487032e+30
-3.586131093609261784e+30
2.279126645372884170e+30
2.062646502854838154e+28
-2.046690104933005150e+30
-1.489123093224019890e+30
-8.441169697967077721e+29
9.782198160816150431e+29
3.309875694536243298e+30
1.110097684706020087e+31
9.090381627115389809e+30
-4.143128775561152205e+30
1.443569118383232002e+30
4.261723861333182304e+30
6.673424538892559562e+28
4.526276915465329577e+29
-4.520777475057633516e+29
-4.093515822333905733e+30
1.574495556388437685e+30
2.134795152898773650e+30
-6.003554690496166939e+29
-2.122641376661070632e+30
-3.597801354574475977e+30
5.005930641392573226e+30
-2.738597286332270069e+30
2.026179929468588345e+30
1.481345894193455698e+31
9.174208161907807587e+28
-5.603919902003939905e+29
-1.204782582189283429e+30
7.061610963017432856e+30
6.132512976423077138e+29
3.242954759409158247e+30
2.072817463307628725e+30
-2.754133917901713114e+30
1.456347523584986309e+31
5.965900762104225753e+30
5.745121853287380120e+29
-1.536180328961996756e+31
2.380665662372816446e+30
5.656273345164429524e+30
8.285711951331922640e+30
-1.138385150728385613e+31
7.088568259563238161e+30
-1.937223082942205263e+28
7.532346196648000709e+30
-3.229265324096473306e+31
-1.571760556438244617e+31
-4.428878093644274750e+31
-2.590080174060287223e+31
-1.839793655519838114e+31
-1.033947421135309663e+31
1.700166618175997869e+30
-2.427499764947936640e+17
-1.068115191944921088e+19
2.127153588267256218e+19
1.345524026694220841e+20
-1.524153870660732977e+21
2.227047887724832358e+20
7.586446883489564328e+21
2.690601598056693288e+22
5.916240182547649331e+19
1.810949535027239322e+21
2.741750256648851135e+22
-4.047822034131260696e+22
5.400508417826208350e+21
-4.463592187264306187e+23
1.779137515507923609e+24
1.826330870738958472e+24
-1.112987936386897779e+22
-1.491558907526579959e+22
3.359821349878496441e+22
-8.735505366460254913e+22
9.262109082688924869e+23
2.469896773924910898e+24
4.569077287074998671e+25
8.164565319578972706e+24
-5.827878097430591308e+22
2.282140377401264345e+23
-6.336026339638282656e+22
-3.808956058502884963e+22
-3.755670478830499183e+23
-1.583932610791528777e+24
-1.472794138048195372e+25
-5.069303831678304409e+25
2.360103969114165499e+26
-9.037601987244194372e+22
-3.181790599935134553e+23
4.078552450001647299e+23
-2.388706187674526841e+24
1.567012431650134698e+23
-1.000435883480978748e+25
-9.233990740330733770e+23
1.123635759232233891e+25
1.011044757751349505e+25
1.138225644406834973e+26
-2.628068853489161365e+26
-2.695567203272284984e+23
-1.417629598655525222e+24
1.536220659005062610e+24
1.943996717801873324e+24
-5.203404927984293317e+23
1.325015286280599012e+25
-1.772289753138611492e+23
1.179591422270915579e+25
5.592727603460543110e+24
-8.133156434026562477e+25
7.908348541956872376e+23
6.976387703152028668e+24
6.791558629161335604e+26
1.242688230487078629e+24
-2.437978083388062349e+24
-8.309571839703596682e+24
2.021547159424701709e+25
4.549438043056986640e+24
-2.575138872971562213e+24
1.525357789837813006e+25
7.258553936058913995e+25
9.565208179197961616e+24
-7.659324705329420910e+25
3.526299393315559088e+25
2.284802154818488144e+26
-5.319312774794764665e+26
2.797832616155741259e+26
2.785038045231779078e+23
-2.380153348561701619e+25
-9.474622877278054226e+25
1.439583741508217856e+26
6.941912778445649303e+25
4.213282368482908932e+25
-2.461415663662714076e+25
4.054883963668410809e+25
-6.067559292090561539e+24
-1.585645356298791046e+26
-7.858091218063835400e+25
-1.105058642557467985e+27
-1.406924891601297546e+27
9.142569120155215017e+24
1.100160205138469230e+26
-4.814236358010636337e+25
-3.717678486791479193e+26
5.408263886039492576e+26
2.924993727761171354e+26
-1.813276008615802900e+26
1.661432269292871809e+25
7.930718679369211724e+26
5.717408874148323772e+26
1.536265423201090837e+25
7.072738838587590553e+26
-4.457747002767559780e+22
-6.490555145086977442e+22
-4.613128405205017292e+23
1.234549833449156362e+24
-6.745881665268657244e+23
-2.020692411390671978e+22
5.907503975925937582e+23
1.084632697018911814e+25
3.218095657403515016e+24
-8.527292575544065598e+24
3.287507611183468313e+25
-1.408743723081656673e+25
2.584849926744941978e+25
6.174661277082718198e+26
9.091080949653547474e+23
3.527350577625272404e+24
3.524313308321787094e+24
3.930470865675782520e+25
9.319510400950051890e+25
8.890193985055946773e+26
1.225035689965843267e+27
6.165606190178033690e+24
-7.614139348888769463e+24
-2.849822868556848758e+25
-4.317812338248733216e+25
-9.611043401633905283e+25
2.928395739066346541e+26
5.188035245494866066e+26
1.452785117554127849e+27
-2.632761257947487923e+25
-4.246604934176364438e+25
-5.388777900023096162e+25
-4.793944004987594406e+25
2.106612811658711532e+26
-8.257726715552157355e+25
-4.028832311044405404e+26
6.210360970313824443e+26
5.900740916403011122e+26
-1.327787770341124108e+28
7.482374763609700592e+25
3.641271153697317505e+26
5.460810337562651369e+25
-7.699127344413677801e+25
6.061984421951283515e+26
1.318743726841876774e+25
7.441413806748875042e+26
-8.217881672727760153e+25
6.927135954417763027e+27
4.857253324307139363e+27
-5.008821144447761548e+27
-1.873229170746419201e+28
-1.423891774778870381e+26
-7.929752489618708489e+26
3.776393811315300710e+26
-1.698573710776424897e+25
5.602281335995680697e+25
5.178563374622260730e+26
3.142380629267096497e+27
4.135652225165096564e+25
-4.137339140034123463e+27
3.816594184266675109e+27
-5.955125778702890568e+26
-1.454158750544582710e+28
-3.419844049588726922e+28
-9.984213220630994549e+26
1.501614308662210280e+27
1.038599063678618679e+28
2.735393908206729955e+27
-2.261097781502292861e+27
-1.452636960230983989e+28
2.619941234707950693e+27
2.701079829534984973e+27
-9.922106468660082639e+27
-1.085568274656307015e+28
-1.525526016862425528e+28
8.753786053008669009e+27
6.380397687738602292e+27
-1.082279607129285221e+28
2.127624398300318874e+28
-1.806178219399449642e+28
-7.435598098041852653e+28
-1.257381522453306867e+28
-8.155585041849025599e+27
-6.040054540130574425e+27
4.877937524940300168e+27
6.698590421545429003e+28
-5.393582517370596719e+28
4.440216274001938644e+23
-1.653095850561612200e+25
4.721837252901330637e+25
2.270147202162555516e+25
-5.537951119829068017e+25
1.205076367380200908e+26
-1.797657242903370866e+23
1.719854304393033284e+26
7.878479197617984205e+25
-9.556210225849062170e+25
-2.155393691700357872e+26
7.320689147685529107e+26
-3.726964726370110645e+26
5.440177539567274274e+26
6.510668564869503202e+26
-9.634261049695559285e+26
-4.320698374132764979e+27
-1.343040583773491395e+27
-4.097272824157485314e+24
-2.008521869070026452e+26
-2.876453602479645905e+26
-9.960581265865337596e+26
4.389465468817637113e+27
-1.361794863733666432e+28
1.041865341168946797e+28
-1.105198138475298989e+25
-2.539737650538526773e+25
-2.615694613951711904e+26
-7.121788838893877791e+26
-2.037288070645617232e+27
1.588308818665839333e+27
1.322934031847351225e+27
2.431748303282022716e+27
-7.339026263896112312e+28
3.535616770792319008e+26
-5.994576265796290747e+26
-3.998421224126970426e+26
3.745536495145343982e+27
1.504011766219435715e+27
-4.717708213319146214e+27
-1.328295954499554966e+28
-2.538954370349211603e+27
1.105635213896023263e+28
-7.741721759312512852e+28
-1.213279522452459541e+29
6.036764836913375257e+27
-4.042333615507807892e+27
1.308087195648226728e+26
4.001731980504112197e+27
2.752264063721939032e+26
1.426757121684722748e+28
-1.219834200843376135e+27
1.455949001004668310e+28
-4.373014246186558270e+28
3.049427700176311881e+28
1.682862577102378779e+29
-5.854254353131904942e+28
6.158463878168274195e+28
2.214653246411108412e+28
8.595901109952896033e+27
2.594838385711005191e+28
5.801105162056604890e+28
3.625297101634089124e+27
-1.150020012736064592e+28
-9.512522705727871840e+28
-2.945411612635048208e+28
-5.221755784733540985e+29
-3.670441807239276748e+29
-8.780071051730535760e+28
-9.800767317703415390e+28
4.761404854294169808e+28
-1.673281835542190387e+28
-2.921324915873952607e+28
-2.161795468713501606e+29
-3.545670647063586657e+29
2.085741562170051181e+29
2.456575804263649989e+29
1.483149823095718576e+29
-5.553061706967150378e+26
3.084850365244572539e+26
4.696670112045539176e+24
2.505282022199291069e+26
-4.120257556824862097e+26
9.230094260623562729e+25
2.538030626682436366e+26
1.644165325763237396e+26
1.037409618843980762e+26
3.175366109024018976e+25
3.045852328543855408e+26
-6.817951362529321506e+26
3.783197364000377835e+26
-4.551657174928641657e+27
1.313613603015020497e+25
-1.965934396002780055e+27
3.227756440782312927e+27
9.801201209555906274e+26
4.279630899461427351e+27
-1.120422919117023242e+27
-6.260458985049446119e+27
3.433380736029463329e+28
-3.180626338989174703e+26
-3.128570172957593701e+28
4.533588816281287696e+27
4.136175092938043928e+28
4.433146311537863961e+28
-2.226186024128136574e+28
4.329229067805931730e+28
4.908239232841594284e+26
6.649292755462443719e+26
2.187161605108549758e+27
2.330777877974378338e+27
-3.770201618460501296e+27
-4.623600345204015908e+27
9.021638427435932809e+27
-5.037051944653289757e+27
-9.360857924464026294e+28
1.269707204777087368e+28
-4.156366740609704310e+28
-4.377884704143291287e+29
-4.995908295699979459e+27
-1.448662426421233655e+27
9.721566581867365571e+26
3.508935376402952800e+26
1.238464846836531209e+28
1.129896790002644848e+28
8.445371732181219722e+28
-1.514325765367769300e+29
2.754040652999921866e+29
-2.105997035504088662e+29
-7.337074335917849468e+27
1.948627674314711203e+28
2.067447945954768023e+28
1.628385861778060635e+28
2.157103014162000894e+28
1.520008402240595445e+27
1.565638634220437189e+29
-2.339218664463001945e+29
-3.695666614703394204e+28
1.131689805112467400e+30
-3.123922154324380208e+29
-1.878637051872585296e+29
1.193275925013903805e+29
-3.081620385424360890e+29
3.792321446119314363e+29
-8.378946730316051691e+28
-4.702017819735350445e+28
9.715573140377560894e+29
-1.184265938588359664e+29
-3.551174409430593462e+29
-1.025508735276024347e+30
-5.545688275217584290e+28
-2.492472925529972333e+29
-1.723862551992675365e+29
-1.603009825986305994e+29
-8.511282854818815817e+29
-6.281701771393213778e+27
3.442111392037108072e+29
-1.051941936902099897e+29
-1.195210899652444512e+29
-1.062124897548331812e+27
-9.483802748978374534e+26
-4.106634038689763173e+27
8.387969632234213300e+25
1.838306115699399818e+27
2.852822575521080879e+27
-1.201682380952770944e+27
2.131038280273717161e+27
-7.507898577111494828e+26
5.428026196583940599e+27
-1.435983357893696968e+28
7.570555610976381369e+26
-4.946037034539004764e+27
8.036757184772327146e+27
1.197829877366931315e+28
-9.890493041278951488e+27
8.761065986072003189e+27
-6.560480155989207059e+28
9.490449950150709556e+26
-1.050203260455276522e+28
-1.875284253504134321e+28
-3.971071102888654444e+27
-6.818312349540229647e+28
2.181634598118352989e+28
2.548453940668707630e+28
2.091451073115050076e+28
9.587891511271967168e+27
3.899103266997806095e+29
6.978921346168496941e+28
-2.661733246854605183e+29
-3.962553869478763043e+28
2.716767060378744332e+27
9.854809533852199357e+27
-1.948614657853436692e+28
4.266222957498260132e+27
-2.200938974531253335e+27
-1.199522320683128341e+28
-1.368238293028511210e+28
8.996920296385237816e+27
-4.710998774257315897e+27
-5.552452588340403101e+28
-2.009931675047151322e+27
1.708266090636913893e+28
-1.225565946465992079e+29
-2.338861317663367940e+28
1.775754925883056634e+29
-3.661470419305688424e+28
-1.458237250779290699e+29
-6.834510232857004022e+28
-4.021444830815706020e+29
-1.561614626946157302e+29
6.392316229105244804e+29
1.069458905251212423e+29
1.308331901280649472e+29
9.686696050042944770e+26
-7.387525991434398201e+27
1.610962554482560478e+28
5.049813956557665746e+27
1.773812861502970703e+29
-4.978644231223923631e+28
7.692619715667403100e+28
1.833297501528138527e+29
7.967357909913437187e+28
4.286625029892375886e+29
2.168349830337675103e+29
-2.529620756174112867e+29
-5.412726431712241253e+29
-3.355988480963949384e+29
-1.520050861579369547e+30
-1.636207954913201427e+30
1.117487765955661736e+28
-1.364422837246225870e+29
4.948297209883456019e+29
-2.571791617315703346e+29
-8.452523185576521735e+28
-1.001285287837960889e+30
3.340763395250487112e+29
-1.293175789358794643e+30
-3.953038421538700499e+30
6.689050371077526491e+29
8.014915250282694367e+28
1.577992348993087618e+29
7.720431497928957902e+28
-4.785630258425374726e+29
3.517245664650537756e+29
1.346487838381935386e+30
-9.083951639319803432e+29
1.735810653673801372e+28
4.436954383247601425e+27
1.183690500825409413e+28
-1.836652018972215421e+28
-1.890536512733472149e+27
-4.599316075789479756e+27
3.131271907926022674e+28
-7.437013275370397605e+27
1.535313870757956132e+28
2.856643884796793638e+27
4.700492586667779879e+27
2.609069395381589001e+29
8.933593278713470469e+28
5.800359491531325237e+29
-1.370401691108867753e+28
-6.949155796608960402e+27
-1.496809871431269948e+29
-2.786611625476138653e+29
1.182742482879729034e+29
-6.034268741273893024e+28
5.407596242760834914e+28
3.368963699820111546e+29
2.242838002046054862e+29
1.397423390783511559e+27
1.221195370531177723e+29
4.991142202787490866e+29
-3.525061732241235616e+28
-3.590506619800882562e+29
-4.612459864794163858e+29
4.698364003920475870e+29
4.168598626894557804e+27
3.696152907558984718e+28
-5.182000485924884543e+29
6.688805890342915862e+28
6.845893723380036084e+28
3.975226450269274108e+28
-3.428472010025272451e+27
1.487000918690669711e+29
-2.492955712394426511e+28
-3.337982245062445224e+29
-3.055721543866398812e+29
3.706832019259385283e+29
1.339225753205380136e+28
-8.385118888155776548e+28
9.861504560822469109e+28
3.593255806102459262e+29
-8.504656694316117194e+29
6.020769684347986253e+29
-9.641919460010949554e+29
-5.954424664543428490e+29
1.072794337168402264e+29
1.366838713629741974e+30
8.134087065964910484e+29
-6.092747414802341280e+29
-4.313810568463372981e+29
-3.654540531778743839e+28
-7.499802312256579287e+28
1.285437780732979951e+29
-9.976983676415605183e+28
-1.136825652871195685e+29
-1.054896372187494566e+29
-1.469424422374064839e+29
1.303767646838656607e+30
-1.320067260686776890e+30
1.132109748589264472e+30
-4.073762686285459276e+29
1.439434764342225479e+29
7.969138874966106099e+29
-1.671114394119718131e+30
-2.245197882755869247e+30
8.188881623041650769e+29
-4.027236931721821995e+30
3.720061696807287478e+30
3.992116192959448441e+29
-2.022855199204411170e+29
1.171347725157873159e+29
1.146674551589672168e+30
1.785758728150920379e+30
-2.583171188420817362e+30
3.440619728897855390e+30
6.087362952228193268e+29
7.395885571901286982e+30
2.894274938187129704e+29
6.019910981645470971e+30
-1.284435822621499286e+31
-2.510479856084161911e+29
2.254934114763355381e+29
1.706260816964377710e+29
-1.215088640449489148e+29
-2.244562680690388016e+28
3.338784342585331480e+29
-2.757009935811446634e+29
5.452293565545739163e+28
8.204595822414467710e+28
-1.429033682583915916e+28
7.184792075700950215e+29
-2.883554428524195301e+29
-6.084433728636080266e+28
3.347254380869490926e+28
1.662680670358138435e+29
-3.817097311499564307e+28
9.712893706905843866e+29
2.910317836193592032e+29
-4.102922639260147723e+29
1.078478306923832721e+30
-1.061246369342137897e+29
-1.459171089717375386e+29
-1.169485071751905787e+30
1.464788523340430426e+30
-1.204875078576719286e+30
-1.978681344221314067e+29
-2.201680820766348415e+29
-5.466168790093538972e+29
-6.380448604976618091e+29
-1.358764562681999702e+30
-2.838588814363680553e+28
1.233002895725933740e+29
-8.979718992563471815e+29
-2.250917015753429395e+29
1.334929901682359378e+30
-4.845087168451018421e+29
2.487565938668564485e+30
-2.749616072267731388e+30
2.294171448740143484e+30
-1.982695488803748012e+30
2.407144483654353078e+30
5.581019437720007774e+30
-1.795279010160940834e+30
-3.455642278222002315e+30
5.841881771367910165e+29
3.952385419601549522e+29
4.198951767413349995e+30
-5.244826321955808243e+29
-1.580375221504756052e+31
4.045405702623904210e+30
6.394640951699070182e+30
-9.275164274330387054e+30
-1.519560173354533376e+31
-8.744062310806335403e+29
-5.550761999234261360e+30
2.512881206032010627e+30
-1.794871744795811688e+30
-4.660683978539636313e+28
4.291656943952405001e+30
1.685664717940260602e+30
2.246120881528640639e+30
-1.805318099098668256e+30
1.542203551387694357e+30
3.263977016048363739e+30
-7.616179744482898077e+30
1.303480256969580886e+30
-5.164123466251886557e+31
2.148244559913330858e+31
-7.121201500615624781e+30
1.188132261316203940e+30
