1.989754326654856000e+15
-3.722902042284919808e+18
2.136723510718890803e+19
2.604201241106809487e+20
-2.564809449595161805e+20
-6.967680478989044941e+20
-3.688521394902484910e+20
-5.327990906201631726e+22
-8.156600239007607239e+22
-1.780919402632141005e+19
3.187067190159073608e+20
4.299345464611996959e+21
-3.326586241533125172e+22
1.173217086149127915e+23
-1.552174565926776498e+22
6.434266402460847057e+23
5.534941909684171544e+24
1.979679686090788223e+25
4.012634689762100838e+19
7.674387530738485428e+21
1.811594215511244669e+22
-2.631259083503008502e+23
-3.240262194783203833e+22
-1.674182445789037965e+23
1.234611893890751868e+25
-6.011989401944390845e+24
4.440714616236219310e+25
-2.768127581198135329e+21
-2.787490025941994832e+22
-3.576303807987001065e+23
-5.638914196209982515e+23
8.255547873511836672e+23
1.204637653196424648e+24
1.139792807461742119e+23
-1.233495408499769358e+25
-1.345230138660735943e+26
-2.657232219416982131e+26
-3.158970588873779839e+21
1.714320027630623586e+23
-1.896203101077488733e+24
-7.287425356952994096e+23
-2.393395054588614014e+24
4.444591905251005353e+22
5.828645086421323203e+23
1.557418001221978520e+24
-1.428834018664684229e+25
-4.893046686796397666e+24
1.230103805214163461e+25
-3.715225805762221604e+26
-6.307012759502231437e+21
-6.349975955546107030e+23
-1.151070171276670665e+24
5.750821575376331287e+24
8.627793927792730277e+23
7.406742017985693555e+24
2.686032232283485989e+25
-3.461403320184598170e+24
-1.733657754854692160e+24
6.255749686524945619e+24
7.083766502004369872e+25
2.027007815045012749e+26
6.271650627628248965e+26
-6.724803383268679232e+26
-3.908442703969953566e+22
2.957786047363232102e+24
-7.901361662612630017e+23
1.006462691485274614e+25
1.641587541579589519e+25
4.028918533035671486e+25
-4.424509752271080788e+24
-1.540130387242848078e+25
-9.466895020377980342e+25
1.386755981427015520e+25
-2.550974791744803538e+26
-2.131999470150871755e+26
1.595728977936887480e+26
2.420505103801390378e+26
-7.297329466339105415e+26
-4.277214726982119037e+22
1.151772965309970984e+25
1.740291507233251243e+25
-1.595696440883074658e+26
-2.254808384984645505e+26
6.458509547879505528e+25
-2.197044524394368967e+26
-2.390654010864018913e+26
7.827984790701129876e+25
1.006748865328658191e+26
2.461004825764541688e+26
-1.503636188117495186e+25
-1.244742672817863937e+27
2.860586844751799330e+27
3.796090761298068185e+23
4.453953516219052585e+24
2.021831359933254314e+26
4.560573201941171003e+25
8.002560776150066102e+26
6.906481451967861189e+25
-2.861348125525046473e+26
5.795774753201267725e+26
-2.881628360195191719e+26
-4.030667404712003479e+26
9.413444241871039917e+26
1.711860228450795988e+27
5.074328604925806085e+26
-1.296521853023402066e+21
1.057834284631193551e+21
5.326069373440098723e+22
1.091700263111020857e+23
-2.154099225502776767e+22
-5.488017012764615094e+23
-6.825886445278562573e+23
-3.588064992845628248e+24
1.819217478686053761e+21
-6.926963359300009702e+24
-2.379420343070781080e+24
-8.241449462979424053e+24
2.720516825622792584e+24
5.283357320923086182e+25
9.819651288662208676e+25
1.491839859993727648e+26
-2.781070542463459289e+23
9.119533038760313666e+23
1.136700942063381137e+25
1.644071535615179550e+25
1.453571428082840839e+25
-1.010113954619759064e+26
-1.549761214939175036e+26
-1.191515942445448131e+27
1.728467011723175186e+24
7.644656692165668527e+24
-1.082332416063384126e+25
2.189042132035679829e+25
1.166113136594785920e+25
-9.965568119331298123e+25
4.676688400472745553e+26
-2.086514563211729449e+27
-1.899758785198565538e+28
-1.439030728983048899e+24
4.777721833972254663e+24
-4.392119121321504490e+25
-4.540155701600173291e+25
6.989860723964434365e+25
1.730069691042789300e+26
-1.747791856700701493e+25
-6.708146679203997647e+26
6.298412172905511109e+26
2.744942865367285024e+27
-1.332786516907935086e+28
1.984311820336311859e+25
1.282677538419586781e+26
-4.392544330440037606e+26
-2.583523951499095729e+26
-3.762869210094065608e+26
4.503531155251332767e+26
1.295699409323070194e+26
-1.322309180918477275e+27
1.809008278546940560e+27
2.169949454431762865e+27
2.416040093160188888e+27
-3.579743753890329228e+28
-2.557465583935374938e+28
3.558082107622284807e+25
1.742673543528567143e+26
3.654763988582204736e+26
1.395522239831353019e+27
-8.197870088886156652e+26
6.969005165086566972e+26
4.533032090235492883e+26
-1.382599591347228459e+27
-8.845112934163378865e+26
-1.935481412009384937e+28
8.496171070222593266e+27
2.315125650824684695e+27
-5.334173756328529151e+27
1.985496871975189442e+28
-1.203631853326209157e+26
5.013717242081165096e+26
1.075759864654874936e+27
-1.030781613293314596e+28
1.394839254948943460e+27
-4.101191612187177761e+27
3.142978996906901585e+28
9.409122562487544914e+27
2.702576848579458671e+27
-7.274761414245111945e+26
2.079224757875231943e+27
6.077921207109843591e+28
5.495310079484541014e+28
8.428224278537871833e+26
-1.363226457153835332e+27
-4.359392450636484219e+28
-1.111923106894621074e+28
3.709293782191084688e+28
1.718079973791272780e+27
1.524286060424022703e+28
-4.990900995161646014e+27
-4.093784886113863858e+28
-2.842381968095162672e+28
-4.660103347745386073e+28
8.807371593995898161e+27
-2.653565508728096786e+23
1.472355468631638249e+24
-1.426483165664216208e+24
-2.677759855927649660e+24
9.246377013650225986e+24
2.789358892769393485e+24
-1.264187160800800650e+25
-2.033683474665628704e+25
-3.383996164087757057e+25
-2.465391655798706757e+25
6.891537183686504440e+25
-1.102810381288500866e+26
-9.623887243144641273e+24
-2.212363801951341352e+26
3.864096125237327376e+26
-1.126774993433446358e+26
-2.810213293519166739e+27
7.419599260603491375e+26
6.923664969320053614e+26
2.778307520071024212e+27
4.819844410303539694e+27
-5.854031066285718152e+24
1.250758826772597712e+24
2.617617491746876557e+26
7.678800302389560020e+25
1.085259666498666778e+27
2.007070702990622623e+27
-2.718507903540539789e+28
1.306651058120088706e+28
2.728495811824423197e+25
8.378969683258088166e+25
-3.287068000681480686e+26
1.327912461555432648e+27
1.212859024176127538e+27
5.034311034742203894e+26
2.439654491750502406e+27
1.451226355488879879e+26
1.628522796090617294e+28
5.842446621063410713e+27
1.438551631726475361e+26
-1.812560845894079364e+27
-3.534613358967747878e+26
-4.829946350423733066e+26
-1.199629820538438999e+27
-6.424478507427844978e+25
-6.168297451307676965e+27
-1.113374477801666298e+28
-1.218939983493279161e+28
-9.833685754500402963e+28
1.948340190289981524e+28
3.093052154365274008e+29
1.249826199879477954e+27
8.431359528425734210e+27
8.445074902710449532e+26
-8.438709630000126340e+26
5.198538506065890529e+27
-3.334100432027877893e+27
-2.182829475187295742e+27
-2.567592065119469387e+26
1.412977468965383246e+28
1.292592363149207949e+29
6.046346007751513040e+28
-9.974506117771313285e+28
5.520532468866938199e+28
-8.157039972472109508e+27
1.836030416243010354e+27
3.375712387384618938e+28
3.302221068219293439e+28
2.851908271234062710e+28
1.370469264104559359e+29
-7.001073524014731536e+27
6.427519334536504140e+28
-4.623663805856911839e+28
-3.265108198147519799e+28
-4.561416678631190754e+29
-5.678205386054394787e+29
3.495311086636454588e+27
3.631286227256931907e+27
1.233586443234287260e+29
8.222496909732341533e+27
-2.582739629683893154e+29
2.475219941220977617e+28
2.669209422631882826e+29
2.344096432068686539e+28
1.748400221732085427e+29
-5.538069531277430934e+29
3.858838882333899098e+29
4.588172158780338025e+24
-5.070309113640702618e+25
4.413231198328428591e+25
1.061820901319400476e+26
1.266752110441071743e+26
6.935953232198335139e+26
5.393297877946524753e+26
3.723877639291510739e+25
2.626810470572878040e+26
6.139086877339839935e+26
6.827967792671876585e+26
-1.105107284692818676e+27
-2.001726220143223275e+27
2.374726320446175386e+26
-1.064963879609222327e+26
-2.243820414268133642e+27
-8.957645531532750869e+26
6.581919813144378141e+26
-4.526396161900572294e+27
9.753558248338863573e+25
7.719110429719646687e+26
5.642151912804409472e+27
1.231169627445504330e+27
6.013541454758166865e+27
-3.788036530035036839e+26
-1.360466380244384863e+28
2.869701017451696235e+28
-1.598383226781816807e+28
3.241126189227193360e+28
-5.416248636662289344e+27
-1.822053169756324566e+27
-4.842336781427329684e+28
-2.784380510579482396e+28
-6.460347973780769751e+28
-7.347393398706192316e+26
-3.924758395600155794e+26
5.564079934977545708e+26
5.992344972318685460e+26
6.780246272752512932e+27
-1.961578798699992212e+27
-9.312167731801673635e+26
-1.500956673015849384e+27
-3.694565904995584669e+27
-2.226215712902777827e+27
-4.338126351896055349e+28
3.187777988410643172e+27
-5.407758140935129021e+27
-3.539589433124053283e+29
1.034350930801213055e+27
1.791656648160012737e+26
1.721178571057290723e+28
5.826167587925278690e+27
8.623194814574685715e+26
5.753577438538450076e+27
4.276896149459479474e+28
-1.185134931605025091e+29
4.616376178945069516e+27
5.181441370266333736e+29
4.101421298922161112e+29
6.058206807873042118e+27
1.365186933545561657e+27
-1.508471257414096104e+28
1.484345774685504997e+27
-7.161086993801273009e+27
-4.440211053641961785e+27
7.921730904401832783e+27
2.340065109456320844e+28
1.376988492923724765e+29
1.770192154975916211e+29
2.861202561592720600e+29
-9.942284683665342893e+28
1.441841519467194317e+28
1.513634584242783541e+29
1.659208555391311219e+29
2.260986666151508628e+29
-1.221356785674725610e+28
1.224022215341696318e+29
1.037874627305878095e+29
2.206507790966197857e+29
-2.930812271957921078e+29
3.121432134179213520e+29
-2.301747726193887023e+29
-1.953847657222644086e+28
-4.241748713737484086e+29
-2.709830149907096861e+29
-6.299485025190676619e+29
3.114475126678378293e+29
-7.379758865765963977e+29
-2.738932219242559508e+29
-9.348711432238695260e+29
-9.163663275780597265e+29
1.045016555693130438e+30
-1.131566646572256628e+26
1.195022501659765980e+27
2.780948184692108085e+26
6.656997542217564410e+26
-1.206901296034875862e+27
6.182327466795944009e+26
-1.753826733875538867e+27
9.055027329341467688e+27
-4.636938648887696687e+27
6.980709824513408476e+25
-2.780820376276242215e+27
-5.411594852365550535e+27
-1.156195457832209659e+27
-2.766200587560559579e+27
-3.708636626811194612e+27
3.157985461238292429e+27
1.271302452055384362e+28
-5.271109937464998116e+26
1.640035025737544118e+26
5.773152737418214191e+27
9.330159955885828636e+27
1.627184026570209800e+27
-2.343637354191667258e+27
-2.603249434827213800e+28
-6.242673232614537881e+27
-2.154531757126669796e+28
2.525331092470245727e+28
4.968054676514725349e+28
-1.293405582248526616e+29
-1.313490915238391061e+29
-1.490060993140715508e+29
-1.119305192789441672e+28
1.490633329420036508e+28
1.988124741276500089e+29
1.323781635526807135e+29
1.738868965201506671e+29
-4.459571856329436474e+28
8.447526106488209800e+26
-7.150415493692779582e+26
-6.005605045439157841e+27
1.256014190552084552e+28
1.143051931903110763e+28
1.193716526964417177e+27
-7.081349149476204897e+26
1.106357665656492614e+28
2.469655502381124400e+28
-3.481906833140526771e+28
3.749455260255428528e+28
1.671802368211547767e+28
9.749951871567768354e+27
3.810496426826242401e+27
2.942125467295365965e+27
-1.081261095316044691e+28
-1.939536575634612095e+29
9.712178865102061440e+28
-5.962315518650958223e+28
1.200859159333651100e+29
-5.491498464500247999e+28
-1.968635795372284421e+29
1.340454185716704322e+29
-9.293436821990753229e+29
-3.306418710742047096e+28
3.175682069295692635e+29
1.998461246756705260e+27
-4.581226741743842757e+26
-2.389175021202864997e+28
-2.043631011132535981e+28
-2.131983237685379272e+28
5.122406497265952264e+28
-2.013013737771061559e+29
1.536673684445254527e+28
-3.609787569774330389e+27
-5.273821521434170010e+29
7.596665099516665167e+28
-5.471948093812628648e+29
-1.696528990053756231e+29
6.073938070461437191e+28
1.868161109124384466e+30
4.605260443497954674e+29
1.179986627403963036e+30
5.575581644961367250e+29
-1.594308152631554352e+29
4.218003957513161623e+27
-1.589809809571989035e+28
9.438415869361972075e+26
3.243266332319397943e+28
1.337395758255420394e+29
-8.453718158014162592e+29
-5.941395167594219972e+29
-5.867602499356754734e+26
-1.502807431123167831e+30
2.361743620884537275e+29
-3.670343727084949438e+29
7.180075799912210840e+29
8.660576331781591322e+28
-3.963912813854415996e+29
9.542698447823973791e+29
5.580133341437075716e+29
3.145593700319430391e+30
3.160466358649622015e+30
-4.834210552111735482e+26
-3.045570795164478734e+27
-5.842656863344140062e+27
-9.300157001723120580e+27
-1.946576468962611889e+28
6.658750593883255222e+26
-1.927771348394450391e+28
1.151144370749578683e+28
6.034012834704228906e+27
2.022623330018226146e+28
1.119365395583747900e+29
9.768065003458466251e+26
-4.104942361197768687e+27
1.827757478653955602e+28
5.768092800225155128e+28
-3.320864769394002050e+27
-4.480565105458331976e+28
2.098981229711328837e+28
-6.981585958661181322e+28
6.702317536428111984e+28
1.136640820860402718e+29
-1.653392407328287139e+28
-2.951836061876329452e+28
-4.903527818610880377e+26
-1.974388360324641544e+29
-3.537843614923423252e+28
3.958964442968582166e+28
-1.464217150511651698e+29
1.339006150041737006e+29
-4.485846637049330520e+29
-2.360516202390098336e+28
3.972439790423121456e+28
2.468336936293595185e+29
7.916639053427319448e+28
2.077008766807719173e+29
-9.999094069765257313e+27
4.622114554946583006e+29
-2.681247833271827096e+28
4.360516573998565395e+28
-6.074765116831980423e+28
8.587055234904875524e+28
-2.496324629787003149e+29
-1.235412738935869280e+29
-3.446929918795870776e+29
6.557840723611153975e+28
2.993012196838679939e+27
-1.285315519297726772e+29
-1.483513449344141702e+29
5.062118313805551652e+29
8.917118956303485003e+28
-2.476332223482768305e+29
-2.416082212141378747e+29
-2.012596459986864206e+29
-2.389549060244336768e+29
1.271694876190755948e+29
-6.346337301187520885e+29
5.029516564571028264e+29
-1.754993929060421662e+30
1.599815764307669320e+30
-6.270307568328050039e+29
1.490852368516066296e+30
-3.624583639923257116e+29
-7.440558921699527025e+29
3.676781962445789481e+30
-8.910130667227113403e+28
2.826372447514248073e+29
-5.576574973250840889e+29
-8.866427453207123207e+29
2.886850827268817476e+29
6.772885710322145772e+28
1.536007540845295192e+29
-3.367074524609355872e+29
-3.200197308101939050e+29
-3.515375398516548771e+29
-7.926912255382686477e+29
-9.440212610361370650e+29
1.010699118294690836e+29
7.508544631230677251e+29
9.823583765046443201e+29
3.215777012034026772e+29
-3.715634682692569346e+29
-9.205170194592931028e+29
-3.906843770921760144e+30
-4.340737025173886241e+30
-2.820344716133554806e+30
7.274340101663354192e+29
2.122127164672437820e+30
8.759676436316844915e+29
-6.755458307715280327e+29
1.755161886934959828e+29
3.318501906630991145e+29
-4.467900552818322686e+28
-8.010938779977443502e+29
1.424450242247462718e+30
-2.016551916018612046e+30
1.495950026184326136e+30
9.674031473910374833e+29
2.242534384082023719e+30
1.229035579696987300e+30
-2.843518892982685920e+30
4.948030400252168327e+30
-2.901637450273744067e+26
-9.767388988101720936e+27
5.962894392199426948e+27
-2.344228106406153432e+28
-4.633460126089229660e+28
-1.323848608574602380e+28
-3.684097209156317708e+28
1.638584110354054796e+29
4.567289740705043194e+27
3.230598216347320327e+29
-2.503426273244653222e+29
1.530259946842343874e+29
9.127328917930088460e+28
2.868415770373021462e+29
4.359620947004176051e+29
-4.940003246587473186e+28
-1.258375077956391049e+28
4.209368062058731842e+28
-2.013605417903877587e+29
1.707271609878150442e+29
-2.753017305474889606e+29
-2.124415597901399005e+29
-5.076686955267176578e+29
-1.547504331152493129e+29
7.821068693583538269e+29
-1.126689055138941417e+30
6.145904591795008329e+29
-8.221928164829794331e+29
1.953158036781536881e+30
-4.580484139967994014e+28
-2.075271113119459016e+28
-2.505990879640357405e+29
9.529879150444699271e+29
2.202224128467852156e+29
-1.858471914947747586e+30
9.867382404738701325e+29
1.148088216748579004e+30
-1.384854584807218911e+29
-4.452533896391405871e+29
-3.813663363620770492e+29
1.504489451425264785e+29
8.008001491268069299e+29
2.858780092272613442e+30
2.070240806982195909e+30
1.255910977168244543e+30
8.111555524521723719e+29
-3.607620256326374476e+29
5.574861445433086835e+29
-9.256086677507208340e+29
4.516657150080646537e+30
-5.247809473917003801e+30
5.921550005942151727e+29
-6.789159635344920527e+30
-1.834197543576770377e+30
3.906371384385454007e+30
6.098890335500590436e+30
4.824301735511817954e+30
-1.146466127851028247e+30
1.765484878276471036e+30
-2.825318057516418375e+29
6.168326369107377588e+30
-3.238549731316516447e+29
-1.897652807386656270e+30
-6.910061353796615598e+30
2.944548512199234475e+30
-9.068778325113020415e+30
3.180801718874917245e+30
-4.092045194976832022e+30
-2.113262508600362193e+31
1.388090263080132711e+28
7.131636735352021567e+28
-1.145589631739041295e+30
2.333655051456507203e+30
-3.936597803012694625e+30
-1.404683051818256296e+30
3.042060366974875550e+30
-2.262939042851365742e+29
-2.147044388396615668e+30
9.282327041263767887e+29
-5.601451051329161806e+29
-5.102481149671131786e+30
1.696563965589014789e+31
2.095087691404460995e+29
-7.701660767715797163e+29
-2.106999788983497620e+30
3.156564965101723239e+30
-2.016888764640563154e+31
2.222773662438440393e+31
-3.779414729217583460e+30
6.958260737555995587e+30
1.128460911164403604e+31
8.275751451453343174e+30
-1.232035561244207192e+31
-1.123778524440651940e+31
-5.171117656788103122e+30
3.770837429704694467e+31
1.661986869905659188e+31
-2.327179884350619695e+31
6.749122430776613015e+30
1.570163453735014358e+30
-3.516539245595252572e+30
-5.680745502813549825e+30
1.798708697387833126e+31
6.942112488145939382e+31
1.771310451414350858e+31
9.210066724809002474e+30
1.133378752085318725e+31
-6.370107913820462594e+31
-3.819930296821748224e+18
-7.187300810687559270e+19
1.689101300281254543e+20
-3.002088488489497133e+21
-3.126893208216113512e+21
4.470200367524103586e+21
-9.569720657313745863e+22
-1.195034795998141062e+23
2.275921985132333957e+20
-4.878162238279228850e+21
-3.704668437869378929e+21
-2.256912017954549310e+23
1.146261279683776652e+23
-2.396263381836970601e+23
-1.469974641775049940e+24
1.684010635311535608e+24
5.485197226603268014e+20
1.930706626820797628e+21
-1.651427485589739112e+23
-1.129918938019889062e+24
-5.127242187529670938e+23
3.357761219253144195e+24
-4.140524272451541228e+25
-1.584911979234691854e+26
-4.342616509339604825e+22
1.122249039127963689e+23
-4.342804126438090867e+21
1.908840273411652880e+24
-1.726652167113179721e+24
3.012076094941580763e+24
1.204874125126568941e+25
4.875882306627045846e+25
1.501331162373838524e+26
-6.711585610184409104e+23
-3.221523820930734039e+24
1.195076691709370852e+24
-8.654213252699967759e+23
2.586545555816632424e+24
2.016601528994836041e+24
1.009595860909952171e+25
8.440811213762972789e+24
-8.406552392692622107e+24
-7.503567871201699428e+25
9.431151980968173137e+26
-8.598438550134596200e+22
2.328740111883959867e+24
-1.396577566080212142e+24
-5.860558314186748434e+24
1.374477013391029141e+25
-1.213328085599172034e+25
2.112029953022346358e+24
-3.301380762713378693e+24
-1.399030971610257022e+25
6.021116554106003792e+25
-9.468601639143612896e+25
-3.562937193686472185e+26
-2.499742436457047025e+26
-6.814042136956484610e+22
3.513041697461721046e+24
2.622989180854264693e+25
-1.286803064641235529e+24
-1.189882097210398911e+25
-9.359290969441934183e+23
1.424709361769979170e+25
-1.669918538375216294e+26
-3.095523353835318804e+22
1.135473937789346386e+26
2.244596982481473644e+26
-1.308196246908428653e+25
-2.671887542069892769e+25
-8.433524883424851831e+26
2.199786612506182633e+24
3.461434626450595789e+25
9.167916493928323018e+25
-3.017985808697123511e+26
-7.093687794023199062e+23
-1.006280910788892999e+26
4.970725636026407198e+26
3.730921800762113373e+25
4.099256919856281972e+25
-1.368351603087653738e+26
9.139083858926238625e+25
1.365254477263966228e+27
1.519250927661460402e+27
8.577107445351130983e+24
1.313013294558504502e+26
-3.180211411094495258e+26
-4.387962551878735285e+26
7.768321485457144200e+26
3.043080317685349183e+26
4.607901636671675157e+26
4.320630569975717898e+24
-1.377070141930988943e+26
-6.899922310680980764e+26
-3.110442628520955434e+26
-4.145117598799502581e+26
-2.162284680261649249e+22
5.368888135007011760e+22
-1.341222446733266434e+23
-1.172365901589350904e+24
-2.413906975510075047e+23
1.600549308963773208e+24
-1.206542733517207883e+24
2.363433612034792028e+23
-1.927449060565985501e+24
3.399230609999171554e+24
-3.158386758604109392e+24
-3.772482191595019000e+25
3.133573221271876746e+25
-3.072953589015741099e+26
5.025522690079847141e+23
2.545656031687666259e+24
-3.198499402719440939e+24
5.756216933291411174e+25
9.562944011715429347e+25
1.262618344424172087e+26
-3.241043036226186124e+27
-8.323882757991034153e+24
-1.218410612154131298e+25
-4.723629562133551902e+23
-3.088030780081709261e+24
-1.729060074160281948e+26
-5.538992874935383760e+26
-1.964951185262868830e+27
1.698032087815630330e+28
2.649409175515396423e+25
4.057546566972571269e+25
-6.880765090578114684e+25
8.825483744870906957e+24
9.277108437275031658e+26
-1.939504079591732722e+26
-5.329748879290458851e+26
9.883583224178550694e+25
3.916611152162804238e+27
8.481465048831903161e+27
3.259105048269902650e+26
1.652997047954445385e+26
-1.650656757572928571e+26
-9.205013577796913905e+25
1.191566852772731226e+26
1.182676736466008219e+26
-1.811580060930823516e+27
1.867354413017819063e+26
-6.023661050428509620e+27
-1.149534763295525260e+28
-2.699691672857278222e+28
-5.601655095184951053e+27
-2.771236240802127010e+26
1.132663127089959741e+27
1.653746291417573271e+26
9.434215226396727131e+26
1.036207048713738396e+27
2.089420230082458560e+26
3.188525035053535967e+26
-1.751870744538348959e+26
6.922979829588582066e+27
-2.138557381588140348e+27
-1.527548552326721900e+28
9.421298319668638169e+27
2.478505179047246983e+28
-1.382627207073482871e+27
6.363699132986282503e+27
-1.593436013203052967e+28
5.926456330607703619e+27
-7.285791179134263326e+27
1.565977932269173536e+28
-4.734262882224157162e+27
-1.332380186316987382e+27
-1.856339036567790448e+27
1.203998050546462181e+28
-1.029315204110112141e+29
7.043772431567486600e+28
2.617931128214757027e+27
1.275006021609144969e+28
4.969385156178975789e+27
1.938188174124067634e+28
-1.653118797638541492e+28
-2.373425434946106916e+27
-1.670707441157712519e+28
3.097746411750293336e+28
5.150950882770100065e+28
-4.431937967251564225e+28
-7.004150283909800221e+28
1.832116757070890293e+24
-1.727317105302542610e+25
-7.647127944672104602e+24
-1.279708325244832699e+24
-1.441433133539623270e+25
-6.401360676936490141e+25
-8.841217621459731204e+24
-1.128446872630596232e+26
-2.368534739694964072e+26
-1.420441675056055783e+25
-4.134254952226112645e+26
2.202910228012175471e+26
1.526970173679487194e+25
-8.258966017495945476e+26
-1.377637342272580977e+27
-2.566063759159929658e+26
-9.212041080518126977e+26
-1.561373577939940930e+27
-1.359130833568151191e+24
-2.087132725879967179e+25
5.377647138508218530e+26
4.029524232224749582e+26
2.292612018993078149e+27
-3.503639577669600447e+27
-7.038898068819945460e+28
-2.342322373854777091e+25
-4.561094244170569074e+26
-2.478795994200048759e+26
6.614161388008147827e+26
5.159840125077823421e+25
-5.227819529955595269e+27
-7.607988999437500262e+27
-1.274350730094301380e+26
8.196677344169457699e+28
9.189055744711773571e+26
1.786669970682486365e+26
2.124130741714665712e+26
6.768758253791263002e+26
-3.142765968086451708e+27
-7.478278486164383532e+26
-3.866810555223289235e+27
1.613441879443858366e+28
3.810427921732548787e+28
9.471092426353540920e+27
-1.910617382762297362e+29
-1.942286289662522817e+27
-2.575977047548076478e+27
-2.271333884788732708e+27
1.888111092234619980e+27
-1.876710693454727792e+27
1.163382416687147998e+28
-3.559146822327646984e+27
1.315670541967271436e+29
1.041850585174810670e+29
-1.967155342554283763e+28
6.822964694168781442e+28
2.386071352545946756e+29
1.838071209763552936e+27
-5.859086562611174738e+28
1.013914390923010706e+28
-1.732069276046999142e+28
-6.155775959481958471e+27
-5.838452847069673833e+28
2.651793218256732801e+28
-9.239281651132979074e+28
9.804670047214394113e+28
-2.413534733386507165e+28
-1.250274911459538647e+29
6.106757541134903494e+28
-4.138435455178608210e+28
1.713084762582848312e+29
-9.325519965552772897e+28
-2.627770050410974220e+28
-1.688910570883463485e+29
2.095700244773685716e+29
-6.234836058939104420e+28
1.806584308308019195e+29
-6.242734841706232612e+29
2.476261817578858485e+26
-1.877037562057066457e+26
-1.576052540937975290e+25
-4.326290656700096532e+25
6.977556062688067423e+26
8.343427291872217236e+26
4.834293033718910479e+25
-1.679599753331681228e+27
-7.429896206357640496e+25
4.227969137401356526e+25
-1.363337390726836717e+27
1.504859170232932668e+26
-1.726513031043105976e+26
-3.515625899580246118e+27
4.846490116495551258e+26
2.358956868733964041e+27
4.574668841422812504e+27
-9.737325023114341958e+26
4.010611291730287147e+27
1.969702333063537493e+27
5.031030165046755693e+26
4.158621784801050525e+27
3.935123762701650006e+28
7.686699117896282493e+27
-2.804561157316139752e+27
-1.527311883306729147e+28
-2.022004220209343519e+28
2.179077581233615791e+28
2.147637872254387597e+28
-2.002536129584570310e+27
-4.759133264726893952e+26
1.228077706986966614e+27
-3.535694595718384847e+27
4.199340324573200325e+27
-9.092857391649704355e+27
1.752333748482794914e+28
-1.123805374431235655e+27
-1.383584260008218361e+29
2.535183863662868777e+28
-2.645676741916030380e+29
-6.115853818749483626e+29
2.488511362832928476e+27
-1.338648791035602800e+27
2.422076210630729835e+27
-6.394441804051014877e+27
1.625688080285227057e+28
-1.079837678872596494e+28
-1.000868405945347698e+29
-1.241239541899993663e+29
-1.333667770423483578e+29
7.614503046854233819e+28
-5.719807786631773951e+27
-1.282260223454142439e+28
-2.019307465630044434e+28
2.240551779598754871e+28
-5.853167284743728622e+28
-1.531142716220489731e+28
-5.191923067969010247e+28
-2.100426880981606458e+27
-2.084028155381312585e+29
1.913649402821088563e+29
1.048932184156283650e+29
-4.215667417877218408e+28
7.738428589869386414e+28
1.005810770549247536e+29
7.507367378568000432e+28
-1.272875781572115135e+28
6.749921126301173422e+28
-1.157564491718927665e+30
-1.706245060207994122e+28
-9.800483658480836553e+29
1.356641524567979609e+30
-1.881466892429397882e+29
7.664254477458452583e+29
-7.867188556004495305e+28
8.683303230970449089e+28
1.826510000130659149e+29
-6.746252370922385575e+29
3.672668064528309928e+29
1.026076437160129587e+30
2.565910689472787880e+30
-1.261666909299439414e+27
4.264178706017878566e+27
1.031199342232133202e+27
4.540546644503458639e+26
-7.018754639760234946e+26
-1.301386751465292959e+27
-2.577527174351960807e+27
-4.851841376204518749e+27
1.129373300000820165e+27
1.060094278455446435e+28
-2.589464034488060889e+27
-2.466309739425630869e+26
5.290716391112020237e+27
7.330138488315431070e+27
3.248236226963650552e+27
-5.618260058152984393e+27
-1.270568327954704995e+26
3.048150675247854764e+27
4.002181028681074492e+27
-2.890459073941609541e+27
-3.014902574813695221e+28
9.304794964374119233e+27
-2.476614940049330951e+28
-6.100984107496759461e+26
8.232448491422114282e+28
4.035948826523628844e+27
-1.660422306591675230e+29
5.571115459544328609e+28
3.533875873093697935e+28
-4.776870621228503241e+27
1.239358561199092518e+29
-1.275028978663921098e+28
7.965407364407570882e+26
2.384085029461734719e+27
-9.518512611183854297e+27
2.027812760619820539e+27
-4.555017769876295015e+28
1.891111200023723670e+27
2.767199713410302983e+28
-1.156757116626759192e+29
2.833891384937106220e+28
5.970703034969098763e+27
-1.337878800722142851e+28
-1.251989479558095213e+29
-1.465093014992271052e+29
-3.342776717283507650e+29
2.771736391482332028e+29
2.015716483446603006e+29
1.007119007650758726e+29
-9.919347503334487501e+27
2.887219233842424163e+29
-3.223147604798324912e+29
5.238420326868498959e+29
6.558762686172364092e+28
-6.545130573164007647e+27
-9.853004562678069463e+27
2.776620637056146525e+28
-2.193119044375865101e+28
1.454007037615142502e+29
-1.979464655067125534e+28
-4.824083095505319666e+28
7.621867693204957369e+28
3.139216695325469930e+28
7.051648676716917358e+28
-2.034658582751593587e+29
1.536516156841775898e+28
-1.698559063329823139e+30
-5.644612373535590489e+29
2.667274298384614840e+29
-1.600005406849423480e+29
1.898220123231936615e+29
-3.759390255511448345e+28
-5.777687958197127030e+29
-4.586723623046804527e+28
-9.155698841318387217e+28
8.094944716956137784e+29
3.427970868036003782e+29
-1.749157928953423376e+30
-6.242180332131832675e+30
-6.249709854315069984e+29
-1.354770430489988219e+29
6.032082360162273458e+28
-1.187368545963589118e+29
-2.766683593281409438e+29
3.221259159168124510e+30
-3.701776448524063839e+30
-1.604648392857259822e+30
1.982896505988754846e+28
3.568041215406562540e+28
7.726968593134995935e+27
-1.872400723375373210e+29
-7.208319518237532641e+26
-3.817836343630450665e+27
1.451492676969038573e+28
2.127211507746411111e+28
-2.055448974627415499e+28
1.336292949385733524e+28
-2.721247709656291667e+27
6.226992340917317541e+28
-2.600259462740023018e+29
2.586011816089790768e+29
9.718502916503874898e+27
8.369424216119660150e+27
-2.263264123619534325e+29
-1.170270520511547113e+29
-2.559117604056199355e+29
8.409716362773094541e+28
-2.606649144432680394e+29
-6.131694476140072193e+28
1.869901600986002194e+29
1.913634627737004879e+28
8.307790759670654010e+28
1.597263713779828182e+29
1.067512840345606083e+30
-1.083792458573963923e+29
6.264008719794600120e+29
1.516699571292350732e+29
1.207713105684209541e+29
2.349912306544091917e+29
-3.769805631932883021e+29
-9.143961536092284635e+28
-3.124863300692768429e+28
-7.201948417419427164e+28
4.359096272583844113e+28
2.791568921325756633e+28
-3.214984447950928980e+29
5.337593367534293928e+28
3.142515171864163644e+29
-8.218345107697747210e+28
4.531176122161313861e+28
2.890584498830949535e+29
-3.587358299682690148e+29
-2.495362621483493048e+29
1.796139415048487684e+29
3.011875272198582884e+28
-4.297614133126230893e+29
2.522901327565665184e+30
1.158510671759267404e+30
-3.573253295160915981e+28
-5.852007530597980132e+29
-7.907464063005223881e+29
-1.039093640736460391e+29
-3.646248117031634457e+29
1.690198161791237740e+29
5.787579664952235767e+28
-9.294275734734600145e+29
9.960593838105962440e+29
3.123134427452007431e+29
1.495450899291363374e+30
-1.380010936711573345e+30
-3.078821221510269424e+29
8.788233655796966195e+29
-1.064865718230306823e+30
-5.931328644076726075e+28
-2.826939057488037925e+30
-2.910502406758924894e+30
7.409432253963922616e+29
5.934964874327102220e+30
2.333799649497908177e+30
-6.728565134150438384e+29
-7.623768047276877534e+28
9.843412454833653831e+29
-1.756994879419682569e+30
5.985610746588005237e+29
1.480063060058436306e+30
-5.960130477241740733e+29
6.751811561266668608e+29
-3.505857930507905672e+29
2.540564181881500897e+30
-5.142333891359583113e+28
1.927620951698018778e+30
-5.306484510211764444e+30
5.940427645153243095e+28
1.497873989285500518e+28
-2.629377697147880238e+29
1.206717680587609789e+29
-1.042643934088654853e+30
4.776735880913832958e+29
-1.100446184704020688e+29
8.961979404263846339e+27
1.561855277569861633e+29
1.402182760117990825e+29
5.899366933024353697e+29
3.093662337630941976e+29
-3.560897224218116674e+28
-2.821692393712654594e+28
1.193145105824488774e+29
1.544453513533140054e+28
-2.248662417415068326e+29
8.084139737950179566e+29
-7.712775665352319425e+29
-8.191565392016651008e+28
-9.116762267256396698e+28
1.405548794464668758e+29
7.824769390011145962e+29
2.385233990098052583e+30
1.611385381834199278e+30
2.043946790382390110e+29
-1.512508880943364115e+30
-7.511530317848868597e+28
5.463333709972719349e+27
-1.633412787104183166e+30
1.216370818129045841e+30
-1.594509299357566417e+30
2.483049088435911636e+30
-5.351388388900325173e+29
1.575308129238567189e+30
6.356951361045864066e+28
-3.318672578510193558e+30
-1.107878936885017358e+30
-1.861984608272004854e+30
3.248876933255339862e+30
-2.209047183711915125e+30
3.277395825031837985e+30
2.255823798582813054e+30
-3.697834962963595085e+30
-1.078082865603863240e+30
-2.783829700877740629e+30
1.249464673859912126e+30
2.092502619377506365e+30
-7.698019935056532830e+30
1.809199061981669909e+30
1.808859898413762903e+31
-6.689062047401446578e+30
-8.864232269959969971e+30
-1.525137594087911392e+31
7.590529849223458249e+30
1.026741241840239928e+31
9.026476654852594358e+29
1.192237189571604783e+29
-6.665905823287138028e+29
-9.221639504009370103e+30
9.802803117602656128e+30
8.883765388550871436e+30
-3.182977539257782969e+30
-1.109020256112621428e+30
-2.348459790658847953e+30
7.690285727640485395e+30
-3.156347757555615740e+31
-2.057959719186184002e+31
1.341213303931629444e+31
2.141491803264937418e+31
