3.594974226353130800e+16
3.941134175040599040e+18
5.549712221711394406e+19
1.228054081325438075e+20
3.747295628139361731e+20
-2.847344143974155158e+21
-1.079541122186737222e+21
7.671781874680742281e+22
-1.066889193693687044e+23
-4.627452822214273024e+18
-2.537270174709139456e+19
-4.303667242216154202e+21
-3.930597566228151560e+22
-4.708474855032059068e+22
7.137231159398416515e+21
-4.110479536931182456e+23
-2.511522504067687140e+24
2.203470042498893116e+24
1.669781581607393034e+20
-1.176277131594456891e+21
1.397985061186854191e+21
-1.238145250542450691e+22
5.222070081804473079e+23
-7.897344526362008502e+23
2.604339546637174567e+24
1.910500737568463193e+25
-4.920583417247127334e+25
1.814318859053033062e+20
-2.678379421474825542e+22
2.050043552003514171e+21
2.065501522652997364e+23
-4.713491486760838470e+23
2.499876543137006251e+24
4.252623017208998628e+24
1.835657270789894585e+24
2.434369457377434835e+25
1.585448590298643459e+25
-2.050154021342674944e+18
-5.070286385699769811e+21
3.270248180336750599e+23
1.274480864567472224e+23
1.573621121627708455e+24
3.173405033953789362e+23
-5.293948934237403300e+24
-6.038154937808734315e+24
9.638161069332492022e+24
1.765242956779634212e+25
-4.869681895470877114e+25
5.012104632610258796e+26
-3.000360663793268687e+21
1.215267651647638497e+23
1.532762639632463183e+24
3.199785758971055082e+24
3.554844471750946307e+24
-4.291749423119301450e+24
-2.559856408487721116e+24
-3.105909437777544378e+24
2.437364167592060020e+25
-1.010707095549338093e+24
6.854265069204212277e+25
-2.566286548870160388e+25
-6.088353655149358905e+26
5.376810178545729326e+26
-8.990837051701608841e+21
7.558778434962604341e+23
4.946721556988931269e+24
4.666500351079456698e+24
7.713300788990001524e+23
1.288914879188733788e+23
-8.032332322285629496e+24
4.790310358431388555e+24
1.361049011332521158e+25
-5.853546231224776534e+23
-9.645911549115184958e+25
1.247447127225040434e+26
2.966079658293411295e+26
-6.082549419232496766e+26
-1.315200341645245899e+26
4.576238616746837357e+22
-5.126053335979802313e+24
-1.881558955836752741e+25
-1.658980355201471358e+26
1.321249877654900746e+26
-4.855207314344242030e+25
9.983633066891922604e+25
-6.694706860682052531e+25
2.578349160128911346e+25
6.436215705550120501e+25
-9.771383282515992017e+26
1.158107849730074448e+26
1.146526250058318081e+26
-1.898796428833244101e+26
3.539086398553636618e+23
-8.729418730313127058e+24
-7.864222087276113059e+24
2.017975011399769695e+26
3.337781311069054483e+26
3.854583330180380373e+26
5.050204572547562351e+26
-1.688835234951293295e+26
5.208555708755102702e+26
-1.511193924008504111e+26
1.505727838708716605e+26
-7.267269755746687955e+26
8.783789916682239403e+26
-7.770278252825464013e+19
2.177763557077048885e+21
3.462596425968439525e+21
3.833031966001342919e+22
2.548505101389852049e+22
-5.305281814710113156e+23
-3.046069165162025399e+23
1.894711434842344773e+24
-7.348234485989885440e+23
-4.893372489492679245e+23
2.519453357065990744e+24
9.186237715518455850e+23
2.575053093762290942e+25
3.413120349758997416e+25
-2.851130077597723613e+24
4.689401944193141669e+25
-4.327380196349005372e+22
3.278494300521537470e+23
3.733537789649757489e+24
1.295155487919923890e+25
2.589885591673698076e+25
-6.082256736966950886e+23
7.904392484488303627e+26
8.911314035374180531e+26
-3.260147731690453058e+23
1.303783312382783693e+25
3.749900692697660508e+24
8.688157078022177500e+25
4.879663160864940187e+25
-4.138052905834682946e+25
4.246762876322741822e+26
-5.728424702930326681e+26
2.067596100415720387e+26
-3.307017237268343009e+23
-2.196177529227306708e+25
-4.329602363242168727e+25
-1.217311553280582558e+25
1.728368160923891586e+25
2.712272657039818613e+26
-3.387989578701008490e+25
2.140779272662924577e+26
3.694558283226564754e+26
-4.820897789768750633e+26
6.645541976294862382e+27
-2.995588113784209717e+25
-7.068257270708820923e+25
-1.064796000601523719e+26
4.395643166879315081e+25
7.965433641074200276e+25
1.664466718888551127e+26
-1.123857471890661282e+26
4.666157750385478785e+26
6.415828823361231142e+26
1.786383601572671143e+27
2.432603141500573009e+27
-2.174544647489196353e+28
2.015319478680395485e+27
4.328991893832993782e+23
5.204018052960571203e+26
2.950365274255267478e+26
1.518394677911312195e+26
-1.170150174750300112e+25
8.488867539583054504e+25
-3.562718157496713010e+26
1.167930434135177647e+27
4.429676216270526454e+26
5.082248276511162207e+27
-4.915338485410116849e+27
2.785644888967757608e+25
-2.291061268008959022e+27
-1.120397483292395947e+27
2.487000632243103067e+25
-5.769611402541877674e+26
7.645755269264269031e+27
1.316399018241162492e+28
-5.863167255436385951e+27
4.555536147287772348e+27
1.322335343183030237e+28
-3.342787615835176876e+27
3.084902021801321486e+26
-6.735733810191099876e+27
-6.194184934629110668e+27
-1.292217608975769855e+28
4.054609312986632088e+28
7.126143471292750812e+26
-1.822705210354145784e+26
-4.494551803948483911e+27
-2.332643414157170374e+28
1.714409771878818540e+28
-9.252822603528449947e+27
-4.147601547161669658e+27
-1.624024647204312509e+28
-9.877522721460282338e+27
-1.171005635155932017e+28
1.861759474941492957e+28
-4.754104490804864121e+26
-3.879975516924724170e+23
-1.250564861394093294e+24
-7.354520247497287438e+23
3.065088632642133882e+23
1.899678355409481555e+25
-3.234886349433002095e+23
1.742574294149794988e+24
4.287157878009818790e+25
6.975276065021950860e+25
2.628675657976832641e+25
1.639588974271732462e+26
2.558585075920896400e+25
-8.279596337350225483e+24
2.185178067888698085e+26
5.726472097846997117e+26
3.504364042172190815e+26
4.045888138354846292e+26
3.114933276419159271e+27
-1.668394423442613082e+26
5.599693577326449657e+27
4.682255178829252745e+27
9.907477706166663075e+24
-1.588408277272830575e+26
4.516559534068996294e+26
1.455264956530623862e+26
1.469782923000996435e+27
3.628486727462678914e+27
-2.114719365634178101e+28
-9.806217409791245894e+27
-1.529489006753116044e+26
7.389092099091717456e+25
1.260281012148439079e+26
-4.849853941002685473e+26
-5.096681453407401832e+26
-2.667356805409804256e+27
4.434885464852508022e+27
1.767019397204679877e+27
-3.220247987614540920e+28
-1.000347273885187182e+29
4.604356303663706552e+26
1.834090766886873215e+27
-6.333309826611864719e+26
1.004474805089150744e+27
-1.383117970026686901e+27
-1.691946117511999741e+27
6.050165037389531309e+27
6.464167793501148917e+27
-2.143538516177111132e+28
-3.882124018959843860e+28
1.388706398008806267e+29
1.410312715125925773e+29
1.417915079791284453e+27
3.637452844776096153e+26
-2.537705246456315478e+27
-2.134806719148985569e+26
-2.596335073300097552e+27
1.025386474413174277e+27
3.132734362821907578e+28
-7.484438261785274901e+27
-2.955359704923594306e+28
6.189011211345082119e+28
5.540691935054163604e+28
2.570129283744547404e+29
2.202412941520805942e+29
1.025417127740642159e+27
1.447270923185730838e+28
7.636410876000474903e+28
-1.423661491646268791e+28
2.254989832151831177e+28
-2.106394580710651714e+28
2.764142095829789470e+28
5.116183711783456712e+28
1.081868744235515780e+29
1.464287361705627782e+29
-4.506462811526227946e+28
-4.776275344727541578e+29
9.073765731643085452e+27
5.001915925645321530e+28
1.018971571152796523e+29
-1.291775155420794942e+29
-1.727351420106736950e+29
-2.461097155440455625e+28
2.077854682382884869e+28
1.232065857097526672e+29
-3.207572722424425943e+28
-6.122451095213861464e+28
7.590846146438253898e+29
1.291618092116768624e+24
5.422734036674051138e+24
2.614973027640516188e+25
3.452475703372431235e+26
5.743742974751184244e+26
9.748575875132037110e+25
1.335269263393309953e+27
-4.116357933612812148e+25
-3.464919844828793635e+25
2.490287748330535659e+26
5.030780880200776892e+26
-2.178431965011488198e+25
-2.030514437116273868e+27
-7.705707150068792815e+25
3.231906255910210649e+26
9.609238669651100680e+26
-1.778461496822067399e+27
-7.433944917108839818e+26
1.999218239977420117e+26
-3.491063164644582217e+26
7.106112792737332024e+26
-5.653088785874204940e+26
-4.030338899580168919e+27
2.235701511936362200e+27
-3.018237546490671056e+25
6.802428733965716360e+27
3.548572130440609787e+27
1.411708345119488229e+27
-1.318530336706826036e+28
6.350442954600969486e+27
-8.445932345785665434e+27
-2.901043505956439382e+28
8.133701642802528348e+27
5.623470102695609617e+28
1.246165706334503797e+26
-1.137978817528090290e+27
-8.843928579251783889e+25
-6.763261996225419814e+26
3.324053832408398967e+27
7.681224922199199659e+26
-1.408867263082290305e+27
8.879908277803229490e+27
-5.264413276678925172e+27
-1.942709955630598960e+27
-7.902056456238824669e+27
-9.994137265710465194e+27
-1.514247276543174231e+29
2.396779287833693941e+29
1.413633159230497829e+27
-2.352471227987067798e+26
4.218700379041676077e+27
1.275350194943694368e+28
-1.956040774897800477e+27
9.014453669167094146e+27
-1.488483020752714910e+28
2.027734626948880979e+28
6.137594160321887308e+28
-5.892286332495098361e+29
-1.213753323690749752e+29
-3.339124384112773928e+26
-1.087254261842528843e+28
-2.669189913717709657e+28
-2.379953896969183032e+27
1.613772587868477749e+28
-2.179919164682872013e+29
1.551484895768718408e+28
1.321511299394521838e+29
2.668277391998203118e+29
9.140636806034668365e+28
-4.590928257836593851e+29
4.657037044695696279e+29
2.257424489569640348e+28
-1.812535353328913835e+28
9.731806257193667957e+28
-2.583996174526370011e+29
-2.308699732015011954e+29
-1.018626845890879343e+29
4.745208387982038438e+28
5.564928795841128525e+29
-2.770203730734915796e+29
3.074083112620189347e+29
6.804696763987844763e+29
-1.061781043698282316e+29
3.644166495379103932e+29
-6.081248973153601416e+28
3.399560655551752019e+29
-1.257935190523360960e+29
2.006111252521038673e+29
-2.020665219995421515e+29
7.332304828848313728e+29
-4.887589654286557015e+29
2.764886427225530513e+30
4.229822399060568662e+25
-8.701133498950056793e+26
-9.947901304387034767e+26
-7.542573248320896099e+26
-1.549396485958015169e+27
-3.106553790621485823e+27
3.408749894996659744e+27
-3.906308468833226196e+27
-7.150467568490289315e+27
1.049732830770964557e+26
4.491268109454328810e+27
-3.968549602875305206e+27
-4.385428315721695029e+27
5.268701996819919294e+27
-7.907628922820130109e+27
2.107119280786978447e+26
1.726127386930726714e+28
4.517144066897279862e+25
-5.269782382301615399e+27
1.011596445098631028e+28
-1.705482506617488705e+28
-7.114687314352360664e+27
-3.980974889624895234e+26
4.935564384145221883e+28
-3.052706711111727831e+27
1.614407759693364783e+28
2.553047766021960021e+28
-7.579255662616351270e+28
-1.083379645723239898e+29
1.269669591302746249e+29
4.204374881006256607e+28
-2.852219945799093131e+26
-1.403708465662981459e+28
-2.344043857897304133e+28
-3.679171088617317116e+29
1.945621411752841725e+29
-4.783523125923751698e+28
-8.363913794965495735e+27
-5.559395117228807832e+27
5.084838616046103438e+26
8.956553785640638565e+27
2.257723641139357055e+28
9.140683547895453403e+27
-7.473533402843512549e+27
-2.647758560005217053e+28
6.416450008658246159e+28
2.874527329302394096e+28
-6.628797425134793926e+27
-1.619279780898883777e+29
-5.221947644370287770e+27
-1.043053039204458710e+28
-8.302655483567136393e+27
5.534690726237490030e+28
4.501479216668992556e+28
4.067222166341738299e+28
-2.347925586342003518e+29
-4.648542676276251664e+28
-1.521576321633274183e+29
8.643786593767570086e+29
1.742322216059446530e+29
9.928486178741651704e+28
-3.328670343417247174e+29
5.182730550417859167e+29
-2.557563927169419561e+28
5.520656415342080772e+28
-9.676714705574010765e+27
3.532208892252343541e+28
5.342342366311527447e+28
-1.700421711962142859e+28
3.591965397704430292e+28
-2.314857653549677089e+28
1.284986594966046290e+28
2.983830384100019555e+28
-4.400448873267496702e+26
-2.255657388553870232e+29
2.400682448882609537e+29
-1.971782087102555231e+29
-3.660187690157021529e+29
2.073984058521721191e+29
-6.825129852992821790e+28
-3.699441059992697220e+29
3.290549882845107722e+28
-4.533268133893885600e+28
2.669835352596049909e+29
7.686193094775780376e+29
-3.513022790679946891e+28
1.466573338716731384e+29
-2.131859629711994873e+28
5.101268857282594823e+29
2.784353666009482541e+29
6.273121203713487982e+29
-5.275037770925227755e+29
-4.076589737580109637e+29
-3.660354484795392181e+29
9.282561917306242968e+28
1.191152626095235732e+29
-1.942895315559212226e+30
-5.502117173986753539e+29
-3.008357482683086920e+30
-7.426344256329993087e+29
1.947695291655519426e+26
-1.311695279660013026e+26
1.004772891397773036e+28
-1.080729308429333883e+25
7.294811050411011189e+27
3.432587603355397793e+27
5.616319439875118208e+27
-1.422118425194063898e+27
-1.522256464576209327e+28
9.969638395784703931e+27
4.689114388713716187e+28
-3.863765103298965067e+27
7.315560482849165854e+27
-2.210668936409006691e+28
8.538598738626069161e+27
-3.549575380770623924e+28
-1.494340530383649159e+28
1.867752002608963123e+28
1.941549643595377138e+29
-6.432062255155021794e+28
-1.523955771623381576e+29
-1.554760342191837606e+28
3.774548535283136357e+28
-1.116624573826902479e+29
3.561388640298264161e+29
-1.237801259664818975e+29
2.603479284597540304e+29
5.865625898933122107e+27
-4.534739789048154075e+28
-4.785267950014553934e+28
1.699882168835736703e+28
1.489198660183804176e+29
-1.389745714847378988e+29
-4.282636100079778459e+29
-5.034441834773293158e+29
-7.813498037574927410e+29
-4.107312405505194669e+29
2.093282626653688165e+28
2.462640003666981234e+27
9.319265796956778871e+27
-1.696473842819024695e+28
5.693834168818624034e+28
-1.305745006890917304e+29
-2.352714813417719390e+29
8.447210142897427556e+28
-7.012641508884845449e+27
5.605569258180965730e+28
1.464633847649266712e+29
2.064556367954352979e+29
3.724043098499600307e+28
3.236704420420884844e+28
-4.236812259105793565e+29
3.306777667297343742e+29
3.373803343597441682e+29
1.710154535445871837e+29
4.107760681332243644e+29
-5.037535411448976953e+29
-9.426859436633517040e+29
-1.321996806269567420e+30
-9.944460456347659031e+27
6.446410781832500147e+29
5.963659682117681728e+29
-3.570489743347289424e+29
8.094225143348004204e+29
-1.512078439256871576e+28
2.156870041069215465e+29
-8.494705958214283089e+27
-1.011608739611713445e+30
4.080127115702205612e+29
-1.364257262759207651e+29
-1.419780454242237608e+29
4.029118519521007085e+29
-2.613026561707363069e+29
-8.028905180645131330e+29
-1.954857909063527530e+29
-7.792446997069573112e+28
8.056242153286682809e+29
-6.276083931327262022e+29
-8.876610973818780019e+29
4.854658256439614229e+29
7.317726713124896795e+28
-4.024602603131122315e+30
4.732685219396015758e+28
-3.700000994954202939e+30
-8.088220363358629229e+29
5.008774466801955264e+30
-4.879969978669876784e+29
-7.767604957761829804e+29
-6.547969111706418983e+29
-2.156961744787278666e+29
2.108049684610180122e+29
-1.387121087857556665e+30
3.851145449786456022e+29
-7.926400565917653717e+29
-1.708357608338627605e+30
1.306438628595972282e+30
-3.701346225279695592e+29
1.554074274574920613e+30
-8.820870253565925040e+29
3.447109374782692449e+30
5.368952515042115511e+30
-5.783259366446671060e+27
4.574817536982257077e+27
2.300093271140916918e+28
1.541130953624641698e+28
5.833211587466044232e+28
9.944225047951032379e+28
6.952032348123070909e+28
-2.703680515788669541e+28
2.216828546920393478e+29
5.809343620645798432e+28
-1.687197838965536125e+29
5.449327814651718190e+28
-5.019034620395226266e+28
2.052735661577929570e+28
-6.397991531735810827e+28
6.821762610397915013e+29
7.269234649798949484e+28
1.084063417407906957e+29
-5.935630646687699287e+29
7.031607623257559221e+29
6.167109901178241050e+29
3.801636589121132625e+29
1.968308981871892585e+29
-2.898043697052465039e+29
-5.929242695288535355e+29
-2.935689095016842545e+29
-1.206454206460683513e+30
1.366623022293705370e+30
7.612088128927727898e+28
-8.079473892920691663e+28
4.347456381403067328e+29
2.145698136942577349e+29
2.635772672326906139e+30
-4.169826564855304661e+29
2.641459632737207625e+29
-2.636587129461771828e+30
-1.291023948173184062e+30
-3.392584031141288986e+30
-1.191168099483877639e+30
2.820789831328353705e+29
-4.120614564582990358e+29
7.574058624780445657e+28
1.561306376301350450e+29
8.542051933294428431e+29
-1.372878503926748324e+30
1.554297670009469947e+30
-1.104050344800148478e+30
5.013999152631547647e+29
-2.457259061423776757e+30
-1.444276949624957916e+29
-4.684195187619392896e+30
9.429765877859273874e+30
-3.724085868238143395e+30
2.591078345203809407e+30
4.463613039290582429e+29
3.684263577943148162e+30
3.724500880754868866e+30
-1.617962201472008337e+30
-8.520722189964252438e+29
1.249851704081009972e+29
-2.641017498403609191e+29
-2.527570642433378317e+30
3.559207425185336072e+30
-2.107415567513273688e+31
-5.996044877498662447e+30
4.431044972772932922e+30
-7.415957325319326583e+30
9.689960607185758562e+30
2.154189627543680597e+31
1.634581061583483971e+29
-5.496720608560104613e+29
4.914602057082998763e+29
-4.425613334566268532e+29
2.343029154459433188e+30
-5.931048330580799002e+29
-2.660199649008647105e+30
5.778683327084575327e+29
3.533909875605059626e+30
1.529710426100365126e+30
1.676471989480309202e+30
-3.705482597762029315e+30
-2.236282188677518873e+30
3.121769361725614615e+29
-3.114831894321759687e+30
-1.852189631696134585e+31
-5.418855786421794756e+30
1.469046104350346251e+31
1.329964831301958558e+31
1.062989091919650341e+31
9.238767707500194972e+30
-8.273765843871295150e+29
1.946491652331665221e+31
1.183998418396395682e+31
-3.674595858591599849e+30
1.142424480484171497e+31
4.229953924386103921e+31
-7.902515476529719099e+30
3.507814032852926238e+31
-7.950213983621557222e+30
1.849035394559966971e+30
1.363988540005123910e+30
9.813950964489949289e+30
-1.298308769068506349e+31
1.743758013371553239e+30
-1.965470566580338925e+31
-1.710294175974832251e+31
-2.869554921642481603e+30
7.034723054035129497e+30
2.166102164251559936e+18
8.443074030231613440e+17
-5.942107966303470879e+20
-6.502189496901650350e+20
-2.968072116394428203e+21
-1.481888882261240893e+22
3.944125729010116828e+22
1.487771063490200784e+22
1.443044379046674432e+20
6.022013262693611340e+21
-2.164438880339928023e+22
-1.331299547313339158e+22
1.674693822889197862e+23
-4.020990243663214595e+22
-8.467641582263911202e+23
1.970159248006694199e+24
1.523496822812004581e+21
6.839163963730873549e+21
2.992007073329179945e+22
-1.985090441409965337e+23
6.026163411154829249e+23
8.804733226775939142e+23
5.941884871070435923e+24
1.842001102855097868e+25
6.498927378790864650e+22
3.684129471042039390e+23
1.819751344453620555e+23
3.609174702880510643e+23
1.519498234422884538e+24
6.908433680489081534e+23
2.411251938706805399e+24
5.892769734437808045e+24
3.755915822662703980e+24
2.272164660814184605e+23
1.351751880518007028e+24
-2.673289489164821321e+23
5.578888738091034896e+23
9.001156176713160243e+23
-4.147422564968266855e+24
-3.627881013888433814e+23
1.310290084752091066e+25
7.593034727656265590e+24
9.432382789405853961e+25
3.205126067624223361e+26
-6.721703308005986429e+22
3.876698604209435063e+24
3.995023207645059236e+24
2.539436908222677894e+24
-1.898701587506288090e+24
-1.048020021214516371e+25
-3.335260484479718869e+23
2.469484728588719471e+25
6.437026118735626953e+23
-5.930623675375994637e+25
6.584709502692217540e+25
-2.929990379126734526e+25
4.900783420898471355e+26
5.092099508445411394e+23
-3.402823958402338652e+24
-2.922725790755614251e+24
1.551401048199660611e+24
3.376140844028603396e+25
-1.456401573203769161e+25
3.940936432079718165e+24
2.975304205316400915e+25
-2.483812047986927725e+23
-1.116574353327849127e+26
1.819157029655814454e+26
1.114687714641195909e+26
1.304329643386811675e+25
-8.460765160933311961e+26
8.218841746630414524e+24
-4.856105425100919159e+25
-1.391701050314020525e+25
-5.516015267622665733e+25
4.534818388794412181e+25
7.433285618787448398e+25
3.455458593576984846e+26
5.644440068567318551e+25
-4.981402224520504271e+24
-1.007496142243710178e+27
-5.331939731595498563e+25
1.337788148113284625e+27
-8.633386978072716573e+26
-1.966162338624029661e+25
-1.040716851797118210e+26
8.631111241778040768e+25
-7.767060732505582442e+26
-2.303897304307662993e+26
-5.356594206349133753e+26
7.482952662933466705e+25
-1.446204406457532746e+26
-4.988769388868137305e+26
-9.177307802556068330e+26
-4.923637357566399832e+26
2.737194480468126272e+26
-8.700211041370335347e+21
1.123341626230832103e+22
3.650007712952560176e+22
-2.717943698470368130e+22
-1.699969641996164205e+23
-1.647974699800989123e+24
5.807661753218753280e+23
2.088046075945207896e+24
-3.601157964536539454e+24
1.160546385731966412e+25
1.275832531862608419e+24
-9.290953024940144126e+25
3.477004078893071791e+25
1.042288783150975794e+26
-5.939033045670389287e+23
-1.111026477786364650e+24
-1.411445610455140488e+25
1.053190310317085035e+25
1.894078541636913604e+25
1.383421478425673339e+26
1.534248676867758764e+27
3.077593230835796842e+24
-1.076534813099711842e+25
-1.980949969009322707e+25
-2.284404617467049646e+25
5.599305178345448288e+25
-2.568351850873517574e+26
4.476802887020867462e+27
-1.714668263785735878e+27
-5.445065550825940935e+25
-7.557915632875018559e+24
2.545429680276980722e+25
1.050763889820553411e+25
5.536756726393946711e+24
9.540161324452315562e+25
-4.619744070052376651e+26
-6.032828810232860563e+26
4.937488518588462562e+27
9.789103918730201219e+26
-5.071410372591878216e+25
-5.142020398340669575e+25
-1.980445169485781182e+26
5.706282351609439468e+25
1.050622242098339644e+27
-2.992962488112401204e+25
2.474629834122675634e+25
2.086715921921625044e+26
-8.882296752155389438e+26
3.050981859035689937e+27
-6.262651842375489054e+27
-2.264304197793109073e+27
-1.147727800872798899e+26
9.607073655503946678e+26
5.993366137614378824e+26
6.979024714859000839e+26
1.750950577766507287e+25
-8.984794500417383266e+26
-2.469183882702198726e+27
-4.352275229891516515e+26
-3.497131009166113538e+27
-6.048348635408542690e+26
-1.393143146251803311e+28
-1.895423084940115748e+28
3.230614302501749463e+28
-1.977922081318816195e+27
1.868117743437726246e+27
-6.022832913705057275e+26
4.677482102608161870e+27
4.967580871483693746e+27
-1.112624409776160725e+28
9.991598669371677017e+26
-2.691422861191379575e+27
-2.721039053565334933e+28
-1.049037049824248774e+28
9.336185542490445538e+28
-9.836594312713919254e+27
2.830926919347486825e+27
-1.274887097610622761e+28
-1.329259212454954170e+28
-2.012406591668242517e+28
-1.289102128045990851e+28
-5.113765696044455669e+27
1.196504805909049325e+28
-3.168826176684988478e+27
-5.432202404926173360e+28
-5.198465882516810536e+28
3.784935404014970888e+28
-5.281099927082763331e+24
-3.808385376707588129e+24
3.436901994414231993e+24
3.941840480012777906e+24
-2.074473094654251105e+25
4.848287326346062898e+23
3.226521758224573731e+24
-1.775397589829142192e+25
-2.135657376672472548e+26
-1.156921772709968721e+26
-1.058597241614603755e+27
1.719480427734590119e+26
-2.901402754502034071e+26
3.078552128377280263e+27
1.553218729310758661e+27
-8.976952119437137014e+26
-6.539878370569019219e+27
-3.792178134241667711e+26
4.448927491826540340e+25
1.020845965466117737e+26
-2.017400465931345240e+26
-1.922554472248089873e+26
-4.507756148845640562e+26
-5.034392463504930200e+27
-2.618196439291971685e+28
-1.138468622202539657e+26
5.876244695094001273e+25
1.707694854734952560e+26
-5.758370546118129940e+26
-5.264463004840320819e+26
-1.704578973188916389e+27
5.255012460444027346e+24
-2.060741135218847840e+28
5.513602361710031164e+28
3.666105710456144123e+26
-4.193932771791108333e+26
-4.883085175478395206e+26
2.953540989218580689e+27
2.133476936904309743e+26
7.209953660438437477e+27
1.484366777057601848e+27
-1.459714387587398962e+28
-4.712848734251918783e+28
1.461312995694517324e+28
-1.845348630527170421e+29
-2.739801422099801893e+27
5.670451987967376334e+27
-2.038365109096725290e+27
-9.134407298331863687e+26
1.638337291690118208e+27
1.296683173914057317e+28
6.741263852984052525e+27
-1.012762121269395013e+28
-5.856061476108584741e+28
-1.128065969800830976e+29
-1.117454674165596978e+29
-1.973591086009644161e+29
6.477973063813276351e+27
-8.292572838891038121e+28
-8.731807344989712628e+27
2.478263141196225658e+28
1.151274524451546211e+29
-2.118976222328043055e+28
6.521675290343267002e+28
-9.252038449877471275e+28
-5.007149345819842527e+28
9.209904694283546126e+29
-7.057594021927339067e+29
8.296495411018209353e+27
-1.197233634608394268e+29
2.058543212563636192e+29
-5.631029277997431744e+28
-3.263224382234736878e+27
1.242323291151727389e+28
-6.070861993797129134e+29
-5.763384608373340539e+29
-2.181828048618124770e+29
-1.632714668346669926e+29
-1.000661112192369326e+26
4.517728950083288856e+26
9.730049472657379820e+23
-1.772174360182617924e+26
2.614546543706772402e+24
1.075825593986607674e+26
1.678608173355013140e+26
9.035869113589746586e+26
3.608147325256201124e+25
6.568123895768614897e+26
-4.213738495384992661e+26
-9.038155983873011341e+26
2.110469484789548587e+27
-5.189820390949080989e+26
2.852814279514579985e+24
1.072974911292485384e+26
-8.510314319066133981e+25
-6.862415712659004393e+27
-2.556085917737643878e+27
2.870163381986064672e+26
5.416628171306257157e+27
5.998379951373980302e+27
1.562881642277196122e+28
-5.285072380930265934e+27
1.442251365451301506e+27
-3.846295629192933029e+28
1.851466089152233091e+26
2.272050700710156920e+28
-4.624742133297116386e+28
-2.134087181263498923e+27
4.163770575776099707e+26
6.800501777157344476e+26
2.911737274817421986e+27
-1.473844702912293340e+27
-6.601694068247932801e+27
-3.244155294771291102e+27
-1.071273532371203514e+27
-1.299847938290090184e+28
-4.056188320035589420e+28
1.861811390800217408e+29
-2.745248224821658072e+29
1.940442149895051415e+27
-2.076744263305346862e+27
1.108742982682508713e+28
-1.371310369581594178e+27
-1.119992879168058701e+28
1.197340047377689633e+28
-4.358461930699758195e+28
1.453335467783243718e+28
-5.301204827174199769e+29
-5.898453464317910696e+28
-2.581030007677394950e+27
-1.549404445542214932e+28
-7.999446367494496282e+27
-1.405683723296793740e+28
5.612382672500213006e+28
-2.012698141051281147e+28
-1.595414237176280596e+29
1.314046490670200883e+29
-1.403178243142276948e+29
3.799760199816138527e+29
-2.849648157705433922e+27
-2.681502011467105156e+28
4.097903540386744306e+28
-3.268402996329897068e+28
-6.363436161203307485e+29
5.402399934293825136e+28
4.277372586473723923e+29
5.513765360270147474e+29
6.566963986918055608e+28
-2.096204509121237533e+29
5.985160357749957150e+29
2.424295607955323697e+29
-6.756433388208141662e+29
-1.336704657048470022e+29
2.271315067888367661e+28
-2.597802227976809225e+29
-2.635871760259535811e+29
7.041748325918251474e+29
-1.135862140668569746e+30
1.194345299170616129e+30
-7.993770016535433808e+27
1.276414506108393407e+27
-2.343266631132406732e+27
-8.608368983039249553e+25
-1.050334889982532597e+27
-1.465587430792027536e+26
-1.848751119306750150e+26
-9.828362656869386719e+26
1.881153778225131050e+27
5.338810482471529536e+26
3.831893536649876843e+27
4.908687385228368592e+26
5.206740754473016488e+26
-6.990447760835984827e+27
8.389979036993927782e+27
3.367997168736261700e+27
5.755608337546365528e+27
-7.554182693277807324e+28
-3.074814813369472621e+27
7.534852070602065955e+28
-1.491917176366719574e+28
-1.664968163525651032e+27
2.979835032972944565e+28
1.268352590257172337e+27
-1.191617065175349583e+29
1.885927487690827778e+28
1.336020194906049557e+28
-1.071424487025397633e+29
-1.326465112408600408e+29
-1.233231416583969008e+29
-7.553772458371777984e+28
-1.232702661797459009e+28
-1.570693749698635185e+28
-2.578072923114459287e+27
5.825948667550340969e+27
-2.906364608057213656e+27
-4.051059301698433834e+28
1.722461559845880093e+27
-7.419059683026809930e+27
-6.561193901926937295e+28
2.239678482598031604e+28
1.247485080882693955e+28
-2.367436292539957732e+27
1.061701829413349244e+29
1.391389388036517842e+29
1.836706555489748278e+29
-1.046983902822470757e+29
5.105753302552521300e+28
7.902810531549961588e+28
1.374277148805414123e+29
4.397484238963029314e+29
-2.127032761720018153e+29
3.762051370112909612e+29
4.517091539327910912e+29
1.791573809875232480e+28
9.348159543374680439e+27
-1.806707342817470112e+28
-5.065077155420900951e+28
-2.162482633750335999e+29
-2.441452798638529055e+28
4.060187741623699513e+28
2.225891519919756750e+29
8.719637706572044549e+28
1.178017715191643808e+28
1.945015074600937170e+29
1.452934901481512103e+29
-2.158669681775713707e+29
-8.719366191665486717e+29
7.390835725935879692e+29
8.324167473623123817e+29
-5.229398904797470303e+28
-1.411131176855948967e+29
6.491732119678336566e+27
2.300482914787825459e+27
-3.253216625426545158e+29
-4.229576958015921123e+29
-1.214632153805927133e+28
-1.632123181980548525e+30
1.670381171387800568e+30
-1.128746019762466279e+30
-1.550334588008675005e+29
-2.145263083811088620e+29
3.207937429672138106e+29
-6.627696149575402984e+29
3.372204559893941196e+30
-2.990252182363556726e+30
-2.493257513064409984e+30
2.298298863395430722e+28
7.491403837194874907e+27
5.313912494465197526e+27
-3.762886677463399351e+28
3.088723068763406375e+27
5.721922169118472720e+27
1.073816024246134088e+28
3.457368147909569107e+28
8.167390418847238908e+27
-1.770154748090700706e+27
-1.078745145627363216e+27
5.012042179004135913e+28
-1.787867798557974548e+28
5.666518554410344606e+28
-1.888818062143892506e+27
-3.740845524282804217e+28
2.794847234495094229e+29
1.605136903415687434e+29
-1.818842860690156382e+29
3.825588672655728742e+28
-3.874534387826747726e+27
3.320028361976644269e+29
1.066396627342849944e+28
-6.167514278269814852e+27
-7.310040306827781976e+28
8.819430953250811710e+29
-2.970416647410567788e+29
7.910420332869920955e+29
9.284586246555781431e+28
1.728285418936498495e+29
-5.071451545898867522e+28
5.287453865907094714e+28
1.670414037833826743e+29
-6.295754416702680308e+25
-9.711280931073023087e+27
1.147431192053277978e+28
1.185945962678107431e+28
-6.200174430223144866e+28
-6.235259459238955910e+28
1.028246279311140148e+29
2.190009279936010871e+29
-1.470437715742068306e+29
-2.698000515060967877e+29
3.196497814615984944e+29
-3.567588408708146720e+29
-2.011457978631097631e+28
-1.573794630911952690e+30
1.032470522959763094e+30
-9.144055993540391824e+29
1.141881785400434983e+30
4.116022011922928751e+29
-6.863040047946472894e+29
-4.910016639841144726e+29
-8.177854259893898510e+28
-2.892652485498206604e+29
-1.806451186264253152e+29
1.240264462781942667e+29
-4.951003483730754360e+28
-5.174671170678409626e+28
4.079397438033842186e+29
-2.565748980307722762e+29
6.568536079384858541e+29
1.847042102372757642e+29
-3.353542368084462679e+29
5.299782575767947693e+29
-2.006852592291411187e+29
-1.710333500864978147e+28
-5.482326423265378495e+29
-2.321227746217903640e+30
-1.924350311954082847e+29
-5.389223536862493412e+30
5.788646928160998499e+30
3.251446983595583091e+30
6.080453648769656411e+27
5.302010430152167254e+29
-5.679854555388250499e+29
1.507844721285830538e+30
9.804051681057630538e+29
-9.993666734025469359e+28
3.351062875448271082e+30
-1.270305987255712892e+30
-1.098330907957982672e+30
4.971937571534606328e+30
-4.611253273814975153e+30
-3.083100170889299976e+30
-2.639646100805254885e+29
8.340298711568310735e+28
3.231953705732596629e+29
-4.388915196880539836e+28
7.866358217450803514e+29
-1.468918027583398111e+30
7.402202930064931530e+29
-6.085346267187344539e+28
-1.154090058340912714e+29
5.647654224205442723e+29
1.163722197831732023e+30
2.035017161344202720e+29
7.783823363867100885e+27
-1.943837095545295826e+29
-6.325090628295683106e+28
4.391358217304088758e+28
-2.086419849799817719e+30
1.060006152734930048e+30
1.282889247049342352e+29
-6.312749130164249322e+29
-2.703285224391275387e+28
-4.708398576193550648e+29
-9.608388376435115066e+29
-2.281440300610126150e+30
3.505927234708251654e+30
-8.308360689806877690e+29
1.840951288626653938e+29
-1.040262819510511092e+29
1.165194377764515933e+30
1.169498794364731558e+30
-4.393290657574764246e+28
-1.096166092381367110e+30
-3.418877366516167642e+29
-4.035050900690514499e+29
6.759228184779780206e+29
-7.230691778927754197e+29
-2.106281980201619647e+30
-3.182049893604305847e+30
-9.394050330225053948e+30
4.030670843065769356e+30
-1.686402772625409475e+31
-7.416191989467173555e+30
5.882042380450431448e+30
-1.558776238094776230e+30
1.087727350640482361e+30
1.679560626719046329e+30
7.829535815687148460e+29
8.079331102184933222e+30
1.028886539910757472e+31
3.599942090899777967e+29
1.969088235854339128e+31
4.842618288305264199e+30
-2.649883248434062971e+31
3.969724773456910599e+30
-7.289490821977032910e+30
2.487236923236116336e+30
4.491512829016540805e+30
9.318776688117384815e+28
2.999798440320651717e+29
-3.669531557997140849e+30
-1.520256722784774518e+31
-2.059924557247849366e+30
-5.032984167771290208e+30
-7.592886846349869859e+30
5.550721102503662722e+30
-2.139607192432916474e+30
-2.670303582232819242e+31
-2.462024703499270210e+31
-1.171693961314199747e+31
1.298999704760505254e+31
