-2.567072675570280000e+16
1.241501172311975117e+19
-5.119153586437171610e+19
7.503171719089654333e+20
-1.819173124738282947e+20
1.058628453677389159e+22
7.416849897521191846e+21
-5.010865736515313887e+22
-3.341775609524445134e+23
1.282348371613610189e+19
3.861134048594863718e+20
-5.850603846708031914e+21
-1.280378539297494406e+23
3.887460434007554418e+22
-1.783517225615581627e+23
-7.390044357775826774e+22
-1.091550935186370883e+24
2.111689738372259335e+25
-1.653133172047185183e+20
9.195891981223470301e+21
1.677946375468045304e+21
-2.130269442271101321e+23
-8.871543312192870180e+22
1.381668901784011707e+24
3.746861049415127269e+24
-1.684192519636124151e+25
9.044216260004511822e+25
-1.948262993750667035e+21
-1.240982666998005293e+23
-3.315762771892637627e+23
-6.017465215854827106e+23
1.160900141186677635e+24
-2.779496848503593134e+24
1.319273286835198774e+24
-9.365257010282076033e+24
-1.126223688176219034e+26
-3.028975441025902387e+26
8.678282711291417068e+21
3.399398087677310382e+23
9.209712311202427364e+23
9.931703002432518540e+23
-2.771098569858543371e+23
-2.554751987176383571e+24
-9.612457263411054258e+23
6.174269280162570083e+24
1.977076749465633952e+25
-1.657866705575944368e+23
-1.393964982048440224e+26
3.853631634438647808e+24
2.229273183150043195e+22
6.516233042438436652e+23
9.325036118864758519e+22
6.297921300863807631e+24
-2.482318986318087727e+23
9.565881278167250341e+24
1.071677364485634390e+25
-6.318168128809303680e+24
2.607338498651335784e+25
6.069455467814949107e+24
4.691951525077365020e+24
2.897611919364755994e+26
8.636209953036710391e+26
6.022594412177302739e+26
-2.444845134893185552e+22
1.444856064889106842e+23
-1.903727693315599269e+25
1.097837863686247533e+25
2.509988060753206090e+24
-4.258901818483361094e+25
-1.207525360969334223e+25
2.063990226365217213e+25
5.711463990860396154e+25
1.234964027396855919e+25
-5.288148182444001198e+25
-2.787512383660717340e+25
2.011027162818920598e+26
5.148277691208848556e+26
-4.010647441602156490e+25
-1.305267112018260661e+23
3.191568153531935510e+24
-3.631991576830836289e+25
-9.436901067578428673e+23
3.161454502738172129e+26
9.271585141148430640e+25
4.501603702637405066e+26
-1.859446651989935825e+26
4.433903694400175825e+25
1.030959310748128364e+26
1.041432523876768876e+27
-1.969646066804801536e+26
2.289007412383278831e+25
1.007049403776844769e+27
3.798081912071544164e+22
4.519308531290770037e+25
3.512933344918522505e+26
-7.442518513290913093e+26
2.192970840769846047e+25
-6.041922260422316549e+26
-8.543696832970082045e+26
1.771333543903422682e+26
-3.824036276926903727e+26
-9.406571305517329139e+26
2.580885955719125244e+25
-4.898726350479138002e+26
2.110917512361325453e+27
-5.176421172716505006e+20
2.305944609055251104e+21
-5.593195150956665242e+21
-9.241089574131389484e+22
-6.373388794406598240e+22
5.472914369734228532e+23
-2.928762446266719021e+23
-2.565643812035532014e+24
1.993997801053415214e+23
-3.849984661509136957e+24
-1.449831357504753985e+24
-4.049423873734700868e+24
-8.083230291394703613e+23
-3.130198592326460259e+25
-1.031393223123066047e+26
1.401933730225625980e+26
-3.908567903994223840e+22
2.878620694979700578e+23
-4.660155370520552302e+23
-4.572125634514457395e+25
-5.530669641393694446e+25
-6.901233529080005132e+25
9.284598041299449249e+25
1.609583166696091855e+27
-4.655239003196786475e+23
-2.336858836604352341e+24
-8.896663316410799109e+24
2.305652470314001902e+25
3.293644110094773685e+25
-1.070317381144218509e+24
4.074717268123978561e+26
1.511404723815690060e+27
4.502789922230300625e+27
1.776579087685272558e+24
3.590260713657122699e+25
2.192456041531609230e+25
-4.861296631739174364e+25
6.897505959135139004e+25
3.605167158330161756e+26
-3.586309506805245105e+26
-2.255706234181594567e+26
2.675350343945219888e+26
-1.178396755521118613e+27
1.780692653897305076e+28
-3.516277954953560982e+24
9.591139516548479246e+25
-2.878254399144800816e+26
-1.598893921012698939e+26
-7.665270781034619395e+25
-4.672078855793417589e+26
5.625187024835475146e+25
1.591529961915009058e+27
7.870517695308142731e+26
-4.469288405327248067e+27
2.682716409287611927e+27
-7.991626445979796042e+27
-3.732174886728428604e+28
-3.901355475081208032e+25
4.808063204414329847e+26
-4.908428589664894838e+24
-3.400031126978433800e+26
2.005053944772076591e+26
1.485149095391350666e+25
-4.761512038220053236e+26
1.944285418392647015e+27
-2.431308252628493472e+26
8.771246292312131964e+27
-7.125406753820816284e+27
2.738184726710233141e+27
1.415665333974981662e+28
-6.209875492758907100e+27
1.831855392135368516e+25
9.625988210143073054e+26
-2.610464038929794304e+27
-1.708248730394933405e+27
5.534009700786183727e+27
9.263270857465796691e+27
1.446464693904551944e+28
-3.420104521251629743e+27
-3.522513335261742195e+27
2.390276553483738610e+28
-6.223820371274533118e+27
-8.786081760072911197e+28
-5.034011905106386374e+28
3.239942889245708372e+26
-4.928021154949166430e+27
-9.235629777012898672e+27
6.162920652209317930e+27
1.539435680710726969e+28
-1.035533701157169646e+28
-9.296276555149780189e+27
-2.770099711516616864e+27
-5.504801483269458092e+28
4.589590862962046022e+28
-4.592628541417967551e+28
8.251760527667196244e+28
1.173356779751316914e+22
-2.455021932666588349e+24
3.572078063510831099e+24
2.790983082244423698e+24
2.513136651304148442e+25
6.380111474284082435e+24
2.929496377002196361e+24
-5.811175212792694002e+24
4.524967660123729827e+25
-1.893210559217507569e+25
-2.303054266093893327e+26
7.377616305633616766e+24
7.675043992168949312e+25
3.811038385049350679e+26
-3.141018745014551537e+26
3.126208604124923969e+26
1.099048835480869113e+27
-8.734533186193694388e+26
-1.312790481047599767e+27
2.919679115973960541e+27
-5.551055484274044677e+27
-1.836523052994439194e+25
4.452798461671579554e+25
9.743622218534084260e+25
2.120418805890532469e+26
-8.321267947567280030e+26
4.797187246571129021e+26
1.100520267603933196e+28
5.322120933018713701e+28
-1.049765239663851602e+26
6.935574727455306331e+25
4.087225977054463347e+26
5.539820082741817701e+26
2.008656560855710114e+27
9.186092008845413647e+26
9.532066954628775550e+26
1.040521339758801876e+27
2.493786430377751974e+28
1.036108578082989867e+29
-3.888341923077956151e+26
-2.276755651148632301e+26
-1.511231651878721825e+26
-9.823286130093598820e+26
-4.493306107208626088e+27
-1.311031743941064528e+27
-6.300573975279607989e+27
-5.414942422662222960e+27
-2.127538971649526358e+28
-3.218175866186267091e+28
3.866123880793614521e+28
2.344860203265752216e+28
-9.525755914314902937e+26
-1.820422844149353960e+27
-2.503687358460989364e+27
-1.879590200502442134e+27
4.208040321499960899e+27
-4.207760206396268292e+27
-3.538859744361657994e+28
6.390564429902257667e+27
2.046826975471340577e+28
6.369371693050190911e+28
-1.562407245502546497e+28
-5.383298718185005025e+27
7.557274171426002614e+28
-3.585383010443347517e+27
-3.820113467182856769e+28
-4.063066886684146245e+28
3.017102954158951972e+28
-2.533569233731257546e+28
1.366223043866936428e+28
-3.433499748342619854e+28
3.680525815070728672e+28
-3.028905413370186921e+29
4.612084050148331763e+28
1.405741554618322441e+29
1.478001467202111088e+28
-3.970546447946564265e+27
2.442557580751497169e+28
2.399287257443304673e+29
-1.171621150031047810e+29
-3.887128021470784257e+29
4.259467236830261746e+28
1.151696526091316318e+29
-7.503713500536324671e+27
-1.962212541107409793e+29
1.456892000035898432e+29
-7.785111167461106410e+29
-1.409379749637488969e+24
2.418928614861285867e+25
-1.497662709116798858e+25
1.263924547378184259e+26
-9.797489858823535276e+24
1.129530878256067625e+26
-1.138725309865812432e+27
2.987747903280629978e+25
-2.591845849819200972e+26
4.083919999432471719e+26
6.576680080655740131e+26
3.411107646727968487e+26
-1.854981754118581139e+27
2.386470081336566740e+26
-4.123458579873478203e+26
-1.343509283522874244e+27
1.317373456676377717e+27
-5.153429940779232728e+24
1.767990115886720834e+27
2.739218156870203207e+26
-1.472495349497325179e+27
-1.918857902419984845e+27
-1.406982409707152395e+27
-3.549236787560342986e+27
2.887578727329379308e+27
-2.816291088421999054e+27
-5.347199323946168488e+27
3.411080606351318893e+27
6.794018049384545673e+27
-5.353325512259300722e+27
-7.429498780947532094e+28
-2.256538033503515304e+28
-9.522241747709745111e+28
-1.102075798686933103e+29
1.145645584249311836e+26
1.865171281972022669e+26
-3.881698177740762469e+26
1.960062961118336399e+27
3.238952589522064827e+27
-2.606306080720645599e+27
-1.591008474553066553e+27
9.539299968516668339e+27
1.486880517752835221e+27
-7.526742415375361541e+27
-8.120659785119551941e+28
5.757176934488080955e+28
-6.586675753035973671e+28
-1.171296924247378295e+29
2.029427590964128232e+27
-2.603259232906638373e+27
-5.177792802938584941e+26
8.415420018468501483e+27
4.447838067837658968e+27
7.213571961447339466e+26
-1.021616105566170928e+28
7.777286930432923234e+27
-1.369073992703717150e+29
2.156133370205306335e+29
-1.952532199637611751e+29
-6.005254300891071794e+26
-6.683948985325661714e+27
4.012916415307061351e+28
1.162002849595987459e+28
-1.487391240525706053e+28
5.602422496054193341e+28
6.202721551113048388e+28
7.288003219943676080e+28
-5.960858357913737040e+27
1.962189362827103215e+29
-2.371278723094328171e+29
1.367661194530221461e+29
-1.538069765593469737e+28
3.485371938336552891e+27
2.496177045356334269e+28
9.201781330611700365e+28
-2.229530062877440566e+27
-7.710771753273994255e+28
1.955625955011988967e+29
-5.225801560897725261e+29
3.525650303643318229e+28
-9.724691864607390442e+29
2.749444481957034630e+30
-5.509442726461067200e+29
4.033511062254133091e+29
2.141813746852510529e+29
-6.011541670163480468e+28
1.260790025675789602e+29
1.088679176792595741e+29
-6.255427980068579942e+28
1.433453238349631676e+29
1.559566997174097960e+30
6.127987721217895352e+29
5.592866263314246020e+25
6.873220111480607286e+26
7.764562441856849734e+26
-1.102168853450004400e+27
-1.008393959907220871e+26
2.170752835745671745e+27
-4.835635342848507586e+26
4.570313756540287354e+27
7.859311377282102280e+26
3.696611913132512459e+26
-1.444488767723682529e+27
-3.399553522617542536e+27
1.961919602657993868e+27
2.098496783709082686e+27
-1.096591982917114424e+28
-3.959113993531600573e+27
-8.094891528709777227e+27
1.373516763656877104e+27
3.868885257449798858e+27
-6.764122170281230665e+27
2.035980643580472129e+28
-4.759352769058346994e+27
-5.650499163476182406e+27
-1.939940136801623090e+28
1.744793735924855765e+27
2.807253130385073442e+28
-1.039648455059193436e+29
1.502157530247750203e+27
-3.634970240525114678e+28
-4.427611464845456942e+28
-2.578687936839487663e+29
3.354103037430414066e+28
-4.320625161401874740e+28
5.273240285327150772e+28
-6.549209719653058552e+29
4.124022323385142859e+29
3.160688307564810271e+29
5.702393094399853302e+27
-5.776082773233229118e+27
-1.781181698459183401e+28
-2.369018220447198539e+28
-1.290929341440053381e+27
-4.030524093225270055e+27
-2.510668437634507415e+27
-8.091646681058336138e+27
-3.561768911226930867e+28
2.516511358558366037e+28
6.340453507394470067e+28
6.609853266010313305e+28
1.321326331962009492e+28
-3.002188269054656000e+28
3.014838210766644603e+28
-1.513501103054071097e+29
-9.337115512057651626e+28
-8.505781052528588222e+28
-2.600764693479202589e+29
-1.287304754972919632e+29
-1.590727359208022285e+29
-1.582969048861713690e+29
-3.466829758396620041e+28
-1.363625067062175835e+29
7.466215628888919838e+27
1.946033265160261970e+29
-1.141633267080219097e+28
1.130514742762665125e+28
6.780198040366869027e+27
1.165136432582307646e+28
9.581984129975585081e+27
1.990896725349068419e+28
-2.077531770388610356e+28
8.046449226921018837e+27
-1.067742624035312521e+28
-2.361774719263226788e+29
-3.636337728666578660e+28
-1.948681718473203675e+29
1.151469881950301031e+29
-3.201969393023948404e+27
1.993611221359635659e+30
-9.759918717776462761e+29
9.707646027006498702e+29
-1.207528187032477506e+30
-2.509172366017086387e+29
1.101261767118752507e+29
1.153314803704546643e+29
-2.109123406854015834e+29
-2.175096242404235464e+29
-4.640140574394448332e+29
1.636331790545484223e+30
-1.878566034633155961e+29
3.851710721017658656e+30
1.871967456759583628e+30
6.912504697900952987e+29
-4.203831952066293454e+29
2.743049556697787533e+29
2.982743936674151315e+29
-9.742595757870348437e+29
-1.796890164798946895e+30
6.819498485262038368e+29
-1.456565148682124742e+30
-2.788522436508303160e+29
3.173369779139527954e+26
-2.842970371497128074e+27
1.657981560758841885e+27
-1.787343132646478192e+27
4.149159467042433581e+26
3.440523077760210678e+26
1.845303677660829692e+27
-2.326746441051189778e+27
1.565005270938638744e+28
2.159133127679184396e+28
4.244981533337042173e+28
5.901157304576855234e+27
1.246070679995351380e+28
-7.863386898683537487e+27
1.742175267182938695e+28
-4.862265535404573696e+27
-2.569673022656465107e+28
-1.683649563303316167e+28
-1.338975185808040314e+28
4.062898349467323326e+28
3.167384680157098948e+29
-1.074389681442700650e+28
-2.934784607735043972e+28
-6.499819291861785271e+28
-2.693569878145786998e+28
-1.689145556845677126e+29
-8.814903444495031328e+28
2.005760110214921651e+29
2.547728616117515445e+29
4.126769997517338430e+29
1.369329931771822196e+29
1.489437048625558036e+29
-1.051271148372497968e+30
1.125196651225015363e+30
5.084324817954722682e+29
6.138801376595973404e+29
1.379731527183409186e+30
-3.817549360628097931e+28
8.601568990247554655e+28
-5.114538942406241054e+28
-1.300812033896714926e+29
-2.966715024004491593e+29
7.328657884088468345e+28
3.651052045933638546e+29
-5.414894653995139458e+28
-3.824668528089624234e+28
8.144464933038532426e+27
1.314767247376525735e+29
1.748893154821812003e+29
2.215356001489831208e+29
6.337720112623037746e+29
-1.603296336029819736e+29
1.342373905430731545e+29
-1.085128877506188897e+30
-2.266980884873368536e+29
-1.348010644566265052e+27
6.097379668341787466e+29
-1.488257383872177774e+30
-3.139289059238286072e+29
-5.385765175244404391e+29
-2.330565079773901354e+29
1.240364898724059729e+30
2.822343479439425690e+30
-3.139228218056719766e+29
3.398391326869202485e+29
-6.740724782116833325e+27
-2.077437252268312276e+29
-3.812641613820134831e+29
5.355524522350024190e+29
-1.195311700244879507e+29
1.883348851713010179e+29
-3.718963573886127477e+29
-1.883653851368612414e+29
2.563125639686302929e+29
1.020321805749410985e+30
-3.880537550626100887e+29
5.977712360195158035e+29
-1.805421886694143862e+30
2.771659213107696213e+29
-6.692025519508848625e+29
-3.659513023062228440e+30
2.868011139933147300e+30
-7.900272868268067120e+29
8.876252102095280909e+29
-1.400810042889622643e+29
-3.860163914312003614e+30
8.637956887197550988e+29
4.388493508624916232e+30
1.429373189967170057e+30
6.214618815351307945e+28
1.875657884842084964e+29
8.618953461508328379e+29
2.508563621525940062e+29
-1.818071816915075874e+30
2.360235191046549498e+30
-5.692063358174215353e+28
1.942984705834645630e+30
3.959786844315950234e+30
2.790175880573206050e+30
-8.859433072341201933e+30
1.075142783301950291e+31
1.181065557213864933e+28
7.516890342071191675e+27
-6.320363029028510350e+28
3.219613345216700862e+28
-1.250940992735000688e+29
-5.787444144510692422e+28
-7.559975219822550758e+28
-1.072081135640820998e+29
-1.829237871104481779e+29
-3.067885884104770798e+28
1.542752537409888526e+29
3.053311615697095648e+29
-7.696626921066883397e+28
-1.605686467883395032e+29
-2.402816447895208613e+29
5.595630630812790053e+28
6.153672427863218099e+28
1.351769429225675716e+29
2.882327896732137484e+29
-5.893299117481347896e+29
-5.337540000263052938e+29
4.283360721575160739e+29
8.638446083945781989e+29
2.915174041673034865e+29
-7.091374421710050957e+29
1.829390534054171583e+30
-9.290026373408869245e+29
-1.993252371870845603e+30
2.563929171994191398e+30
2.896733242722729441e+29
-1.157212829606510737e+30
6.145094755093630413e+29
3.271219574698852411e+29
-1.415150792740480866e+30
4.399836606500238972e+30
-2.666693378799311018e+30
2.358717875113040322e+30
-1.430567311433146270e+29
6.304486431154808292e+29
-5.736507103011750426e+29
-9.320747389605184235e+29
1.229091184542418215e+30
-1.428568808595165755e+30
1.589192549842629870e+30
-6.741645363432725980e+29
-3.367669043579587277e+29
4.088936225162953521e+29
1.954562889363261148e+30
-3.417319683269533779e+30
9.334824354774232507e+30
-6.838638915303062932e+30
4.079437051453414887e+29
-1.254976646947043400e+30
-1.905783897085633429e+30
-3.845592432185033427e+30
1.475402854496221140e+30
-2.061282467471971004e+30
7.548939268577744108e+29
-1.273451679845484229e+30
-5.505939412676725812e+29
-4.390678654128520417e+30
-1.490469993328358330e+29
-5.703868968589823294e+29
1.078030672316598952e+31
-6.188089620862795718e+30
-9.006115751022769579e+29
7.060775790758671551e+30
-5.972003975593372675e+30
-8.753065729414354102e+30
1.001720343417173466e+29
2.408649023024393360e+29
3.898952061169515460e+29
9.381212460237120946e+29
3.663207176756381225e+29
-1.305995441923017089e+30
8.192336850842058412e+29
-6.857683805030937745e+29
1.657650102696293206e+30
-1.392108524088591142e+31
3.463338602239209841e+30
-6.225746977542357343e+30
9.667182401235076255e+30
1.101651565862827294e+30
2.032170779335669674e+30
-1.867301291917249623e+29
-2.944070217154752389e+30
1.435076594526993642e+31
2.360687257215727604e+30
6.899411801028709424e+30
1.262763730559808220e+31
-1.951065648843035342e+31
-1.072481052786831284e+31
3.571006431686765283e+31
7.155234106088560635e+30
1.113595721313151538e+31
2.813996736149010035e+30
1.776328828855032297e+31
-5.436940252302280881e+30
-5.135831643440049265e+30
5.596126022028933095e+30
-6.496268763128013272e+30
-5.381373354305188010e+30
1.450249342729238101e+29
-9.759208647524289574e+30
-1.717935849874060230e+31
-3.378259627565795193e+31
1.785792739358487659e+31
-6.664779723186599457e+30
9.684328839996137472e+18
-7.602776195207464550e+19
-5.512274272972260966e+19
-3.300745586217490842e+19
8.664393701154180301e+20
-2.609131072922546340e+21
4.374996116082231398e+22
-3.505995096934929274e+23
-3.502767834941885645e+20
-1.149979484317046066e+22
3.919354119531680445e+22
-1.422832771278949644e+23
-4.607071390837729269e+23
-3.885982857230266212e+23
-4.559895056230398061e+24
-2.041031234417171472e+25
9.506192100009992782e+21
-2.532927455857242381e+22
-2.269403079377231880e+23
-1.658994659945575612e+24
-2.258400451421525183e+23
-2.101068960576024269e+24
-1.440739157564299523e+24
-2.509092263615173166e+25
-4.040592877135089736e+22
-4.990837795945092502e+23
2.726278300233367133e+23
1.543684471784667729e+24
-4.684585091849778916e+24
6.921548515851385981e+24
5.335483318453211515e+24
1.238669478766278576e+26
1.820897627387249814e+26
2.330180637954019133e+23
-6.519436712918304361e+23
8.447652605659811445e+23
-5.812160015872268152e+23
3.398147842219939587e+24
3.261800696854341199e+24
1.434040668408334509e+25
1.341232698208376607e+25
-4.895819892071698071e+24
1.037259666558977320e+26
3.150028907917324641e+26
1.019034292426919941e+24
2.800843937375818650e+24
-3.970205731238809927e+24
1.814580342601213792e+24
4.709177113794314257e+24
-5.405326371025211023e+25
-7.881673344178024444e+23
-3.794781911740766698e+25
-7.290082461495152020e+24
-2.450304848238444620e+26
-2.748228977444238121e+26
5.583991780988644894e+26
1.396061365755163150e+27
1.299913096595179758e+23
1.344993398663469376e+25
1.628789097238883103e+25
-5.867611670900015228e+25
9.386048702001306453e+24
1.145096846730499300e+25
2.586595753383972936e+24
-2.284542467451027847e+26
-3.372537060028999036e+24
-1.941056820333672562e+26
5.478888405043194902e+26
-2.103424426323958788e+26
4.692906722324634662e+26
-2.358433056457503201e+26
1.660683835952405871e+25
1.266498758837161424e+25
8.129025723497446025e+25
2.223513693833639613e+26
-1.497142208634287797e+25
-2.589751329120119724e+26
1.595900964494051191e+26
1.560262334420945470e+26
-1.191112241238280482e+26
-7.200138376486487613e+26
-8.442899620916145294e+25
1.353717067211293574e+27
1.120935684225804144e+27
3.633707683290579606e+25
-6.006710244946222140e+25
2.470507468401692978e+26
-1.256378880556879447e+27
6.582718296477306685e+26
1.056413735845496413e+27
5.573085596610603996e+26
-4.366536705079087485e+26
-1.507623168161322470e+26
-1.052002020630517870e+27
-1.401556746449848710e+27
1.362520124145214202e+27
-8.407858675736305992e+20
3.480607717931707322e+22
-8.972646644657782207e+22
5.002388387707993048e+23
-1.560801573499040988e+23
-2.275626390256994723e+24
1.587330164371707946e+24
-2.175253254001460353e+24
1.429338346801548382e+24
7.863930458090767544e+24
1.209844270517921800e+25
-5.868790791219473389e+25
-5.378084123812178493e+24
-2.712169406111166548e+26
5.073214952648974249e+23
-4.284810599882722946e+24
-2.564009748452133928e+25
2.204632519626359716e+25
-4.540644020740571417e+25
1.644444578971391774e+27
-3.692212006138051243e+27
2.578809217545017684e+24
1.760616251387480621e+25
-1.563537350990105768e+25
-1.166626719605495827e+26
1.916412696102725712e+26
5.710624220369519403e+26
4.603756824627847089e+26
2.054856983142894653e+28
-2.532471976381717563e+24
-1.363508859229746418e+24
-1.509380923077463029e+25
-1.158446604081381457e+26
-1.061426515090770928e+26
2.185050537015164521e+26
-5.335172449408507669e+26
-7.347110386448611827e+26
3.504490370586159064e+27
-7.060517423350738917e+27
4.393670515206318829e+25
-1.588111990918522017e+26
-4.260969119590034818e+25
2.535013959596283566e+26
-9.160565219957939553e+26
-1.037755646960801548e+26
-7.072436411327904413e+26
1.164077643334489882e+27
1.126793879509669422e+27
6.533242368895108591e+27
-3.556580504046536493e+27
1.486009082484651242e+28
-4.151110953352295563e+26
5.779697646685319701e+26
-1.110074414043355723e+27
-9.301675291267041981e+26
7.527199478622327862e+26
1.902827434403273677e+26
5.364694417849745335e+27
1.794837581177374736e+26
8.687979142847151773e+27
1.419900627568711816e+28
4.255982579257312665e+27
-1.564816643037055396e+28
-1.582675278723591360e+28
5.524615921330712460e+26
9.958877378448920129e+27
1.093053819652630870e+28
3.909697191439153464e+27
-7.689287352330123198e+25
-1.063768992256724877e+28
-4.310739166470911051e+27
2.679852883529922329e+27
8.623357601439701411e+26
-7.828946812416397944e+27
-4.757140823935007759e+27
-2.533882776435225927e+28
-3.186020653377943837e+27
-6.615305434050626346e+27
-4.616770720885661039e+28
-1.792016101484411125e+26
-2.935553781726483295e+28
3.709352376805837271e+27
-7.070651507968470054e+27
-3.506826521825616173e+28
-2.323717044190081850e+28
2.739582856006020260e+28
-1.267785751232097605e+28
1.483600820311916513e+23
-4.159600163491073573e+24
3.091368856634227020e+25
-4.685688258890814823e+24
-4.103657822967386566e+25
1.242806083699912847e+26
-2.734589604614902472e+25
-3.632694935554832920e+25
1.242383654291858400e+26
-5.030069717242010024e+25
-5.127135836623749706e+25
-2.726636807446322787e+26
-5.017388804962925108e+25
1.146427083812540552e+26
-2.145760959925656854e+27
2.285209536118975717e+27
2.436971548070548490e+27
-4.828462248273690803e+27
3.486088610034255389e+25
-2.143017783741227898e+26
4.571007932306889431e+25
4.737693283406902806e+26
1.906475152095931805e+25
-1.866100030150850095e+28
6.756223176782731277e+28
-8.164367958870520976e+25
8.297537124739096475e+26
-6.220493189447025779e+25
9.999389014138645728e+26
1.383200219872086964e+25
1.293183155119180813e+27
-7.416373490047915636e+26
8.227358342288584058e+27
-5.035429254609588912e+28
-1.910640239902682463e+27
1.528898533548468580e+27
-2.434755110686656736e+27
-2.773162346974421255e+27
1.059834952206722932e+27
-4.172710978569697413e+27
-1.645581904950072961e+26
1.691038324557555314e+28
1.833680269551429459e+28
1.780777341122518214e+29
-2.334152818971608912e+28
-6.056590134977825956e+27
-4.774050887296072613e+24
7.069274693739681247e+27
-9.183614623817912636e+26
-3.333489736458758820e+27
-3.798423834478893746e+28
-3.009124423921105134e+27
-2.106868531244138627e+28
-2.425270573668143987e+28
6.282422814610293814e+28
-5.499090045433954454e+28
-2.074020013431548213e+29
1.415921589269708369e+27
2.568083471317067264e+28
-2.707852542126497014e+28
-1.591315144809882723e+28
3.562807293682437449e+28
5.881348149017178209e+27
3.958794608143907217e+28
1.353988381661285376e+29
1.072362473681796331e+29
-9.782379409115173196e+28
-1.970062883334087251e+28
-3.496830193345948038e+28
1.632310965258201721e+29
2.243054980074510920e+29
-4.953343518561030915e+29
-3.926291639973149795e+28
-5.605016838619490331e+28
4.137057715684186344e+28
5.610950093867326700e+28
-5.208144354087689051e+29
-3.013719581853229329e+29
1.752961199635572328e+26
5.458482421860452984e+25
1.850619443445192699e+25
-4.416341060361313823e+25
-9.726989350785433698e+24
-1.438315700226696908e+26
2.010048034666529343e+26
1.158435857411441877e+27
1.268847588516400473e+26
5.859928655470021034e+26
1.155824974662646208e+27
7.397050333175354773e+26
-1.061449935115247716e+27
-1.286786942858082453e+27
2.638368257501491187e+26
-9.819073035485617063e+26
-3.960987608308434584e+27
-8.781186677904211455e+26
-1.742331479050801034e+27
-1.156866749441846002e+27
5.803479122443842703e+27
6.020904383261619448e+27
-2.021653796276324092e+28
2.657862689854644766e+27
6.212501991145646909e+27
2.115458679202318355e+28
-3.335984127760322230e+28
1.263304787028944215e+29
5.484729634310569984e+28
1.007603872178241203e+26
-8.062396619629646405e+26
3.202720106907134901e+27
-5.008849895729102193e+26
2.193601779850826741e+27
-5.313226484412914370e+26
-1.367492803523045482e+28
-9.594681772171028322e+27
5.181274614872888129e+27
-5.113312281487324629e+28
-1.852807102187679081e+29
2.690302684795442218e+29
2.923740212435422567e+27
-3.077372585917819800e+27
2.680589355565789924e+27
2.408832816558520109e+27
4.735301512437548271e+27
-2.068016828271828927e+28
-5.609224973200346360e+28
4.773570563088425642e+28
-3.069566799082884445e+29
4.782260876326816035e+28
4.877006977111754047e+27
-2.039972139072149173e+28
9.371827075556171066e+27
2.063727405069481337e+27
2.698407291442360594e+28
-2.525970745179512028e+28
-1.269150619269948911e+26
9.527026993436253361e+28
-9.214977495363961315e+28
5.186746997485640527e+29
-9.859418647369506992e+29
1.835874113940913765e+29
-3.418403866801018253e+28
-8.315081727129981962e+28
1.429501287493590629e+29
-4.912685574866587590e+28
-1.680196494585706139e+29
3.850894745005104709e+29
1.775881632712974739e+29
7.486960168931947751e+29
-2.248061330979204459e+30
-6.720256098558477402e+29
8.083854268946101979e+29
-2.331692959558184066e+29
-7.148363472159730612e+28
5.647632774139504471e+28
6.365938193307659315e+28
7.263027463725406291e+29
6.821684721739851685e+29
1.256567221118044957e+30
1.980256487013283701e+27
-1.585861297695209465e+27
2.370264503960270609e+27
-3.014636401593959670e+26
-2.696539464960257644e+27
-2.002550148510552666e+27
-4.860385262423173242e+27
-9.400996007419640504e+26
6.089808152721905265e+25
-1.508461570458888310e+28
-2.360942125480486074e+27
2.994108096534566758e+25
-6.187308899729810778e+27
-9.778282171794530984e+27
1.186427159007348572e+28
1.507822081149606759e+28
6.729579775750699797e+27
-3.319792277024137610e+28
-7.587061902342148569e+27
-4.396523163343931455e+28
-2.148648548226636962e+28
9.058562485269197033e+28
-3.923720942231616241e+28
-8.919542087931564596e+28
-4.531840992784325554e+28
-2.921165501786108478e+27
-9.271174613609529697e+28
5.319722436105842371e+28
-4.851339270406440956e+29
-2.582876492935804343e+29
-1.796817124395456622e+29
3.807041510376215610e+27
-2.812499111874834901e+27
4.193395384730370512e+27
-7.549348794470259524e+27
2.058164204965845939e+27
-6.982452549815003545e+27
1.084453296508646975e+28
1.971283573807108153e+28
-2.601980664335820765e+27
9.231204775221852732e+26
-2.820181307722696926e+27
-1.323119789997237106e+28
-1.240995238900520583e+29
-6.102882347458514221e+28
-2.112204142138176585e+29
-2.829465920089359039e+28
-1.001520575691381039e+29
-1.393516660547569725e+28
2.357018098735875619e+29
2.456532742102827926e+29
-9.249681535068688509e+29
-6.956693884488813590e+29
-5.663324552515240980e+29
2.895221132304180222e+28
-2.984076928504539223e+28
4.676306986378030894e+28
-4.564221826208566405e+26
4.424007873343491849e+28
-3.309126458835414718e+28
-3.056500993741087088e+28
1.340249944749928050e+29
7.662738423533344690e+28
2.553674271380197437e+29
3.947567912207060225e+28
-9.313975519288909099e+28
-6.905232173123823076e+29
-7.201692235657789666e+29
6.558931320096668196e+29
-1.341800105944532513e+30
1.261304433339530789e+29
-4.791651963237066173e+29
-1.669196229927572035e+29
-1.126321342184920712e+29
9.898876233024769911e+28
-6.839504009458501790e+29
-2.120764582240720464e+29
5.594719528653206406e+28
-3.244994650036776413e+30
2.772701906425072752e+29
-3.975910431293323606e+29
1.861764561116552914e+29
1.268017260526191074e+29
-6.773677881303965740e+29
-8.593063632087370137e+29
2.727816399242179639e+30
2.528976058786867236e+30
5.994207274773295170e+27
1.391738810538577479e+28
-1.244836137729072484e+28
-2.884460134466516382e+28
-3.898502861967457524e+27
1.469044883286281760e+28
1.117994128727638588e+28
-3.032356038219969784e+28
5.587855097990156850e+28
2.003926189463408497e+28
-7.842758460959227208e+27
-7.633438973463688454e+28
-3.936879781402838594e+28
-3.385874686406104795e+28
-1.578936428785339617e+28
2.927297464237088644e+26
2.033531372803892102e+28
9.009913758423186717e+28
1.230780817915930344e+29
1.529171837905585935e+29
-8.775405976136760495e+28
-7.956345634970494004e+28
9.363709998836923284e+29
-4.729567399563143363e+28
8.602326364007708321e+28
-1.688561014227949934e+29
-8.735564326279838653e+29
-4.153298630153725292e+29
1.695131929332569849e+29
4.779597343686326158e+29
-2.502226304340503982e+29
-1.528857455950123871e+29
3.154606676327578494e+29
1.056197057409995608e+29
-5.887548802990654124e+28
9.047788791269211092e+27
8.726579891908287194e+27
-7.316676491298228831e+28
5.468647711985301782e+28
-2.671074909894810851e+29
-3.336670150232442949e+29
5.451291129728179684e+29
-9.891342433130930933e+28
-3.346363055361992857e+29
-4.926109281094602698e+28
2.824511322729230591e+29
9.440574485622349764e+29
1.535411550430385014e+30
-7.261112592486080332e+29
4.728513932646217516e+29
-8.257032519089096094e+29
1.277167646133264926e+30
2.284004157435238593e+29
-8.646008440528229984e+29
-6.648762196487135455e+29
1.197560491212243269e+29
2.361888445837711071e+27
2.110909958784946549e+29
9.282278565476686405e+29
-2.058880207037501090e+29
5.303053974229727630e+27
1.454355823490168355e+30
-1.635320106993799722e+30
-3.318946525875618169e+28
-3.724610388527241013e+29
7.660854255714652063e+29
-3.457136920875015468e+29
3.742540985305396306e+30
-2.250166509494181258e+29
1.873140130815513072e+30
-2.044112352414917621e+30
4.788347690378327534e+30
-1.228324670846612891e+30
-5.489674220930322515e+29
-1.477203752191053510e+28
-7.790490890039784062e+29
-9.520899030449694032e+29
1.236720009251737394e+30
-1.373275776864040172e+30
2.010340088336295952e+30
-1.875750500617049439e+30
5.688972050807540643e+30
8.693930521609911886e+30
-8.303592284525698459e+29
-2.525161669124109398e+30
-3.683060191625586806e+27
3.888013608186768856e+29
1.232525715874570830e+29
-1.464981174836157866e+29
2.201547338154016463e+29
-8.950300501966709539e+28
-8.737200702183846651e+28
-5.119143159710776696e+28
-4.558007564181839257e+29
1.993194773696724634e+29
-5.608978329592252504e+29
4.885969469388016047e+29
1.697764498265645506e+28
-3.489095309772524810e+29
-2.626530122138137780e+28
5.833065906123090043e+28
3.232701483200719802e+29
-1.347162914838022541e+30
2.801765960235818079e+29
1.328914776815571313e+30
2.159263152391613260e+29
-6.926464361858405534e+29
2.932965522111415102e+29
-1.026639967403074173e+30
1.884240343664546742e+30
4.375774263804411664e+29
6.465194186062844900e+29
-2.412643826710214663e+29
4.281206306200561309e+29
-1.102843886324572592e+29
-3.147229417469750267e+30
-5.792077192994132927e+29
-1.059672593653078677e+30
4.078602545945396862e+29
2.650721769933636560e+29
-7.666254786455435804e+29
5.534458260574886952e+30
3.256993722242601589e+30
1.653498438055484066e+30
4.591581631278790780e+30
2.839740365334599643e+30
-5.710939491998593766e+30
-3.650681129170204513e+30
3.017746612255341741e+30
-7.214491433857111663e+29
2.341277569535503989e+30
-1.643615535541573760e+30
1.112692469926774843e+30
-7.117455306396272560e+30
-5.993548533298736276e+28
-1.080953108575448345e+31
-1.081148092095593173e+31
-2.997817504579313386e+30
8.642998144308076141e+30
-1.802022714128834095e+31
2.796511060082534548e+30
-1.230185675185717914e+29
-3.695696127781538976e+29
-4.426162356958234144e+30
-6.966269044835123681e+30
7.878461418706603778e+30
-2.695178482997502936e+30
1.597219565915156829e+31
6.397886233076735469e+30
-1.197426021509998914e+30
8.277439377931160735e+30
7.530185024993138749e+30
-8.342338419269025693e+30
-1.654124791501719314e+31
-1.649787861180890605e+31
