1.453016633076306400e+16
8.094001933215119360e+17
1.040279981619302236e+20
8.016043102266078003e+20
-1.469888806962383553e+21
-3.216912466672856596e+20
4.370887500826992968e+20
1.147644386526175324e+22
1.157340672927026748e+22
6.733531011183913984e+18
-1.152428589391042314e+20
2.461681957563751465e+20
1.845309834910909858e+22
8.773847326204245731e+22
7.990070015508701250e+21
2.269880535503046925e+23
6.526454713561720604e+24
-1.273574559281105776e+25
-1.907013947362983936e+18
-1.050012596714178662e+22
3.806962776034025197e+22
-3.928434284958435865e+23
-4.296881042819784355e+23
1.648197044759604022e+24
-2.537614978146822521e+22
3.878211913660544309e+25
8.667164967508871068e+24
3.338342301472130597e+21
4.419891802081100143e+22
2.243284789419194670e+23
1.308785481169646408e+23
-7.274790874029453098e+23
1.245578027296472720e+24
2.202796400484156407e+24
3.122163591185211181e+25
5.582056724051385458e+25
-4.327601169835268758e+26
-6.031943927542442885e+21
-1.194306608898512205e+23
-5.372029062356141039e+23
7.436895461149839605e+23
-1.569844215531616774e+24
-4.514769236107993536e+23
-6.056601700927935443e+23
1.382343011329042450e+25
-9.592234040624184453e+24
-1.868207535426171683e+23
-5.742268860357807762e+25
5.282346243585658190e+25
-1.217642418431087084e+22
-1.863761688873239797e+23
-5.064164103431638493e+23
-3.024724559201044361e+24
-2.295804967832192658e+24
1.000709682244919031e+25
7.161710804293480880e+24
-6.002113310150706397e+24
-9.589343258256118729e+24
1.103366617254438366e+25
1.142201805806524398e+26
-3.564826925551346869e+26
6.952339697325745143e+26
-2.025659568009358674e+26
1.583571698002041609e+22
-6.218356056026534631e+23
-1.272747865124773442e+25
4.501526919153013136e+25
3.843973584656521000e+25
4.454779288190033990e+25
5.758024842560836947e+24
-1.082921766168133726e+23
4.261848810090912733e+25
1.219700417108385905e+25
2.652046050928047099e+26
-1.894928412041980670e+26
5.830609203383776782e+25
-1.038102645278097697e+27
-6.014717124518615300e+26
9.033305523436690342e+22
-3.622981848712561658e+24
-2.795908793251817985e+23
1.957555901983472377e+26
2.863220098065136113e+26
5.750483819982127003e+25
-1.805383010380859537e+26
-2.539902234706740334e+25
-1.205243481692243971e+26
-7.883824211790869762e+25
-7.063828254210192946e+26
-1.582751237505998537e+26
-4.908106768045193024e+27
-2.418739714346422591e+27
1.477882085416537277e+23
-3.565415714441838955e+25
5.672279932226929535e+25
-2.945234222268693353e+26
-4.406284690270080407e+26
-1.209946788986366121e+25
-1.276464472803127760e+25
-1.474855861361517888e+26
1.654289538329591408e+26
3.106676656991037418e+26
2.718558993147656599e+27
1.453079790851020140e+27
1.015094416067081200e+27
-1.369181258613109555e+20
-1.784259822086692798e+21
5.201197167018944496e+22
5.414642896103104158e+22
-8.285106443767316795e+22
-1.562025593570580150e+23
-6.580232176507086596e+23
-1.676155823152095744e+24
-1.051347342774527548e+24
1.289890299113912580e+23
-6.792391643235549205e+23
-1.692970149900355035e+24
-4.294270386624811198e+24
-2.983502461231391062e+25
-5.974074098981706570e+24
-1.713934925978914923e+26
-2.042061654697285958e+23
-1.461333733698911697e+24
3.095623641347615564e+24
-1.059801301352001448e+25
9.004087289325280030e+25
-1.387463768951825556e+26
6.690074851352047332e+26
4.809837158352786313e+27
3.973877217067347655e+23
6.330057440989710878e+24
1.358987203335778666e+25
-1.681826977089719323e+25
-1.980074703007209789e+25
1.602762875799434498e+26
1.472050878953166994e+26
5.542376713057932823e+25
-2.263876866197049061e+27
-2.650314137692226269e+24
-3.465795208488271336e+25
-4.547326635305602023e+25
-3.236174549602706497e+25
1.426563242078654880e+25
-2.738633681228152650e+26
7.866198811097489356e+26
-1.528791579775792386e+26
-4.980168140469328627e+26
7.277126553004465659e+26
2.763687378644520969e+28
-7.107746418123779726e+24
-1.008196684732941823e+26
1.921956810203472460e+26
2.856716061211831680e+26
4.643845938565408246e+26
-2.613833069945305870e+26
5.403038352509388197e+25
6.038115540814998789e+26
6.823801014021669662e+26
2.481959678230006289e+27
-1.502846527813621073e+27
-8.685472799712310598e+27
-3.522687061307199081e+27
-4.536807500191560968e+25
-8.812697135291715852e+25
4.576899748380672470e+26
1.550426023489763035e+26
8.572439912995209549e+26
3.081808615356717218e+26
-1.099190397264464192e+27
-2.020933708729752423e+27
8.603881676020338789e+26
2.353957776957739871e+27
3.500653456238674768e+27
9.288324803829386441e+27
1.152138203687381185e+28
2.290365431287848133e+28
1.358968631959467315e+26
-6.095421660968979330e+26
-8.971469538464074689e+25
-2.176515687872075425e+27
3.206065736966761348e+27
6.824137237664612440e+27
1.607095316126306545e+26
-8.524946211534145977e+26
3.043868916863468083e+27
6.481616265265337441e+27
-1.184106432019718938e+28
5.762486252662974069e+28
-6.631313523171747345e+28
2.998104464066559085e+26
-8.029155051059850358e+27
-1.389701944881219626e+28
-7.282848799182617240e+27
5.222732936350095606e+27
3.657365783659103594e+28
3.220546651418281932e+27
-3.202870112394807727e+28
-1.286863662222455035e+28
-4.003801849239168345e+28
-1.972583281138366831e+28
-3.052425121162969843e+28
-7.504976171537401612e+23
3.913314229266375183e+23
2.870985718218081088e+24
1.199003157225692155e+25
1.895603968314729675e+24
1.551477633399296138e+25
-1.264394176188487566e+25
2.689130480078390072e+24
7.176358741679285629e+24
3.865395614896243720e+25
-9.607170575476337713e+25
-8.400047395443901801e+25
5.493924953820432172e+25
2.009556118625549586e+25
-6.472342885202927003e+26
3.907098409541431249e+26
-4.585459657809661056e+26
-3.121110492082495176e+26
-5.830320585203689201e+25
6.971469335974867313e+27
-6.661663980389565566e+27
3.459077364771150708e+25
-8.894264544357279222e+25
4.114019981089484693e+26
-1.676623005922920624e+26
4.396694151948598392e+26
3.665918890515638938e+27
-6.196427890831836643e+27
-2.105032285965351990e+28
-7.498718144847131438e+25
3.338733450558320185e+25
-1.098465836204860403e+27
-2.963231265923021446e+26
-6.422003769372418468e+26
7.015516128627091892e+26
-1.772744472022367906e+26
1.529675651355729278e+27
8.185172871456961634e+27
-1.290468112657018060e+28
-4.413013492878967590e+26
-3.663962889190194545e+26
-9.773408602445580945e+26
-8.668939302744723490e+26
9.954657430507189039e+26
-4.413191459133428147e+26
-7.060179048714855842e+27
2.172794479623707606e+26
-9.502500315115205026e+27
2.093458109281403622e+28
1.513550822563541324e+29
2.320542428833975438e+29
1.014730348037493690e+26
8.290657288089495830e+26
4.627372938173044165e+27
-9.997005667566922993e+27
4.416173481410342832e+27
9.918157315039514610e+27
4.825630552830827191e+28
5.185989588117464145e+27
-4.875901506888398287e+28
6.381595270531797428e+28
8.219507337683209082e+28
-1.402903354919513249e+29
3.081489223710482338e+29
-7.342470566118076991e+27
-1.890064602139147700e+28
-1.026642607996046134e+27
-3.020899260147775900e+27
-1.400188389868344109e+28
4.232563763789455600e+28
3.630270329778545407e+27
5.375089882869435265e+28
-8.609378732845413760e+28
7.272423781098956289e+28
4.559440338844230180e+29
-2.604610358257648898e+29
-1.231979402155912871e+28
-2.092692925185544039e+28
-1.506003176752868292e+29
-1.109025999863062257e+29
2.710330353720209938e+29
-4.722778062002429934e+28
1.664755566449542243e+29
1.407622438241935298e+29
-3.975421316238515926e+29
5.226550699067189593e+29
5.328891337956446003e+28
-1.833165565914872561e+25
-9.261803961184226429e+25
-4.184474252569052834e+25
-1.304137332320834962e+26
-4.550492223845717672e+26
-6.934382635201528347e+26
-8.287510458596144030e+26
8.550905678750792597e+24
-4.179114512044140276e+26
2.120146222687787948e+26
-2.546037058707208111e+26
-2.532022071800440750e+26
-2.427077453949126747e+27
-1.098616727599792644e+26
-3.800184623101312875e+26
-8.476637489389014617e+26
3.110241252079961497e+27
7.981928676976176448e+25
1.130676210572727877e+27
-3.672193811822408939e+26
-1.232272872828603381e+26
1.502006001343769124e+27
5.425601529817721687e+27
4.096541226205606676e+27
2.481036852820651076e+26
1.450419201935658713e+27
4.411066376410010374e+28
4.484142427415512446e+27
3.041832212728517687e+28
1.355364876159475518e+27
-4.648034836746763876e+28
5.366454234887692418e+28
-7.403486632228663114e+28
4.795283201496783877e+26
-7.145561875060801977e+26
-9.105447423750105574e+26
-9.496150829270639008e+26
-1.279911217118687180e+27
2.383696241409327204e+27
1.819637183349804683e+27
6.704443249668781185e+26
-2.553851098507727722e+27
-6.094310576598016116e+27
3.139908105499190655e+27
-2.010866264268444464e+28
-3.744645046268875516e+28
4.378916159077589666e+28
-1.244394440960099401e+29
5.080363372896796779e+27
-2.576218028838609845e+26
2.811467184564847314e+27
1.862099429489866560e+27
-9.864174227814547152e+26
-1.576388145481595597e+28
-3.453738344234978789e+27
-3.977391620446278668e+28
-7.509204216145740487e+28
-4.767642968405639519e+29
-3.781186712154547998e+29
6.254360640313892330e+27
-7.147649396569478140e+27
-7.919629408427269986e+27
1.379697140435745453e+28
-7.502275234076085753e+27
-8.223266064377035937e+28
-1.925472446314281467e+28
9.021095399404775013e+28
-2.009420244672453161e+29
1.643954569505431754e+29
-2.359359862821521396e+29
1.578104068566995909e+29
2.807477923278035499e+28
-1.166046681325337280e+29
-1.714019084848404245e+28
-3.575498934372732831e+29
-2.516243335673155497e+29
1.179761286882122458e+28
-7.496800879100427553e+28
-1.135464587217402070e+29
-1.634919659053572286e+29
1.621270534482461728e+30
-5.695690393375081336e+29
3.861602502572734376e+28
-1.031347772783182234e+29
-2.099215156936365578e+29
8.058130442181888684e+29
9.699198292050004319e+28
1.475126885760932845e+28
3.838423817570182943e+29
-4.159311820966791409e+29
-1.683313490282529035e+30
1.443043322131317693e+30
-1.312411436973301580e+26
-4.674026519906060363e+26
1.150451108715308751e+27
-6.009552224097837145e+26
-5.613260593221281869e+26
3.576836035171404947e+26
-4.890726556662159531e+27
4.090933438545643628e+27
5.235708370147112221e+27
7.531199066465023082e+25
-2.019134257756007658e+27
-4.078951910456816820e+27
7.311443855106500048e+27
8.787648175719831467e+26
-5.203313843212382608e+27
-2.071008752110687509e+27
-6.530245541051741456e+27
3.125982488036125857e+24
3.212190919217386878e+27
-8.904918343425795458e+27
-2.263888743760242384e+28
8.703280088718664296e+27
-1.621542333014738633e+27
-4.898984507194275712e+28
-2.719905704152390743e+27
-2.089087623000670550e+28
-9.013215195547720581e+28
-8.093728427258265849e+27
1.206880165797141901e+29
2.682835985259198458e+28
-1.249621306911828445e+29
-2.647332561165950881e+28
1.390806012634698307e+28
-1.754662771881848178e+29
2.485881830511041688e+28
5.474677038763558803e+28
-1.803142291079418621e+29
-5.139384423178101236e+27
-2.906522524729338326e+27
-1.922817187117994104e+28
-2.759331475625461379e+27
1.695343144861963754e+27
1.746829337646213596e+28
1.260487265875323883e+28
6.182592608626903467e+27
1.207442935341521753e+28
-3.142143969674375264e+28
-3.688998688980004891e+28
4.315930231489650484e+28
2.221654473221990683e+28
1.263117200050117772e+28
-2.497008534365757886e+28
-5.384248696185910535e+28
1.159161494433022924e+29
1.758465475612696702e+28
2.421519550725673508e+29
9.562421164599479573e+28
-1.388691012198564072e+29
4.543868296662733964e+29
5.663938953969715591e+28
-1.260111923114684218e+29
-2.264863959039972780e+29
1.212437937540436183e+29
1.541412797498952468e+28
-1.923512367812187808e+28
-5.151407358065242634e+27
1.455657400080713269e+28
-1.994107968564427779e+27
-1.511345147177722873e+28
1.372231542038129909e+29
8.568761859692675653e+27
5.252375831159511510e+27
1.040203721558510070e+29
8.826208344424369699e+28
-3.655914374391931267e+29
1.487164162608465054e+29
2.401095348324711573e+29
-3.030814366676661167e+29
-5.788387514116527523e+29
2.865079719333994560e+29
-5.831317341317628285e+29
1.561263713714372382e+29
4.743015433575628758e+28
-1.582870139478421186e+29
-9.657906604253788683e+28
1.283126184644831635e+29
7.774423385464437040e+29
4.325218718492893250e+28
-2.053411228234032600e+29
1.174469128983603072e+30
1.371465369045686067e+30
-8.811311875896973608e+29
4.625943655755110025e+28
6.425884282313412384e+29
1.261470172883249643e+29
7.709135621150091108e+28
-6.527057440583545515e+29
-1.712918657799708289e+30
-5.504110051249249529e+29
-5.351220677692836826e+30
-1.533155127630663742e+26
-4.558931843041668083e+27
-1.719321872983520356e+27
-5.265475445921531919e+27
-7.791362293349300197e+26
1.190732901632466484e+28
2.757044301585843551e+27
-2.804621067561427365e+27
-7.376642396163199626e+27
-1.763651413573193782e+28
3.864233214915451201e+28
4.222836709417005595e+26
1.005992077221564501e+28
-2.476141902417931737e+28
-4.909667782185351218e+27
-3.085643123969111391e+28
-3.277608407600840666e+28
-1.097092451552162198e+29
-1.998774450512105607e+28
-7.966351043686374952e+28
8.624424947268993954e+27
-2.403375813354575793e+27
1.643517083593971414e+28
1.027040210260709084e+29
3.004487048786368157e+28
-9.738674829534952534e+28
-5.452033399358480739e+28
-4.240881129145492868e+28
-2.124883281438176724e+29
1.725765764862434518e+29
-3.055310163341563547e+28
8.661101076429808915e+28
8.299943114933925397e+29
4.591116789589247260e+29
-9.477651748599758949e+29
-7.412088096438463283e+29
5.217857889148071789e+29
-5.966640807890260412e+28
9.374546561316266806e+28
-2.723725786742349175e+28
-1.375199990951792972e+29
-2.506386135845676731e+29
8.295096972310110594e+28
1.729075465725970961e+29
8.058006366936617630e+28
-8.482729620144948972e+28
4.595422531115520772e+28
-4.237241371955719941e+28
4.775296467778686833e+28
-3.432409152450622362e+29
-4.669982585542679384e+29
7.514125124754976344e+29
6.814424905870016900e+29
1.728158949611952350e+29
-4.326211471679983972e+27
1.011548402433307367e+30
-2.134172880939476211e+29
7.994800130865284175e+29
-1.072347040143262904e+30
-7.624573917822699219e+29
4.945771758320995242e+29
1.104770688824422635e+30
-2.641238539523815264e+30
2.085585472849211940e+30
1.001245245718611566e+29
6.041122620854017420e+28
7.794898185027613351e+29
2.937989005319817971e+29
-9.616575105456637277e+29
-9.923294497907225816e+28
-1.724818102833325274e+29
-6.420748039567174270e+29
-8.286256875261893444e+29
-8.831763421518063909e+29
1.824664667668050743e+30
-6.869563624784076375e+29
-2.556602177551567267e+30
6.405176223667880246e+29
-1.513172982703486771e+29
9.381030148317822489e+29
8.620691405222237422e+29
-3.632880239313194096e+30
1.196057152260370991e+30
-2.732032294555006808e+30
3.859943873519081782e+29
-1.524484720321538269e+30
2.737248885043150872e+30
-1.024757252309195762e+30
8.596687547099477694e+29
-3.294481708722544804e+29
-4.743214921220232386e+29
2.518208666085346893e+29
-5.374180798100070894e+29
4.013299367122325169e+30
1.983708514996287717e+30
1.532260998981625686e+30
-1.871542212474867703e+30
-3.163837529276206175e+30
1.181008856370616257e+30
8.140607214523373240e+30
3.058017533381690694e+29
1.064768238443055604e+27
-1.625052031823844784e+28
-1.824482594042800348e+28
3.663473625403411543e+28
2.673317316608748397e+28
7.621617302633327567e+27
-2.955275323311967545e+27
-9.081125745285052606e+28
-8.661076718488204621e+28
1.995098946014976031e+29
-2.593691101861736594e+29
-2.152263112029982839e+29
-2.725175414459874339e+29
-9.028662135289377398e+29
-5.095102457504620289e+28
3.788391206211797578e+29
-2.919328125054134709e+28
4.069300742581832533e+28
-5.369520207786517854e+29
-1.166984832310569416e+29
1.542242043710762923e+29
4.325413754460259454e+29
5.668573419613145844e+29
-1.125449746435405379e+29
-1.721330080947481485e+30
-5.391246857935563526e+29
-4.365741604598721279e+28
1.047140311272735418e+30
1.153785969440051583e+30
1.718967299120175912e+29
-6.693703462854856652e+29
-9.848928179262678494e+29
-2.208311506371534168e+30
-8.966532903419152788e+29
-1.132126918490171909e+30
8.614502787489447528e+29
-7.574333030531241806e+29
2.110945451130605635e+30
-6.309827128504200703e+29
-1.116497665755429498e+30
-1.915801588338843626e+30
5.842578608073141321e+29
2.969093066311456986e+30
1.788794788783452340e+30
1.420431345717261989e+30
2.722492442886747675e+30
-1.805105631161415047e+30
9.191250313605079543e+29
-9.375009893125385678e+29
-1.614296848428826263e+30
2.243094638176138060e+30
-5.045481919003478736e+29
-1.225925265362245633e+30
-5.678982124902469281e+29
5.616471287995423850e+29
4.289529336624251255e+30
1.328484358651712500e+31
-4.975334214005399041e+29
-2.874548857844256868e+30
1.089934752345869798e+30
2.956076555637525251e+30
-1.739727211181225607e+30
6.443768961415422838e+29
-1.940798948350835448e+29
-4.319358971434410406e+30
-1.371846914208215141e+31
3.245948061618429573e+30
-4.702080420884871616e+30
9.067130917139706881e+30
-6.034693992402409617e+28
-4.470005606067287294e+29
6.038617462960544863e+29
-5.762042146887526326e+29
4.655277482932121064e+30
2.255278265452147606e+30
-1.084289321885860510e+30
-3.429929844957743305e+30
1.781928613674738268e+30
-1.984430590802191706e+30
-5.857391463677741578e+28
-1.193716472002575169e+30
-4.500685990549437314e+30
-2.770306237314601442e+29
-4.097506680497860851e+30
3.148086519865370872e+30
1.124654320166238280e+31
-1.079638362038328181e+30
-2.433188484609938881e+30
-4.461551497937293634e+30
-2.176236496694229988e+30
8.367871544185105888e+30
2.431183879441211712e+31
4.195753947471041618e+30
2.282483197974365464e+30
-5.313314304351255114e+30
7.365817268536489259e+30
-3.637354541528739741e+31
7.873416702737316005e+30
4.544645084979973719e+31
-1.175351477861099267e+30
-5.081569305439772354e+29
2.747633491164167167e+30
-4.629510737343530432e+31
3.009719923499502119e+31
-2.481444360718936800e+31
3.792859645212392016e+29
6.832422535533532914e+30
-7.013520113633755833e+31
-4.265256450201770496e+18
1.454060976703939871e+20
-6.692209972437415363e+20
6.297142659903803884e+20
-3.745708128922450002e+20
-1.906208995579203158e+21
-2.701320331478151515e+22
8.073086055969574407e+22
-6.948346757680481894e+19
1.054648251578235801e+22
2.323056777569640435e+22
4.770447195508689181e+22
-1.835286948520833476e+23
6.335073676629825395e+22
2.120136541818097290e+24
-2.115361310057485314e+24
3.671091702864568910e+21
2.021731528063760046e+22
-1.721943860518631506e+22
-5.300593539123360637e+23
-1.114193156231222725e+23
8.636530030675637651e+23
-5.207097055082693221e+23
-1.305428617142655722e+26
-1.055505713100697245e+23
-2.030001929806538814e+23
-1.907021494022426371e+23
1.433955581005981712e+24
-9.123524581274044565e+23
-4.338652114130736551e+24
4.617735760980119707e+24
9.856031094008852632e+25
-6.850391798470594169e+24
3.171760232346214937e+22
2.134308656370381157e+24
-1.776197758939525812e+24
-1.257526188767749012e+24
8.695454161953123698e+23
-1.117209351167976786e+25
-3.525538445357434051e+24
1.365094178788138406e+25
-2.723778217134239705e+24
-1.099801623050474163e+26
4.598151940657718052e+26
-5.182832745739554086e+23
4.172250492952825666e+22
-6.963132082288234970e+24
7.619178153979580806e+24
-1.160412009491403071e+25
-2.131403928103843722e+25
1.089224368446872418e+25
-1.898187938916323642e+25
7.320843314235389965e+24
5.106178214401378198e+25
3.524089478125790001e+25
1.684965761278229614e+26
1.283291192464371557e+26
2.691006751954548923e+23
-2.742177566284710416e+24
9.251363759234414698e+24
-4.921583432324627766e+24
-2.158044064241473269e+24
1.687580601006385782e+25
-1.754251580954383954e+25
8.232633889560543514e+25
1.616026231328080719e+24
-3.071244109007425428e+25
-5.085809296337736621e+25
-6.318594510587818770e+25
7.177308561378364249e+25
-1.347948440775754269e+27
-1.213818762165993230e+24
5.740123617400891258e+25
1.367846716663605894e+26
-3.990714223004077225e+26
-2.784119950139981452e+25
-1.140256360786354039e+25
-1.386127934548686711e+25
-6.469638992223467566e+25
5.820924424733895128e+25
1.913594691556712615e+26
-9.101519091007577939e+25
4.641385254174575063e+25
9.949675530331955804e+26
1.490760807512595685e+25
-2.808524504352343023e+26
3.817529265678837453e+25
-2.998823498430073536e+26
7.372505626278926189e+26
-2.009681786407041775e+26
3.195044771029091653e+26
-5.927338128699648256e+26
-9.656303643718181201e+26
4.238391697580161876e+26
-9.742329347424882407e+26
8.273911597089500347e+25
-1.906861248609772582e+22
8.752427701626745966e+22
-2.279283607934020354e+22
1.718382082547684087e+23
-3.041905321186142506e+22
-4.695355333593016230e+23
3.045263249386731439e+23
1.716999194807948341e+24
-1.240722973493006319e+24
4.905484908132759843e+24
-1.492020211815019975e+24
-7.794910073809981458e+25
-2.770670829102988790e+24
-1.935086538555690039e+26
2.671008080344423418e+23
-7.137267369447739032e+24
-4.910299653550999461e+24
-3.745633514532987412e+25
-1.476671678966312683e+26
9.101037619307920003e+26
3.028501899469537276e+27
-2.496719342935573078e+23
-6.658861749713851191e+24
7.452624499994738381e+24
-1.574515892768409902e+25
-9.604347360306652401e+25
1.290672766820669206e+26
4.072527094243033758e+27
-8.346468882347064124e+26
2.237492390856649744e+25
-1.590752824178465165e+25
3.898650346294492344e+24
-2.053797640801724276e+25
-1.167117533302056515e+26
1.789844062472106677e+26
4.376155618777712646e+26
-5.402457548228771793e+26
-8.646923694953042123e+26
4.219297153719225557e+27
-1.040390443931790742e+25
1.507837640188891983e+26
-8.086974104244158461e+25
2.063729841083064546e+26
9.028303818541911481e+26
1.550205463864490245e+26
1.542984914576597559e+27
-8.092585255094856060e+26
-7.979027390991437363e+27
-4.087921649230692904e+27
-1.999779682358925821e+28
2.562587620807182323e+28
-3.619559338006735131e+26
-1.092875326330221164e+27
6.356396164871257081e+26
3.050919879420071655e+26
-8.468774691481976430e+26
-1.325046686137852117e+26
3.899057015199023938e+26
3.348189688155248410e+26
-2.822643033595161643e+27
3.655092295335251165e+27
1.856018459958878773e+25
1.867155246292242538e+27
1.153074572748392629e+28
1.336526508199624377e+27
-2.706018915264958831e+27
4.969172813555198507e+27
4.168043701819212497e+27
-6.904545107587796838e+27
-1.042227437880312601e+28
1.697358304901001382e+27
-2.997414559536657098e+27
-3.531668178957079968e+28
7.760182653162369218e+26
1.012757692350288494e+29
3.313005518757059896e+28
-2.166130223038033713e+27
2.711435285921127211e+28
9.162929121310156309e+27
9.443587226423623512e+27
2.286976459217774943e+28
-2.957720124800577695e+27
-1.823313345375089358e+28
2.451210334483203455e+28
-6.297301584295745977e+28
1.331257529306608092e+28
1.109054298151071048e+28
-2.731809534475610083e+24
1.854778172176573360e+25
1.080502053691105956e+25
-3.627067915453809910e+24
-3.084634482217535240e+25
1.041022089720114386e+25
3.512736991214674295e+24
9.634549748558423778e+25
1.223280331787946415e+26
3.836478665199625888e+25
-5.864901223490712489e+26
-4.588968394706240702e+26
-5.348379517100146779e+25
1.262098878367933051e+27
2.276887844942222308e+27
1.490752869452189480e+26
-4.127756790614764909e+26
7.635953580304180194e+27
-9.576949055817677207e+25
-3.529632680345739925e+25
1.108597393548201787e+26
-1.049602483880818236e+27
1.369023554421584570e+27
9.112757927205450615e+27
4.637189377700364837e+28
-1.242613396119989240e+26
-5.496363528182558081e+25
6.203330225318599355e+25
-8.774834173231436875e+26
-7.204679264056391079e+26
-7.610715634748267736e+27
-5.462964346742051655e+27
-1.239995510885351552e+28
-1.228537732618848733e+29
-1.306304306414456245e+27
1.340614877027459894e+27
-1.941837327818398797e+27
-2.327036775116912491e+27
1.985891386596211702e+27
-7.581465024485548485e+27
-4.144481294796200661e+27
-3.262420765948136806e+28
3.617173165940990698e+28
7.305431988871902318e+28
1.967718597666558732e+28
-1.231821309575023600e+27
-5.809662292951994847e+27
-1.692221202085191091e+27
7.877814489419607655e+27
1.287347399024124543e+27
2.141840241338973998e+28
-6.082377366921773610e+27
3.592307959793262983e+28
3.371514776895086742e+28
8.043760134333157212e+28
3.941896427086159945e+28
1.366305406750601364e+28
-8.261620754993747927e+27
-5.064347366455768843e+27
6.117240844359425040e+27
7.906265333039804778e+28
1.231922677761827329e+29
9.132851684014645008e+27
-3.925783672651840710e+28
1.039564930621543830e+29
-5.873207778707281837e+28
2.026287882157887666e+29
-1.655579646591796626e+29
-2.117386895003489502e+28
-3.431438423363454017e+29
-1.272392114391529374e+28
-1.465753907731909935e+29
3.027419620107925277e+28
-7.066913605615129933e+28
-1.858851676681171745e+29
-3.520567244856795535e+29
1.474273430539826702e+29
1.233721506609951551e+28
-1.191099238847638894e+26
6.277026005792840743e+24
-1.629835832898743052e+25
-2.030100446603027654e+26
1.599756295676449189e+26
4.421567334632612803e+26
3.162385042777892709e+25
1.742455851057168275e+26
1.615104785816349238e+26
1.418164071639091701e+26
1.871210316743126997e+26
-4.222872550800078889e+26
-2.345840900085255707e+26
9.501142652322595612e+26
-1.646522831637861461e+25
2.970898870087168802e+26
1.186204181426699200e+27
2.413944763303942469e+27
-7.488568344830569898e+27
2.010304310827677688e+27
9.156598866910856441e+27
2.956095698346108518e+26
-1.132475712015962085e+28
-1.586615521890008087e+28
4.676419368892808884e+27
2.604396968753584899e+28
-9.326908424868493550e+28
2.546050966736582617e+29
3.865324256379795371e+28
-2.308304451417269783e+27
1.843695491868031447e+26
2.066360933064763161e+27
1.484770714455619228e+27
1.320082161264926623e+27
9.858581088655065227e+26
5.539308337508822019e+27
6.689964857000109395e+27
-5.446384158698604544e+28
-5.359904433061204291e+28
1.212838222800475458e+29
-1.140655936604831848e+29
3.584995229360440171e+27
-9.338190272132468475e+27
9.574984038775305035e+27
-8.971400087160519409e+27
-9.183368355182643641e+27
1.068616577755529630e+28
-3.621226142811807387e+27
-1.329923745654008536e+29
2.165367390365668286e+29
2.630657884516528521e+28
-3.799907539103249444e+27
-3.774598304266687403e+27
-1.200283564521367497e+28
-1.862263559795267359e+28
-7.795343170140585502e+28
2.620137111562653117e+28
-8.886310717370113315e+28
4.128593883942381061e+29
1.485536096496789862e+29
6.999183307954957265e+28
-2.732009194224713738e+28
1.815926074415103623e+29
-1.000388287008251414e+29
3.987471818807899611e+28
-3.588569473050303127e+29
-5.916666808505987271e+27
-1.302153425736286777e+28
-3.508143253421536512e+29
3.309961800897696069e+29
1.810052986379903861e+29
-8.518595577122921281e+28
-2.192214532617967836e+29
-6.986608028895445590e+29
5.393530480722964508e+29
1.647599136806145836e+28
2.787706374622066351e+28
-1.061548292646532014e+30
-3.949793835394422788e+29
7.302126835159845502e+28
2.899529865707839248e+29
-4.778791502734283225e+27
-1.705225662932415956e+27
-5.272411584344161236e+26
-2.874580084694869080e+26
2.373160581428852848e+27
-1.789250695770898299e+27
3.203462638984197630e+27
1.825520806750307740e+27
7.594462069389405178e+26
5.998835052705372489e+27
3.605845813493988624e+27
1.851538262852685706e+27
-2.642330062645125824e+27
-2.973974484366541837e+27
-3.099821079404181768e+28
1.150180130119516825e+27
1.425772150819355839e+27
4.135833612911768040e+28
2.181121753794044542e+27
3.028114288696885281e+28
2.406896002809267730e+28
-1.714338935981094877e+26
-1.167093589201303734e+29
-3.771105612165955857e+28
-3.024714704301722142e+28
2.701422939154182414e+28
1.315124803405785762e+28
-3.859793492098923859e+25
1.423440542105185910e+29
4.246998156202603228e+29
-4.364077115148734402e+28
8.699693100800894926e+26
-4.165490125166232340e+27
6.173601468313228903e+27
3.843156623693254176e+27
-2.374447094112343588e+27
2.987014345619396264e+28
1.914165739591663710e+28
-5.158302782568738594e+28
-3.440556978073745542e+28
-3.234511587256852262e+28
2.674472541707321229e+27
1.341906664284859914e+28
1.104175560303426298e+29
-1.614106730778781227e+28
6.774062745417650563e+28
-1.151288261829607375e+29
-1.150743861117970620e+29
-1.719674957256123371e+29
-3.597052070011995201e+29
6.879443082478508537e+29
-8.352461380521470749e+29
-2.754374466335042404e+29
-1.704880905640678610e+29
1.753236672781016970e+28
2.975435089322142405e+28
2.856504292528146539e+28
-3.139296583096925843e+28
3.480211361873060066e+28
-2.116812902456338702e+28
6.017694751844044223e+28
-1.561339971109866035e+26
5.820446227697803765e+28
1.829219636091475644e+29
7.290889674234132664e+28
-3.228900525787757312e+29
-4.466563846745031092e+28
7.981851193955426796e+29
1.439653955071423482e+30
5.499946062933788881e+29
-4.821680450337532891e+28
6.622277764288409325e+28
6.806671948010315505e+29
-1.547590632455894187e+29
-1.540616339446449317e+29
-6.462880346805478839e+29
-7.280255893641184217e+29
-1.168183227576524601e+30
1.333615421439382770e+30
-4.903206464709222387e+28
4.415631252587796657e+29
6.855337289818694511e+29
-5.817915619730528602e+29
1.191390895401029516e+29
1.453331831153512258e+30
-7.333721922729304386e+29
-2.871696933029587626e+30
-5.755347017671625743e+28
-9.409156476865127842e+28
-2.380988808207889620e+28
-7.508203361051198919e+28
1.678187385261465181e+27
4.015059506854259429e+26
2.617144107318072012e+28
-1.350448231617481439e+28
1.721348835704569627e+28
-1.910014480389580492e+28
1.715638241452367249e+28
8.676181985445984414e+28
1.752316846304823086e+29
8.460246152549216940e+28
1.098221837765440186e+28
-6.727842663712072386e+28
-5.006353023207182797e+28
-3.245798298409312052e+28
-1.017074455942300947e+29
5.741744620868606301e+28
-5.986355386315308372e+28
-5.595586670014396153e+29
-2.359594447487909115e+29
-1.999393701573557765e+27
-2.016088973256208452e+28
4.979969109637067156e+29
-2.042381635763613626e+29
-5.279043832662705786e+29
2.484499017492523634e+29
-6.209520104538741240e+29
2.435391158022182038e+28
-1.642768735439373930e+29
1.544307511091243968e+29
-9.124039424637231267e+28
-2.213396880063686099e+28
4.936743424417211205e+28
-2.285840968337834184e+28
-3.233054094566978236e+28
3.186868412496091072e+29
-2.726998653258164080e+29
-5.966047232874428572e+29
3.692450318848904037e+29
-2.672899326224562306e+29
-3.088044793994652662e+29
4.874267515852067441e+29
-1.094607813433840503e+29
-4.323089103154510712e+29
-7.036185184093993071e+29
-1.148228524839907110e+29
8.465751950887623766e+28
-1.465827325428932825e+30
1.350108679306117657e+30
1.306946920027032791e+29
8.697343485889856575e+29
-2.034901158235793870e+29
-5.098254749169194049e+28
-1.568085436552906850e+28
-3.408424425678416036e+28
-3.200917664136150641e+29
4.699970606875000232e+29
-2.617680802198380560e+29
1.447846400710782697e+30
-1.678855046035672390e+30
1.149797565559500593e+30
3.563909751320336891e+29
1.859734539858778066e+29
-3.368543032259647008e+29
3.321610539784503196e+30
1.252771419354142030e+30
1.385365242551127655e+30
-4.782257120192508441e+30
-1.156524708134504893e+30
-2.439984552472228835e+30
-6.120449812484176564e+29
-4.783023834049247150e+29
-4.732458250902038431e+29
-4.626533225721369504e+29
4.874900587287073462e+28
-1.897166386050700916e+30
-3.439386622432254675e+29
-1.941227800088687401e+30
-6.052530972488864703e+30
5.712386508281189242e+30
-1.031659850820379489e+31
1.099356798105222782e+31
-4.807240417236945875e+28
2.299281767484818842e+29
-1.665085761553650961e+29
7.606905474173727985e+27
1.210456109412806587e+29
7.225144001889490435e+29
-3.322123770032464838e+29
4.091212440056663043e+28
-1.293506192391555735e+29
3.673640181702996605e+28
2.822510449958249566e+29
1.163610876153066334e+29
-2.130072598814026185e+29
-2.161795381474380888e+29
5.526239175137895929e+28
5.708523864686662653e+28
-1.020037748776648202e+30
5.681366728327530108e+27
3.610211181363395138e+29
-7.356758717221157122e+28
8.361581164099937076e+28
1.518573704806826953e+29
-3.169165173415072582e+29
1.425607250360806608e+30
7.401312926944465442e+29
2.187424522688046362e+30
-4.099619167075621017e+29
2.218553679441218882e+28
-4.394381181389277096e+29
-2.258346961650659696e+30
5.117730513224587520e+28
-2.200646805494521669e+29
8.961929304400809713e+29
-2.115170040957581332e+30
-1.263219027193003786e+30
-7.851006172890853636e+28
-3.670989631931212833e+30
6.041140927570933025e+30
9.574429118638380909e+28
-3.501630190660345069e+30
-3.688739834499514186e+30
-3.801906347795406674e+30
-4.483612577799139479e+30
9.875953897106582347e+29
-1.843030825796322197e+30
5.464954996896529652e+28
4.946505122488434333e+30
-1.631119655115145026e+31
2.116405977509697152e+31
8.175352520780863982e+30
3.751462944806029603e+30
-1.137091283084453892e+31
-7.924344601831135456e+30
1.515978106291670746e+31
2.651347550618902935e+30
2.759616089514842337e+30
2.818022021849581415e+30
6.246271720548884655e+29
1.398426582287806651e+29
-3.768332347074151821e+30
9.516837534306238204e+30
-1.447208049630593792e+31
6.275360315032870554e+30
-7.686300423012210265e+30
-4.711233322235828189e+29
5.332412969658057106e+30
-3.626713521084804531e+30
-2.458519431708891490e+31
1.932705520052450969e+31
1.071212421250291102e+31
