-6.271111955675872000e+15
-1.157231640059571200e+17
1.123817322744895898e+20
6.351135544764208251e+20
2.684435097791802900e+21
2.204004411031251059e+21
2.291806728071635010e+21
-1.065767290988924817e+22
-2.971554523901214149e+23
-7.223792688521803776e+18
-1.627399120682290053e+20
2.474003313314971517e+21
4.487414452519752539e+22
-9.400879341112660486e+22
-8.556846818859869327e+22
-4.815356520037557113e+23
-1.057220295942026362e+24
-8.011942243777994885e+24
2.774320928484381164e+20
8.223751437252957307e+20
-9.596105886309420106e+21
3.823947660785572066e+22
-6.504695134701908866e+22
7.529256876094398367e+23
-4.543275745175575319e+24
-3.759348304343620781e+25
8.072160170713446961e+24
2.539396464113190175e+21
5.487524358052117689e+22
-4.601463963937620886e+22
-3.442137804936351203e+23
-2.125561195878418867e+24
1.502254069826141297e+24
-5.981467698721276931e+24
-7.654574576223854961e+24
-4.972763365711334927e+25
7.158913802804949898e+25
5.563807000717181321e+21
-2.713768712016229931e+22
3.347314543345069625e+23
-3.645016654320571704e+23
-4.918638084232476612e+23
8.873991387841468721e+23
-1.079421790946594492e+25
-4.059711458021213301e+24
3.602553544560955946e+23
-1.734586289358274919e+25
2.070814223795935108e+26
-4.451702656744541121e+26
9.743634120418976072e+21
-4.246526674180526404e+23
1.705256986300262503e+24
1.665806784392153275e+24
8.891262519358460157e+24
1.049476137722591254e+25
-1.062005755637514993e+25
-9.203659350270468591e+24
7.490054051601092889e+24
1.912868735403298396e+25
4.891159405713051329e+25
1.373039751076324981e+26
-1.494320746197312904e+26
-5.079836129670189482e+26
1.478555805172994408e+22
1.348908249095479568e+24
-7.707941310353413300e+24
-1.200823314897411312e+25
4.364016888022845631e+24
-2.835653251462988103e+24
-1.080827604067839368e+25
1.619767263568733006e+25
2.009678964875861125e+25
-4.629140771222837029e+25
2.923795786203219025e+26
-2.239371303292589013e+26
-2.416630445279469969e+26
-1.118312665669103153e+25
9.880078538658584009e+26
-1.031764932494979152e+23
-5.075091996176138979e+24
-6.383222227719349642e+24
-9.003757411925515673e+25
2.408138673324717912e+26
5.310226269182938776e+25
-4.419617953770518293e+25
4.532110860252417692e+26
-2.159824550876430481e+26
1.791908204965174653e+26
2.996102140496276365e+26
1.766665813670592148e+26
2.803119280263128717e+27
9.239494871502094667e+26
-7.482240807339596962e+23
-2.341339986517971743e+25
-9.064409233430802741e+25
-1.863929756591540323e+26
8.755585680914907923e+26
1.906092172680893289e+26
-7.199742341790953808e+26
1.182770398297020202e+26
-8.389528468323938502e+25
-8.084770505883667682e+26
-1.376917388409044639e+27
3.896690757308837998e+26
1.426133045314820364e+27
6.127932419519460147e+20
-4.911731667969371013e+20
6.525585007015152845e+21
5.595376154317254820e+22
3.174614338804231491e+22
1.151645566448977775e+23
4.996305861066457770e+23
-1.053589475809807670e+24
-5.022142952343911950e+23
-3.512875207201647065e+24
-7.583174325979810430e+24
1.664145518218014746e+25
-1.849969601284049898e+25
-8.080688297317675628e+24
-3.968923433108704285e+25
-2.418249085741348091e+26
-1.122751093119167664e+23
9.530556825192475719e+23
9.361402234508173801e+24
-5.336850913284865703e+24
-1.875433131728761468e+25
3.998765958201675313e+25
8.988644489301750042e+26
-1.590274013476838618e+27
3.739451222642044122e+24
1.126920497689873074e+25
-2.012269637292281579e+25
-1.122373666806802346e+25
5.857754443507885153e+25
2.461446465392949643e+26
-2.569633197222844310e+26
6.076700177662014591e+27
-9.643108694752277604e+27
-7.028237374182126174e+24
-2.649230475703883410e+25
7.306988825669409108e+24
-4.997594987181936015e+24
-9.502811158277620461e+24
8.486413102997051009e+25
-7.871674340344993250e+25
1.633489025357929442e+27
-1.299737079992346015e+26
-3.533167842776213498e+27
5.210630969557741476e+27
9.812995146959494094e+24
-3.021158787966928066e+25
7.135609990125951521e+25
-5.443761411751983805e+25
-3.671902675705214455e+26
-1.238633900842181907e+27
-9.747515639463341456e+25
-3.083815981812255822e+26
-5.475744913697494300e+26
-1.031560856439409161e+27
-3.698642430076207584e+27
1.750139869367540465e+28
2.408584082503695807e+28
3.587746508748329668e+25
-7.522410809906211680e+25
9.631717069222425736e+26
-4.246252057690445938e+26
-7.637577258259264578e+26
-4.153466682601665115e+26
-2.285646408635678213e+26
2.534664679616532582e+27
-1.033522374759055217e+27
-3.753712129745435865e+27
-5.232355488531451809e+27
3.457904518390844867e+27
5.370752545516060900e+27
-3.432871653462016775e+28
-1.174666677020050560e+26
4.718573391200775955e+26
7.764432956503760341e+27
6.977780410441179121e+27
1.142787871895803227e+27
-4.727776430625968643e+27
2.190481200737002673e+28
3.439510590247108147e+27
1.839353476884092927e+27
-4.023147992252578623e+27
-2.186483834029449065e+27
-8.715413339758969882e+28
9.573474905446072424e+28
-9.477575633899648928e+26
1.026068515992711287e+27
-1.456379819405789493e+28
1.059776531442306878e+28
1.758555021738461526e+28
-1.735218638481535601e+28
9.597138088692563991e+27
-2.920104685088348999e+27
-3.477922624515621663e+28
6.596039694491551591e+28
1.611822062875399659e+28
1.521726403137566705e+29
-3.838191144139046110e+23
-1.030680299390733623e+24
-1.203423186402367697e+24
1.272872482243311955e+24
8.553001244524613542e+24
1.273229173659501566e+25
1.054291876005093162e+25
-9.280972563469798578e+25
1.123410599706089581e+26
6.772967948851775325e+24
-1.242694511427934557e+25
3.000017495041528850e+26
7.264937547362429360e+25
3.947217124447996322e+25
-2.299506202473042746e+26
-3.151794863411654377e+25
2.837003634802540515e+26
2.187360558124031069e+27
-3.915132350335758610e+26
-2.281183022636252804e+27
-3.832642351194227025e+27
4.117723696551239755e+24
-3.667890980071665593e+25
-8.759220321373491456e+25
-3.238932908877237696e+26
5.294235710377538496e+25
-2.083922649994225572e+27
4.225305002365836599e+28
-1.899777044667856593e+28
-7.414453513535530770e+25
-7.146918225990677833e+25
-7.224607153020059314e+25
5.200827653869245862e+25
-1.469466064191415431e+26
-1.873110653210269029e+26
-6.439944894270842751e+27
4.700212971022599361e+27
-1.303169423675950096e+28
-1.438969687539048757e+29
-9.584393466932493591e+26
1.000676165056815169e+27
2.157302138111195834e+26
-8.489117678742701293e+25
4.878708112305442377e+27
-8.279481666347318361e+26
6.229965439150117479e+27
1.837670119243860633e+27
-3.606306708421412683e+28
-1.084265287076195447e+28
-5.926351454939997075e+27
-3.762998762540468278e+28
-1.306331280701018252e+26
5.737032640530675802e+27
1.339105336680111039e+27
1.818222329200763995e+28
1.075066831332752442e+27
3.448341573631887959e+27
2.692589517753300608e+28
4.008435445752049581e+27
3.264176844130788557e+28
-2.367558894248605057e+28
2.326417600529371466e+28
2.515311391842374327e+29
-3.144954977700778106e+29
-1.272234851750435606e+27
-2.039855650639034088e+28
-5.475502506332764105e+28
1.120087885830830414e+28
6.940254695127695931e+28
-3.131563367289617935e+28
-1.595005786741403992e+28
-4.150982825759582473e+28
-7.160364126863739003e+26
-1.071315516656924937e+29
-5.030903069100817901e+29
-2.039603599164584274e+29
-1.617009473187057213e+28
1.624103814203881965e+29
-2.403680156365167489e+29
-5.575577845540141570e+28
1.904896740536287565e+29
2.997818516631975205e+28
1.011221845761805005e+29
-2.159609339499940197e+29
2.574271309979688131e+29
-4.824753268202104894e+29
-2.602631839868392370e+29
-5.058047525186162209e+24
1.491078099557469832e+26
8.091919901892591245e+25
4.528036866068835341e+25
9.773987498706723158e+25
3.737952980221980111e+26
-1.506173339262968224e+26
6.418690153324384589e+25
-8.062165743803488431e+25
3.439208169028039796e+26
-1.940580727667589011e+26
-2.477633995273902409e+26
7.467219119450848767e+26
-1.041222837586105063e+25
-4.292493282903589155e+26
-5.231213947345111603e+26
-1.348715284816348118e+27
-1.495809387774473340e+27
5.574445282796668356e+25
-1.205274877383252011e+26
4.991254789090955881e+26
-3.756567361970143582e+27
-7.367659905156522855e+26
-2.510720709833062640e+27
-1.285039968335536593e+27
-1.027219464183933348e+28
-2.743346630512114576e+28
-3.195714743252847423e+28
4.565871451675520014e+27
-3.231313938689303272e+27
-1.702608984127447091e+28
7.484760799572200503e+28
-7.771583091646730084e+28
8.521402821362588821e+27
9.720736431288881494e+26
3.206201686395527642e+26
-1.438154379181629635e+27
-3.557185292484137893e+26
-1.603237739976164829e+27
4.785818540929437706e+27
2.187558040811114213e+27
3.290308907728529288e+27
1.579809078696317718e+28
9.943981969792006010e+27
9.356613305503848741e+28
4.119146747506036940e+28
2.827974912774441699e+28
9.916832557549406201e+28
-5.790170787575908588e+27
4.239683243605241303e+26
5.966751721992068105e+27
-1.165960968352410052e+28
-1.430327067157988665e+27
3.619412997139418177e+27
5.265686359070996744e+26
7.013142920914823230e+27
-1.157117956208175266e+28
1.699674553948454706e+29
-3.877877341836766457e+28
-4.368952308037578540e+27
-6.364001315399467816e+27
4.064378221761066976e+27
-6.303093770344373715e+27
-3.485654074408408827e+28
7.769739253422789464e+27
4.248088773577446307e+27
1.066094591161589567e+29
-4.280880713859429087e+28
-1.413986924982610732e+28
-3.434462756736192258e+29
-8.911450341272621610e+29
-7.159000079590318672e+28
-4.890968242393823617e+28
-6.797713722154305450e+28
2.623052782389870389e+28
1.226167626074105183e+29
1.755482965976800831e+28
2.140078251624231121e+29
-8.966308027360365386e+28
1.702329488529435938e+29
7.881880177138902718e+29
4.914445478695234395e+29
5.928551713436161923e+28
-2.737240832369431987e+28
-3.146469231466941116e+29
-7.318070123037494063e+29
-1.284605582981331598e+28
-7.460690419646385274e+28
-1.227859852052375426e+30
-5.361343717818565330e+28
8.178879341710272067e+29
1.503051753043648927e+30
2.542281022218289589e+26
3.896845485565214234e+26
2.475389881256678989e+26
3.262812231822206396e+26
1.804153257881333166e+26
1.888964790777359101e+27
1.754353137825769389e+27
-3.636378843102687971e+27
-1.887390746444466856e+28
5.640145870987396072e+26
3.443644021680935535e+25
2.690639248731810309e+27
3.149655654623408526e+27
-1.292900190579642183e+27
-8.532844352559818983e+26
1.643734205882610928e+27
-1.213537308481860794e+28
-7.540062856570476327e+26
-5.878637305977391534e+27
-2.887584665553859860e+27
1.033283506832937117e+28
3.782866721440446843e+27
1.379402815151494998e+28
2.702199482027266606e+25
9.713561996490951674e+25
-1.303252646353721008e+28
1.094594012351326255e+29
-8.566595769203989488e+28
1.502786791395965410e+29
6.966234821918010487e+28
-1.644151672046635954e+29
-2.452014901660046992e+28
7.368027317544332596e+28
-1.908381548691121766e+29
9.959830249539936083e+28
-1.443345266731888223e+29
-1.339742363687264821e+29
6.158368970738294299e+26
1.014800402592906710e+28
-1.024466124943354896e+27
-5.026216967503577545e+27
7.408297472761215888e+27
-2.568635151100159471e+27
-4.239028852379291541e+27
-9.317737258838012470e+27
3.148490401803094575e+27
-3.562634046572094480e+28
-1.847835389905974227e+28
-1.696172997401841480e+29
2.138108640903185928e+28
-2.497188007298053377e+28
4.374063449120470297e+28
-2.632732916025755258e+28
2.210986528187343621e+29
-1.493754283604234362e+29
-1.185260671787762552e+29
-2.242354077894802835e+29
-1.534158102290874019e+27
-1.066297971046612297e+29
-4.985546179220292672e+29
-3.289658023478987175e+28
-3.394661188439410192e+29
-5.567123928194662447e+29
-2.178682131795891639e+28
-1.714626386347067731e+27
1.284313015557805657e+28
-1.287962343999420767e+28
3.538083462665203350e+28
2.080711515116274784e+28
2.814560980989902370e+28
-3.373119421997088853e+28
2.029812857618174429e+28
6.928453020876913295e+28
-2.710898707396130985e+29
-9.207702384609954116e+29
1.124547723950283323e+29
3.875806005531892036e+28
5.511740806988074107e+29
-1.516514183695524713e+29
-2.629447816979104326e+29
1.581635897448704560e+30
9.799053748961710831e+28
2.550608211392367518e+28
-2.753879159109916787e+29
-8.582224214662623747e+29
-2.230726735436359970e+28
8.478426461127796164e+29
3.550718861476633680e+29
6.876692141665503096e+29
-2.473532765478772062e+29
-6.811438948836531259e+29
-1.571605898738054178e+29
-3.623820299010457150e+29
-1.235729937547570091e+30
3.728563037647764483e+29
-7.935617898519441424e+29
-4.029070252175318424e+29
-4.165371662713725762e+29
-1.254300175229252332e+29
2.965485326564266472e+30
3.277000886518090861e+26
2.377225043168353365e+27
1.168708371402564442e+25
-7.881487089422780564e+27
-7.701966196111953861e+27
1.122202940682270625e+28
-5.942140022761724901e+27
1.820450513194323265e+28
-3.358682910746082001e+28
2.211847729657635940e+28
5.829253756303947026e+28
-3.418464235917691138e+27
-1.152278531638709910e+27
2.217487995739626537e+26
9.240299301544123832e+27
2.526157436790455345e+26
5.137683313872446069e+27
8.615316444739544053e+27
-2.125907956191430421e+28
3.001256118114205040e+28
3.106228838717907491e+29
-3.265087977220527867e+27
-8.704922417098841849e+28
7.524337808767699501e+28
4.345877775906378094e+28
-2.692660177068248399e+29
2.025042906965479015e+29
3.682503405713016828e+28
-2.623119596245193904e+29
2.017334286337610410e+28
-3.358562009031006531e+28
3.246354059221418506e+29
-3.378884571417967505e+28
6.335742223694689044e+29
1.885652224603062606e+29
4.047212817961263491e+29
-1.220464897112359758e+30
-1.398323215860386306e+28
-3.984183072815686034e+28
5.683352394478402187e+27
-4.677095161985857329e+28
-1.064080697446455228e+29
-1.477569571360694926e+29
-4.363635218592474328e+29
-4.730425389931077167e+28
4.774958925587668500e+28
-5.774807781272985336e+28
9.290362426710954680e+28
2.297743994641137753e+29
6.112024020369102122e+28
5.640065612780487551e+29
5.124624923512889964e+29
-2.241957165801500935e+29
-1.664098974317993868e+28
-4.895308095356264401e+29
8.135575694040000849e+29
-6.752028065929324029e+29
-1.356303380746217535e+30
1.716350383814280719e+30
1.695904629888958580e+30
5.081256420028927677e+29
-2.440544081551378595e+30
-8.849109890170384935e+29
8.364196578713427597e+29
-1.181962383631433755e+29
1.118322199766367449e+29
-3.444649527320426764e+29
5.121284482187526290e+29
3.046283764291696184e+29
-9.900126690424317846e+28
1.640769166886152247e+29
-1.193757300473470261e+29
-9.910218958711228998e+29
-5.640122000120860738e+29
1.250895025777179551e+30
5.546622457574175660e+29
8.486474763249173120e+29
1.459938599531882624e+30
8.476016467900126102e+29
-1.172857420997784681e+30
-3.539604880480994113e+30
-6.677048484708841905e+30
1.256303117063102499e+29
3.204551985832836698e+30
-1.052751933743988473e+30
-5.834179953006163286e+30
-2.402702950153133071e+30
8.847852517358806936e+29
-1.063873419002930508e+30
3.483950862877298016e+29
-9.938782964836244819e+28
-9.169979619352918705e+29
1.110124338979451227e+30
3.672532990111362396e+30
4.123724724962020011e+30
1.333381102319276794e+29
-1.686253058341823363e+28
-7.397637825566784683e+29
3.036542416664142157e+30
5.970204842628881695e+29
-8.621686802443940629e+29
3.053318910057107188e+27
1.726262026092450575e+28
3.702286375493100444e+28
1.260588585440731981e+28
4.859520321367268220e+27
9.559276418251735721e+27
3.203435648769117269e+28
-1.336792420556683100e+29
5.581901193549682645e+28
1.044136159451178417e+29
-2.757865878478795696e+29
8.673147504881024460e+28
-2.933655057844477497e+29
2.802518961560389209e+29
-3.655318897871748596e+29
3.710369887577140112e+29
4.546833127286650000e+28
-1.955118930086330047e+29
3.927029492539531986e+29
-8.735960246545631056e+29
-2.728222769160237584e+29
-7.535382730178391995e+28
5.607875000563233779e+29
1.541059029889552308e+29
8.909355815216300803e+29
2.811835925668270312e+29
2.203035075300138604e+30
4.304858894684069853e+29
-9.649710219307787967e+29
1.664030247255878001e+29
-2.643171404333436643e+29
4.175475162820845044e+29
-4.288288295988833478e+30
-1.885602801167775729e+30
1.646866946442984218e+30
1.391671929312735719e+29
1.492060525070706856e+30
-4.582702778947235547e+30
4.298724719622301875e+29
1.333205795391780379e+29
1.773257260145522460e+30
6.627128232366587491e+29
4.555230441798477462e+28
-1.484340985507566890e+30
-1.664464895051915947e+30
2.224579160138049919e+30
2.368225664083706144e+30
2.357188004625164396e+29
-3.904034743512961632e+30
-4.875137892406881877e+30
2.804140086440196168e+30
-4.604101662337296392e+30
7.236917761048083145e+30
-2.707027344080677164e+30
-3.342414961431619122e+30
4.348134213429689315e+30
-3.496111520250251216e+30
4.581329316246689561e+29
-3.262113492825445506e+29
-1.635941810043338669e+30
4.684314612514496531e+29
-3.017620893624071461e+30
4.324131563358998801e+29
-1.403668523424542078e+31
-8.367566867744831236e+30
-3.079217956848878145e+30
1.716275249779844507e+31
1.388499463065119229e+30
9.939143885373075956e+29
4.078467099040520976e+28
9.670444843446521309e+29
1.302774224405892588e+30
4.118949039511866193e+30
8.441494930833819776e+29
2.015377022930983525e+30
-5.420424072555881744e+29
-2.199097494392135592e+30
-9.204574340026387482e+29
-6.287970140644025763e+29
2.399190226574929181e+30
-9.320202374164701639e+30
-1.727471278876396308e+30
7.739064056119664600e+29
-8.650586714316975503e+28
1.841409454961062027e+29
7.526682951288828095e+30
1.939460580539608800e+31
-4.534271543764825569e+30
-9.621864738617939460e+29
-6.962797221825147699e+30
-5.495598072058676223e+30
-5.994545739604757579e+30
3.590191834928157726e+30
7.154258495682961543e+30
-2.238640358639944165e+31
-1.179238084488397440e+31
-3.359700608549762602e+31
-4.953881351304320160e+30
4.693475151774679203e+30
1.279894046136498880e+30
3.809941174584360229e+30
-1.114883720081070081e+31
-1.913880861162067165e+31
-2.770446507398388494e+31
1.084526692278521009e+31
-2.629078546713848686e+31
2.895979399807849362e+31
-2.082847973158522757e+31
4.837509866467553280e+18
8.719125500554464461e+19
1.312208650675997409e+20
-1.192933471432094515e+21
-1.165886243812907287e+21
4.679152466721536737e+21
2.427477944475008683e+22
-6.880906675360946245e+22
3.989812094398413537e+20
-4.980013469129336422e+19
-1.209836337468291626e+22
-4.063285457730317949e+22
2.692012345819020489e+23
-9.056560739818873637e+23
-1.550000512244294892e+24
1.010626848011570117e+24
-1.369285429794037563e+21
6.195583036269562692e+21
1.890949821187251723e+23
-7.492424787361859612e+23
-1.346849153119008670e+24
-4.298965833636511736e+24
2.567695847972088746e+24
1.353872867473529807e+26
9.849239740527711093e+21
2.360721927490024925e+22
2.099930020371822019e+22
-2.718852265139917669e+23
1.167167305302676041e+24
-1.011534978037210006e+23
5.038014963999221207e+24
7.318207778457899099e+25
2.434755538055791479e+26
2.765352511464391395e+23
-1.709764142792418536e+23
5.188352690922159090e+23
-1.853986371565193286e+24
1.738248685181199129e+24
8.579199576612540028e+24
-9.516301512336571336e+23
-6.623359273288544454e+24
-3.882071883297387098e+24
-2.330075156027418274e+25
6.387786644081088577e+26
-3.774866750956554840e+23
-3.933908768858097786e+24
-1.766732784206576827e+24
-2.258163175966876736e+23
-2.304635051294021774e+24
5.754508726742550225e+24
-4.982798266184242324e+24
-3.444601197707766040e+25
3.426599646908511353e+25
-8.453825277363385553e+25
3.672787819103744827e+25
1.951595339416414014e+26
-6.295321219702551138e+25
2.515506528076487144e+23
-4.754403976907667544e+24
-7.313180396849842260e+24
-9.441450471992667578e+24
-3.882172610626427878e+25
2.487565002153063225e+25
1.281670693099530544e+25
9.029877036981920171e+25
-1.479740128768314535e+25
-2.387606360419163878e+26
-1.780087056594089709e+26
-4.773995708962646456e+26
-1.533987880325903021e+27
-5.290511098697764242e+26
-7.362252560784257037e+24
-7.015481949532429978e+25
-5.858802681619346233e+25
-1.146165878059531806e+26
1.065590102259678917e+26
1.136409896665242309e+26
-3.780060238300878183e+26
1.908940366698655000e+26
-1.336583244103134355e+26
-1.439911071926863689e+26
-1.503502199326147525e+26
3.923030847353802977e+27
2.620174057979154166e+27
1.101601711112776070e+25
-2.631584359274622592e+26
4.714518633261421053e+25
-1.344825179809551867e+26
-8.893133605101010823e+26
-1.547985238439844409e+27
3.356959544013031776e+26
1.566906115938138673e+27
-3.262571399276958445e+26
-2.134347533692559713e+27
-5.289207776354899789e+26
6.343128623445961969e+26
-5.075377611414172389e+22
-1.777997374527055719e+23
5.260544210487560278e+23
-6.621721318245040914e+22
5.928206502448444368e+23
2.187702626981241072e+24
1.499079296771833268e+24
4.956074497167072453e+24
5.001119457240734100e+24
5.845506601259181197e+24
-6.663278259353896417e+23
-1.081586321840409267e+26
-1.098871678501477245e+26
1.957703467406743881e+26
2.856078171824301162e+23
6.767156001288315029e+24
-3.460913295914908020e+25
-4.194736963852203501e+25
2.010467754977409031e+25
-2.340145760259718392e+26
3.460644638875892183e+26
2.225192153684051941e+25
1.845192734283274996e+25
2.004047461347745495e+25
3.598760346576002059e+24
-1.914440252968106703e+26
-4.459225379424751904e+26
4.438338443820203068e+27
-8.472032105213755559e+27
6.255753413795230711e+25
2.431598278873487287e+24
3.577680593710939147e+25
-2.684319142850663511e+25
2.307267020052060114e+26
-8.436122781022217629e+25
-3.025161479074666930e+26
9.556373720394654503e+26
-1.931537035798256655e+27
6.528157250404898093e+27
3.866922115262494772e+25
6.308316373838901925e+25
-1.699619633147657549e+26
5.595236538223947443e+25
3.115701488594857095e+26
1.585206189642988088e+26
8.410059252712132042e+26
1.602519804887952768e+27
-5.298808061585374478e+26
1.961141360013524108e+27
6.874862336463543363e+27
-5.513382323594917917e+27
-3.107735367618316754e+26
-3.536344100179194349e+26
-1.414081903618412592e+26
2.005001593951701417e+26
3.684669153769912441e+26
2.868137849626496838e+25
-1.183043756759206587e+27
1.439408969271639178e+27
-5.463640459525843908e+27
-5.678665897378965349e+27
3.961082125513155433e+27
-5.848905071424655952e+27
2.425307531820571677e+27
-2.500154476964632701e+27
-7.610746074600602261e+27
2.561879729472747434e+27
-4.138484055738207991e+27
9.229008096908781257e+27
-2.592014352087395520e+28
-2.436710935866747903e+27
4.815439475674785544e+27
-4.797395159168338478e+28
2.332599272799674238e+27
3.721643508961423449e+27
-9.780688648219593703e+28
6.021833907648465264e+27
9.136142415111292157e+26
1.504929301097924755e+28
-1.673738433497641128e+28
3.649042399617842840e+28
4.804187847568302163e+27
4.152605675778164883e+28
-1.057438640940974119e+28
1.592204223470075385e+27
4.334412494813176694e+28
-4.152442034148044471e+28
-3.368395757680327395e+24
1.779489805585717990e+25
3.421003714324706911e+24
-1.617264585474144637e+23
-7.698432722011689213e+25
-4.012878158477747483e+25
-1.219918361428734420e+25
1.436851854195184099e+24
6.275475294148923938e+25
6.273721799974842894e+25
-3.328981158250357645e+26
-1.957772030571378050e+26
2.003051625110544651e+26
-2.431714382598527682e+27
-3.853921957382548172e+27
1.230485950291777635e+27
-1.979565924369952539e+27
-1.023127581840827241e+28
3.855114655113107732e+25
-2.890675604386711140e+26
-1.276095483611698997e+26
-7.749024483728046383e+26
1.663391803673495926e+26
2.235961546695068190e+28
1.140384608629923765e+28
-6.186451801690381692e+25
1.703867469828511919e+26
-5.907443120406813286e+26
-1.937900693441243680e+27
-1.428726163532958820e+26
-5.007920499878983718e+27
-1.280313245425461516e+27
5.679832920594109925e+26
-8.282256933956030759e+28
-1.705009119679377253e+26
-9.425109364872546769e+26
6.638026167415299769e+25
-2.484120136265978050e+25
1.988704383964527326e+27
3.734405667680079653e+27
8.843731548007525069e+27
-7.680085891893400646e+27
1.578982361482742213e+28
-4.333401869442287744e+28
2.502190829201512821e+29
3.230794490840589523e+27
2.877273027279483214e+27
-1.130865779603388839e+27
3.626779196330612207e+27
5.889426344548323073e+27
-9.917996067344599929e+27
2.669653769256062127e+27
3.692495550172326206e+28
-6.249373844449914268e+28
-5.726864529483926581e+28
-1.411141890889987038e+28
-1.433656353779394126e+29
3.579974944155200608e+28
8.134639752307773182e+27
2.323540462686375525e+28
1.940657506102413249e+28
1.418901769882369568e+29
-1.658770291998186366e+28
-4.248335650055053385e+28
2.296503024608313143e+29
-1.000364448765205054e+29
-6.326182606136804601e+29
-2.802014393840961358e+29
-2.958966894929272746e+28
1.973634002987482065e+29
1.265746328998346655e+28
5.406229350326075484e+28
-1.068878330249800890e+29
-1.006843621765338613e+28
-1.604940891654586589e+29
3.338964086574800145e+29
2.742371403194469963e+28
-8.599763935323924020e+28
4.129298902489815222e+26
-6.680642919999662128e+25
-5.415718125762896247e+25
-1.328069731128315691e+26
-4.494999852508452998e+26
-5.198730906818765051e+25
3.031857504375656166e+26
-6.992274994949120610e+26
-2.067195995823489270e+24
3.138524600326312908e+26
4.672414409781997827e+26
1.566838772315535603e+26
5.274541214877480252e+26
-2.314632001245286602e+27
4.213984946650408154e+26
2.855064592721745369e+26
2.150614246251590607e+27
2.418848363185254058e+27
2.296651525455689470e+27
1.492318215493694282e+26
-1.696045930578719180e+27
8.027573641487274207e+27
-6.826169449275867607e+27
7.061145526990608855e+27
-6.967945576825096976e+27
-2.040569489539044846e+28
-9.195932253941937246e+27
-4.274840495682828908e+28
1.597653619536229055e+27
-1.291299051862099991e+26
1.049052170671823083e+27
1.877353800345724868e+27
5.755376349816942033e+27
-1.164899160672618415e+27
9.421436778275350801e+27
1.984642619885396426e+28
1.103310110093359038e+28
3.834096801639603082e+28
-3.270036713725575719e+28
-3.869381715138732984e+29
-2.326441390848171105e+29
1.666112606650153005e+27
-2.193444262333327208e+26
-9.149303384454584147e+27
1.334083575411010155e+27
-2.146056353860596538e+27
-5.287455617934300913e+27
2.107038365136878075e+28
5.813730582649650275e+28
-3.232045362243939092e+29
-5.605060769071563680e+29
-1.785544501986237229e+27
-6.580952410320505045e+27
-2.351958000673407823e+28
-1.331695646505462631e+28
-8.474691529256676350e+27
7.069195950814898514e+27
-1.140217813471414227e+28
1.317112516105945233e+28
9.719898031589537256e+28
-6.816018078825024355e+29
5.041521237296191299e+29
1.142930192937661832e+29
-5.838261533751481638e+28
1.154639280664770949e+29
3.659547907997484423e+29
-6.753376283125380815e+28
2.674324765179928268e+28
-4.489875147706109564e+29
2.720072012696119196e+29
-6.620169718678481409e+29
-2.526720666137321638e+29
4.725179471688288327e+28
1.621500950717604376e+29
-1.742873560378369054e+28
-2.198442598227476596e+29
2.703558051655561607e+29
-7.506206911091008103e+29
7.902645145001837161e+29
1.208010475938440934e+30
4.803191691570415680e+29
4.649681026931020280e+27
7.991813198959390536e+26
6.749394634937186179e+27
1.313775515404807654e+26
-8.174112625708872912e+26
-2.807561679375784289e+27
-2.776161934492997170e+27
-2.198510713182936663e+27
-2.883859459584453466e+27
-1.219522829077961795e+28
1.332054799977733824e+28
6.930314402885184375e+26
-4.150002252340868858e+27
1.641385370764777438e+27
-1.523878115136777442e+28
-3.245688137107436525e+27
3.827539265520839818e+27
-4.512774596899137165e+28
-5.473717087355764041e+27
1.211469142495809319e+28
1.091767136950556846e+28
-1.599238513614988719e+28
-7.606335166456582536e+27
-4.303597587630710451e+28
-7.166762097709360926e+28
-4.752967745177154711e+27
3.681660414101554511e+28
3.224331811807432283e+28
-2.739414950290729434e+28
-1.274972699062906666e+29
-3.568984742976241300e+29
-3.124441384886314611e+28
-1.167207343038758491e+28
3.912035561422412011e+27
-2.058955497688550612e+26
-1.092747446518044108e+27
4.394992966827876912e+27
2.726704028666760819e+28
5.914952047855721961e+27
-9.277027631688890708e+28
6.257811358321444133e+28
1.896295206699824728e+28
-1.339216365846320477e+28
-7.798133055611101090e+28
1.776812709971748459e+28
2.568516600270430328e+29
-1.484547604648848587e+29
1.381338408917700838e+29
-6.016278807920857828e+28
1.450778212031467166e+29
8.341119194548133336e+29
-5.946734116367482517e+29
-3.173425055038537233e+28
2.856901069398673418e+29
-6.345525927644844878e+27
-1.509180176189069216e+28
-9.746966998274934395e+27
1.039256315372968234e+28
6.123731287545854065e+28
6.112632977113117852e+28
-4.486239623573618504e+27
-5.853644486019039359e+28
3.215919165510419028e+28
1.730287768757257008e+29
-7.256312173618468414e+28
-1.174028779390814201e+29
-3.277668277134321461e+28
-8.719754743596534413e+28
-3.149393522034161180e+29
-1.828148032064550686e+30
-1.168957154001807083e+29
1.851724308207047194e+29
-1.020532682418324098e+30
-1.849306051761584229e+29
-2.793090187316963602e+29
1.978385824741860976e+30
-5.846425739015783068e+29
1.972521486615290003e+30
-4.526837572018057324e+28
-1.039078259493484684e+30
-4.695155712679391156e+29
-5.851528516261911519e+29
-1.809048682264275857e+30
-1.242516750846346472e+30
-9.561665768236459518e+29
3.195781604576657319e+30
3.417189718644668233e+30
3.882660696460856466e+27
9.499886066161197791e+26
-1.049723765833333711e+28
-5.841144139626483379e+28
2.339148251641110181e+27
1.790915257890982727e+28
1.615526399692510167e+27
-1.535779155898367266e+28
6.394504551511716685e+27
3.455044780388160531e+28
9.101433978325719429e+27
-1.071816417131920492e+29
2.386570393535878722e+28
1.827234872375860945e+29
-8.603643003773632072e+27
7.612837683966131413e+28
-6.816964459377131514e+28
-1.282110779920233591e+29
-2.557597664767316620e+29
-3.639505623415345805e+28
-6.340500209203785065e+28
-9.117104694649494977e+29
5.761999970498145691e+29
-3.336660506935252253e+28
-1.987974421808591530e+28
-4.436042541698530264e+29
-2.106312931037010251e+28
-9.396868965872333003e+29
-5.529147482553401198e+29
-4.488430593324806244e+29
9.948868690844971568e+28
-1.849464247988158490e+29
-2.560369960090519140e+29
2.661246948137063952e+28
9.750724557486409862e+26
3.415332136983463469e+28
-1.460929833545776841e+28
2.180348976570480434e+29
-4.930487818031425363e+29
1.109221424015903265e+29
7.371505775159924885e+29
1.988561809630749442e+29
3.720540039161604157e+29
2.256168305253292122e+29
-2.354735708990919385e+29
4.889989123095858173e+28
6.559945501569450576e+28
-6.457739816185287948e+29
4.563118390569756319e+29
9.992337125032473513e+29
1.613641025141114076e+30
-1.823823838992266610e+30
7.076159346010039728e+29
-4.480083807501413642e+29
1.192101941755551680e+30
-2.082533113692846980e+29
4.748074353816467212e+28
1.376186581397280522e+29
4.048604033278992462e+29
-1.321594695753430652e+29
-1.465414430946013710e+29
1.243748910009684248e+30
1.226725016802354874e+30
-1.186361595672823438e+30
-3.217591149328644349e+29
7.964578071451927135e+29
-5.203687481562596201e+29
-3.738101394893984575e+30
8.725813954449941975e+29
-9.688271948283778725e+29
7.348512453672690522e+28
1.650265329661657882e+29
3.541153435779464856e+30
-3.611310299150901698e+28
-2.524212429574058854e+29
1.031720081800451980e+30
9.364800414561448530e+29
-5.118191843707813335e+30
-2.527096967569194730e+30
-5.821914694774992750e+29
-4.878571604292180704e+29
-5.285467114055070402e+30
8.291743929583842551e+29
3.912546110411400061e+30
-5.541394438193900691e+30
-1.378241501391139765e+29
-2.675290306215535144e+29
-2.239005407616756962e+29
1.836225401771592571e+29
-6.550429541066852634e+29
-3.439033946385449509e+29
4.646239505423357806e+29
1.290874360119898000e+28
-5.408093935136556100e+28
-3.842086222221422119e+29
1.130489100236987047e+30
2.545122432889619884e+29
2.588480783127208071e+29
2.605441025565944379e+29
-1.184269092030202755e+29
-1.177914806375802276e+29
9.959213673172037761e+29
-1.820716486168145904e+30
1.392139844212658153e+30
4.177427697721027195e+29
1.879557095560529325e+28
-1.545439919934693238e+29
7.096341864976165338e+29
3.822349999042512278e+29
-8.969570655756184288e+29
8.331980806686637701e+29
-1.529551719904328419e+29
-8.026060645707723423e+29
-5.522671354162883640e+29
-2.393587042480442283e+30
-9.485163196157002002e+29
3.409932248060839528e+29
1.894649163496180168e+30
3.658430928508822163e+29
-9.223077675727443325e+28
-5.532135677270245601e+28
-4.096121466785627344e+30
3.706718276859247810e+30
-9.277182620972912721e+29
1.789010797941675894e+30
-4.968678586788600242e+30
6.015902408297913934e+29
2.802481775126233726e+30
3.125898471370735486e+30
-1.066104260154696471e+30
9.760121731121129059e+29
6.542849712714914631e+29
5.171531670009127060e+30
-7.000938718696404346e+30
4.621364753297458163e+30
1.296713064284233712e+31
1.777847590775099144e+30
9.360936981743233305e+30
-1.070432723882616248e+31
2.692187608200557421e+30
-5.027762930954509952e+30
-1.616717086314600686e+30
-1.590949506108571337e+29
2.688469929955103836e+30
4.005227242905918710e+30
-3.989925434146675127e+30
2.153283390902968073e+31
8.373249743427494637e+29
-8.896581314172085215e+30
-6.732651694936522284e+30
3.318714625388878821e+30
-3.432557308959188319e+31
1.380991568567770568e+31
2.695956231715792249e+30
9.213633622608930582e+30
