-8.210598730444424000e+15
-5.537919087441590272e+18
5.052344216636729754e+19
-3.124143297720301650e+20
1.902247547539843711e+21
-5.491291875297418281e+21
4.206432739277234242e+21
-2.798186090962385633e+21
-1.659791669754499328e+23
-8.311476811413174272e+18
-4.017045279397707776e+19
-2.886829138556350366e+21
-1.717609577522724759e+22
2.360724242736768614e+22
-4.217583895985163621e+23
-4.156842839126952641e+22
-2.345670846754902120e+24
-2.132637121067621486e+25
2.741540119500046336e+20
1.393010360959521469e+22
1.644113160905137167e+22
-2.291169992138194934e+23
4.760007571628734064e+23
6.733387847171884607e+22
8.193049800624072353e+24
-1.116062128559159931e+25
-3.101638013797290432e+25
-1.570462302605330088e+21
-2.929730657370319408e+22
2.071753191525478417e+23
-1.643705254474683808e+23
1.919812181267638020e+23
1.595237711299763321e+24
-8.753945144677782541e+24
1.632579724413970293e+25
-2.397944981559947866e+25
-4.597887718635078389e+26
1.192103460474957542e+22
-4.126971723196762423e+22
9.123972541721428760e+23
-9.019960354164320879e+23
2.109858663182972999e+23
-5.629553788513255602e+23
5.801712651486967510e+24
3.541326882113564969e+24
-9.134224979120964342e+24
-7.913625340214727387e+24
3.820101217382022003e+24
1.829014346354018479e+26
-1.382318348835356253e+22
-1.005474200774183620e+24
-8.746143462204356333e+23
8.725212223138318703e+24
-6.578449807318917707e+24
4.084895556260009699e+24
7.559027760309856738e+24
2.232586647654133190e+23
5.518182038720572352e+25
1.424978401016780904e+25
4.766099614090300880e+25
-1.878913562636588029e+26
-1.402551444449223771e+27
-1.470699943295392324e+26
-1.819002458548137152e+22
7.480912069241920731e+23
3.811863085055310456e+23
1.940308986662015459e+25
-1.989352500120942066e+25
1.680366500605650433e+25
-4.036609189457930790e+25
-3.708453148028728831e+24
-1.207331202633004774e+26
1.601075790601353392e+25
-1.955473933117477260e+26
3.090241827181645344e+26
2.464977427005083367e+25
9.506103659715517462e+26
8.826591207515435168e+26
-7.831078233005799925e+22
8.825698394387771227e+24
2.359216028199014127e+25
-3.257872907552279753e+25
3.982807680625744868e+25
-1.831299395531916062e+26
2.714740717168906735e+25
4.872917348672711871e+26
6.996087382096191435e+25
1.318730774754052273e+26
1.128147423834871936e+27
-3.263407938965189311e+26
5.090088452926874063e+27
-6.117908001269114760e+26
-2.942567416167241131e+23
5.448471660442590915e+24
1.299882249188251720e+26
-3.033094520787445024e+26
5.678984611681949954e+26
8.621734074443203682e+26
8.627788514157247274e+26
-1.712800854482332125e+26
-7.851822814417559677e+26
5.978908277015077365e+26
-2.380315427023831820e+27
7.475674468456095057e+26
-2.277225972851508941e+27
5.693354776315055309e+20
-4.038911097856606601e+21
-5.106361702812173625e+22
-1.473379031112714342e+22
5.024454442659966720e+22
-5.196016566062921328e+23
-1.501878327484512196e+23
1.318399400004691065e+24
-2.613252057697370925e+22
-2.472695383972182785e+24
-7.749719593768540596e+22
6.165648536315331267e+24
1.762910784847332914e+25
-3.977336580164653010e+25
9.844400675360638778e+25
-1.335644159394301931e+26
-1.898509145564498415e+22
3.102689124063336087e+23
1.598947190981011383e+24
3.582367222753143251e+25
6.911431140959745082e+25
5.880243206731292481e+25
6.294302729557829422e+26
1.898136995602338662e+27
1.286324691277137763e+24
1.963860994712746542e+24
1.273048301388282596e+25
9.900626921124053886e+24
-3.957085514802735664e+25
-2.022675332242526303e+26
-7.201012514129060837e+25
2.837453164066471923e+25
4.931109315721079023e+27
6.195352616136906360e+24
3.177940848505945142e+25
-1.063694887577306431e+25
-2.339072816520429510e+25
-7.260865814234646788e+25
3.887669856735080156e+26
1.549907292696569900e+26
-3.899902867482241842e+25
1.031233279046920806e+26
4.630245590366733687e+27
1.946071449192716543e+27
-8.489906546127968032e+24
1.375304531481914459e+25
-1.308855209319152419e+26
-3.250640449019638604e+26
1.405883917306900040e+26
-2.500710678139419118e+26
1.170079166869958304e+26
-1.091870673753217749e+27
6.844934238425995283e+26
-5.901008403198585511e+27
3.955149730320302425e+27
1.201162618788344863e+28
-1.198766038397199280e+28
5.067391021284789019e+25
6.693623053505622874e+26
1.386552507150066028e+27
5.763899634982635360e+26
-6.104174718908587740e+25
5.424307198594813248e+26
3.126287054717306105e+26
-4.235086140104190483e+26
1.693858146736941195e+27
-1.752765808421105262e+28
-1.020565793730252728e+28
-5.876153392441648335e+26
-5.237270546258357260e+28
-1.398389746904775509e+28
1.918180967282937765e+26
2.638785856030958775e+27
1.755251533076343372e+27
-1.331795945965895744e+28
1.440506615810995538e+27
3.133460713972696617e+27
-1.206114263648333480e+28
6.849316075291853949e+27
6.380214444936039371e+27
-2.592420189509719014e+28
-3.501370643209802229e+27
3.979196037478009472e+27
2.412762816537036083e+28
1.036614485221114436e+27
4.950917616094100224e+27
-1.539926801541709797e+28
2.664591925522362838e+28
-1.637622701006504458e+28
-1.392593834775785572e+28
3.911962775764807348e+27
5.361511432691060853e+28
-3.693852805658496805e+28
-3.813824416224792732e+27
1.996976314713907295e+28
4.214437658020503549e+28
-2.615039507766031816e+23
1.144031507261080237e+24
2.632633892461739470e+24
1.409470893725181997e+24
-3.642179770943342989e+25
-6.461672096204466799e+24
3.187700619598547124e+24
3.468184260958856023e+25
1.508791148287553592e+26
4.758255307515200514e+24
-1.086532723190168450e+26
1.157968881133723311e+25
-3.687875741230150095e+25
-1.990474618160765033e+25
-9.423910731298538686e+26
1.345876672668632021e+24
3.820087337781867957e+26
-4.055571161164290861e+27
1.810092768047180944e+27
2.548861351919403417e+27
-1.079667910962698379e+28
-7.266117284864148176e+25
1.717216245013399422e+26
-5.136117948381693311e+25
3.083381012195859038e+25
-1.941258015331276399e+25
-1.232253738526468379e+25
-5.947252035927249414e+27
2.706170332196773221e+28
1.848517176545842378e+26
-9.358214422243353116e+25
4.024616459090480497e+26
-1.297610872713924946e+26
1.529592546906490693e+27
-2.168246324898133190e+26
-3.578093775623350534e+26
-7.499801120823186561e+27
2.215646990760641139e+28
-5.489383369632000291e+28
-3.739123171475658895e+25
-6.839785766696077968e+25
-4.521650954966008697e+26
-3.655016009032879227e+26
1.625449713011154770e+27
1.295562188177369767e+27
3.554550311866899696e+27
-2.999246477909870422e+27
3.183707322354684845e+28
-1.544043169149733214e+28
1.094778640267061913e+29
1.096420042316049677e+29
-9.819701378970316306e+26
6.187569025309736440e+27
5.861699087812658546e+26
-7.164700403446099618e+27
-5.205438934022862721e+27
-2.794047736625302346e+27
2.912328008915788773e+28
-6.120415348416177468e+27
4.806302538064418529e+28
-6.441043986894145105e+28
-1.615836637855680959e+28
-1.886801763816965040e+29
5.280077587310063651e+28
-5.388982670176774478e+27
4.199904698972308868e+26
-5.692942702341290308e+27
4.116821533761171838e+27
-3.895837102079054217e+28
6.232157534001849516e+26
-2.926359691326290817e+28
-4.045143395262556943e+28
-3.225423108846153068e+29
7.583446271907353791e+28
8.651621942420709647e+29
2.073219625512078281e+29
-4.272005989921246543e+28
1.076658856964859443e+29
1.146319202461559277e+29
1.105363239578757633e+28
-7.896116231110457888e+28
-5.608634926515919623e+28
1.387890551592294282e+29
2.917408883044762558e+29
-2.689747326433815493e+29
1.262629216793355572e+29
2.411076151513848522e+29
2.112474529982328724e+24
8.863843978337676228e+25
-5.866315007711535560e+24
-1.736249538224856248e+25
-2.208409481231752609e+26
-2.492271172290663362e+26
-2.560201853135678212e+26
4.766032886485047396e+24
3.304352054375855280e+25
-4.660362961532698081e+26
2.275669081020027001e+26
4.213369370263002596e+26
-3.164548233912352184e+27
9.859947682742119420e+25
1.673106070373152535e+26
-3.765595220152886709e+26
1.392759726596267633e+27
1.970608656865558168e+27
2.435904407191248384e+27
1.430646241671006479e+26
-1.966851985785030495e+27
1.820170774299785734e+27
-1.382845681721707496e+27
-1.483525813147141698e+27
1.902925824391437846e+26
1.612916152607641812e+28
7.824010022517499769e+27
9.109261773036756098e+25
-1.040611809393829275e+28
1.988626940830023959e+27
7.982154746115346743e+27
-1.045499746275490838e+29
5.692443681655163745e+28
1.111400195897407043e+29
1.418339509910751357e+26
7.297888196935746782e+26
1.985914870679813140e+27
-2.162138514048441760e+27
-3.898593068050827851e+27
3.676469499991384950e+25
-1.963837528806560242e+26
-1.379083140615320746e+28
-5.637426587997673008e+27
-2.484464996210055817e+27
6.232700484723730344e+28
1.988286452098053572e+28
1.248925058833649824e+29
7.651706214826872530e+28
1.649158588134646821e+27
3.407904371270859366e+26
1.903989185956284635e+27
-2.228858924944413171e+27
-7.571088178076620982e+27
-6.195935457526845475e+26
1.784266781876553693e+28
-4.849922063641759124e+28
-5.621769185622868021e+28
-1.922588673667716118e+29
6.317093865327299109e+29
-3.527196722515468567e+27
1.456328235375495589e+28
8.581191832108007541e+27
1.688184616773467753e+28
-2.409806506669218849e+28
-2.782011768300956540e+28
5.233508131138643965e+28
9.573718662796335417e+28
7.545865692876386892e+27
1.173852711523965143e+29
1.022597228769538445e+29
-4.217549346640049677e+29
-2.493482478382814659e+26
-3.136996202164207060e+28
1.199940567749293716e+29
2.166550149690410005e+29
6.155610882477760502e+29
-9.403194912977072447e+28
6.580271022826453953e+28
3.845336477903579618e+29
3.071547653998288797e+29
-5.503301499417452361e+29
-1.522071687874369410e+29
1.669434203179684543e+29
6.196950762494767572e+29
7.200595804434899036e+28
1.023356042035761132e+30
8.666354755973134240e+28
5.810250055244979534e+29
1.559940917804966535e+27
3.991379158511465830e+29
6.851877088942896519e+29
2.371663270295764135e+30
1.252109811992317445e+26
6.237601758727727831e+26
1.297148239525790813e+27
1.265651614711455177e+26
-1.200981448311149122e+27
-7.363163168634759607e+26
-1.927101404616189630e+26
-7.504334289201642222e+27
-2.062271263952260021e+27
4.006429667387392905e+24
-2.891469646796935295e+26
4.138874771954843765e+27
8.441265474840480187e+27
-2.355064895577811992e+27
-7.866043735588086924e+26
-5.174682949863325730e+27
7.890409608482653881e+26
1.676245813649536895e+27
7.233791505765638626e+27
3.461569311875167628e+27
-3.820243158102403488e+27
-1.903166067159695530e+28
1.635690229202531256e+28
5.678333645064992612e+27
1.940142562988693848e+27
-3.185306727506786083e+28
-6.684287481020102673e+28
-8.499429751285089388e+27
-1.662040782578670996e+29
2.372683531397610528e+27
7.992422666694153539e+27
-7.371689642182173543e+28
-1.066872415694493138e+29
-1.729153087772844045e+29
-2.254075472383869796e+26
2.553184913793181169e+29
2.610713185016920795e+29
1.204824175561852969e+28
5.687917160387088623e+27
-1.521863518449219324e+27
-5.725313525594680188e+27
-1.564455805987843717e+27
-2.290080800774026040e+27
-6.862621248302536565e+27
-4.959834916306050625e+27
-2.499702488691756941e+28
2.327179748841843838e+28
-3.420711410615539537e+28
-5.986943222556274712e+27
3.951094276893898761e+27
-1.671634296989340291e+28
2.069384292820025397e+27
7.773007709682041180e+27
-2.369074094084630115e+28
2.074824146366848407e+29
-1.466216685103609813e+29
6.597034423294315167e+28
-1.542145908670086688e+29
-5.282842441420880868e+29
-2.643585610834329459e+29
-3.981850092156703995e+29
9.066720655217776514e+29
3.299539112404221130e+29
-5.949900513410047763e+27
1.028058474139507686e+28
2.603642041786014039e+28
-1.963122502469716295e+28
3.310062096564135492e+27
-3.864555363752510783e+28
-1.793412473933583101e+29
2.227473424129247446e+28
-7.243004300568478462e+27
2.742513035513576579e+29
-3.564058272260390355e+28
5.617598892262865847e+28
-1.105558951105209648e+28
-3.350277841416224163e+29
-6.474803920574104999e+29
3.664801444849068425e+29
6.407040387531990473e+29
1.347526198613918818e+29
1.210408872031264934e+29
-2.783984251876324410e+28
-2.409336055362763953e+29
-6.084908578890910563e+29
-5.498216833960181315e+28
7.543150626514247319e+29
-1.104540283972450967e+29
1.702453994520427617e+29
4.017023970735724056e+30
-1.524574630991215102e+30
3.412790911860400618e+29
-8.744747309577925590e+28
5.483570083838570751e+29
4.815352231046454756e+27
-5.650440344731466776e+28
-8.933862234457680656e+29
1.089937692252882802e+30
-3.788300721061718431e+30
-3.545268146471610920e+29
-6.855713813575190585e+26
1.281499880333439739e+27
1.160236645898750249e+28
-7.784056641328740206e+27
3.196099593338526085e+27
-1.117845741571279656e+28
-2.454304431954754622e+28
6.338754222572059678e+27
-3.834024930287944434e+27
2.409435556646143473e+28
1.478616471002801782e+28
-1.167271997846394007e+27
2.439469115327564108e+27
-2.126723152939720559e+28
-2.390332234136278622e+28
2.573061764695008491e+28
3.945199914000605026e+28
6.815920891100481822e+27
1.328782013813464604e+28
4.380879804207939297e+27
-4.658621102374687723e+28
-3.796168069625859209e+27
-5.591441465673370867e+28
-2.522688447155592327e+29
-4.040654065902580221e+29
-2.246385112965374993e+29
9.434821926822248207e+28
2.390661181536151012e+29
-3.029005418906856697e+29
-1.506711959592249169e+29
6.330756713311393080e+28
-8.548575456967116772e+28
-1.676309906391198312e+29
5.166305779544646976e+29
-4.564089583821573602e+29
6.710596068150834983e+29
-6.765468942576582391e+29
-2.728125820189416273e+28
-5.469384149661483895e+27
3.340153658799830784e+28
9.165904976605853163e+28
2.452880133122252816e+29
1.364600070994425807e+29
-4.302490868068943653e+29
-9.017817465165574656e+27
-2.170210079467346064e+28
6.593642061190899297e+28
1.091124203717403134e+29
4.972223882070184988e+29
4.644106617375848191e+28
3.741879762833867405e+29
3.416938132520579062e+29
7.024203988662068289e+28
2.567199410965197259e+29
-2.495467027098024300e+29
3.585704120703220097e+29
4.992533647680923437e+29
1.319353128472562937e+30
3.972431678749862867e+29
6.237052685162997402e+29
-2.922858558423383453e+29
-7.621686359655383404e+27
-1.740015613138220615e+30
-7.434921449175284052e+29
9.919564255476537053e+28
1.857958297546156112e+29
6.251058435459189265e+29
-1.754128248441231043e+29
-1.652467125139174678e+29
-2.069441622907784059e+29
4.112476313768806586e+27
-2.419090541578235727e+29
4.148503681020727882e+29
1.382587979672927934e+30
-3.945589917976418927e+29
-1.466277344442782204e+30
1.446362162117977678e+30
9.682145334984199833e+29
6.435232873769451455e+28
-1.014313999455608733e+30
-2.850545862387942029e+30
3.245253540968598012e+30
-3.123102508647693376e+30
1.208886942042977486e+30
4.930487837759789745e+29
-6.489203064006843367e+29
-2.337212493983212634e+30
2.245540753880713530e+29
-1.894150899584225499e+30
1.978073151167988394e+28
-2.283881985879618315e+29
1.049421037649894308e+30
-3.616031391669994159e+28
4.055049763818806930e+30
-1.206410174864186461e+30
-1.271841687253938213e+30
9.427814259785235337e+29
3.358706324530384085e+30
-8.547096520451337450e+30
9.488646402506819109e+29
-9.394014684944642622e+29
-4.211337353645755260e+27
4.388071437288175334e+28
-5.357019773316635240e+28
-1.684837354086545286e+28
-8.466604280439420034e+28
-8.934511227655964078e+27
-7.506846313944909621e+28
-2.865153617250447579e+28
2.463692870610388538e+28
-1.565002730107429441e+29
-1.871376408088471898e+29
8.572366110216907539e+28
-2.675311940428623054e+29
-1.289012627582326575e+29
6.005690417890453270e+29
8.868864289646097930e+29
6.596090335737839906e+28
4.030829069187532507e+28
3.652373752904334064e+28
-2.741040432265247435e+29
1.044712750480851647e+29
-3.462321522443155748e+28
4.691804391267982087e+29
-1.442877348048298122e+29
5.811274287545821342e+28
1.069226426585537525e+29
9.285915543097174683e+29
1.502489337457267754e+30
1.905597502531040563e+30
-1.434162206756785417e+29
1.692199969858002261e+29
8.744123504644916395e+29
-2.828682295816100788e+29
7.116088298845684435e+28
9.128333493830687066e+29
3.049211916247450276e+30
1.604764181923014450e+30
6.856113770373666052e+29
1.890695897792936686e+29
2.981049361842479223e+29
-1.161035130535152093e+29
2.107934814442301427e+29
-1.729841433499329220e+30
1.003551043583830697e+30
3.193876702533600776e+30
-1.174507584919524040e+30
6.732673501487768530e+29
1.804196173797765103e+30
-1.955766882689232800e+30
2.379135629275930836e+30
-1.618833493866203784e+30
1.073182307595581635e+31
1.878260972852452971e+30
-1.006794152575862840e+30
-3.647206985668590493e+30
-8.395467385710290993e+30
6.164358529767689674e+30
2.710387761367731610e+30
-4.029241952092945463e+29
1.371287857088667081e+30
-1.740139190711702200e+30
2.013484710010906660e+30
4.124784052735416224e+30
-6.782327377603532460e+29
-1.151328762969922693e+31
-5.599422824251022242e+30
4.898707572503206952e+30
-2.097945706367552233e+30
-3.845538143582303944e+30
-1.340795593523686978e+28
1.140193695345936596e+29
-1.143037860737752402e+29
2.520459530036071149e+30
-4.354307820224340787e+30
6.401637828484427325e+29
-2.461766515079163556e+30
2.357430986135589817e+30
-1.296925956207172169e+30
9.017348454879945488e+30
8.938668129471828451e+30
-8.042966881531463943e+29
-1.286967990488373752e+31
-9.935845143601218102e+29
-1.602489024709744720e+30
-9.496379374931645557e+30
-1.155339641409768103e+31
4.028123532939683007e+30
-1.091356876434600145e+31
-3.511581882077860889e+30
1.555110390044445987e+31
-2.619896605080074436e+31
-9.272912536839929631e+30
8.553648540673383360e+30
1.252602805520170120e+30
-9.470908199010075471e+30
2.677491460816455020e+31
-4.103301674580706697e+31
-1.405211615042000578e+31
-2.258774946617529406e+31
1.200927817215377683e+30
-3.677680371542694706e+30
5.202587936914558056e+30
-1.403234088453221028e+31
2.649282623659377145e+31
-4.249298804333601228e+31
1.357365660991078473e+30
2.566536854057612031e+31
-7.431924745629238218e+30
-5.284916672067495936e+18
-9.983386269841552179e+19
-9.315536441061002445e+20
6.188609590616706253e+19
7.230984406911173263e+20
3.621410665922639167e+21
4.963528177875147345e+22
6.328646542391316054e+22
1.415575013099844403e+20
-4.194397705507453272e+21
-5.625827456283526876e+22
4.556300039798108088e+22
-2.725454671490539544e+23
5.191276737381522924e+23
-4.960741644556518713e+24
5.304386145127787152e+24
-1.112708099340426543e+22
-1.218469019686632266e+22
3.093651579715166625e+23
-1.222070947802793286e+24
3.470017261786305554e+24
-7.409145829416925443e+24
-1.960716937553649859e+25
-4.125282194724355343e+25
-1.334662676648567819e+22
1.274518098198518479e+23
5.617532974609956833e+23
2.332418788545744352e+24
1.989566452933873149e+23
2.419473155209651080e+24
-9.166388057975574298e+24
4.852059997132115167e+25
-2.981035158756643416e+26
2.977861665778659827e+23
3.031454664924914789e+23
-2.533295964681775511e+24
3.106671707399607506e+24
9.920291666783018523e+23
1.313598552887920778e+25
1.602598905717280943e+25
2.978259850368761112e+25
1.892837270792469513e+25
1.373766080201788400e+26
4.717146373586013466e+26
-6.442514294569380442e+23
-1.766158920634486177e+24
-9.980723997959734635e+24
-6.096495694973585897e+24
1.068532273690537799e+25
-1.027851372190079829e+25
9.418049264213712186e+23
-2.217304435929468576e+25
2.921400067555789776e+24
-5.208927476660378092e+25
-8.774335094030357371e+25
-5.855616506270934312e+26
1.619921543727499569e+26
3.393507644025728246e+24
-7.144862885400249513e+24
3.633111834774788484e+24
-6.859516261388314758e+24
-5.870484415767310893e+25
1.638447938877612447e+25
3.246714528083065838e+25
-1.796626217449231723e+26
-2.055053408407382573e+25
9.711344058798916189e+25
-2.589639181459679555e+26
-5.025410723073820465e+26
-9.524312402035116418e+26
1.265690010662474382e+27
1.487061326752846111e+25
-2.523060490409985139e+25
1.701221035813718182e+26
4.663809670922814490e+26
2.812567945249026527e+26
-1.255919320797715874e+26
-4.652703825693800777e+26
-3.434737520758168210e+25
-2.752371413035255181e+26
-1.136474166423315416e+26
-3.401501273747139308e+26
-3.330707721380143533e+27
-3.132852357468941370e+27
9.267558774601042455e+24
6.516818150093549046e+25
1.713970227456817544e+26
-5.154599622214734758e+26
-5.101953311637844514e+26
8.114407018092458278e+26
1.908734817856679943e+26
-5.149906725334196498e+26
2.308474316834510357e+27
1.500588168171271491e+27
-1.240560102556895563e+27
1.008313679582435670e+27
3.730069812130401904e+22
9.608611989019552645e+22
-7.965379711534110448e+22
-5.240248613359909884e+23
-9.355405250180165088e+23
-8.112346263180978327e+23
5.089522420006455031e+23
2.444890169933085534e+24
3.482595971585370915e+24
-3.001139718811341172e+24
3.353156544756019397e+24
-1.335995980852002044e+26
-2.708658076613890761e+25
1.003871436784334595e+26
-9.741064182860279060e+23
-7.006346760453789984e+24
2.561196011438540392e+25
-5.434429077397521407e+25
-4.231326409731156267e+26
-3.842735643894485274e+26
-8.083303121872433550e+26
1.940156674646521560e+23
3.016350415273418599e+24
-6.486661287175347410e+25
2.827692636149263932e+25
-9.906796457730044909e+25
2.557846335800478486e+26
-4.630235392753410134e+27
-4.192415284864233465e+27
-5.023059262400771509e+24
1.931291916904912173e+25
1.720776242888965980e+25
4.471594199732978275e+25
-8.070634550109949152e+25
-1.860318897565831456e+25
5.460815549351164929e+25
-8.391006490357683116e+26
-6.133299761460714022e+27
-1.572258941189084143e+27
1.346437051609267534e+26
1.130482326740656472e+26
-1.224454344864986659e+25
-2.379376826474900030e+26
2.502497494991673977e+26
-3.100895194999927950e+26
-2.242473620566294334e+27
1.059021334077097890e+26
-2.617144296532691696e+27
-3.637602681242315638e+27
-2.936708651828527978e+28
-8.921098313005487429e+27
4.195935607370989657e+26
1.558841292843496645e+26
-2.106344396846789324e+26
-1.617080088413307739e+27
9.922347074021707533e+26
4.909683294773624132e+26
-1.140837611688497644e+27
-3.070898140947754253e+26
3.666946615087216890e+27
7.768734383337167813e+27
-8.361367435409432915e+27
-2.959531016807238007e+27
-8.178379302273766295e+27
1.048268487450576070e+27
-2.161910557509856819e+27
-1.503762039044932387e+27
8.961923954482353724e+26
-4.675752079097100957e+27
1.296257205083146276e+28
-2.784504444681851847e+27
-9.042031733634829990e+27
-1.649501264684227879e+28
-4.022293938886508074e+27
-6.952617917500936033e+28
-6.238479593092790280e+27
-5.398807556706443294e+27
4.555328490989150333e+27
-4.785173592903417044e+28
1.392469509688129998e+28
-1.583602395048469657e+28
2.298730344889646482e+27
-1.435420033093997898e+28
-9.927728931977537679e+27
2.216790920185969616e+28
-1.181017482770765300e+28
2.580949316557419055e+28
3.765258417424612794e+23
-1.158719600605921295e+25
-1.082198301195360477e+25
-1.275913422551721269e+25
-4.778337347437260790e+24
-8.294491515224996870e+25
1.230976774357406312e+25
7.894799216009094500e+25
1.777942087585312845e+26
5.218833791732810210e+25
1.472341815667963101e+26
8.666210005254648890e+25
-1.466261249692840907e+25
3.201933094499417397e+26
-1.245300093784136866e+26
3.488864373000619283e+26
-3.966298704763538508e+27
-5.269023803078720429e+27
3.473953131844245497e+25
-2.244241707863682734e+25
-3.732374996050377469e+25
2.259919096039684859e+26
1.719354767768984395e+27
2.010526034502226369e+28
-2.667153425162861507e+28
-6.427650290557956711e+25
-1.278042598416653088e+26
2.199113140900338220e+26
-1.942745831893727974e+27
-7.368886252819603820e+26
-1.363601255883753174e+27
-2.469526675513698071e+27
-4.026321623584099499e+28
-6.821624664765694845e+28
2.465381388252397149e+27
1.306498303831007772e+27
1.891793509086091903e+26
-4.165039023850002317e+27
4.594485904439080240e+26
-1.123704563541665332e+28
4.391120487695091562e+27
-1.512887750113650785e+28
1.522742776405675737e+28
1.781052450385195887e+28
2.075936538341410248e+29
-2.467793808306749805e+27
4.248517188006531438e+27
1.005037755485279885e+28
6.209853259062384645e+27
-8.145335433407746964e+27
-1.565098658353341029e+27
4.514249556387072391e+27
-2.623780112155922788e+28
8.679578089443606337e+27
-4.168946512863363145e+28
-4.159882282237633045e+29
8.984441135570740334e+28
-3.213773730667912416e+28
-1.183623030599088511e+29
2.040449923374937658e+28
3.717282539641708321e+28
-3.190976462711045730e+28
2.271367620267291945e+28
-2.110551655467233589e+28
-1.445567792934646502e+29
-9.647783661202775468e+27
-1.378231131007735427e+29
-6.813833178994362857e+29
-1.641547848830947409e+29
1.842975787355321438e+29
5.110634763395013203e+28
-4.826340387188788282e+27
1.113239722718651159e+29
2.880839192877317005e+29
1.351435044777399591e+29
1.903122960829216182e+29
2.529831925621914610e+29
-4.334754857100023023e+28
1.214604236836198483e+26
-1.305733525080828577e+26
-5.328880577130217497e+25
2.865670484738970650e+26
2.182455264885120409e+26
2.816906805117624799e+26
4.494229299238314932e+26
-9.837755682444320624e+26
-5.966787446081259617e+25
-1.286269319026218408e+27
6.967133907828984251e+25
1.572818374751255439e+27
1.615835359513373045e+27
3.815291286175384906e+27
6.615428772352691581e+26
-6.388645059582093521e+26
5.691693093315908376e+26
2.592481231746947308e+27
-1.529545461805806534e+26
-5.707344992447227179e+25
-2.771292359802498046e+27
2.730594712441363680e+28
5.959376239009895919e+27
-2.568761678688940005e+28
-4.117269196149095953e+27
-3.838708423882286987e+27
1.636998121812094127e+28
5.350662637717372425e+28
-7.547798447607059830e+28
-2.276926917288377379e+26
1.515882262067964258e+27
4.841927951387849439e+27
4.556820701254575649e+27
3.554139707024095745e+27
3.384874300537930315e+27
1.153956186205065617e+28
1.759996805141010679e+28
-3.654455429155135456e+28
-7.945129637019421128e+28
1.049144094229070504e+28
-1.445947430950926673e+29
1.734664855161633372e+27
-3.476577142585095562e+27
-3.867427532390434512e+27
2.991247369733215127e+27
-1.698199350622133826e+28
-1.417361646119864156e+27
-4.542084529160360890e+28
-7.296352267853030733e+28
-3.529105674092150307e+29
9.131833151762925877e+28
-1.133031445744888624e+28
3.969234376957043609e+27
-1.269593315405635031e+27
1.597465648426923480e+28
2.992081600401842518e+28
-2.560257654772484224e+28
-3.854150747180078023e+28
-1.512134663477113122e+28
-1.625794939524897773e+29
8.973023756493875030e+29
-6.195137550881279570e+28
1.691619261129787479e+29
-1.187749495793054604e+29
-2.366114253919866081e+29
-2.907940486760790884e+29
-1.018889279911203292e+29
-8.133207825238962890e+28
-1.810838985513398185e+28
1.403878940473715992e+29
-6.440751072061261611e+29
-1.670360278778224988e+30
-9.367563267582105979e+29
2.288671870764207656e+28
1.013465578805739566e+30
4.253812809569098040e+28
-3.993746867725647443e+29
-6.102147615831368627e+29
2.050440848651741587e+29
-1.226583053430734878e+30
6.741483180159692128e+29
6.902865957193203294e+26
-2.488955609466905090e+26
5.708236025042668377e+27
-8.466875887976252529e+26
-1.327048351009458335e+27
-3.618792527520224187e+27
-1.106957865085309615e+27
-1.147489734783616025e+27
1.317225215275229718e+27
-1.356702583966521057e+28
1.996008642781576093e+28
1.646276502584539416e+27
6.811442962306444921e+27
1.505100915224339060e+28
-1.167836299776802709e+28
-1.286698812293097631e+28
1.299585312428743457e+28
-6.479005061221856239e+28
5.913226274895083127e+27
4.083126339830262687e+28
1.688949044328849576e+29
-3.079366269055386234e+28
-2.883253004245620488e+27
6.769396407611164700e+27
-3.252595621099870177e+29
-1.470703903255121795e+27
7.319255779219954936e+28
1.256884339556112490e+28
3.230239642530870782e+29
2.637473265961819426e+29
-1.463998745717220698e+29
-8.756852809137348881e+27
8.559846514243436936e+27
-6.592705572960257081e+27
7.930127991857533807e+27
-2.214171446649666478e+27
-5.071906073451768880e+28
2.739793707993367272e+28
6.515511165425645988e+27
3.781463493100424876e+28
-2.867593596527083377e+28
2.409741664669747890e+28
7.241339914746557605e+27
-7.003440578676540320e+28
2.241666605657869117e+27
5.784429107146084409e+28
3.127898055653775895e+27
-2.262901723172394556e+28
3.400545639444179511e+28
3.128840955730326210e+29
-6.864225452528913631e+29
-4.507150530956567368e+29
1.922296367268819762e+29
-8.970091472516143669e+28
1.936842622624086784e+28
-3.399474314786612823e+28
-1.510155848840004073e+28
-6.104444523269205558e+28
1.011140830410254166e+29
-8.232054035318401465e+26
7.701747969201561641e+26
1.761824748329477581e+29
-2.353134281047613478e+29
-2.539548627625501816e+29
1.547155965066479553e+28
-5.852668913749621648e+25
-1.702777487512874247e+29
2.477553414031558833e+29
3.465287726408954354e+29
-3.992424099420676928e+29
-1.711710656157538513e+28
-2.521313733804342131e+29
-1.363078510580064577e+29
8.269669211299608384e+28
-8.128681668176341361e+28
-1.149277121835672729e+29
3.599087164248959885e+29
-2.370376602295802101e+30
1.407937857250765604e+30
-9.350916891707790570e+29
9.997889041079837628e+28
8.540298383556729507e+28
-9.592754324773795139e+28
-1.259182474104580307e+30
2.492561800584826628e+30
-1.716817900338645212e+30
5.390704327676466411e+30
2.401876685042405856e+28
4.602068160819007967e+28
1.076970466822088186e+28
-4.661954144544029837e+28
-3.634918838915171521e+26
-2.706424627073312087e+27
-1.309083584171540909e+28
6.718086620925856440e+27
1.961680759244337310e+28
-1.951849556063407303e+28
1.208402928790628384e+28
-3.395898295324017632e+28
1.253216491060727561e+28
-3.272113485651682064e+29
-1.078951660199451337e+28
7.720038495312632997e+28
-1.439471409600246830e+29
-7.896121312036826994e+28
-1.556513582595160496e+29
1.502474207305241527e+28
4.829717028260917078e+28
-4.477873525194146136e+29
1.018159711554826627e+29
4.304407929891680769e+28
1.597577778557973393e+28
4.222337055273720193e+29
-7.594278613817845051e+29
1.217456164423973342e+29
-1.883666957224085045e+29
-2.196134981806744027e+29
-2.921693194852686390e+29
-5.631783131779634401e+28
-3.371612311255410071e+29
8.777526729031138503e+28
-3.207027293000693630e+28
1.463674611969793721e+27
3.957545201231318181e+27
-2.254326080526313913e+29
1.327933566029584694e+29
5.774332748043196311e+28
-5.432587572134748766e+29
1.020744564958734490e+30
2.094899190859806252e+29
3.480768898121465437e+29
-8.186588505877556478e+28
8.663790832243502448e+27
7.058352088579342473e+29
-4.497904022517776241e+29
1.359643997850743410e+30
-1.029099814263645437e+30
5.653231194464254030e+29
-1.175347464879961475e+30
-5.771652442446460881e+29
-1.467192738054292438e+29
1.307306463182494033e+27
3.011384683611403408e+28
-1.652464470910330184e+28
-1.104283183023387604e+29
-7.331230216470060101e+29
1.760391900626959882e+29
4.667326414663397163e+29
1.901888459872374500e+29
-8.821155721591029843e+29
-1.439166607806038005e+30
-1.267028784604302210e+30
6.433980007675709471e+29
6.591260153168722403e+29
1.656502763587946250e+30
-2.853667391747997937e+29
2.821000021509069907e+30
2.314352388599729922e+30
1.864888061922119628e+30
2.027262278402979049e+30
-6.167208429138672745e+29
-6.374588615239241041e+29
-8.526497579019932707e+29
3.451109316612338126e+29
-1.442053609526888743e+30
4.178128053502516059e+28
-4.055044065544869236e+30
9.446921172945567392e+29
-3.020721647239024004e+30
-6.139140839161880822e+30
-3.408912349473428772e+30
-4.728783877542416496e+30
2.126455808800858114e+29
-6.534110738223153761e+28
8.879215608363929463e+28
-1.156645820598609627e+29
4.061034109193290420e+29
2.343594357019073587e+29
-3.240786514588364721e+29
-3.321074933149500784e+28
2.621606109199322415e+29
-1.047341798549045476e+28
-5.848993731390818495e+28
-1.150419224042283866e+29
2.467683818673684449e+29
6.297396946544473902e+28
3.319535818563655017e+29
2.645675758493401599e+27
-1.168756280661032350e+30
3.663698123276459051e+29
-9.037374449794774133e+29
1.168583334545751411e+30
3.797839308714092525e+29
5.208251967195681357e+29
4.876182494653439500e+29
-2.332531416847262025e+30
-2.377699676854240208e+30
1.332144629978565356e+30
-6.864928202808130424e+28
-4.191769348972344835e+29
-1.169937579661380998e+30
1.920811849477928666e+30
-2.752783328791798681e+30
-1.897486436391773405e+30
-2.146736493439470593e+30
-3.519102478314980664e+29
-1.081419743293280280e+29
1.363826859121316891e+29
-8.793984192230736665e+30
1.022773057043850528e+31
-6.184742834992025246e+29
-4.640088420695613092e+30
-3.053132673205202904e+30
-3.592291542528535079e+30
-5.228728764764018724e+30
1.353710675222784825e+30
1.661591347657198842e+30
4.667529289077909325e+30
3.525789777189931490e+30
-4.873087819619210156e+30
2.615699357415778844e+30
-6.451193906614643119e+30
-4.940107093875075198e+29
-5.324876895596851162e+30
-2.295101416282249015e+31
-1.704985494650095337e+30
6.575537995433928612e+30
-8.064896243619628686e+30
1.236816410930420696e+30
6.653386921506633045e+29
-3.551078089450649135e+30
-7.285824069069881027e+30
-6.291959637195136912e+30
-4.737296346843600007e+30
8.256637483478863680e+30
7.050718328834968227e+29
2.442078549169091766e+30
-1.984969539242420492e+30
-1.876799936221914900e+31
-4.828481189350469329e+30
-3.730731624102376501e+31
-8.345570632763779663e+30
