-4.957430018958076000e+16
1.240734746954002022e+19
-1.245972566197539635e+20
2.029257850106085900e+21
-3.435273583359923061e+21
4.930960520509845930e+21
4.674753517151495782e+20
8.166464102791505563e+22
2.770076276712624347e+23
-1.709876629043150438e+19
-1.919819937552647782e+19
-5.653546513289638314e+21
6.083439122965861289e+22
1.498215786364929468e+23
3.478230785140131994e+23
7.532297262452530343e+23
-1.546951150579766042e+24
-2.798038301281229912e+24
-2.247794228409539297e+20
8.076920635247168586e+21
3.570391254749066507e+22
1.959562115302579556e+22
-4.973814212261692383e+23
-1.999951106632177544e+24
-2.654328066468118383e+24
-2.334720584478973061e+24
-6.835627555363732758e+24
1.157990304740113514e+21
1.007107226093295659e+22
6.640173656153224548e+23
-5.413435915755561293e+23
-4.931738438047576464e+23
3.021035216643641378e+24
3.559830146432023482e+24
1.283431652535055369e+25
-1.689569119354059882e+26
-3.856685115417662334e+26
-1.053561990972747284e+21
-2.663577964466739494e+23
2.232739460673003703e+24
-9.989863763172573147e+23
2.655180215401287076e+24
1.675473569989222675e+24
3.264649354252729583e+24
-1.408276639924073379e+25
-3.017421834767527162e+25
6.416598314780287065e+25
1.281694019451062578e+25
-3.040864555001249650e+25
-1.449541976577582039e+21
-4.828299026748545968e+23
2.905522451824743222e+24
-1.892888453591566679e+25
-3.361039602751202436e+24
-2.169509661001926561e+24
2.203144473318582214e+25
-3.194274045978901561e+24
-9.630754419488011214e+25
-4.015636630589770207e+24
1.344236260032987048e+26
7.172224402984166226e+24
-2.486970319045991040e+26
1.170056750058680906e+27
1.106510846261551757e+23
-1.888958507113510192e+24
-4.731237311452299322e+24
6.163064324247968586e+25
1.509922393547389314e+25
8.200072357347503141e+25
5.405676255782342501e+25
-2.619556585316210752e+25
1.158513762011020329e+26
2.105638788607735996e+25
-4.814579137204264501e+25
2.576777026252111334e+26
-2.132142692693406378e+26
1.388255064225434074e+27
-4.132206400451241181e+26
2.486660121948751743e+23
-6.691142431054445362e+24
-6.152907160470099197e+24
-1.031534761529842394e+26
-1.934062535173898600e+26
3.158198292212301860e+26
6.058364616473918240e+25
3.436082696171275198e+26
-3.672676931655671705e+25
-3.903580587321467003e+25
1.461343426787485098e+27
-2.685151294138715580e+26
-2.881947207217088144e+27
2.071049646129178488e+27
1.570753632051938361e+24
2.822250577868436596e+25
-1.959813385952096514e+24
-1.008725102055341452e+27
-6.454842026688766905e+26
6.044054210282746144e+26
-1.076883326764313144e+26
-3.123344367174745885e+25
-1.520041112961834949e+27
-3.589096819683080094e+26
2.680225275766864199e+27
-6.741325375821787505e+26
-9.430424037274550560e+26
-6.591442739701320253e+20
5.161818527172889936e+21
-3.380450078683575406e+22
-5.104913552550249103e+21
1.767190512555287537e+23
8.594166189817858265e+23
-5.104981174656538782e+23
1.737607082924763479e+24
-7.718193434272398794e+23
-7.062091612476617943e+24
-2.160284386537281950e+24
1.015214261492569419e+25
2.453729096468498205e+25
-5.787048471326985785e+25
-2.127117780551152737e+25
5.996175477609688024e+25
-1.873641126416763029e+23
1.355736658511106501e+24
2.974229557364226529e+24
-1.236365396331637787e+25
5.088399520350889955e+25
-3.271475110044399026e+25
1.377228650783872556e+27
2.263380517023906536e+27
-1.909804118062048173e+23
-8.399054221586240188e+24
-2.130001972659358247e+25
-4.848883756818135735e+23
-3.833084099117055321e+25
3.864156785777971401e+25
1.632390990347659302e+26
2.843320749242531984e+27
-1.026921223221334622e+28
9.515518843451131237e+24
-4.068073236840676776e+25
-2.638344128527320194e+25
-4.132714415707425412e+25
9.573341391729678884e+25
-4.038337347769973117e+25
-2.482561211609156712e+25
4.451532304698094502e+26
-6.506781520127329555e+26
3.108092294252965856e+27
8.758889917683963119e+27
3.801512611851449292e+24
4.340532962183637155e+25
1.931514683665826283e+26
4.679158126520989818e+25
7.705906875944611082e+24
4.780799836968569574e+26
3.766747150049352390e+26
5.580075035430707492e+25
5.850211844032671904e+26
-4.962960626801328211e+27
-1.120294842251907833e+28
1.013137981618707029e+28
2.160899938890866191e+28
5.152445462012365777e+25
1.326744663011216438e+26
-2.267310591305977818e+26
1.325719032313559158e+27
-1.586315314768531107e+25
-4.905864620912028495e+26
2.785892540744342995e+26
-3.456690693406736136e+27
-4.195869473688720536e+26
-5.780524682486095368e+27
7.409215024451191923e+27
-4.922584246397894772e+27
-2.720077633882742971e+28
-4.201910839130341738e+28
8.712942729557250635e+25
1.712936539418448991e+27
-6.311480734850491797e+26
1.237340848273148893e+28
6.830552629506854039e+27
-7.952101461356514522e+27
1.455275522491899878e+28
5.592328287166159697e+27
-4.258993858308658119e+27
-5.553285488726384380e+27
1.211066182680212503e+27
2.783420306195956437e+27
-2.425231533137357405e+28
-4.118646679474674234e+26
-1.530009834082879604e+27
-2.274518378311882564e+27
-1.718356069246073014e+28
-1.498898968046247212e+27
-2.795062466246181783e+28
4.645090560127520565e+27
-1.219223015012694509e+27
-1.322168641915523509e+28
2.241521176995864417e+28
-4.876854605222728135e+28
-4.091984069243785032e+28
-6.313768668274800302e+22
2.596503783633363004e+23
1.303396894608405803e+24
-7.758928280019222791e+24
5.122854974706796728e+24
1.591848571688063693e+25
1.107184867563118363e+24
3.964037044219142447e+25
9.693554138653585012e+25
-2.764625558888407621e+25
-1.170908178185382686e+26
-1.117997848593005525e+26
1.285679412965198225e+26
-3.081215186535407409e+26
7.173178548935722710e+26
3.512069924517340021e+25
3.389492610152629080e+27
-8.553024417594514559e+26
-8.869069225268304726e+26
8.271224612291726189e+26
1.402105415377497765e+28
-5.348375016113319813e+25
-2.817054855273346847e+25
-1.571662457524028451e+26
-1.974086734245289868e+26
-8.357133196401934852e+26
5.279763177072239974e+26
1.697306328692657672e+28
3.888149912093800247e+27
-1.814902965684571645e+26
-4.299674897928020454e+25
5.676128950136811630e+26
6.432653576495732278e+26
6.221180818936738007e+26
-3.190941616851686439e+25
-3.774678989645605994e+27
2.896227554527510040e+27
-1.708623772586707174e+28
-2.053834562949499747e+29
-5.646288072722844274e+26
7.774123522833580703e+26
-9.666385614101886175e+26
9.672637187453369322e+25
2.084313496306753006e+26
-2.955672934205668261e+25
5.491894391761324561e+27
-1.958360214085634723e+27
-6.225111867469622622e+28
6.406461748565581593e+27
1.363273763674218144e+29
1.179760296531813430e+29
2.175757211060302607e+27
-2.413151052908152028e+26
2.469181862216315831e+27
1.404121487762497313e+28
1.975766814734227668e+27
2.464889913317934199e+27
1.318571066325015333e+28
9.286998125667021234e+27
-2.361090952320946541e+28
2.487261588359768226e+28
4.795407346397314139e+28
1.204169825477803832e+29
6.680783389984453649e+29
2.853892609301526666e+27
-3.486755681185792940e+27
-7.016644317983753785e+28
1.767355791410044513e+28
-5.525242356925018039e+28
-3.064204984886476035e+28
-4.934761721562849785e+27
9.539255029987672703e+27
1.973350428437263837e+29
-2.257819590324683247e+28
-8.012930131260821093e+28
7.887537039543328284e+29
4.748315038679471343e+28
-4.352772056452050911e+28
-4.987702048385569477e+28
1.015609317555610915e+29
4.401004134221622771e+29
2.707970887001262511e+28
-1.215532852069261363e+29
4.686406325724925864e+29
1.403210682134991043e+29
2.172751796549264142e+29
-9.796469884307867028e+29
1.731324757039740571e+25
6.788812109164786980e+25
1.423193108428991670e+25
3.569799400103598009e+25
-6.630664063695927470e+25
2.925788186660389217e+26
1.165122986024509607e+26
-5.043168317488733662e+25
-4.013120440106407931e+26
-9.321150120533334050e+26
1.097929567301639421e+26
-2.953619349387542309e+26
1.899665026583525975e+27
-7.493066707721890166e+24
-2.521315865104498856e+25
-5.318402692700259755e+26
7.980534707929214335e+26
1.178761476664967294e+26
5.270278460993190224e+26
-7.232805811518593573e+24
-1.171744932997127425e+26
1.013694088253375062e+26
6.037994288784376011e+27
-1.022142972592952615e+28
9.134684776576998651e+26
-7.788455478896764711e+27
2.761506214665848688e+28
3.485691317624370911e+27
1.074482677538566547e+28
2.672433270994873406e+27
-1.797754353886489213e+28
1.355349059410921889e+28
7.996780567828414084e+28
-6.009814940756821328e+28
1.150875857249690069e+26
-1.910148130803955691e+26
8.764691822273236305e+26
2.680293119266468945e+26
-1.243780864123253587e+27
1.658894237382933691e+27
5.171964659515612141e+27
1.250987941837760630e+28
-2.443033874397160872e+27
-6.002519230576628052e+27
-3.519359274484925490e+28
-1.125032415435154336e+29
-4.097294165113400524e+28
1.917594391383662549e+28
1.164776730960801028e+27
1.684066027229773891e+27
1.495741205180515269e+27
1.178280716721630203e+28
-2.997563091539808039e+27
1.586304088269082698e+28
8.596498958586739702e+26
1.269163597214077465e+28
2.862062012917326334e+28
1.866825732541845514e+29
5.620138004869062602e+29
-8.057995858932455132e+27
-2.245537748082176089e+28
3.084164856970897175e+27
-2.317014839561699714e+27
-1.008123907718278575e+28
-5.965898600217042394e+27
-3.107696948087301142e+28
-4.529170962482684183e+28
-8.042011594681124974e+28
-2.003710684869532880e+28
-7.327411799857985923e+29
5.328462995165292608e+29
-1.124140370357710709e+28
-8.316774423021247927e+28
6.610906241219748116e+28
3.720414123666957425e+28
3.649617459537139720e+29
1.566964058005403631e+28
-1.244191778645737399e+29
-3.154770625624514001e+28
-2.249406187818117215e+29
-1.995114313710120250e+30
-7.068355731289037098e+29
2.186283352089787559e+28
-1.248818150823010795e+30
-1.444665081501270016e+29
-1.200389729550887243e+30
-4.688216784385599693e+28
-9.381323524665007299e+28
-1.070828125877469344e+30
3.972981411739855577e+29
1.037242101326715114e+30
9.822401884771246731e+29
3.042965281400858910e+25
-7.566033603389256007e+26
8.340315736651014808e+26
-2.260264699668350886e+27
2.423667531891512280e+26
-1.592171455861082276e+27
-1.992754716182017490e+27
-4.417962165963078314e+26
-1.148056399722681606e+28
-4.654699334340305514e+26
1.117538007429639568e+27
-4.617439918043307875e+27
-1.097259972757868968e+28
-4.830824487811878786e+27
2.176086119739532534e+27
-2.204886086011105064e+27
2.425046092667080747e+27
1.504710326624556447e+26
5.407379629309856299e+27
-9.551385328824613535e+27
-2.129856980814260508e+28
-3.610746386725596940e+27
4.772769807073432793e+27
-2.853102522685530737e+28
-3.482306095610589803e+27
2.625175954146587354e+28
-4.381053662745758771e+28
-7.849106018328000260e+28
1.110659519559512656e+29
4.288159616291236802e+28
3.486839263777445177e+29
-1.195188562005289584e+28
5.393300708172151502e+28
-9.732973296796210911e+28
-2.181745238924509992e+29
1.763539305245774480e+29
2.022303522458382066e+29
-3.038842560936166218e+27
-5.141009011364908396e+27
2.994690877493434519e+25
9.580138658425452781e+27
-1.823043510535963410e+28
2.127244011797277128e+27
7.807499845775425691e+27
3.822265682977298535e+27
-8.715727623535100735e+27
7.960523057659440877e+27
4.296608031644127551e+28
4.913025503922481737e+27
2.625320014496135066e+28
-6.088732647835854300e+27
-6.192990898645793932e+28
8.005996769940726707e+27
9.046153083943056021e+28
-6.607325077198328691e+28
1.559306517316235844e+29
-1.415292332081863148e+29
-6.797359141618487315e+28
-4.312202900665406527e+26
1.493374342414794213e+29
1.542267952998401591e+29
4.697859190109905714e+29
-8.321847078776598129e+29
-5.621876997150579901e+27
3.521970488717796231e+28
-1.160162436275571981e+28
1.870351371771449837e+27
-1.363929047353403244e+28
-3.318960081540355486e+28
4.288168646232000162e+28
-2.152735076632827870e+28
4.770128869893451636e+28
-5.879273238543638855e+28
1.623917160709599704e+29
4.200128682763736452e+28
-9.932867035840876861e+28
1.908434839374372498e+29
5.072524237125795656e+29
1.075165624258565967e+30
7.338705463739426754e+29
5.638571071923997760e+29
2.659045246828695270e+29
1.485274999303714043e+28
6.225307040498286090e+28
1.067315864570566629e+29
-6.827718445322956987e+27
-8.398475923643394777e+29
1.106891756032930195e+30
-4.533044990856213117e+29
2.319915386483159361e+30
-2.802282647462569917e+30
4.093488441280451168e+29
4.917456446865021343e+29
-2.010964829409689847e+30
8.312660480310164207e+28
5.197513123268234259e+29
7.159324302552658239e+29
-1.371820338022316851e+30
-1.753547604731122808e+30
-1.501536093743482067e+30
-5.267187006908189428e+25
2.567101425616841850e+27
2.291087560708718993e+27
-3.037985423900117126e+27
-3.387519955921258490e+27
-5.165084510358716571e+27
4.357404467738222746e+26
-4.262401067556543635e+28
-6.115938390132191124e+27
-4.435276885949435842e+27
8.241414674062099762e+27
-1.478273625192940318e+27
1.156469764492919088e+27
-3.174859463919523671e+28
1.333557118489666325e+28
3.524312416145181933e+28
1.783739798442394158e+28
-4.348838594776398426e+28
-1.983591359861122517e+28
-7.390429853985617972e+28
1.693690659744185077e+29
-9.235529237587442151e+26
1.610620245093281057e+29
8.675524844147306219e+28
3.697742381856196627e+29
1.802435406719810825e+29
2.128260152887215590e+28
1.836024741961869475e+27
-3.490755511378562033e+29
4.730424643881371680e+29
2.297082651723450067e+28
2.340428425511676182e+29
3.977965500360027865e+29
-3.862765191068990327e+29
7.525466835766526780e+28
-3.456797877167882508e+29
2.264390936805513926e+29
-1.190868602905728891e+28
9.510458499543871526e+27
-5.721398041566077352e+28
-4.545986049919256663e+28
2.473213380586607222e+28
5.292791016903851060e+28
-4.765354667575206481e+28
2.455437775832028742e+28
7.172238774971983176e+27
5.386908929565092621e+28
-7.148341015036420949e+28
2.292251493008596751e+29
1.191976900462649353e+29
1.568532112727100362e+29
1.734107711621926099e+29
-4.150481228909575645e+28
-7.562284998678849017e+28
4.426915811867956779e+29
7.597777455315026117e+29
1.066003252154499166e+29
-2.379918945036350512e+30
2.388249141026340075e+28
-9.883889725188881965e+29
3.192250553873984456e+29
1.003053268535845805e+30
-2.401152986218477301e+29
3.426271690908228413e+29
1.880864975099016645e+29
2.728538853097579149e+29
-4.209626972306173472e+29
7.555402240441168331e+29
-1.994051008526026880e+29
-7.944389106896935430e+28
3.302222743432771681e+29
2.525861265005147626e+28
7.223941314013139357e+29
8.356715897472689933e+29
1.148642705698069048e+30
-9.403376523828011212e+29
7.059623477919338493e+29
-2.789999554610780476e+29
7.796085365027567364e+29
-8.104340642396305933e+29
9.734341635416511737e+29
5.548395962929493322e+30
-3.697948003848022786e+30
2.519047604667228140e+30
1.808451379616991750e+30
6.294139659547494740e+29
5.373949194208600301e+30
-7.433050307045226604e+29
-1.648057427517109499e+30
4.764992102696474853e+29
-5.590926882591572676e+29
1.469262454575944310e+30
-3.893047015559269971e+29
-3.441254066773194922e+30
1.455484865637635832e+30
-2.705768079372691327e+30
1.062204835472737902e+30
2.580200723767126759e+30
-1.476497219786585234e+30
-3.108141454191601724e+30
9.178520322950199465e+29
2.540885961749682575e+27
-8.066169947392526343e+27
-1.414507063061886216e+28
2.881248168933562077e+28
5.232045238705215164e+28
2.101723359255794353e+28
3.603318694779754226e+28
-9.881959569730314243e+28
1.079477162678088895e+29
-2.633742160221830773e+29
1.773782811125883731e+29
4.684291605954298554e+29
4.639437582277795904e+29
5.082992852176966792e+29
-3.065513412352360390e+29
-8.693115138394898327e+29
-1.844931811769000626e+28
3.476241418413333720e+27
2.689788840426581101e+29
2.830328138525834841e+29
-7.011463209711720592e+29
-1.290873836112530314e+29
5.379360507880917364e+29
9.638265857770286442e+29
1.160172193452262235e+30
-6.689967197954515275e+29
1.505879403278304416e+30
5.131132748414879007e+29
-4.016086872043715459e+29
-4.821448190653545046e+28
7.156557945047596575e+29
-9.057684515957310176e+29
1.712061528906684147e+30
-3.001721085227837345e+30
3.029840987052403122e+30
1.608547326272741186e+30
-2.214654553423948051e+29
-8.485360330702957698e+29
5.141896949066208063e+29
6.960478433102024538e+29
2.421160874078301806e+29
9.881902468583162837e+29
-2.314212920776766972e+29
-8.665215950327367355e+29
-1.707886766613695306e+30
3.387157462145406333e+29
2.281773887297059542e+30
6.495478600458278570e+29
-1.268776167982138047e+30
4.158594982244649903e+30
2.442482261432530415e+30
8.600904167908081058e+30
-6.610000494778176847e+30
6.279371226209746221e+30
4.049437676011953412e+30
5.077225595125967872e+29
-1.010830375066235592e+31
-8.102828389886700671e+29
-2.050115628537349453e+30
-3.872965903394730926e+28
-1.379805295968423825e+30
-1.660899356928659456e+30
8.557088328382772883e+29
-7.269271835609630329e+29
4.881200288784287061e+30
-2.017858638525531717e+30
-1.397517551285283481e+31
-6.016018243379266154e+30
1.882519629364440803e+30
-5.801330860131086746e+28
2.017979180019916255e+29
-1.674350408029903991e+29
4.109712120560416191e+30
1.273776113795970540e+30
-3.744441972277650775e+30
2.169064276670013719e+30
-7.248437287168160928e+29
1.145235528519365780e+30
1.690267861705912853e+30
3.771571793551139438e+30
4.461664900333023995e+30
-8.066997889658576841e+30
7.542971977817183083e+29
1.568438717711907700e+30
-6.591538094983595700e+30
2.867131333437760560e+30
-5.732151252175027541e+29
1.683102220660465368e+31
4.328677449804654277e+30
7.661644784453312826e+30
1.247081193180444739e+31
-9.174249941507047728e+30
1.221199713937043168e+30
-5.751026081174180757e+30
2.806061133275618800e+31
-1.712235802345149653e+30
2.141539489772550494e+31
-3.801493076543141245e+31
1.960309816871887803e+31
-1.515434085346721996e+29
1.140721603568884984e+31
-5.231541084500353169e+30
4.243188469212657921e+31
-1.046895353752042637e+31
-3.582998695674004443e+31
1.096690958698846507e+31
1.331499809307118266e+31
3.190490623926044538e+31
3.864913084503188480e+17
-2.374206019488797164e+20
-6.784493498910818959e+20
-2.030419395223192076e+21
9.859228317423635005e+20
2.253922400612052579e+22
3.678000535675423477e+22
-2.057634984257326720e+23
-4.773765364425520742e+19
-6.767649269661807149e+21
-2.235058912147228380e+22
8.020798543555680063e+22
3.912585939054029806e+23
-3.335684905699363898e+23
-5.933248409065195789e+24
-4.965556549708849456e+24
2.089123688868269261e+20
-1.381329466456872583e+22
2.093887298405047080e+23
-1.772527949509824862e+23
2.381816075707409383e+24
4.808039972342908060e+23
-7.764303718082938117e+25
-1.034745443206384054e+25
-1.492787674344248616e+23
-1.113084146606804797e+23
-6.236910194937079162e+22
-4.708494148535030582e+23
1.601337835392299012e+24
2.867263108993837357e+24
1.957672777072006487e+25
-1.006787517114871773e+26
1.321762546124635727e+26
-3.014212472851983258e+23
-1.903277734061537357e+24
-4.288075982808492634e+23
1.034422678918407238e+24
-6.624906335692078889e+23
-6.018331782557915415e+21
8.905577421669517513e+24
3.439865664689356694e+25
-1.988174106281068145e+25
5.962831631600585726e+24
-5.170460560631663900e+26
1.693631866341139268e+23
6.558282090845242707e+24
-1.275683707229400289e+25
3.442986818935433195e+24
5.267036664137143628e+24
-4.963676075742490289e+24
5.673178759940049899e+23
-2.427622352846055461e+25
-3.094835134363235423e+25
-1.184842464652286973e+25
1.771122995406763809e+26
1.264995180346418538e+27
6.688552245837810383e+26
-9.436956877719784863e+23
-5.921817934005991664e+24
3.642005198338657736e+25
-1.924239385361386934e+25
-3.529468031518984587e+25
2.737062365733491732e+25
-5.327889735631346067e+25
2.515501440184236603e+26
3.875402005051460104e+24
-2.630914144165084425e+26
2.697433019570893134e+26
-2.839430830265447563e+26
-1.549697411467378478e+27
1.636280036322627601e+26
-1.654364832407564287e+25
-1.371405459618692463e+26
-1.806049581741236656e+26
1.666507269893378724e+26
-3.681722781856994704e+26
-2.091273149465784028e+26
-1.115444110784036160e+25
1.257167215348489243e+26
-2.624513076662964885e+25
-7.018283703920932087e+25
1.573768242928028434e+26
4.581009957244184148e+27
-2.189757927326342404e+27
-6.060347585428643829e+25
2.536669805278252553e+26
-5.640158537494849379e+26
-2.492330252888922076e+27
-1.039669415606537946e+26
-1.671400123598835732e+27
-4.841876227932025200e+25
7.573588959508866870e+26
9.215471916561841552e+26
-1.530733767919166135e+27
-1.091964156784375337e+26
8.015203665018459250e+26
-1.250686420767626756e+22
8.057799850044547924e+21
1.274087992457967625e+23
1.863157556248639586e+23
-5.449255820745767450e+23
1.977717077476881956e+24
2.265173481506181606e+23
-4.274528992785792005e+24
5.045207575172198210e+24
7.086352420070017900e+24
-9.674406254561877289e+24
-7.057392539894341824e+25
5.075509913854621860e+25
-5.656965566488141444e+25
3.993167665469627973e+23
-1.453806056219560943e+25
-3.869978396574316195e+24
-2.579124636235339226e+25
2.209037181967146814e+26
-1.088053618564813499e+26
-4.044760769639858172e+26
-6.569632350232883363e+24
5.144574957676323479e+23
6.399829128163755073e+25
-1.229061684036020090e+24
3.634752705081454839e+25
6.135276255430371301e+25
3.332487209828681600e+27
6.952098947237777706e+27
-9.143802872182625502e+23
-4.267586783658931928e+25
-9.199563902610605104e+24
4.127901431913154243e+25
8.833117792376692217e+25
-1.522065886486029649e+25
-3.932872443670807003e+26
-1.165040208031324363e+27
-3.819566405335878113e+25
-2.410921477232074836e+27
-3.341539599812921282e+25
-1.400595079674086263e+26
6.376234367610629329e+25
1.675069324790525628e+26
-8.590197611489561001e+25
1.118759022716895100e+26
2.339577687450049630e+27
-1.091976713391508246e+27
1.314144583372370075e+27
6.608419176913199201e+27
-1.858369504533320567e+28
-3.528734183605745390e+28
2.847994028443236492e+26
3.848919645747918239e+26
-1.362975272124046596e+26
-1.013530082997211414e+27
-1.431486815938353848e+27
-8.356049232621287522e+26
1.116207243190919814e+28
5.536019543528602614e+26
-5.340870768090610534e+27
3.687980613106818578e+27
-7.279564509192684160e+27
-3.830226176629835285e+28
1.507480779056248001e+28
9.457170200205209375e+25
6.666361786628740051e+27
-4.439452872592816804e+27
-2.268509778319298019e+27
-4.118228644008510052e+27
-9.438915605261797554e+27
1.912086471804723162e+27
-8.376445103952358317e+27
-9.491026588033129776e+27
-4.510944600894626365e+27
-9.448234446003397658e+28
6.453840091947999541e+28
-4.513122472959482586e+27
-1.451129229926544499e+28
-4.592013673972473384e+28
4.869862048602397363e+26
-2.926948861387346306e+28
-9.093181503798053182e+26
9.661518973781726480e+27
4.498835823443411084e+28
4.560527712255890264e+28
1.312166477002852463e+28
-4.041852702056137558e+27
-3.447770684806015683e+23
-1.683901013013762194e+25
-5.975502259665902546e+24
1.164214973332467614e+25
-1.716925096202838191e+25
5.573863019758388314e+25
2.265970931261347451e+25
-6.714129923658872335e+25
7.793161205813330483e+24
-8.420834082111156407e+24
-4.701742048373253308e+26
-6.568651344073299764e+26
-1.140607259296818566e+26
2.358409121860009735e+26
-3.488694274822970279e+27
-7.445519454810144372e+26
3.706243752927633106e+27
6.902668433163932091e+26
6.259393908447738247e+25
-1.544202285686992775e+26
1.807418789906249868e+26
-6.912264621309057232e+26
1.273540609735107050e+26
1.471899671034967779e+28
2.278190773455835692e+28
2.236981586526076295e+26
-3.222129729618040480e+26
1.823700123703983229e+26
1.135786932359359296e+27
6.938033809118582763e+26
8.986849817016773368e+26
2.379634979989635122e+27
-1.326893064107120765e+27
-1.345542598981214086e+29
1.046211430283486355e+27
-1.045940447108558078e+27
5.833747825159030611e+26
1.974457652752414910e+27
-6.412472365384567847e+26
6.929501452464602818e+27
2.258603273269713368e+27
-2.231289696782525384e+28
1.098139043365792765e+28
-8.325175916318912174e+28
-8.652924406943437909e+27
-2.067594685835719270e+27
4.402038898133507466e+27
-7.388178941332123132e+27
-4.041260527531650920e+27
5.552450978240694389e+27
-3.195085451215447414e+28
-5.093251801887913759e+26
-2.167067575506482778e+28
-7.166336985836641374e+28
1.048357331527752150e+28
-1.720196628874103633e+28
2.138518437677238443e+28
6.977353484029435226e+27
-3.617278681978371155e+28
-1.931993107088639071e+28
-5.192923571937668644e+28
-3.428486117896587796e+28
2.371663882866511846e+28
-2.132724800560665584e+28
-2.843199408815434199e+28
-1.247663920370869895e+28
9.599597738048538312e+29
9.834414776699124931e+29
1.058550801939184903e+27
4.552853375685410467e+28
-7.003497267320332851e+28
9.455815672597192905e+28
-1.600275522780968308e+28
1.187243849042074478e+29
7.205777227049518021e+28
-3.868589796791951122e+29
-2.626173663246247476e+29
1.580378657412852006e+29
-1.603850189561989707e+26
9.831516543967073637e+25
-2.460656927541704499e+25
5.493325018554563407e+26
-7.314463648340424197e+26
4.753176088270797393e+26
-1.172052103801858615e+26
-1.947372882446023190e+27
3.449903907335911160e+23
1.644360530107829966e+26
1.966264869823340905e+26
-5.716210532980085186e+26
-5.646359916899709874e+26
-1.181359961151392433e+26
4.797582417445015797e+26
-1.046538779166056269e+27
-6.734473650632609786e+26
-8.843797658631167835e+27
1.797669630501825629e+27
-2.885946392785064770e+27
1.470360971088851551e+28
-3.281747803543337910e+28
3.370034930010582700e+28
2.060308660557925403e+28
-2.243161321907601771e+27
3.214124036082523995e+28
2.415427230069123061e+28
-8.951637787943466840e+28
-4.899383861584328093e+28
2.505484320772423520e+27
-4.945985112327672393e+26
1.064194140983397189e+27
-4.965356052548575921e+26
1.966435670106135497e+27
3.287547181378014923e+27
-1.262027439693949525e+28
6.863188475107156040e+27
2.037306557722615068e+28
3.188652329232847475e+28
5.644845817145924932e+28
1.433861879346764159e+29
-2.236894624892462655e+27
2.304566073425402844e+27
-8.295030141086077608e+27
-6.389155714931928044e+27
1.463764778486855933e+28
-6.497087822409884890e+27
-1.312614258179803089e+29
5.675337028533594668e+28
1.199430628706142838e+28
-2.441866032892527815e+29
-1.714670061398771020e+28
-2.698064690812463692e+27
-1.694881907933160474e+28
4.930912041555997856e+27
8.068437497403550482e+28
1.000816399436911006e+28
4.888339562626431526e+28
-9.876902141303531830e+27
2.231093128925472650e+29
9.513035893133202818e+29
2.885634002168447417e+29
-3.922888207799939815e+28
1.329744948305416482e+29
-4.370752969406735234e+28
7.773180044886667729e+28
-6.847978199205471432e+28
-1.257472940971794376e+29
6.548937917410642545e+29
2.647047856733071350e+29
1.313760111621462283e+30
-1.747121569848741568e+30
-1.555575405497540511e+29
-1.650941780590646452e+29
-8.918051962060994186e+29
6.000901675785549015e+28
-5.703710803921286814e+29
-1.925969731273088098e+28
3.757474628247688489e+29
-2.163826492573541802e+29
5.358544140265220786e+29
6.666088180978190447e+27
2.046437425361297379e+27
9.497250593178875854e+26
-1.597436151513748542e+26
-2.415675411067211937e+27
-9.761445554922524598e+26
-2.277432455085340179e+27
-1.323768622760917934e+27
6.062235807588560249e+26
7.896840780466372140e+27
1.232654896345902980e+28
7.041639055743839713e+26
-1.060182339503854165e+28
-5.369047999654634811e+27
-1.092489992602058091e+28
-1.047931772130288576e+28
-3.024985979505578689e+27
-6.423907442867835400e+28
-2.596937573241212449e+27
-3.585420826069969372e+28
-7.254778331761121682e+28
-9.620946420770590983e+27
-9.752858157280697482e+28
2.450588448301797625e+28
-2.667681800264223471e+29
5.450391529818949961e+27
8.682962552220745104e+28
1.587262405070417828e+29
-5.093990160079845877e+28
2.761164420804880808e+29
-1.622577109138290377e+29
-7.801319882100821135e+27
-1.831096656292600091e+28
7.434849059024300151e+27
-1.708781006162397320e+28
4.960090343368636197e+27
-1.277390938589841738e+28
-1.238163612692265021e+28
7.564003964853582741e+27
1.568457254047477841e+28
-1.685494706930679903e+28
3.541373869503028292e+28
-1.243698957026732536e+28
5.788785881887929690e+28
-5.183276731577355995e+28
-1.567033932793898690e+29
-1.208339655615274573e+29
-7.004414754105269324e+28
-6.376025037169385996e+28
-1.454461296029882282e+29
-1.109970969357537038e+30
4.406621155737145691e+29
2.341292987974110403e+29
-4.852123700647575228e+29
-3.562235477397832150e+27
-3.571292842106712743e+27
-4.200982710790911838e+28
8.372939937032724161e+27
-2.380321764312822767e+29
3.319142699972031702e+28
-1.484058266260291339e+28
1.084304535899279754e+29
-6.600902675420885521e+28
-7.514569151827648644e+28
-5.354176993354056948e+28
1.873556586065415250e+29
-1.343478797758502613e+30
-5.649192944480204126e+29
-4.546933946851707184e+29
6.310204340461555079e+29
3.294127053884220509e+29
2.123936599653073852e+29
1.154294828696192617e+30
-8.135811002228553213e+28
-3.349094786017220246e+29
6.646555128438987152e+29
7.390705478035513786e+29
1.022889824418059463e+30
-2.422840506681032676e+29
1.298581013506318280e+30
-1.050503441044684862e+30
-3.457855808349925156e+29
-3.354390430619132585e+29
7.992770604592464910e+28
-1.257756763853841458e+30
-1.089704209244600366e+30
-1.926428865556052250e+30
-6.323392000735579616e+27
1.196553826892427116e+28
6.074225197467960642e+27
-4.165017195102960142e+28
5.757964450017572652e+27
-5.788133947223535091e+27
-3.374146539525407153e+27
5.664173868437247852e+27
-4.473516173976902617e+27
-6.749133711680438887e+27
-8.142975562757658383e+27
-9.809875011951413000e+28
-1.634491102537669334e+29
-1.068516865622405800e+27
-9.059172346723496612e+27
-8.562966568247997455e+28
-1.078608588458185997e+29
-1.905405290375880185e+29
-2.816905875925768659e+29
-1.395413016445769348e+29
-1.153399721393725400e+29
-3.044008175592829677e+28
5.660569364551249931e+29
4.326169459152692153e+28
-8.412656355282811864e+28
1.190782940063889213e+29
-8.597825314407692002e+29
4.300640754268451796e+29
5.831609771964972421e+29
2.582249533597442101e+29
1.188453428279094048e+29
5.060486535452881830e+28
-3.060803280698483051e+29
2.213450321416791788e+28
5.576466095186362485e+28
-9.621851443878646763e+28
1.234946754415413775e+28
-2.442103590551754930e+29
8.587861335864284788e+28
-4.995486623801472953e+28
-3.155693622667238046e+28
-8.915670635644381182e+29
-6.444600926367130667e+29
2.999022834741004967e+29
6.701355806073191651e+29
1.067941702500657342e+28
3.418515526733695634e+29
2.274393514272421021e+29
-5.540204849002995597e+28
-1.556231428698840193e+30
8.065994284051268564e+29
4.317775004024614251e+29
-1.924902068982428030e+29
1.002060981478935763e+30
-8.810918174369034197e+29
-1.194632933350031945e+29
-1.887219330193141706e+28
-7.030923684491839327e+28
-7.735460737623178788e+29
8.788533435474935371e+28
-3.257067577906681719e+28
2.427402420545586845e+29
-7.364141681986890681e+29
-6.614046345784610891e+29
-5.582567291423167622e+29
-3.824071825826639821e+29
4.219785208326501964e+29
-3.528681132094867757e+30
4.028405939443943363e+30
2.591051760640941709e+29
-7.935205790516787993e+29
-1.798104871988033982e+30
3.996576082783869962e+30
1.593991336620530486e+29
2.845551371462878476e+29
1.615008433147135886e+30
-2.215312122596091766e+29
-1.094398458147879773e+30
5.988107498417238588e+29
1.235358213598112423e+30
3.207797529736046068e+29
2.835691218619752375e+30
-7.429525145671507226e+30
3.861814559819190095e+30
-2.584320316915057399e+30
2.346774470007099980e+29
6.626323273112444037e+27
7.736332552501442350e+28
-1.053397919179766923e+29
-8.025706587475789097e+29
1.058908380926910952e+30
-1.079646670644374212e+27
2.763977569387450106e+28
-7.425496114025554034e+28
-2.026369200225264275e+29
3.555013577623126382e+27
1.940357458668843029e+29
5.321600375461626619e+29
-3.079483877477110395e+28
-2.721422891115295679e+28
1.305827486828636049e+29
-1.371604788768610723e+30
1.825376054626679592e+29
-1.603814136325731311e+30
5.549142220938966418e+29
1.770663267910939968e+29
7.702939472739032755e+29
-6.152994029004974057e+29
-5.522838085835723511e+29
2.141855137147374411e+30
7.358384540751800865e+29
8.015286828602492138e+29
2.251860303426090642e+29
-5.519716525441675149e+29
-2.379761459870851641e+30
3.854352087708688291e+29
3.167919194725643112e+29
-1.202571098974783950e+30
-2.798587740179046991e+29
-7.845961911351973633e+29
1.771008601895475411e+29
-2.790132163269542998e+30
4.304564532415291247e+29
5.086247052546876959e+30
3.160312645229315547e+30
-6.463382499381088684e+30
-5.847978345158547252e+30
4.454133409492481501e+30
3.649089746781911161e+30
1.989686824553424045e+30
5.564834894826131411e+30
2.439332452867711819e+30
-4.603217587203147544e+30
5.873427141053812813e+30
1.599127992196008472e+29
-5.209045026414330318e+30
-1.026691211342265880e+31
2.784336767235936605e+31
-1.362391982004934863e+30
6.982483502979846795e+30
3.740885835573096080e+30
-6.045383557438497819e+29
-6.022746550283473418e+28
1.312651324008296397e+30
7.591843834260067539e+29
9.794663946165477174e+30
5.248414656733057223e+30
1.760051760100416662e+31
1.018460220606060573e+31
2.967343644666086332e+30
8.311436787631558294e+28
-6.197797484287188694e+30
2.857839274317582146e+31
7.848869754359181564e+30
1.466746255512908873e+30
