-3.936212373343217600e+16
-2.145156095499934106e+19
2.445006610221199360e+19
-1.074282276514022294e+21
8.227438157888840794e+21
4.069971751974964036e+21
-2.815079910607879458e+22
-9.160410555437437629e+22
-3.803430390568285456e+23
-4.153156787039824282e+19
-7.045201540573072589e+19
-3.205338376706715550e+21
-8.811926957625013436e+21
-1.123156066438886929e+22
-3.675671423966345261e+23
9.324474739802033273e+23
-3.974355426094271416e+24
6.905934308290206657e+24
3.703446060128008602e+19
1.801739075322602586e+21
9.185335230662006800e+21
1.575999580402243496e+23
5.721078663374698111e+23
-1.256667056494275071e+24
3.518220331796000225e+24
-9.844855046983771736e+24
4.523199286210738856e+24
-1.859569526995340231e+21
-1.537341725216160822e+22
1.257387416997926015e+24
-1.782362481774830520e+23
3.067781602274393687e+23
1.431406634416564372e+24
-6.958561733913821951e+24
1.252981381640681759e+25
-7.192599984419528994e+25
-1.438432930114784392e+26
2.124723500332334291e+22
8.236251224068769133e+23
1.186371221496237191e+24
-3.069861693999416663e+24
3.811209737973301061e+24
-8.125648235745226428e+23
-1.429240840009069692e+24
4.835242366040577908e+24
-3.646801713200095904e+25
3.851094061725646890e+25
-3.687430587746137565e+25
2.945716016254060174e+26
1.881660372347420829e+22
4.865482203219054433e+23
-2.380523077753986332e+24
1.427147889651093903e+25
-4.020803979480383598e+23
8.612153284496781327e+24
4.551326778877581196e+25
1.017297293652123987e+25
7.171423824327548953e+24
1.101238374583491885e+25
-6.975309745498540779e+25
-5.478335859280107579e+25
-3.475167897672676600e+26
-3.324384303915125420e+26
-5.474147394187378767e+22
3.054956498752165336e+24
3.794292451632164039e+24
-1.413747225706293420e+25
1.345324664733394052e+25
1.849564627437902422e+25
3.111702418286772049e+25
3.173115782581778382e+25
-1.037349733695843955e+26
3.861361089747071897e+25
-9.776681197229518855e+25
1.874239297797396565e+26
3.396737860036294776e+26
-2.990956275980216443e+26
1.585512876263694225e+26
-3.847432570780381044e+23
-2.753059449402314237e+24
-2.102143065090614787e+25
-1.249778240502924547e+26
-3.886229971337291075e+26
-8.038670405996342864e+25
-3.071248374943667809e+25
2.337973520208792972e+26
1.657976116931831914e+26
5.225113366132262334e+25
3.895383813043350105e+26
3.484204462829020495e+26
5.607334185812849577e+27
-5.371662714555845668e+27
-9.370793215348646861e+23
-1.059083472686615106e+25
-3.281121500469150884e+25
5.544431051122572926e+26
-1.573760000820291701e+27
-1.370052904568317048e+26
2.227842886654118627e+26
2.417279016561858082e+26
3.929061048588990368e+26
8.101745418992385849e+26
-2.954277100911809277e+27
-9.265734001674468024e+26
2.041309684387580728e+27
-2.178272692124638249e+20
7.947117143933530931e+20
-1.609727919450163773e+21
2.755149405998147730e+23
-2.438323427390480408e+23
-2.114577070815200967e+23
-5.841354317656278339e+23
8.598867854630324441e+23
2.852937271405201548e+24
-7.850694418098541927e+23
2.210164261941684805e+24
-1.712503117986842573e+25
-3.166606243332684310e+25
7.227244046706948351e+25
4.070700378765224017e+25
1.968862574044752345e+26
2.635112784673398451e+23
1.328431112422669775e+24
1.344118399787758181e+24
-3.908885881809291911e+25
-3.007030460926790931e+25
-7.163313957373069493e+25
-5.248827827380581414e+26
1.732598134938732358e+26
1.484856791962203684e+24
1.221087469246043742e+25
4.691455472923875406e+24
1.331289910211044302e+25
6.802294744678315644e+25
-3.038524682434549277e+26
-4.301759917056671271e+26
-1.914158631446745770e+27
4.721287173759069350e+27
3.265873124296359273e+24
4.445634194164214112e+25
-1.340801962307486384e+25
5.576772937854969325e+25
5.893821882381270892e+25
-6.467835857688634601e+26
-6.734824507216623538e+25
9.279462995573802434e+26
4.251724761256923334e+26
-7.463963436211994646e+26
-4.794482887329463165e+27
-1.915375021659601075e+25
3.304763866538467950e+25
-3.518491044709248027e+26
6.757797277688308415e+25
4.811119370058612787e+25
-1.182389365950558458e+27
-1.479594074793338141e+26
-5.423971034041637865e+26
-1.590102543782262199e+26
5.830189032503185815e+27
-1.256030638879933894e+28
-2.074932277411645800e+28
-1.183329398520920127e+28
-2.430916248011367194e+25
-4.349573345897566629e+26
4.009626244366707588e+26
-1.100670946526048363e+27
1.005240939985722788e+27
6.899351443525070847e+26
-1.151047328510131763e+25
2.176877334309444248e+27
-5.353063561874173046e+26
-6.306198228238458220e+27
2.112590047476933125e+28
-1.729450780229968658e+28
3.916780650815195056e+28
2.948743159326143612e+28
2.431664663121851401e+26
7.754166409853478982e+26
3.251781868420704488e+27
4.769486842622188009e+27
-4.633159044473573072e+27
-7.533503065832154584e+27
5.043549925019107773e+28
7.225953532024381162e+27
-4.179980932251533485e+27
2.299533719307174561e+28
1.336146959978349214e+28
-3.604229237577608103e+28
1.585436694374052004e+29
5.166801001131955585e+26
1.299885999615636249e+28
2.730686279881038103e+28
5.205037975419613104e+28
4.928458896075768725e+28
2.921220370829621234e+28
1.501051480401850658e+28
-9.321663060904888544e+27
6.058991906582943425e+28
-6.664956697503838193e+27
4.084374150699881301e+28
1.104940757288428542e+28
-8.686116159900112514e+23
1.471050806253620707e+24
1.521718658054495798e+24
4.292500143396122473e+23
-1.758081850248011268e+24
2.528539389568971760e+25
-1.860779135499367719e+24
-6.611693333522665801e+25
-1.777868382989958758e+25
2.049925108679184595e+25
-5.231439069845277525e+25
-1.803464182600030805e+26
6.808131321796637821e+25
-2.082788130320887780e+26
-5.404482096773495991e+24
-6.768512150525589846e+26
-1.822823744660435691e+27
-4.503352488130258437e+26
-2.753545658177409072e+26
-4.837458405866066501e+27
-5.015347149198379514e+27
3.361453426201501731e+24
-9.089709679970235295e+25
-3.097225885495676356e+26
1.632506346852279237e+26
-3.888358657115089305e+25
-1.217773880519440238e+25
-1.806732636666857641e+27
7.795061992900063823e+28
1.078742445087403541e+26
1.558660267601163603e+26
-1.997956312349417201e+25
3.565390323269161922e+26
-4.418402602286661769e+26
3.431943066289738249e+26
2.586961816279700525e+27
-4.871846197756398476e+26
5.799109237187576221e+27
1.381574827189661222e+28
-5.470178275372079100e+26
-2.830587164495427267e+26
-9.125243443445557705e+26
1.847345386510610451e+25
-1.214358383377338242e+27
-2.958809843197722294e+27
-6.635253592594658924e+27
-3.581303503489790419e+26
1.341019346309059892e+28
2.366457930245487205e+28
3.298757020038540224e+28
-1.572046843706584590e+29
1.918408041557997217e+27
4.274291705720425900e+27
-9.338723729076362946e+26
-5.603845098653412476e+27
4.671007486453847865e+27
7.558793394567064268e+27
1.437928112615858998e+27
4.653271067067617685e+27
-6.218623781119076667e+27
-1.241082522195301271e+29
2.254761161064284891e+28
-1.999044899708430768e+29
-6.903096378831370761e+28
4.241621692523363937e+27
2.275932536386927531e+28
-6.299871948851471181e+27
2.541574681917542211e+28
3.448031190795903854e+28
-2.691714374774249016e+28
1.519998870121225425e+28
1.744522971327095763e+28
1.864024681389649270e+29
-1.508170295991301956e+29
3.397834782175140599e+29
3.272851145611279434e+29
-5.120696704131838718e+28
1.162177160563064760e+29
1.353321921824149156e+29
-2.556505264022445020e+28
-4.459580413644142880e+29
9.299920675007649000e+28
1.699558734689481893e+29
5.885053397657693937e+28
-1.612656986725163511e+29
4.744277531087567543e+29
4.873939216214006320e+29
9.050858450687022728e+24
-1.721144990107350535e+24
-2.402245728032468635e+26
4.625787937301569699e+25
1.284219737129496812e+25
5.776322307058490908e+25
1.054728246356061788e+27
-4.596254822699097922e+25
8.230666034086206834e+24
-6.345446604052164146e+25
2.662502586288739760e+26
1.233573509467069947e+27
-2.854110253885466663e+27
-3.379078241411572549e+25
2.012679307238437375e+25
6.509678947799524146e+26
-3.401813741294790787e+26
3.598745022040096363e+27
1.471890145550643009e+27
-2.149571781726607596e+25
1.883785322845003997e+27
-3.123800989508554053e+27
5.566202661367228554e+27
1.127390656207201945e+27
3.276145759009460607e+27
-1.366545442690389725e+28
-1.701453167522728152e+27
2.563128286768834478e+28
5.089105511659420481e+27
-8.425780091016389705e+26
1.138185747738624368e+25
6.985636438738577694e+28
-2.082274720920279303e+28
1.774539430528596301e+28
5.447218923937062802e+26
1.137938651228443588e+27
-1.056316638387442394e+27
5.250060375936088147e+26
-4.717750812849863627e+27
1.913739939265002778e+27
-3.892849862175177110e+27
2.311094540609669994e+28
1.089909789667097298e+28
1.118699059148711200e+27
2.890039822282863650e+28
-2.562008721968717785e+28
-9.257115233285899743e+28
-8.994630567702227486e+28
6.254922068527440609e+27
-5.070677440363459821e+26
-3.106097904368298480e+27
4.386975343421634051e+27
1.018940127605384259e+28
1.454739853448185718e+27
-2.068783199362400075e+28
-7.437188714032548973e+28
3.934962692142943250e+27
3.315699430467198073e+29
1.844066498496764536e+29
-3.780904314000281669e+27
-1.144787109601402853e+28
-7.728960795797247807e+27
5.086115810565974335e+27
-2.911446486292501442e+28
-4.028671653134135103e+28
-2.089616927523468958e+28
1.532004634788647281e+28
3.987452418360362309e+28
1.008734854954030596e+29
-7.855563608545428856e+28
-2.856278936127833113e+29
3.191763280344482218e+28
-1.064906847121862216e+29
1.196125348195906578e+27
-1.548339330929204929e+29
-3.684750483292807818e+29
-3.370532981953506820e+28
-9.407474932000679108e+28
6.893882346137585584e+29
3.300637410611019604e+29
-6.812572979600307942e+29
1.662833085049465551e+30
-3.216811532350493959e+28
1.042354445441854517e+30
-6.078619035186779500e+29
-2.646266833560518831e+29
-3.656372330876292348e+26
-1.040323352733330144e+30
3.722395738266289230e+29
3.094402167534183341e+28
6.698323821253522237e+29
3.245641889702639063e+29
2.311186809875317049e+26
-6.681780696253302602e+25
-4.963303074388847264e+26
4.025339056306367393e+26
-1.561238064638622907e+27
-3.860534282385291258e+27
-4.666660642855099177e+26
-2.040224887043394190e+27
1.453981884894585597e+28
5.629790383595908426e+26
-1.236480185330233220e+27
5.211383226301899857e+27
-3.102728499947001371e+27
2.726979713377411833e+27
-3.411278488803606046e+27
6.930889068389952197e+27
-1.894089091939684051e+28
-1.797593918462201574e+27
1.007213721860214085e+27
2.911887361208690575e+27
1.886858713963864666e+27
2.772103337510954395e+27
-2.446644169536568452e+27
-3.730662760084810441e+28
-9.349829202576379815e+27
-3.155674944864570602e+28
1.082602933266912945e+29
4.534340205027837337e+28
8.553946792399903580e+28
1.544119556288752552e+29
-2.396098630609633896e+29
-4.730408707010447479e+26
1.425405780264779291e+29
-7.117267134413325686e+28
1.436217536877116769e+29
-2.369585622709363537e+29
8.210403170523059424e+28
2.753438947547413238e+27
-7.398584859176076543e+27
1.147377820903957177e+28
-6.892885244303423769e+26
5.094933882329875974e+27
-7.032422109618304825e+27
5.619265960123920132e+27
1.431837469659858510e+28
-6.523763610019824501e+27
-4.683267012085999147e+27
-4.220310720999616105e+28
-1.085195986412083404e+29
-3.928174620439570777e+27
1.772732163520018631e+28
1.648277514293974721e+28
8.375220716690449205e+28
2.100610683308665353e+29
-1.461842595029439604e+29
-6.208064681790906118e+28
-1.729624123430419716e+28
-3.600208727103011865e+29
-1.456446482157029595e+29
-3.202700556357725214e+29
-5.339544741056593239e+29
-1.757880176431218738e+29
2.419816288432175286e+29
4.866940175245670295e+27
1.233634410493429724e+28
7.458332635841832242e+27
1.783833908617474617e+27
4.257119405505110468e+28
9.267903161341530389e+27
1.824079064078892685e+29
-1.945548585653966509e+28
4.320156730826597384e+28
-1.298445692531290975e+29
1.458504536804704724e+29
-4.352771882689412457e+29
2.071390558656212496e+29
1.286908382552720702e+29
-4.434594236377517950e+29
9.450410274966700481e+27
1.480744679791502328e+30
-4.882602398409634727e+29
2.588576354621843585e+29
2.381186604630287465e+29
-6.681266267165581910e+29
5.609186405144924001e+29
-2.164355748421598693e+28
5.643388669131305978e+29
-1.163126434226748488e+30
-4.369708723283426559e+29
6.250118909339404414e+29
1.498806195341531262e+28
-2.436442445087089160e+29
-9.535298478707623200e+29
1.009483399428882459e+30
1.226313654170576051e+29
6.810368035442052603e+29
2.828275592156015214e+30
1.042452348623187001e+29
4.302276273499364123e+30
-6.773727381336736289e+29
-8.787605509125022718e+26
5.430063574282415231e+27
3.875002874792118064e+27
3.941607267786889986e+27
-1.354098679590928253e+28
9.162919043577250187e+27
-1.099759596150275925e+28
5.857706698178518671e+27
5.778608146251163906e+27
2.912712449429470067e+28
5.197438366983102545e+28
-1.922977590019257099e+27
6.151121995086040765e+27
1.887763055961312772e+28
4.345446379041704595e+27
7.664445341908559143e+27
8.639167020458006888e+27
1.669469467879641122e+28
-3.027232931377849979e+27
-1.875397472703539299e+28
1.855918070044931682e+29
2.808876140998879018e+27
-1.646686560345584618e+29
1.052336862243719486e+29
-6.460635874810285121e+28
-1.029776701374607205e+29
1.227544343036652914e+29
4.741373479449118056e+29
-4.797679799841306790e+29
-2.511818179783731143e+27
1.143940452077547753e+27
-1.875941337155255892e+29
4.680719361113097362e+29
9.829781887866239263e+29
-1.289288211068620371e+30
-1.363488831523778279e+29
-1.665628476289410637e+29
3.379658470312339438e+28
-1.187262504651661169e+28
-2.056541077437408103e+27
-5.789658617616123270e+28
-1.645989060579145052e+29
2.182983989873343035e+29
-1.900282463566346852e+29
3.211876503190737286e+28
-3.023790862459047419e+28
-4.824300815850392592e+28
-1.194101827353129195e+29
-1.139049447049436694e+29
-2.598683353098013767e+28
6.255070257652335203e+27
-3.779209212301964322e+29
6.027629080593656363e+29
-8.622030488119185433e+29
2.925870832724344914e+29
4.919537578598550546e+29
3.922786416463891951e+29
-6.727969497851547429e+29
-9.472510221119301459e+29
1.784313097906072719e+30
5.300658661485118648e+29
2.195182986683018023e+30
6.992661527717701136e+29
1.589807317473402022e+30
3.883053196203944783e+29
-2.308348201151245468e+29
2.981795764497143842e+29
1.942609786222282521e+30
-2.720407981825995853e+29
-3.478401884049214973e+29
4.596479119092226898e+28
1.834909359999937308e+28
-8.875036653295854176e+27
4.823935612202775734e+29
2.095724752295408419e+30
1.865555313777506232e+30
2.580615773080743231e+30
1.543299005311113538e+27
-1.582721195641002684e+30
7.247678108661244031e+29
2.356369182597017682e+30
-2.291178497777276687e+30
5.721415787313518583e+29
5.091024688485831310e+30
1.248338014480847296e+30
-8.588232064741688213e+29
-2.570864601947392423e+30
3.255614269065394060e+29
2.866240329820750602e+29
8.766074334945070572e+28
2.458835567699368044e+29
4.933323814084306487e+29
1.027486584110459952e+30
-5.085684251403218492e+29
1.457712563005767429e+30
1.616563068466819397e+30
1.021179494528505279e+30
-3.775631177574447848e+30
-9.117506448453335680e+29
5.012864306064014727e+30
-3.883489889029134628e+30
3.128581291448262297e+27
2.196687526973832672e+28
-3.221038354319507465e+28
-7.275680218358335778e+28
-1.525139139322142892e+28
6.050236090632908129e+27
1.027221258730264733e+29
4.428171399384930867e+28
1.740055046422540420e+28
-4.606704538578672575e+29
3.363380649925822186e+28
4.409585539414210198e+28
8.336673977389934977e+28
8.287332394604203654e+29
-5.257001542560392621e+28
-3.743465627275558705e+28
4.459035021798391234e+28
6.323355703527984182e+28
7.311808593608741815e+29
-2.663084083054830676e+29
2.590158887254458380e+29
-5.026449148564218404e+29
5.757308957611341830e+29
6.383468279365752117e+29
-2.793332876167309855e+29
-5.174773214442081260e+29
1.544889341804355827e+29
-1.266455647609716714e+30
-1.609871673620335083e+30
4.453597339678949549e+28
-5.567683462968430414e+29
6.126556465791034077e+29
3.827830364038751630e+30
-6.378003794079192338e+29
1.709962393527249936e+30
-1.103117288479454433e+30
-5.021231476818926340e+29
-5.254785652422240935e+29
-8.638114753802454078e+29
-6.340619972117800319e+29
3.471073910757894211e+29
1.737997578326712351e+30
-7.410281990069232475e+29
-1.159254376394192297e+30
2.402846188992897331e+29
-3.028607275840421895e+29
1.021235815032487057e+29
5.872342112847210616e+29
2.693794436628022308e+30
1.921962662692562500e+29
-3.163395487314409741e+30
-1.929598946844829652e+30
1.896063116959497830e+30
-5.525933073851416190e+28
-2.963947522110321116e+30
-6.893210115314555584e+30
-1.916722099415244286e+30
-4.865455380546070126e+29
-4.204383448452463537e+30
-1.891585275558858653e+30
1.801158145839368632e+29
7.644910425810606823e+29
5.265398261670675449e+30
-1.789346543670406762e+30
3.940789334096182258e+30
-1.145276487228234526e+30
-7.556802205317720178e+30
4.925414412058129888e+29
-7.050344208012419770e+30
-3.122949103013088641e+28
3.079831095707090456e+29
1.541844928452810630e+30
1.646345217054460059e+30
1.474682347563693370e+30
3.799474666669544373e+30
1.786610038130148749e+30
2.534808762412467969e+30
6.050584443734466780e+29
-1.357785480440929431e+31
3.346412574054231911e+30
-3.740595438904212724e+29
1.837400577593067473e+30
-6.283553962973618983e+29
-2.174957598799281686e+29
3.321850081699389320e+30
-1.271122413417761420e+31
1.391794360803961450e+31
5.384270483405515370e+29
1.269394522453308635e+31
1.854723614720322537e+29
-2.394446830277871632e+30
-4.262418773180082262e+30
1.836109078360083082e+30
-1.894661560384879870e+30
-1.226515890408948652e+30
-4.104041993936591523e+31
-2.252007109593047429e+31
1.183160826512664064e+30
5.092599337873998383e+30
7.356845229001454183e+29
3.160176740755332995e+30
-4.191302543835298179e+29
2.234038448322965290e+31
-1.052220460099589411e+31
1.259551388593713051e+31
-3.125744886550117286e+31
-3.204918638085769109e+31
-1.330129011394464784e+31
9.040649611565616128e+18
1.821194862353213030e+20
-1.093036773391355478e+21
-2.694912450352201073e+21
3.947584444084654703e+21
7.738867370331416297e+21
1.897893842566458869e+23
3.678604326515432122e+22
5.314487827241884713e+20
5.384588267612557148e+20
8.466037000776538128e+21
-1.738768104927053543e+23
6.112969662954849331e+22
-4.456591309893823690e+23
6.626041895985336193e+23
-4.320830512278022641e+23
3.034215673539828331e+22
1.592075551575017259e+22
-6.707028558605011617e+23
-1.402485324724771639e+24
-3.637037846638694108e+24
4.394898346409614129e+24
-1.830044544384816018e+25
4.302735528370739056e+25
-1.222071988753797889e+23
-1.773778350396798214e+23
4.827576553814394877e+22
9.058413460540160685e+22
-5.300113076539465767e+22
-6.472822784957852466e+24
2.524497992170965807e+24
1.407611968316843263e+26
2.327684434465403605e+26
7.039954590918872861e+23
-1.077616784831630765e+24
-8.680379448658340683e+23
-1.261004740887329146e+24
-1.454484613274289880e+24
-9.436999568521456792e+24
9.876855495540997850e+24
-2.387263219129234999e+25
1.035611306103769198e+24
7.087526733489757725e+25
7.043653660594129935e+26
3.822522852249541101e+23
-4.213822217603069134e+24
4.226426957357762392e+24
1.102436657590344119e+25
1.426855909896077793e+25
6.240656302971611555e+24
-6.221770940893773672e+23
-4.753243955448778015e+25
-2.931370478099039023e+25
2.167848767569596287e+26
-3.130891705120808358e+26
1.008473077325341180e+27
-6.350847276154320668e+26
1.255195637597556561e+24
1.524759620438316587e+25
-1.969362727835454734e+25
-3.574462960248220552e+25
-4.925622571118980234e+25
5.421062147451662990e+25
-5.108089705314777145e+25
-1.421898552207334673e+26
2.648161289793490628e+25
1.146735657980617873e+26
4.609894624071591783e+26
-3.411669032603639014e+26
-1.355007474386455178e+27
5.208495676197639265e+26
9.614987493146231598e+24
8.599771664743381707e+24
2.573336061967774337e+26
-3.831417588530135542e+26
1.069842007327384152e+26
-2.410162417959136050e+26
-1.239822831833193645e+26
-1.138355796253485062e+26
6.207523708529219568e+25
-1.226008761429314552e+26
-3.072826785825789992e+26
-3.953719603987819137e+27
2.293857742866884858e+27
2.141805102289499508e+24
-4.727965838005654660e+26
-2.164433394994741217e+26
-6.903093090845459386e+26
-6.448587960702166609e+26
-1.021164088475392272e+27
3.700363813743205985e+26
1.710266631714176695e+26
-5.197821092713365272e+26
1.670455108663950123e+27
1.869498439637364490e+27
-3.183121353545578955e+27
2.195611257818511835e+22
2.045838524448700807e+23
4.167550499006685014e+22
5.688914386681267287e+23
5.574998937726919555e+23
4.091716438556404991e+24
-6.332690307336562981e+23
-7.482287880571066306e+23
-3.049298582531875508e+24
-1.592577949749874835e+25
-1.291004633153561877e+25
6.217488985266332767e+25
-5.825053744573497869e+24
-3.419350316367392747e+25
8.093377972296931019e+23
1.177258085146237142e+25
-2.026096639360426958e+24
9.901223166438082991e+25
2.314347599335905257e+26
9.024698181671656806e+26
1.797592180680127520e+26
-1.598103386764875840e+25
3.848792636470866131e+24
-9.790559779933182205e+24
2.327381340391747433e+25
-1.345634701124383947e+26
3.933096471974145042e+26
-2.583251132974330618e+26
6.512951800913698387e+27
5.435172723082398688e+25
1.524455920843360694e+25
-6.669617847434198999e+24
5.462367185522408214e+25
1.031334027641935096e+26
8.112492348786610697e+25
1.239624654123009949e+27
1.006762288836112057e+27
8.394882195046975318e+27
-1.840171650598556229e+28
4.584164197812151630e+25
1.122960118944549768e+26
2.946013380016141279e+25
-1.301105682799226690e+26
1.425151333498831923e+25
2.444811427529274397e+26
1.449424061981729142e+27
-1.250682518612308182e+27
-3.364195967443370996e+27
-5.341661647211607971e+27
2.678403337811042868e+28
7.365893463362656738e+27
-2.222678388714832638e+26
-5.830314626116147860e+26
3.044453995088238261e+26
6.740000471097030957e+26
-8.190592903422760799e+26
-2.103517800287568147e+26
-9.514513314147998251e+26
1.236605155638306792e+26
5.577075932931687885e+27
1.250367829450641513e+28
-1.019518336919021465e+28
2.707128243404075575e+28
-4.015767320562770427e+28
1.023780658641743994e+27
-5.738404641925488263e+27
2.942040795004545708e+27
-1.387091865831443177e+27
-1.110668437755180502e+28
1.369239999933965794e+27
-5.060825059313272903e+27
-3.776084712612660397e+26
2.175175969288979806e+28
1.067558258831809154e+28
-1.173416816165085109e+29
7.832265365486135946e+28
-3.775429763576766266e+27
2.426275744817230951e+28
-3.059806445862921851e+28
-4.141346780439901574e+28
5.260518594098723212e+27
9.526095974239340207e+27
-2.709772765061812176e+28
-3.375477077269369215e+28
5.402676301357078634e+28
3.129307523587408180e+28
-8.642259683936354733e+28
-9.433567308367863094e+24
9.126546434405965282e+24
3.261227195985192909e+25
1.633173231289140173e+25
-9.763339016854543241e+24
8.484014486403962713e+25
3.199855343339912410e+25
-4.480483286484951880e+24
2.966596047297170173e+26
-3.948789646935077952e+25
-2.224785367515900462e+26
-3.389639047857656664e+25
-4.191374510722391400e+26
1.862798247965945964e+26
9.876054501996507340e+26
-2.710195808651395050e+26
2.587922291153778568e+27
4.284624838202105670e+27
1.046575519811987519e+26
-3.184751623467863024e+26
-9.708960162296911329e+25
4.933915065553749414e+26
5.348521543522427480e+27
3.013177307005405162e+27
-1.675496203632622013e+27
1.758926099479170206e+26
-2.605494680504069905e+26
-3.737690205716787426e+26
-2.180646228645069866e+27
2.977877985654802433e+26
-8.738340373227825956e+26
1.016231305895285257e+27
-9.453770915458929655e+27
-1.957717606619941703e+29
-3.905634436305036105e+26
2.298504778064342732e+26
-4.868473564901857170e+26
-1.337278351760222405e+27
-1.343667659815975709e+26
5.341760048860748193e+26
2.032013934556697379e+27
-1.935765022041154589e+27
5.882364200492657740e+28
3.673586820042863133e+28
-2.563438373845140737e+29
-5.533338619536580820e+27
4.714463973879545086e+27
9.558735989600631038e+27
-2.772197637406621531e+27
4.674404257963319298e+26
2.200686891208306841e+28
1.015617792899446622e+28
6.325035368690460966e+27
1.056155376027375982e+28
-1.001111896189461522e+28
-1.106596902029343221e+28
7.321846279264722244e+28
-6.466951749582664561e+27
1.592046272669094616e+28
-4.537650548166901588e+27
8.312044233715659105e+28
7.857087515954714277e+28
-1.989339645455796463e+28
-4.259300872198662851e+28
-3.056538218554620760e+29
3.904957609420132725e+28
-5.757179481316155187e+29
2.676208000842130982e+28
1.075122194197398075e+28
7.514760732145006339e+28
1.350922855934573958e+29
-7.682451452283324448e+28
-7.188261160125633286e+27
1.089745535383113819e+29
1.189013704047438769e+29
4.142636157555762619e+29
1.216640676841264087e+29
-1.472888298645520006e+29
-9.721633464553261291e+26
3.837931796747153081e+26
-1.214480201295249790e+26
4.131857875954376778e+26
4.365582320925331069e+26
2.338748553523537669e+26
1.818026799373372049e+26
-1.672748112758699568e+27
-4.034210651694804529e+25
-1.315467184749112255e+26
8.718316385360653496e+26
-1.015113260580033793e+27
-4.105840975616913814e+26
1.223599181648856320e+27
1.362450390890854639e+26
-1.618815284024426609e+27
-3.707377250288002981e+27
3.128054356671577747e+27
-4.091674804535376840e+27
-4.538392456323484056e+26
-1.125347496056841257e+27
-2.682281013835333673e+28
-1.895035581095654440e+28
-1.768925038224831985e+27
-7.738643701790155630e+27
1.429141057706431783e+28
2.385157991815830531e+28
3.095977730550096507e+28
6.755749870891722498e+28
5.206864603822979494e+25
1.764354764612026454e+27
2.692576338330979144e+27
-2.244686885808998925e+27
-1.693354341568871453e+27
7.248224098829547682e+27
1.635300968474051290e+28
3.992396783115997274e+27
-4.607535775193980698e+28
1.808562284572824730e+28
4.514129234006747715e+28
1.348532977772312080e+29
9.567265449262114914e+26
-3.850590977930873756e+26
8.325528273647470214e+27
4.233038197462046835e+27
2.246699112484323385e+27
-1.979116727764203648e+28
-6.073991626538703665e+28
-8.945393718586626703e+28
1.543276546671596516e+29
4.797258608531101708e+29
6.725784233747791174e+27
-3.729823442632688455e+27
-2.515297799203843634e+27
1.094429354453685869e+28
6.822489228659976791e+28
-1.106051795603404988e+28
1.374504772503575970e+29
1.953364701610778382e+29
2.913956779485829463e+29
-8.988714721110562435e+28
-7.765337804276354035e+28
-2.068780535534301157e+28
-4.503317985843080096e+28
-4.873278737709475069e+28
-6.342258045483936981e+27
-6.096737319132099008e+28
7.129896203774139736e+28
-7.630041810057566491e+27
-2.093178604110238076e+28
-7.558258481379699595e+29
-2.190108074207149899e+30
2.453345796455629307e+29
-4.419879437306652383e+29
-2.083611342141280751e+29
2.534610603094011751e+28
3.927168400553460122e+29
-2.077401008700031402e+29
-1.867180211987288103e+29
6.119627810525988650e+29
5.569729342783975113e+29
5.073860178137710989e+27
1.697578435555665146e+27
-4.366575552762249081e+27
-1.177624555630151950e+26
-2.806937764647876205e+27
2.206703449235739243e+27
2.628894035678498214e+27
-3.058173881868417890e+27
-1.761481749724274661e+27
1.238487419179382224e+28
-8.616182928158248733e+27
4.733194000162570163e+26
-4.307217338684723785e+27
1.402546417911484092e+28
3.136339754884633396e+27
1.517761561910769209e+28
-2.068843519201119484e+27
-6.651336345451783252e+28
1.281400188870429724e+28
4.586241358750310903e+28
8.565681038893982570e+28
-4.314433307968043528e+28
5.168053896269113951e+28
-1.756451246872853889e+28
-1.456101209335991170e+29
-1.687493529051171844e+27
6.250199150600514146e+28
-1.366747396113769533e+29
-6.983530371438512620e+28
3.273924172714459782e+29
6.187764805853234600e+28
8.026461618460309385e+27
8.843805676330504384e+27
2.399454282118125864e+27
-1.622773454584999361e+27
-6.210313231351777317e+26
-3.041816789158404024e+28
-2.252372283917060292e+28
-1.593247448436994310e+27
2.358103035791163753e+28
1.641046990944901218e+28
-9.017300969459290397e+27
-1.118976757562227365e+28
-1.102412031295085700e+29
1.281777956622562381e+29
5.329661035496022145e+29
-4.710373702567242065e+28
1.582707251636550737e+28
-1.687833429570288966e+29
8.701250944513957404e+29
9.163658816064189624e+29
-1.126241978268324372e+30
-3.003104816637117148e+28
-1.950586287995989432e+29
-3.580111236952894495e+27
-6.468629200927530011e+27
5.344900586544744484e+28
6.804108455314048543e+27
7.207329992009165020e+28
-9.142971800181398217e+28
5.912854763933710468e+28
-3.263438414579778730e+29
-7.542901300325532066e+28
4.563348882629826151e+29
5.202986759100181071e+29
-8.392851374586649050e+28
-7.673112657368967073e+28
8.465713604887201493e+29
9.954298965157410984e+29
9.696293014847339023e+29
7.906112280662788123e+28
-7.122565479544392436e+28
-1.227883258097656726e+30
-1.545503575780833147e+29
-3.411641380440280981e+29
9.944224171925342898e+29
-3.658277058972057363e+29
-1.054256708756008715e+30
-1.809327727327515998e+30
-1.139736132590074478e+30
7.966261317818435357e+29
2.711151157457665796e+29
-1.308560329225066879e+30
2.520262641926324315e+29
1.022510052434809877e+30
3.124375030600655509e+29
3.853047071085658212e+30
-2.001287164566590079e+28
-4.072887065959375806e+28
2.536874296069889054e+27
-5.936135679713225189e+28
1.017923098668224943e+27
1.041199909404695244e+28
5.435247330764287167e+28
-1.360779525628855180e+28
-1.230052608432437700e+28
2.205597919290604901e+27
2.581718042894847743e+26
-1.819173131795545224e+29
-1.848568390012991501e+28
1.347153002805068617e+29
2.135761956804178097e+28
2.011196923833132158e+28
1.116986540096634562e+28
-6.372554183802808680e+28
-5.491077960246101520e+28
-1.793119227134872813e+29
3.508109021913835950e+28
1.461537114496598143e+28
-9.351705304087329892e+29
2.353412921582744106e+28
-7.640966603118466709e+28
-6.332654275284895860e+29
-6.035608761924485314e+29
-3.331849673330209961e+29
-6.696171784465652980e+29
-4.311669103814810678e+28
-1.551910181200293764e+28
1.298088533607152833e+29
2.172983801128055896e+28
-1.937619659840308900e+28
-3.225058850816652032e+28
6.061050341180920679e+28
-1.413935460389589401e+28
1.023849381046232772e+29
2.605100596121115858e+29
2.129004092381697624e+29
3.858352775721966727e+27
-3.321097989375378387e+29
-1.990784215737382140e+29
-5.352370245448955835e+28
-4.035413645102773218e+27
2.236509402910847842e+29
-3.181164559323553885e+29
-1.293409157260146301e+30
6.239489113823942152e+29
3.911544447306365519e+29
-2.966170644456576904e+30
2.086088477930802093e+29
-5.375790835234221889e+29
1.329804750841744321e+30
-4.728363247896361528e+29
-1.711878424131826345e+29
-2.511481934235833282e+29
-1.397437244213575790e+29
6.379862312423821307e+29
9.240451851204303469e+29
-1.128761814627724165e+30
-2.095592478993898892e+30
-9.583846450657103026e+29
-5.820412757988441126e+28
7.120013117203686146e+29
1.403449390139703360e+29
-2.326166368202691230e+29
-2.246174621957270807e+30
7.338631726913000751e+29
5.018689131708442362e+30
3.376948393999545288e+30
-5.721452062847960332e+30
-2.060423312886027970e+30
-1.000417414136892009e+29
-2.771471427807874290e+29
-6.788140070953503550e+29
-1.370394361964306750e+29
3.002731721473142161e+30
1.671095674264358030e+30
-8.615837155967110939e+29
-2.254184376531850454e+30
4.312348663441990128e+30
-2.152703453345174101e+30
1.249357897941817151e+30
-2.311521353651788994e+30
-4.697729523108097666e+29
-9.871129670937294859e+29
-1.127580391141710759e+29
3.787626700083705368e+29
-4.069204903921799434e+29
7.702268080021230497e+28
2.295866678570630412e+28
-5.538724189111092437e+28
-3.970239633986373798e+28
1.154170889520588079e+29
6.352871872092803692e+29
5.138230969591819745e+28
-2.106882622964917975e+29
1.425530005539710962e+29
1.394573148668103426e+29
5.686536378310607724e+28
-1.489933957950879509e+30
5.762393651910589887e+28
-8.336356615187077787e+28
4.064883406572558042e+29
-2.516191354783994778e+28
-9.445945433750331878e+29
-5.655784909399665228e+29
-1.182005365286750982e+30
1.617017058803439082e+30
-9.806678917295985768e+29
1.543171499181148136e+30
5.896548401721181434e+29
1.346612803427402551e+29
4.757347118973191768e+29
-3.156768726788634190e+30
1.385638742388945169e+30
-3.779808815320266721e+30
-4.154048803272298228e+29
1.332057807402102581e+30
7.295057106431519896e+27
7.581358810171341713e+30
-1.451480463187095186e+30
-4.777372084431576646e+30
2.871171953509632133e+30
-4.662332079916342427e+30
-4.516998468902749142e+30
-5.078338798768645682e+30
-5.168942019518482882e+30
-5.762390899079231887e+30
3.690226774894960319e+29
1.804687103922986697e+30
-1.055709393649198867e+30
-1.173526517358033076e+31
7.788967854723214200e+30
-4.462997796759976928e+30
3.736064149231311394e+30
7.299667798990355097e+30
-2.730444943470368874e+30
-6.682968664088251182e+30
-9.652304121913814857e+30
-5.482842618427466585e+30
-1.717157838769337368e+29
-3.843940268644846938e+29
5.762611592753646770e+29
2.495372942904623805e+31
-1.510865251015493223e+31
-7.819774257946472049e+30
5.257779890319334175e+30
-7.445810850398130928e+29
-9.871333217428971090e+29
2.013344910639060266e+31
1.108763241319786310e+31
3.874032784599634476e+30
3.355734186591923737e+29
