1.860736639193367200e+16
1.865609572421178368e+18
1.267800273974842655e+20
3.734232149577191260e+20
-4.508792525158125404e+20
4.810128484565440791e+21
-4.315521273916352889e+21
-4.918928650219395482e+22
-2.075234786450816180e+23
4.461136064406282240e+18
-8.077825362472820736e+18
2.402642384333421674e+21
-1.050363955107963339e+21
1.064796583257797191e+22
-1.163350162086459584e+23
4.192889854059350065e+23
-2.118689738358948534e+24
1.165649757853055103e+24
1.591313995959913677e+19
8.185418930345949004e+21
2.696666908421497500e+22
-2.284231277995013303e+23
-7.345816584708938573e+23
-8.327019632113972916e+23
7.887491415620784138e+24
-5.755507571130630345e+24
3.130832476996517723e+25
1.396364940978050564e+21
3.480491934883472474e+22
3.212987281969986488e+23
-2.720409901835916107e+23
-6.552062979811072960e+23
-3.546917276087845713e+23
-2.736586978136201613e+24
1.320997775834948944e+25
-1.572644493357584073e+26
-1.085769115481380994e+26
-1.846416002528286867e+21
1.667211206394591345e+23
-2.020478242428922431e+24
-9.654107086042722992e+22
8.295365219428614621e+23
-4.707275166916757128e+23
-6.789298890294826459e+24
4.920481148358212744e+24
-1.750958335340367647e+25
-1.654432017587748966e+25
-5.680268205374503632e+25
2.693704113328997726e+26
1.402934549798938739e+22
2.333147929389109158e+23
1.774362546792737758e+24
9.460929669245264693e+23
6.952699756051859830e+23
9.137410288848878776e+24
-4.162907444048925636e+24
1.159317600634424812e+24
1.038567348432807675e+25
7.425841524857597923e+24
1.503843244125908187e+26
-9.711386957571318539e+25
1.266580594106484416e+26
-4.758755640393782941e+26
-1.815625222106361364e+22
-6.089759753295913298e+23
2.030432637303119407e+24
-1.650421064112977351e+25
2.322343388257490620e+22
2.709700876965308613e+25
4.054071818352182340e+24
-4.488073331640796552e+23
-1.559142176877700258e+25
-2.448017792762783867e+25
4.796610304904080860e+24
6.565045586945199813e+25
-1.010500840966117291e+26
-3.404631266430048975e+26
9.933105665893640144e+26
-9.751610412104823708e+22
-4.641424100069088344e+23
5.127245075608514147e+25
-1.035342209302942885e+26
-1.617707905914736197e+26
-1.519637438692261533e+25
-1.724171124893731047e+26
-3.526175516265663209e+26
-4.715985441605470932e+25
-2.551618745486888072e+25
-1.900960305133216467e+26
-2.239833078111511191e+26
7.069423991039426706e+26
1.877955997377336594e+27
-1.818929225440731951e+23
-1.565130694978486673e+25
8.955543139798858566e+25
-1.288386452556686314e+26
-1.217949929691211012e+27
-3.952405752601718139e+26
-4.205236040941400099e+26
3.038027747267778341e+25
7.284860961856713449e+26
1.175934912649872685e+27
-6.665396130864477256e+26
7.621388747001854083e+26
-1.024132755052410758e+25
1.637757030160549151e+20
7.892473117636611277e+20
2.366898443205706200e+22
-1.048955575011868515e+22
1.386693748500306246e+23
-3.691274193071046551e+23
3.867573262883185251e+23
-1.291102911778987327e+24
8.518817414206015909e+23
1.194919322390535580e+25
-4.422453225415253978e+24
4.266007569529790001e+24
2.923703016054539560e+24
7.688617929223369657e+25
-7.169643010276712956e+24
1.195505942050095757e+26
-1.446319708728287465e+23
-1.053728467091328141e+24
1.220824861809905755e+25
-6.200785664269529070e+24
-3.329705554326737245e+25
1.482917472582485899e+26
-2.089642738987196963e+26
-3.212172498291345923e+27
-2.994265148959028809e+24
-1.314097935646010179e+25
3.254289318075659187e+25
3.350667081464953730e+25
7.835805976508486059e+24
2.619570124628477939e+26
-8.761146853229112107e+26
2.851459916876046605e+26
3.011275079431913544e+27
-1.730467175608096697e+24
-1.013705053049273687e+25
-5.816573659286459729e+25
-1.080736705367942876e+25
1.075385054663132350e+26
-2.162385902026607437e+26
2.663693960736102156e+26
9.281451244873553688e+26
7.621969253882469553e+26
6.541741875890657860e+27
3.013210030090801904e+27
1.304899722557646343e+25
1.198749135339768261e+26
1.211557287210365374e+26
1.748431826934130187e+26
2.927980440061165129e+26
2.494274562608399348e+26
-2.289525155712971664e+26
4.916008525954441699e+26
-2.061378964603752253e+27
-9.015660714090217388e+26
1.539658799672933704e+27
-7.525350935385753019e+27
-1.686436454684011559e+27
-2.750558589623171189e+25
4.648954277243740601e+25
3.391355699518736575e+26
2.844856052236507670e+26
7.093326240364148475e+26
-4.445477729767731331e+25
-2.389585621498177697e+26
7.686354373798704142e+26
-1.135624937952411355e+27
-8.140547658161345179e+27
-2.100889941826328947e+28
1.561855941992221337e+26
1.627753759559826567e+28
-1.249264467008226601e+28
-1.854168098006766033e+26
-2.616692316129711149e+27
5.623306934129907899e+27
2.160765701820367641e+27
-7.615560261902795491e+26
5.373971261695613620e+27
1.155159188577373849e+28
7.084723117891749481e+27
4.226563332287011699e+27
-3.211352789965744228e+28
3.774151239261724883e+26
3.031484562117272170e+28
4.329453360496640918e+28
-1.860202140682106335e+26
8.915764754332040532e+27
-1.037379959541137047e+28
2.024775973365707245e+28
1.595967718120194835e+28
-3.476082634744293661e+27
-1.252698509687742478e+26
1.160340942778975157e+28
-9.858169020502100528e+27
-1.405201851743993623e+28
-1.711454767996656510e+28
3.832732572791159523e+28
1.787571137367194049e+22
-2.721413552931213956e+23
2.198096291353417744e+24
6.944038880940884675e+24
2.196106689798242788e+24
4.557552133725241989e+24
-1.940770469472862764e+23
-8.731488870074827791e+24
2.966185438275558635e+25
3.569245238853014464e+25
-1.036025696883538745e+26
-1.654344506698173407e+25
-1.043310939281551455e+26
8.435635379752172160e+25
-7.502530115453969938e+26
-7.247431083786932490e+26
-5.343929638574464059e+26
-1.985584433514231214e+26
-1.310544094304598606e+27
-2.559027236771741331e+27
-2.159403442836341827e+28
-6.416870406641969925e+25
2.802649043490539216e+25
-2.133546630820281230e+26
-3.529318687605341447e+26
7.102531869395989265e+26
-7.460521674155583814e+26
-1.703802709962144764e+28
4.786777416526145287e+28
-1.982621836911817639e+26
4.709221439611259094e+25
-7.872315171551352028e+25
-5.231869815914067741e+26
1.183120924616066211e+27
-6.679646686892637494e+26
4.029243310170444927e+27
-1.972481130845509330e+27
2.392974745518340020e+27
-7.899102127851258488e+28
1.035821147887462607e+26
2.183340070677471497e+27
4.859276875452135880e+26
-3.435700829405993496e+26
-2.292831091445340488e+27
-1.230649879974487017e+27
2.011163809565569091e+27
-1.416752367450851799e+27
-3.438436212824082806e+28
-2.671490786152039971e+28
2.397335564166922669e+28
6.773241494538777293e+28
-1.359430296098593692e+27
9.374653969318541666e+26
-2.399248692977415088e+27
6.603447299438685916e+27
1.338727300512080572e+27
-4.637947663773075996e+27
5.077955230732224586e+28
-1.304278841916879572e+28
2.182808838447257551e+28
5.331674055119533640e+28
-4.189348642931499318e+28
-3.748375556292573371e+28
-7.372658292385965443e+26
4.882892942327458555e+27
3.521898204075463027e+28
9.265938684453940035e+28
1.589193450308619123e+28
-6.247947303966438502e+27
-5.499439480907181154e+28
-2.050517267562917336e+28
2.259839076516517016e+28
-9.262404781598394154e+28
3.769766008770011956e+27
-6.535470326646382205e+29
-1.909017317429299424e+29
-2.985368556515789026e+28
-1.628127380891452750e+29
-1.283395443020869477e+29
4.043670078079435464e+28
1.406138661338936907e+29
1.605572540148663324e+28
-5.983021664939705028e+28
2.568331483651045298e+29
2.578464629808144553e+29
2.065211295785744696e+29
7.915496835709202465e+29
1.889703218826930601e+25
6.020126988423200807e+25
-6.565425382475435338e+25
-3.058341971674688327e+25
-1.652283253671198263e+26
3.944136509658533753e+26
-6.695698496392984273e+26
6.375357505326623841e+25
1.694836686872543338e+26
8.788410434056806392e+25
-4.042287435695498099e+26
-1.889145822307082329e+25
3.289275747425782300e+26
2.696291191476120088e+26
-1.272826339276752235e+27
-5.291951041006634580e+26
-1.165363568572613201e+27
2.102494144885868230e+27
-3.432541604311499904e+26
-8.258517987652109470e+25
2.235327267799636274e+26
-1.446259170884544766e+27
9.620713560724783783e+26
-2.212475952287854353e+27
-1.148707771886481641e+27
-7.787163480316306376e+27
-1.514147376255695124e+28
-2.610440558667579503e+28
-9.679471038319534427e+27
-1.738183411284353331e+27
2.220913486848469777e+28
-7.330732088327008476e+27
3.638385095680296239e+28
5.580112741094465477e+28
4.721254428626186282e+26
-5.203584050949619495e+26
2.699113296876453973e+26
3.106990206020530773e+27
-2.527565208658829203e+27
-8.779623605475959499e+26
2.303937175566956820e+27
1.117261562499208216e+28
-3.907264892102373702e+27
-2.759571453585621604e+27
-2.679622190987543029e+27
-2.716225660159508380e+28
-6.544011275576632190e+28
2.297606145211333266e+28
-4.522831959574633589e+25
-2.673057051931116994e+27
4.765529346926993585e+27
1.623931819912449869e+28
4.027274168637752814e+27
2.642305039064233781e+28
7.488668607604084951e+27
-1.513972277248454332e+29
1.053055717019466505e+29
-1.245328042572512438e+29
2.853054433497729443e+29
2.153152889781200969e+27
1.432355480337128872e+28
-9.798279591709869699e+27
-1.766568590836933367e+28
-2.048372495363495534e+28
-6.403145504848613766e+28
-2.452384041697911029e+28
-2.127014686699195146e+29
2.826586256334906811e+29
4.960546925004729639e+28
-1.867382951087099458e+29
8.368093842923646689e+29
-1.395794017792718277e+28
-7.262862425962715909e+28
4.982857867479747360e+27
1.825856663328425293e+27
-9.871080261373916600e+28
2.508444254899268294e+28
-2.840311091980690311e+29
-1.694905129984126916e+29
-3.002433098994411706e+29
7.262538307880071819e+29
1.869270026378822599e+29
-5.453779495572129369e+28
3.027641977352666579e+29
-7.006857503286595154e+28
-4.962495065211363506e+29
1.181859269533658204e+29
-1.144540348229968770e+29
4.325383876718830165e+29
-5.128226884834960935e+28
5.693508070663392199e+29
2.609647980310019896e+30
1.944232892404930910e+26
2.371285069536325902e+26
-1.004273322645632479e+27
-1.277919980492237702e+27
1.281849667655286532e+27
1.700601907772510226e+27
3.142640212569538256e+27
4.181159674922763096e+27
-1.039249153760671095e+28
4.054984162078927260e+26
1.582934239893741478e+27
-2.893679107551881939e+27
-9.882023544889160882e+26
-2.568421906107910553e+26
2.574766710305895013e+27
1.815847849428632538e+27
-3.009053186032626289e+27
-4.202229590562283063e+25
-2.818598457363377932e+27
1.148253200428021050e+28
9.596621041035704296e+27
-8.314409736771968211e+27
2.109681606488795929e+28
-1.203645223347593334e+27
-6.013323595742590686e+26
-4.537019900152248609e+27
1.005351577582851796e+29
-8.007744549125950010e+28
-4.362436691753930620e+28
-1.186450673229921294e+28
2.948656563196363338e+28
1.585575143250621092e+28
-5.197366288438081656e+27
-8.035974884012944340e+28
-6.787221194350323853e+28
1.144965875945450311e+29
5.118528564940468340e+29
-2.242505589073183733e+27
-4.710993724374488601e+27
6.131378792448617239e+27
-8.750504543594016984e+27
2.133863394502646945e+28
-5.082530754848876750e+27
7.725335618474496151e+27
-6.281079392277519573e+27
-2.357539649164996986e+28
-1.275134439779506845e+27
-5.513878205261953950e+28
1.313404155364334289e+29
-1.768522932747222775e+28
1.916315182320524738e+27
-3.874776570501895616e+28
2.273850427171750609e+28
-4.857043485392939235e+28
1.561272264964181445e+29
1.912219568542433694e+29
-6.518271244188952007e+28
-9.544858616235976562e+28
-2.962177591636697984e+29
4.100035329667288603e+29
-6.812014213984405498e+29
-2.070784302792356278e+29
-1.225925219185889239e+30
7.698331243454057680e+27
-3.049158931142366447e+28
1.287351748770460930e+28
1.805810088728976982e+27
-6.907648292801470623e+28
-8.995948329938378727e+28
-1.198664291334295219e+28
-6.042225973185644020e+28
6.098234643855316143e+27
-7.731708225736922446e+28
-9.583544643879105927e+28
2.465037609025683663e+29
-1.696457635074622903e+29
2.094663788762315140e+29
-7.691053686042693532e+28
-2.441847490816511928e+29
-5.517150277071701463e+29
-6.252594236823381508e+28
1.497687903474708170e+29
2.078215128243210339e+28
-3.808797037823105972e+29
2.806281156892095549e+29
-9.272371288224558879e+28
4.926590656475413159e+29
2.507094967894295125e+29
-7.551905772500780011e+29
-1.464968480775920621e+29
2.859762703973404551e+30
9.831615798297839192e+29
1.081720630493842074e+28
-8.483837523026287113e+29
-6.691773826545537012e+27
1.342967360946806752e+30
1.345421801742657799e+30
1.560656203427491986e+30
-1.801915434193873425e+30
6.218233577182168363e+29
2.842520701060728523e+26
-2.485519704742309031e+27
-6.237560586193854347e+27
-1.027414315656639393e+28
-4.626001885457002255e+27
-6.474924135174514115e+27
-1.394582878693337558e+28
4.743256364487218949e+27
-3.590888134675335466e+28
1.347628432087027993e+28
-1.032478018644013039e+29
-2.679612039564026210e+27
2.790404910940466105e+28
8.057837894981100945e+26
3.650018394960557900e+28
-3.715428398607123798e+28
5.378362502121170411e+27
4.405117062940909461e+28
6.388233862481454587e+28
-1.385817120744417855e+28
-2.543157819174794277e+29
-1.792319747155306028e+28
-2.807633093570920212e+28
2.059118497801410772e+29
2.615280157192013674e+29
7.186238954068787024e+28
-5.648502855127557957e+28
1.637716599731629524e+29
6.621428471997510449e+29
-5.900692984954282398e+28
2.210248223480772468e+28
-9.347092456837203164e+28
-6.259775010448061722e+29
7.447812519233123001e+29
1.162393354907002314e+29
-1.067959838286562072e+29
-6.267337675443800672e+28
1.256508004633997183e+28
-2.034657852181904567e+28
3.337450756476741768e+27
6.076691576988603793e+28
1.789215878522380048e+29
8.172292574854950695e+28
1.948570638116715944e+29
3.658646828835526941e+28
2.590541653076647892e+28
-3.878337019412374346e+28
1.709340941219551886e+29
-4.482953062152731805e+29
1.293110974561736048e+29
5.114737116061097813e+28
2.135841199297783556e+29
3.706085011152168904e+29
-2.043127073169807629e+29
-3.238323527623172707e+29
3.879947329435175090e+29
9.388477893894385125e+29
1.085587640457152986e+30
-9.684949211487085719e+29
1.197181463796456728e+30
1.291844128276229913e+30
-1.768798930362090894e+30
-1.351944559379593247e+30
1.650990843397986967e+30
4.948907136449602522e+29
-5.845068591824431611e+29
-2.641544459312006850e+29
1.824183073753448069e+30
-1.955572477421042095e+29
5.248966383794786356e+28
-9.911220347367719651e+28
5.109568954018684307e+29
4.380611436492398213e+29
5.166886420307735145e+29
1.721973629624718243e+30
-1.449608709784632483e+29
5.496543154443220824e+29
2.911982991326051891e+29
7.092424468906972700e+29
9.311457804200734235e+27
-4.060460871837626116e+30
1.096643484029717486e+30
-2.522434778025047440e+29
1.430205914569993905e+30
2.107899231184253826e+30
2.991607205344882187e+30
-1.802311724705364728e+30
1.130198490668095730e+30
1.053573770021555117e+30
-5.414427476631085629e+28
1.325839286526311379e+29
8.301457365372999998e+28
-3.245825826974514328e+29
2.050118052575280060e+30
7.681170518478471054e+30
-2.084733883922616122e+30
-1.986918035280850816e+30
-6.326583244183145860e+30
-1.693606490799860745e+29
2.695561485735420564e+29
-2.973230607296401479e+30
2.395340510784615258e+27
3.068481187082252437e+27
-4.720780278128210467e+27
1.198306817643424734e+29
-6.189786187540785099e+28
4.875032724312756108e+27
5.769544805620182607e+28
1.391162804564013864e+29
1.316959808793060990e+29
3.375442206932872589e+29
3.820746595898035327e+28
-3.091683590800168730e+29
-2.497769578498192483e+29
1.160577308667722107e+29
1.230313052848574013e+29
1.780723344423998445e+30
-1.798032234575886455e+28
1.857651509366202995e+28
1.346634485650764028e+29
6.361682893046228459e+29
1.112264353759420125e+29
-4.159610225881460169e+29
7.000905441456323486e+29
6.384083491515043007e+29
6.768849537827089609e+29
-5.675031380699391139e+29
-5.496668525102151291e+29
7.906769493070603331e+29
-1.400297680463272449e+30
5.945060597601511906e+28
3.280261942332176949e+28
1.394731294131523397e+30
-4.359623920812497010e+29
5.289078603757051109e+29
-1.316205149599797711e+30
-1.758881070684843708e+29
1.141614115089219368e+30
-4.534759196900011498e+29
9.024751710906841581e+29
-6.556887182577758442e+29
2.103438137751610789e+29
1.829079498489070236e+29
7.216662591648415662e+28
-2.710540471859750538e+30
2.778429917766201217e+30
6.648226470240363269e+29
-5.162358763966499698e+29
-1.462020073546368566e+30
-9.935844436478955480e+29
-1.282929150002925179e+30
1.231554030033629086e+30
-3.473881350226851788e+29
-5.721651220173364300e+30
4.662986313640318392e+30
5.196790745481469160e+30
-2.368844822043447409e+30
1.202975007380765737e+30
-3.138160781372741791e+30
-3.097299940681020037e+30
7.686600581613593543e+29
3.257886823116412302e+30
3.582740858199164626e+30
-1.727862182626414207e+30
-4.722467165004552513e+30
-2.145273030549557545e+30
9.485171624996827369e+30
3.979149491971602428e+30
5.052405549090774960e+30
1.991463681637718589e+31
4.597094993086722632e+28
-3.179371470132136605e+28
1.490447634169945705e+30
-4.077945035205479120e+30
5.789446713552383977e+29
3.035451765382887138e+30
5.726931973994957449e+29
3.742748556283765433e+29
-2.439500879410667014e+30
-2.273247338701251340e+30
-5.342001291303550694e+30
3.662777500155865701e+30
-1.388322931216287620e+30
4.544138226501693370e+29
5.019788220118816134e+30
-6.049031877153122037e+30
1.242801229350528838e+31
3.568808505467022742e+30
6.272115172798376570e+29
1.811612191347707801e+30
6.777392324578659487e+30
-1.813316190650533675e+31
1.648288467424470999e+31
9.014445522613842337e+30
-3.128712807464227769e+29
1.276709675657759189e+31
-1.175134264799968361e+31
-8.195483778804500557e+30
3.153993780866302913e+30
1.102863805418147659e+31
3.955575473024771477e+29
7.008399652654024422e+30
-2.104934334827040601e+31
6.267195028435261524e+30
4.225621012025992164e+31
-2.059549105387974197e+31
-1.878616415892829350e+31
-5.255803666992454628e+31
-2.930502019144039564e+31
-4.041355478215033856e+18
-1.153467899143308902e+20
-1.561806050337761853e+20
-1.384374571132219556e+20
-2.994034180639763202e+21
-1.201287651047662158e+22
-7.626432969890006775e+22
5.319653528344877387e+22
1.932381220441112576e+18
2.862467089207423140e+21
-4.332347205968486990e+22
8.184987299040665063e+22
-2.524827498899809679e+23
5.974378133217940624e+23
3.343444390828629463e+23
-1.192003477862371528e+25
-1.740446748376634176e+22
4.004377733334370877e+20
2.558202846944222092e+22
-2.664240434950480436e+23
-3.584039940134114228e+23
8.171158312651201624e+23
-1.217567697145425191e+25
1.636697786465273756e+26
-1.927536570067691608e+22
2.731168398699996067e+23
-1.912164101739690318e+23
-2.872287162425173816e+23
4.971193046217869817e+23
4.294446088869521696e+24
-5.857797105812290482e+24
-8.485695596584620390e+25
-1.195543673873847531e+26
6.556318665397086716e+22
3.252159486425794662e+22
-4.117255978185552686e+23
-4.219709192633802356e+23
-2.102936506757694043e+24
-9.293977264591471095e+23
1.266244598586294606e+25
1.566123157529802605e+25
-1.013055309967901596e+24
2.042596430166691376e+26
-3.354116839478490410e+26
2.067091113896298571e+23
-3.429795893363538630e+24
2.057030857191955815e+24
3.305396858648435244e+23
3.916231106546994201e+24
4.911360785589469620e+24
3.819263342515141233e+24
7.526030493845368687e+24
5.529450271571954998e+24
-6.368270406413331911e+25
-1.663146868052376914e+25
2.437017943076443859e+26
7.786474709441649703e+26
2.110281774587148744e+24
5.555240181640988302e+23
-4.182961284294164653e+24
4.972987356866035896e+23
-1.508792031926636538e+25
-2.757942195298961294e+24
-1.197192041967028085e+25
-4.123410551211862062e+25
-5.411887019771566076e+24
-4.702570329680228919e+25
1.877929729175069043e+26
1.617864101324703641e+25
1.235292344644939597e+27
-8.467245719447938747e+25
9.092208755254862803e+24
9.024852148123609636e+24
4.049626752041650542e+24
8.569285732464031026e+25
-4.998867202191738815e+24
1.049817406882927355e+26
-6.862332440715666939e+26
-4.857304340822458722e+24
5.997969098979041049e+25
-2.536273866432793334e+26
-2.672774382027498703e+26
-1.428855070014674081e+26
-1.781905576105732432e+27
4.273609737381280337e+24
1.194827464448588278e+26
-2.785421634665131726e+26
-1.106001388387428723e+26
-2.704332915116041836e+26
1.293305487834324027e+27
1.115706469092278309e+26
-6.363249475304618675e+26
6.735998749241855238e+26
2.671939480774794421e+26
-2.311587155451218526e+26
8.215247521985304793e+26
-2.913385088421576940e+22
4.365563028248801470e+22
-3.969768301753270691e+22
-3.250948593472431750e+23
-7.015062999860816149e+23
-4.712925523181000007e+23
2.589747586866960568e+23
1.066725285686373935e+24
1.499972477502869125e+23
-3.287331072637154129e+24
-1.290072012500408256e+24
1.572787512667802978e+25
-8.457651603760522555e+25
3.046829842087204998e+25
1.111660795122619662e+23
8.737250584387254399e+24
1.375847501151082184e+25
3.909391952316055473e+25
-5.308429973345254487e+25
-6.108152522362554902e+26
2.492377677195954233e+27
-1.008709572772995841e+24
1.870988304941957410e+25
3.386661618859589818e+25
-4.374214915286836693e+25
1.133147542910787721e+26
-4.768860043210834122e+26
4.664025097579205329e+26
-5.602036517338633495e+27
6.183747598413307017e+25
5.723012203818546058e+25
-8.341805008918834856e+25
3.414189099674567924e+25
1.644143892591060031e+26
6.437394841228916007e+25
-3.924920769603375243e+26
-2.871926612448299134e+26
7.032937402699066507e+26
-9.721522587010901867e+27
1.518498215768585431e+25
2.612948394424369661e+26
-2.224814478793793575e+26
9.614836400781373484e+25
-1.332552213218778023e+27
2.618367869589293763e+26
-5.610713167437640858e+26
1.160832985012449684e+27
-1.047711280604014334e+27
7.728724695503526018e+26
1.876054094864065419e+28
1.472363333585564016e+28
-2.954698547443632483e+25
1.478124581159977764e+26
-3.175230070991884225e+26
6.255408184392296558e+26
4.470781636154629314e+26
1.087926441071762971e+27
2.141020208213120225e+27
4.519155559680318502e+26
-2.560738646614403188e+27
4.786663139357513304e+26
3.351786658962257597e+27
1.886163585214079553e+28
2.198354355064203328e+28
-1.278552898864168710e+27
-2.390387196887155075e+27
-3.361276930060886793e+26
-7.406204599203107759e+27
-4.905634644586591119e+27
-1.488088039116120957e+28
-4.155864256638547104e+27
-4.821502494176616509e+27
1.021388942051405250e+27
5.475011163061924502e+27
-8.565309261853058125e+28
1.626288380601886880e+29
6.048252805084898034e+27
4.076539725293733001e+27
-5.449997886973796383e+27
-1.716192767385185401e+28
-3.562535726444949500e+28
9.244385229045607836e+27
-9.110041327633259965e+27
1.019719965789543444e+28
4.516641642851733046e+28
1.995184955917609472e+28
-4.284102849223256259e+28
-4.748545442913588498e+24
-1.073907147483565692e+25
-1.978888089061224555e+25
7.949373615965747360e+24
2.301961027820950728e+24
1.023922299487741852e+25
-3.756137606948054929e+25
1.155701147787517983e+26
1.168216697897567896e+25
1.859400412644186582e+25
-7.075072250092420753e+25
7.011193371240043829e+26
-2.381223662740772173e+26
1.277995846297801214e+27
-4.673734681361142409e+27
1.658422293393228169e+27
-2.991352385432640659e+27
3.172706759935220177e+27
1.467480594489840447e+25
-4.028639428170290421e+25
3.523621047163865684e+26
1.350514898157356498e+27
-6.437377324378412500e+26
1.460210719361673226e+27
3.321423690592014389e+28
1.844667596995222845e+26
-4.830872320255895650e+25
-1.908193143933790782e+26
3.318571882640317420e+27
-3.650140155972010552e+27
-3.042135886887264992e+26
8.179495367457464778e+25
-6.985859796206607363e+28
1.511615291134708718e+26
-8.793399583039403442e+26
-1.156680562213748738e+27
-1.282315808183737732e+26
-5.408456750598184138e+27
1.772675418330142489e+27
-4.173648037071052794e+27
1.962454935955905217e+27
1.368820431559211070e+28
-4.356844997721647499e+27
-1.954108748208739095e+29
-1.249299559991410717e+29
6.980372658258002166e+27
-1.826564251174730222e+27
-1.252197388025779250e+28
5.171559230311473070e+26
-1.142271268495427200e+27
-3.800210709147905451e+28
5.138470417974990614e+27
-1.505374851740836331e+28
1.545427677035202989e+28
-6.821216767998089681e+27
2.441947491060161228e+29
-3.260255250977291855e+29
-2.124085888602708018e+28
-3.816537714284079847e+28
-2.772102130578844554e+28
8.028650932472342334e+28
-1.216699342478027875e+29
9.913990202244616511e+27
7.376262374853602935e+27
-1.592479039737011224e+29
-1.072172534926960561e+29
-4.577858112075335902e+29
1.478470472063772588e+29
-4.878541879017173099e+28
7.881331883348831116e+28
6.851073143290811221e+28
-8.498054694350725150e+28
-4.298374481883861120e+28
-3.095604773290514661e+29
-3.571440256078377059e+27
2.992814687428708281e+29
-2.737385328774806068e+29
9.461790302461304713e+28
7.076614569314604597e+25
-4.338136278950631258e+25
-3.906764548470938658e+25
5.088678969976633919e+25
-7.067765547241944285e+25
2.494199079093431245e+26
1.960486906585332043e+26
-3.960951622211712196e+26
-2.892878808440182021e+24
5.420549035106124643e+26
-3.780435004995076555e+26
-1.479742885422261453e+27
1.266028324039435177e+27
-3.217235637422047199e+27
-3.756988548412235979e+26
-2.328938513936385934e+27
4.034848151607595983e+26
3.207229239507122984e+26
1.944183730124361104e+27
-1.795678666893761542e+27
-2.076361432957511224e+28
5.254278232910288263e+27
1.720300155413234708e+28
3.144781601563267929e+28
-1.324207533861290033e+27
8.989979303260603756e+27
6.201380242672686112e+28
5.588213769519015348e+27
7.028913200010028102e+28
5.748646311777791420e+26
2.646928536147351276e+26
-3.562276664077254778e+27
3.911410084038866430e+27
1.459152279344947497e+27
-9.436636969827660178e+27
3.975231376704228777e+27
1.115248198177760439e+28
2.933816898465907691e+27
-5.608130026173431813e+28
9.390219611614385978e+28
-6.420254641746120842e+28
-2.111165378071724097e+27
-1.906155241737745746e+27
3.815992728111906245e+27
-6.632820694958295956e+27
-9.245826534798338081e+27
-7.322822078520587262e+27
6.068728647796881952e+28
5.429397328492781939e+28
-2.073931193431981279e+29
8.965269011401010043e+28
1.671678455045384500e+28
-1.585331904366431492e+28
-1.407433745248561174e+28
2.280542859005754698e+28
9.668431889645748223e+28
1.225296498990286625e+28
-9.725761415833212608e+28
3.358994367686953068e+29
1.844938102159454411e+28
-1.447685628037128914e+29
7.934450247926775146e+29
-1.030216198939320625e+29
5.001311664503253206e+28
3.632652448156451155e+28
-1.928847730865261723e+29
4.258986964828589925e+28
3.481140620957451531e+28
-1.782833052035350507e+29
-3.533601126403680177e+29
-4.167351669817505377e+29
4.710637583908827802e+29
-7.875556933236651433e+28
-5.300272525958871239e+29
1.559018154796171072e+29
1.773189686381937238e+29
1.024268618968679248e+28
-6.555474017834537398e+29
1.033372206744043050e+30
1.436232061698949526e+30
3.641143929685083646e+30
7.726674730432208880e+26
-2.456420049580018476e+27
-2.638382096082764836e+26
4.207357821094640119e+26
1.320760459824979723e+27
2.587780781072890122e+27
-2.644766344620229854e+27
4.640010572144249969e+26
-2.898356624576601377e+27
-1.633480262740293831e+28
1.792387476285559696e+28
1.295370422622127924e+27
-8.065006017711173130e+26
-2.088146719189466653e+27
-2.512770712620023897e+27
-2.243614837264098433e+24
1.305462039682141618e+27
3.217862333330446679e+28
8.009981945571522378e+26
-1.998505685345844057e+28
5.950511128581370282e+27
1.002119239307520828e+29
3.157961467061652741e+28
-1.144520745101877836e+28
3.578612700809236701e+28
1.677737242154574697e+27
2.692883247887066135e+28
1.677727121074699755e+29
7.085272190698250424e+28
1.641524860582778527e+29
-6.429811669203401545e+28
-1.736776728915844253e+28
-1.999479397721772007e+28
5.190731449023328711e+27
-1.008065544638782315e+28
5.472956653760912080e+27
4.409402869195054288e+27
-5.660271032026715112e+27
2.604846544104131675e+27
-9.278324899680148752e+28
-8.470093784359555423e+27
-8.343366445051829362e+26
-1.164806537988278763e+28
-4.562820531613503888e+28
1.184460102123198693e+29
-3.036881789263826739e+29
-1.702746171581307984e+28
2.978151306226799840e+26
-5.299321217293000797e+28
1.638104939703165258e+29
5.800147626633527484e+28
5.871212910651202387e+29
-7.988163263589383710e+29
-2.661352050390106109e+29
2.649198832020834187e+28
-2.179322972915797708e+28
-6.554115576067629004e+28
2.359724521545486040e+28
-5.848602783345963614e+28
-5.829450863433647225e+27
1.926418827953473959e+27
1.468692050036688055e+28
2.452988703836738202e+28
1.940331298918230892e+29
-7.931652358569818560e+28
1.193683957390823547e+29
-5.034292620222030338e+29
6.489269882959985167e+29
1.274837000842381928e+30
-1.451177818032047109e+30
2.844347747502869406e+28
2.093241629839997095e+29
-7.579543638905466356e+29
7.550658910305913386e+27
3.645785497691725418e+29
1.292334480666362307e+29
-4.423129739429782169e+29
-1.304997800015895637e+30
1.638618591969478801e+30
-6.208436947343821160e+28
4.520435959736823270e+29
3.490833449391096577e+29
1.991103906092396471e+29
-1.631122171181473180e+30
-3.130783267898833778e+29
1.622723851237112852e+30
-8.181126524229356322e+30
6.119111030794423830e+27
-5.285938005019450962e+28
2.136962099867689223e+27
-1.387020275060800451e+28
-1.619233163626769678e+27
-3.217811306903055586e+27
1.589757592825004337e+28
2.501752979383101296e+28
2.737150275481830279e+28
3.415410230612545360e+27
1.217862200160871213e+28
7.222426271648028424e+28
6.484299653769491610e+28
3.038319627524392233e+29
-1.305355693645597748e+28
5.948656027428301618e+28
1.135250324856249874e+29
-4.491421784302971189e+28
-6.888788201818521946e+28
-4.488265427597299780e+28
-3.594879801406812473e+28
-2.316349328747059379e+29
-9.238150682411435745e+29
9.232652706270670633e+28
-6.950733932181728093e+28
1.215498221326608633e+29
4.488078219177347456e+29
2.684182614959786754e+29
2.544331146652634021e+29
-3.227279107229675004e+29
1.379522939626888321e+29
6.298602222532449128e+28
-2.539406407093778065e+29
-1.373280854285398777e+29
1.108862194309870419e+29
4.452035315899970470e+27
3.649064509856782000e+27
-2.064486020854735489e+29
3.263024494217316113e+29
9.853443632034131858e+28
-3.958234099608997515e+29
1.147991098680599067e+30
-1.240059971435584286e+29
-1.787056916322630940e+28
1.311503922049764361e+29
1.005718289069064180e+29
7.341820841169136173e+29
5.144435617257878981e+29
9.987109784832597009e+29
7.898675197064816256e+29
1.665398788480918141e+30
4.198687118895873505e+29
3.543813258890151601e+29
6.121376807124226456e+28
1.165095811121782221e+30
4.305181910345547238e+29
2.567661517963959976e+27
-2.341301705879339387e+29
-4.138058997038937548e+29
-1.143257022924904896e+30
4.771445054137604021e+29
-4.964393089628838989e+29
-1.668399194129317025e+30
-1.169944089887820864e+30
4.935867805726034851e+29
-7.141014403374087872e+29
1.695633612743802121e+28
4.462313045622156737e+29
2.077460136482860196e+30
2.412711235320696850e+30
-1.303323276529967104e+30
8.947473541318642429e+29
5.024743380650954967e+29
1.575668279790650449e+29
-6.146595888311727405e+29
-5.441104613011498699e+29
1.509019578554078859e+30
-2.295752704917748462e+30
-4.195784081485232890e+29
1.085422424352392701e+29
-3.755218649600429743e+30
1.548108415981587237e+30
-5.686937013429288133e+30
7.812824113079647404e+29
-7.052304983572844878e+30
-5.609641506727458762e+29
-4.661798122118014310e+29
-7.956119826824644602e+28
2.028442026873742279e+29
4.995951620948589031e+28
7.136477516621731574e+29
-5.006800181299377794e+29
3.422628282074680887e+28
2.612421539326775190e+29
7.560220500449230534e+28
8.580265488649732809e+29
5.109687714994977632e+29
-3.295195267818443692e+29
-2.834255219132038668e+29
1.249157057318187890e+29
1.395546034479373028e+28
-1.547191070889009342e+30
1.706290143369566005e+29
1.664618257067724369e+30
5.863381097083850894e+29
1.875595468903428497e+29
-5.821599492120611006e+28
-1.227269225644482500e+30
2.630931075388525928e+30
4.596044269305546973e+29
-2.838571948998887638e+30
-4.406516709828890629e+29
-1.193063268573814055e+29
-3.654947182449052086e+29
-2.143497509338652438e+30
1.707826696196675645e+30
-9.487768201538258816e+29
4.752254503425678497e+29
8.389172841362078192e+29
2.106496388849469699e+29
6.041649979972212864e+28
-3.252005137697391685e+29
1.100666512126186442e+30
9.593289918087653869e+29
-2.674277364635159457e+30
-5.317598342652663828e+30
-1.391998254326666598e+30
-5.125170071393848079e+30
2.181162078831895591e+30
-1.822819353639643744e+30
2.992258564628247038e+30
1.319199484585766156e+30
-9.853290081193739287e+30
-1.433395643486336434e+31
1.939506814800058591e+30
2.307780575249016705e+31
-6.028218467634641036e+30
-4.974300684504379494e+30
1.376252169883108959e+31
1.233053495420451704e+31
-1.878337376867547890e+30
1.528034807345251315e+29
-2.713613335868214174e+28
1.705534103745741360e+30
-4.184966055558044687e+29
6.291424963701757806e+30
1.998686817021257108e+30
-7.622471937450580032e+30
1.870161554872682295e+30
-3.805897713054179691e+30
-3.047825159394469820e+29
2.154196613844304852e+31
-6.655674925940997499e+31
-7.338625263006635025e+30
1.299703926407387395e+31
