1.951438656405996800e+16
1.933733939645777920e+17
1.046409967968194724e+20
8.174867845449020211e+19
-7.159777850789514445e+19
9.260022550023612662e+20
-9.631323705283440542e+21
1.092686988932380885e+22
-3.677644186982973597e+22
-2.104509370743603200e+17
1.622944873669435064e+20
3.938948556814292091e+21
-6.634928585543205782e+22
2.975963376828146516e+22
-5.059621796091467189e+22
-5.709320893139390017e+23
3.181642911381769689e+24
1.083170181133557303e+25
3.547608963184146842e+19
2.381558552387790569e+21
7.130790252202686415e+21
4.418497646025625934e+22
6.122242216865407686e+23
2.503181023425783765e+23
-1.101434401238634681e+24
-2.144546731937423822e+25
1.087255435856863616e+26
6.719885185184335135e+20
3.524311927202480600e+22
-2.716010321118218567e+23
2.078999745045980785e+23
-1.616090622522021642e+23
6.251880965954061405e+23
-1.819583731027011009e+24
3.360996013043450789e+23
-5.560635891478857760e+25
-1.210278551202383841e+26
-1.658672868793128583e+21
-2.009904069461374140e+22
-5.188208531839567801e+23
-1.729511117215072266e+23
-2.365704550414943743e+24
1.019994399765024498e+24
2.061313461612345553e+25
-7.745223915507971013e+24
9.566255855162163229e+24
5.034698801969464615e+24
-1.648277177700900880e+26
6.251789762575285367e+26
-5.683849889059457466e+21
7.811161725315584937e+23
-1.218066093619586192e+24
9.844660294992625289e+24
-5.504383777739618113e+24
-2.909210124600106784e+24
-1.276023243564248350e+25
-2.898449556437092836e+23
-6.921488105145634294e+24
-6.734217623218812619e+24
1.094604596295527040e+26
-4.933211649795494183e+25
-1.881468947323768021e+26
-3.165470824761858028e+26
-1.917904609255988448e+22
5.487158358509139169e+23
-2.996679660057712239e+24
3.423771928828130644e+24
-6.852676060857808768e+23
6.354760241841342503e+24
4.196132102322380561e+24
5.406326342734895726e+24
-2.257344224076298109e+25
-3.003256378636134103e+25
9.373816614590767628e+25
-1.724257226879628928e+26
7.391373545931247213e+25
7.181865871863696341e+26
9.134147261941975737e+26
-1.251463239553296158e+22
7.937045337046836274e+24
-3.829704683115357887e+25
1.805397561607212356e+25
6.539369666201061787e+25
-1.785866010865101353e+26
1.673388580367271803e+26
-4.779750299314536384e+26
-2.426857310411045470e+25
-1.598572623554283926e+26
3.683966451272481963e+26
1.590689266889701453e+26
1.200869870726568441e+27
-6.704892279541897985e+26
1.052283268720247681e+23
3.029045630612006932e+25
-1.242431057651056461e+26
-1.740828336123786687e+26
-4.029261337027669098e+26
-1.420027247948995401e+26
-4.234630309581088650e+26
1.863542601889587362e+25
1.217696434365113377e+26
-2.974729838752915458e+26
-8.324647607183694624e+26
-6.683828972058898065e+26
1.437890548212757858e+27
2.556058265036708119e+21
1.824895784045439353e+21
7.910122123514294672e+22
6.673896835115620552e+22
1.331291892239709503e+23
-7.616238478073577058e+23
2.372137823913616700e+23
1.150339816232703125e+23
-1.711528155488550620e+24
-6.730915111130221953e+24
6.664225984830702797e+24
1.049667005003323274e+25
4.028377500328949823e+25
-1.003366031773536206e+26
-1.304713297754881346e+26
-6.224681912176225653e+25
1.280439790738128062e+23
-7.208777436391867018e+23
-4.685442090812800439e+24
3.745274045092560905e+25
-1.878871626641185313e+25
-9.224759040794240427e+25
1.237132184832910973e+27
1.077072171391867466e+27
2.044861890805087947e+24
1.261680406232145959e+24
1.784693689007820589e+25
-4.482859160417630871e+25
2.371983303511020487e+25
-6.629052727715278237e+25
-3.030534471652064585e+26
9.671693806331087957e+26
5.490645688504943695e+27
9.936571411689842468e+24
-2.410727653517821229e+24
4.906325684284728130e+25
6.579705300059417596e+25
-8.954808355097712735e+25
2.045762585558214076e+26
4.309867876421753519e+26
-1.056874394623185281e+26
-5.193629307972927652e+26
-1.108864305326988614e+27
-7.631847165312139426e+27
-1.035863174484049896e+25
1.926923930540828402e+25
-2.229352369706282147e+26
-4.017677150705934409e+26
7.010884829124002112e+25
-1.804356341416294541e+26
-5.532016584094401908e+25
-4.659511447321362159e+26
1.599718509695716348e+27
-1.617241104609565705e+27
7.736299349736527795e+27
-3.241202357245755930e+28
2.361895053719926861e+28
-1.407270393468044625e+25
6.735149019306048861e+26
1.329293417821577919e+26
-7.731119237903199593e+26
5.024388350406952636e+26
6.501531650831649647e+26
1.864172915586398769e+26
7.881896609087043535e+26
5.859736470767699973e+25
-1.032232068707817503e+27
-5.747318824764727231e+27
-3.448628047400284963e+27
1.671398693704514891e+28
-3.497624773546812613e+28
1.641744542580697272e+26
-3.728562458333387023e+26
8.542214284670516585e+27
-2.937860960799067706e+27
8.526142060723611671e+27
1.176645120735456116e+28
-1.950922378042752119e+28
3.419888541646883741e+27
8.998704311246527354e+27
-1.496296864664192586e+28
-1.700856372121388623e+27
-1.422507072733306969e+29
5.261111101638278447e+28
6.231714955783287230e+26
4.236279298178619192e+27
-2.519161650746782772e+28
1.074152803091172014e+28
5.122244874767986465e+27
7.544734053249157966e+27
-3.188837450792391135e+27
-1.005199035855533677e+28
-4.835352456946645086e+28
6.774268921075476458e+28
-2.013461948257320528e+28
-3.613000619390045020e+28
-2.199251963922399489e+23
6.210699115132233848e+23
2.545155188381601134e+24
-2.502123471647269724e+24
3.845556011481611412e+23
-2.717950144468854117e+24
1.833583361951293241e+24
7.619899252113808120e+24
1.068693041900143519e+26
-1.020927343063926156e+25
5.570352860013463273e+25
-1.023074374886879208e+26
-1.793987800649737125e+25
1.816401696384089515e+26
-8.369706320003688666e+26
-1.683506620277299114e+26
1.108502521930598196e+27
5.161392743029846198e+27
1.256214728449249001e+27
1.911420348202355264e+27
5.056905868351149039e+27
2.601873679236814730e+25
-3.743692454149767581e+25
1.927457656248667825e+26
1.517916918705858437e+26
4.742241707273337619e+26
1.070561537010538072e+27
-2.605736601731371055e+28
5.411541038396141157e+28
2.135693455728275563e+26
2.355276499250810682e+26
5.429996524528853307e+26
5.631607337002591194e+26
1.079058408710353124e+26
-2.876319896410213533e+27
2.078153209367960025e+27
5.624109723936871823e+27
5.992572314543225294e+27
9.040825602823780935e+28
-1.434026465684306885e+26
1.044604177497499443e+27
3.717347032205564091e+26
-3.244777666764027925e+27
-4.257160563773118000e+27
-4.223861885717633088e+27
1.363858978057152950e+28
1.225759607000434340e+27
-2.514154372210749462e+28
6.059495380454689326e+27
-1.731562148633809885e+29
-1.470841216504244691e+28
8.863819667778145178e+26
4.285670906545586831e+27
-2.906970842420349241e+27
1.242716431860936294e+27
-5.221297709944588849e+27
-8.325102820908654141e+27
6.165553699323791710e+28
3.885748088582160499e+27
2.160969692839851195e+28
-1.321877872757692939e+29
-2.323208609287416688e+28
2.269813336705130003e+29
2.488198911759365951e+29
1.013674787684562147e+28
6.679145756576022579e+28
1.600228823582158018e+28
2.108744703534424300e+28
5.452986557152529368e+28
1.843883780087098626e+29
-1.168596725428994657e+28
-6.145531286818053634e+28
4.134449577964659272e+28
-2.186893635271690666e+28
-7.376136118323165412e+29
1.016057110373427154e+29
-3.603808985275170142e+28
2.173280221416457167e+29
-5.772851574007627346e+28
3.176117299282683047e+29
1.505580575511015604e+28
5.466716207877928334e+28
3.690216555726067743e+28
9.039153551975227366e+28
1.776645922259428357e+29
3.067563704274463179e+29
4.424116190245732315e+29
-6.392700585993312487e+24
-1.278460618941452434e+26
9.644936266086028474e+25
9.736309545826624249e+24
2.392834223918706328e+26
-1.480522943017992407e+26
-1.030917807927131359e+27
5.881613347191398957e+25
4.525215955598387118e+25
-1.035754322090851288e+27
1.097162574697727886e+25
2.153039582811761796e+26
-1.157019889598685007e+27
1.284427341402263666e+26
-1.531357307945189351e+26
4.035099182174860356e+26
1.554985470619549899e+27
1.303855217128884333e+27
4.093571539108976033e+27
3.448977716453122283e+26
7.382681944757311075e+26
2.091490367306581521e+27
3.671454614763281676e+27
4.931839462438004369e+27
5.118084323395429109e+26
-2.808034088263182921e+27
1.917711622576667585e+28
-1.938015722033078588e+28
-1.192778353980417010e+28
4.455093191752017882e+27
-4.236088528241577472e+28
1.933584071822356522e+28
4.490291505561877593e+28
-4.605646157906542911e+28
1.122369224831049491e+27
-5.238898436348418552e+26
-5.766627556811161920e+26
-2.241481986758582310e+25
4.977301174209127826e+26
3.438774264309707910e+27
-4.119132396238137901e+26
-1.058408365156457231e+28
2.864478561468036121e+27
-1.092854594103150717e+28
5.152229233611855136e+28
-4.624862064592820001e+28
2.336587372996889136e+29
-1.864002158781626080e+29
1.314694717219964681e+27
-1.836101006239830676e+27
1.374740293677414188e+28
-3.215035218457665312e+27
4.819784447764101376e+27
-1.126254829931730013e+28
1.159083380010053654e+28
-4.292234603951195391e+28
5.227779844985378685e+27
8.591794264596689716e+28
-6.966976201904439420e+28
1.164238709257521915e+28
-5.347062230991035331e+27
2.393325472578476474e+28
3.040702944816812551e+28
1.436934951931692892e+28
8.666469300799434074e+28
-2.390611905136429544e+28
-1.046933438521942419e+29
-8.568919530011631070e+28
-1.734637250687716064e+29
-2.507985244905966070e+27
1.006410049557360733e+30
-3.922823649770426566e+28
-2.315737999342252252e+29
-1.691409576076695995e+28
-1.817440172856919559e+28
-4.131309588700718070e+29
1.679179466006633473e+27
1.006764247856681250e+29
4.313041393902505998e+29
3.117378515560303366e+29
8.320583698345652333e+29
7.583859984844312870e+29
-9.253917292522504992e+28
-5.034446321220299882e+29
4.788296889332357531e+29
7.183565202181510947e+29
1.600634692523760056e+29
-2.638102252649230855e+28
1.100090971201568120e+30
-1.269240080018217031e+30
-1.093939170256133058e+30
-2.431849206714174857e+30
9.137642904407818111e+24
2.139695818515048507e+26
7.428472557872056580e+26
-5.884799473721697156e+26
-2.323850359517200130e+27
-6.584033805736504618e+26
2.283716897701396528e+27
-6.726934252588444231e+27
-1.642775811032987192e+28
-6.034346238143050374e+26
-2.536129024701144753e+27
6.499234616074237073e+26
-5.883127968059008258e+27
-3.520898613161714330e+26
-7.592460209668272832e+27
-7.217318207319056118e+27
1.269259800872149896e+27
1.081228134019338276e+27
1.532656461030750186e+27
-2.780755431353894831e+27
-8.975273170596561753e+27
-5.489583154271526279e+26
6.554618214154682022e+27
3.870917616505139448e+28
-1.155770128798744074e+28
1.792727163656449442e+28
-6.013492093733957173e+28
2.459074520637969791e+28
5.451068876724604620e+28
-1.137831094241441894e+28
-2.131926893164701729e+29
-1.890191561310831834e+28
2.789559667784405224e+28
-1.933282787068798394e+29
6.715088682601719014e+27
7.993056223704546397e+28
6.695948676386799123e+29
-9.317634074683297702e+26
-2.001938117385967594e+27
-1.444533292676519978e+28
1.727685067240191898e+28
-1.318952334759689266e+28
1.468730842321754943e+28
1.031379084910214976e+28
1.219086239464802139e+28
1.511274612023303011e+28
-1.795624552632893546e+28
-1.899475485090818314e+27
-1.433195417539034294e+29
-1.367842107162798973e+28
-1.911476854901451001e+28
2.268201986892453852e+28
7.426531172669331855e+27
3.860461475466969999e+28
-9.617223799909749837e+28
2.137503907949942493e+29
1.818835687121496156e+29
-2.687294381838627962e+29
8.108358984214873197e+29
-2.846553671664690970e+29
-2.534895348696531004e+29
-3.024116655506013819e+28
-8.785725698770419858e+29
-1.083274891315189584e+28
-1.265479245375099065e+28
5.073536531534154973e+27
-2.229556808123095359e+28
1.708528796605153445e+28
1.736337295333258323e+28
-3.713755124668273791e+28
-5.271022315226168217e+28
6.366296617070155721e+28
-1.704090937139175960e+29
2.971819914646816606e+29
-1.586643845703107805e+29
8.412330385870998822e+28
-2.093743152928028763e+27
-2.173915658429690093e+29
3.379129771923870043e+29
1.643950447023379895e+29
-1.171941953402761628e+30
-4.551720284327270711e+28
-3.660009282072727849e+28
-7.953174053648249494e+29
-2.796926302447625895e+29
-1.011934711756394902e+29
-1.187167762165028242e+29
1.301513673768941730e+30
-1.711627478615322322e+29
2.867430050963585583e+30
-3.489414243680585355e+30
6.350794798983027661e+29
8.553845959615382031e+29
-8.257589796391073453e+29
-1.258933768227463593e+29
3.611098502150994982e+29
-2.504289680743560693e+28
1.117738084395791584e+30
-4.043290909791572534e+30
-2.863237559460249775e+30
-1.311127644658121799e+26
3.265866327483953856e+27
-1.136996400235813992e+28
-5.095497305605502639e+27
-4.918101362847408805e+27
-3.381738134768403782e+27
-1.781508757932209189e+28
2.048415118417148988e+28
-1.009597312822935214e+28
2.616246970600760476e+28
-1.260192460062317903e+28
-1.780925003819749742e+26
7.000273448604530109e+27
-1.806496379061112459e+28
5.717955132623773489e+28
-4.848410691321015698e+28
3.212583960830573261e+28
-5.131304974205554484e+28
2.162952293541515747e+28
2.348071529718848499e+29
3.722474519927469845e+29
-8.227548127124027877e+27
-2.615835160062543717e+28
-2.058746736839869276e+29
1.443439787727203909e+29
-1.686338026729442111e+29
-5.860704680652508231e+28
-2.972647583789871582e+29
3.918794035926419577e+29
-4.708597050386941901e+29
-4.555186331101070764e+27
1.522116822808878230e+29
-7.464263241514400605e+28
3.931478052082914551e+28
-2.448436366311459173e+29
-4.988665289187653979e+29
-3.010806360493528269e+29
-7.343753481736065620e+28
-1.249199260558527011e+29
-4.158313357856069338e+28
-6.880437588551937147e+28
-1.540185984908374261e+28
9.500576487492026142e+28
6.120251233089766093e+29
-1.141447287427790258e+27
4.122890259957848063e+28
-2.660921853527461025e+28
-4.162418051675090683e+28
3.285833199056381985e+29
2.009554083418864585e+28
-2.247757192621733850e+29
5.127607615535491329e+29
-4.113432042042244708e+29
3.607328360378238253e+29
8.545842656976182309e+29
-3.751279404835835563e+27
1.458098883262752335e+29
7.318403334144874855e+29
2.050148910652475649e+29
7.666802024721282044e+29
-1.406722124641238857e+29
1.164560511794296002e+30
-9.772695944358338976e+28
1.462083927045597525e+30
-9.036987469727630309e+29
-4.929127231215796577e+29
-6.798573142392809478e+29
-6.052783470992248142e+29
-1.585341428086700071e+29
-1.557383853817944171e+29
-1.701888578346895173e+29
-8.306249225496322075e+28
4.207810708246673296e+29
3.273403901977511720e+29
1.013739369409852480e+30
-1.065440873871358904e+30
1.805141644691466306e+30
4.892311987048705451e+29
-1.336117337580952345e+30
8.426813605262418751e+29
1.755183101451860455e+30
-1.034194564113501237e+30
1.513289236583169301e+30
2.680873492194168392e+30
1.965270450598645506e+30
-4.223830166497575554e+30
-3.866927331133529381e+30
1.313562853826527733e+30
1.293700634803241647e+30
9.048750949719453146e+28
-2.672808463202931123e+29
3.133230057045862979e+29
-4.365924742296827216e+29
1.850413310533385580e+30
1.319346395159656315e+30
-8.852267009188280844e+29
-1.908621254985261132e+30
8.506926784984793588e+30
-4.697622726349204165e+30
1.104371338986474698e+31
2.761257768552853414e+30
5.800904234636583453e+27
-3.155491272855409512e+28
-5.122151406352709403e+28
4.143369408154425283e+28
-2.615341719135103497e+28
-4.224574009509140235e+28
2.261799388133474990e+28
-2.958561243569955083e+27
3.479937803433622650e+28
-1.377064289265853310e+29
2.169989520601072731e+29
-8.359182218747552238e+28
2.815685239278294959e+29
-8.222120765274050657e+28
2.655062346402670090e+29
3.221510380247972504e+29
1.182172815925409387e+28
-5.964444951012526761e+28
-1.577521681055598967e+29
3.818988058624696186e+29
-1.038923540919576390e+30
5.567241046165324660e+29
-2.131742963480100218e+29
-4.799448152246367796e+29
7.626080186144619483e+29
1.694856693838346700e+30
-1.577176477093868346e+30
-1.014396983371868357e+30
2.328779603962612594e+30
-5.113427481819981166e+28
6.933863963558434965e+29
1.309052983859979067e+30
-2.670448137940191696e+30
-9.855219640523915454e+29
7.148091276681430698e+29
1.340070496723052367e+29
-2.291393675420826928e+30
-4.528796903139620775e+30
9.037992340024503019e+29
9.151134025283111686e+28
1.393473015438320824e+30
3.474435090165752299e+29
1.316353988694254243e+30
-2.385637490135836939e+30
2.486963902200761332e+30
2.264526242093427333e+30
-6.714418427224199689e+29
-4.113848074736446800e+29
-7.709420461950562444e+29
-7.394589952532867151e+30
-1.403057229068578035e+30
2.482616706106663353e+30
1.231539397242533308e+31
-3.358108228327103382e+30
-4.631486446568264316e+30
2.717613988398942257e+30
-1.048446559341637875e+30
-1.137348211959130949e+30
-3.295276159028653469e+30
4.932766591901436015e+29
-2.187056133665547683e+30
-7.316060031009555549e+29
-7.212927603403075239e+29
2.050602927509270127e+30
-2.558711239550113634e+30
2.186779816665681980e+30
2.065556977194399374e+30
-7.404086779180218995e+30
1.906505239032553634e+31
-1.007534365703306630e+29
6.656376819256323467e+29
-5.344052162780997202e+28
3.050579835186154286e+30
1.471922955839342003e+30
-3.040237216405247077e+29
4.315750981541506968e+28
2.351113761239332625e+30
-1.048385751964620390e+30
1.987758921918966174e+30
1.760013060547833292e+31
-6.968607545830223581e+30
5.754613789853691191e+30
5.826827756876534159e+29
-2.748411956391441482e+29
-1.021548152756237778e+31
1.262349472265983624e+31
1.948172091478515829e+30
2.297090525457077743e+31
-2.717692237438844020e+30
-3.037977073072933554e+30
-1.831645275094690098e+31
1.293757740165834362e+30
-1.662188707612116553e+31
1.269881804896235951e+31
-4.827215956563763690e+30
3.195470380066969582e+31
2.905241537884387949e+31
2.071515160802077501e+30
2.032800293788381749e+31
-7.908071434662421019e+29
-9.210192825611383841e+30
9.316424310331821140e+30
9.915287740465944452e+30
1.118728595817284637e+31
1.032934196805745970e+31
2.746320487795252015e+31
3.399227605170103759e+31
-7.370147125682257802e+30
3.117190939521448960e+18
-5.831892481414937805e+19
-8.668639143635111117e+19
-1.543795037640953168e+21
-2.737868886406869287e+21
-1.566478719043719135e+21
-3.042870547245808642e+22
8.082557804347997657e+22
1.687868752570710098e+20
-7.050527853337399788e+21
-4.234458955090019903e+22
4.594451145641587166e+22
3.194809504773262488e+22
4.778864954382551068e+23
1.343815270907505751e+22
-2.327127839070093572e+24
-2.795855670204822979e+20
-1.578235998068371830e+22
8.430574124064186355e+22
6.328621333725541732e+23
1.868177040395420146e+24
-5.687988545111411906e+24
4.038624924892414479e+24
-2.266588629428228371e+25
1.747915513266057217e+23
6.911359207443672754e+22
-2.802337447247172474e+23
1.024077703406337760e+24
-1.223652456931058134e+24
-7.004926826670934731e+23
4.386420732085553183e+24
9.594097701468003489e+25
9.768554685388503492e+25
-1.056415462175197364e+23
7.338675422918224244e+23
2.741509597890593214e+23
-1.539645879651358627e+24
1.697491570209147436e+24
-7.575380539931721906e+24
-8.647647905785494794e+24
1.599541812899645423e+25
-2.486498822579336937e+24
4.950929964052828998e+25
-6.089238958386110637e+25
1.798720997433684221e+23
-6.893278538812509399e+23
3.242076904579734067e+24
2.587930307991931586e+24
-7.357181744316884453e+24
8.001078786507842561e+23
9.233980978524329309e+24
1.600238584161300413e+25
4.341379534593853159e+25
3.650620634872196097e+25
-3.923359681317421183e+25
3.972895313778919450e+26
-2.471810754905306940e+25
-2.524062872207027559e+23
4.834395112260591111e+24
-1.991666818875777259e+25
1.573129110073731801e+25
6.658856495537378533e+24
-1.286336877529275359e+25
1.224566352965708441e+25
-2.015081100395037902e+26
-5.619927029487125536e+24
1.622331691464651150e+26
-2.069105343201636810e+26
1.280985049409037543e+25
3.482740903811633324e+26
-6.161827795276143038e+25
-3.998373959419810789e+24
-2.872577139176041798e+24
-6.097639610484280846e+25
1.605275896029318295e+26
-7.245602438773025345e+24
-6.556998303782360608e+25
-4.828905934044872044e+26
-1.313760969347923686e+26
-4.836149508205884720e+25
8.639620062887577713e+26
-3.104177360222192667e+26
1.325832703785154835e+27
-1.157367535541396409e+27
3.865205943137009995e+24
-5.674857898594751429e+25
1.001322932803096994e+26
4.452966717509553177e+26
2.494360756864925110e+26
-2.727344830486506915e+26
2.306165396652749732e+26
-1.087946376904493255e+27
-4.912615312637190838e+26
4.052429211884621283e+24
-4.565969770687262675e+26
-2.432789623582439600e+27
4.935685338210137801e+21
-7.156785565242522337e+22
-2.738515188126392915e+23
-5.816201257693264835e+23
-3.150765154132505479e+23
2.362935111819166755e+24
-8.336991075755502527e+23
-3.799603668677992953e+24
-1.781552695983183954e+24
-1.508361539543012386e+25
-6.733578232294633572e+25
-1.009364245989635372e+26
1.326281133690617378e+26
3.002303040472302544e+25
-5.573941198462500513e+23
-8.571233460330032173e+23
-1.890494738204564184e+24
-7.796940845652111104e+25
9.195026771288226255e+25
-7.249274007551142033e+26
-1.353028830612373529e+27
-9.445887722741963780e+23
-9.509486719022351572e+24
-5.072914648564161210e+24
-2.898698692948654363e+25
1.703191753841829960e+25
8.118010592048886910e+25
3.255964489883920835e+27
3.144667667709583017e+27
-5.031400502116298415e+25
-5.779812655275504453e+25
-2.860641158577981624e+25
-6.457668524728460584e+25
2.889372183784651415e+26
8.482001167410453977e+25
-2.414243430677323448e+25
-2.411423580712528798e+26
1.418537325730703949e+26
5.078367040963795249e+27
1.912606310919159302e+26
1.064149476179052673e+26
-6.498497418326893100e+25
1.089550317162605991e+25
-1.703388903068583675e+26
2.090144911446664013e+26
4.964298748981337732e+26
9.300081013213365902e+26
1.453234762287816579e+27
-3.117366828305989383e+25
1.383844912490810202e+28
2.528757621560162809e+28
3.315598899917833314e+26
-9.997052126973641505e+26
3.389867450510379719e+26
-1.500717277671860497e+27
-1.891065627534708736e+26
5.917665179201901810e+26
-1.530602176698360287e+27
1.597403754016255705e+27
6.472146339016804601e+27
6.300310026488917908e+27
-1.325956533475680528e+28
1.436539607706038160e+27
-1.448792722582861089e+27
6.629587675889399689e+26
9.069369668089374699e+27
-1.361457961529682730e+28
3.596469572594711149e+27
-2.223180705314258180e+27
-2.771634063597585014e+28
-1.711583968884911534e+27
2.981621939589593835e+26
1.665350130558177774e+28
-9.436062388525721521e+27
1.190652764932218837e+29
-7.150698270318290272e+28
-1.667609154139107617e+28
6.588825987389420029e+27
-3.450006617599319542e+27
-3.973233340621453225e+28
2.857147803798031125e+28
1.773201472455954980e+28
-8.541092074769115948e+27
4.295286960410368151e+28
-8.444702305385937073e+28
-1.930151603072625843e+28
-3.670364003459908029e+28
1.639228443447079605e+24
-1.565246974931227550e+25
-7.717471573036148216e+23
-2.459310062362271800e+24
3.303077560158004638e+24
1.337094928823128986e+26
9.155387945473553417e+24
-3.329774307320371526e+24
-2.154477514896707590e+26
-2.174816645531177127e+25
8.258365067014241327e+24
-4.465838942343300525e+26
-2.602048455937571507e+26
4.468432762452178805e+26
-3.680079045418612877e+26
7.002730744077610811e+26
-3.174167492352872778e+27
-1.735738078885246221e+28
-2.194076557580859644e+25
-1.020539057625583867e+26
-2.928073988150851381e+26
1.015904039531662379e+27
-2.002624249845604837e+24
-3.246558651894660838e+27
-2.321250163430052795e+28
5.118757077824172006e+25
9.673659295947227986e+25
5.721822417649208911e+26
1.170217411847080589e+27
3.573360863885646607e+26
1.873341700127710311e+27
6.939909776973034574e+27
-2.151111843945674745e+28
-1.491191429138706369e+28
1.735571730164777344e+27
-8.387559571838127576e+26
-3.515449620869319770e+26
5.323044182438107289e+27
-2.119503476225095030e+27
-1.735041813336251025e+27
-5.604569032410569628e+27
-3.430514704327023137e+27
-4.229879848494069700e+28
-5.861354732591849828e+27
-2.192906297580906961e+29
6.556156091322239408e+27
5.005893988961157433e+27
-2.790572981383283884e+27
3.055314695866087840e+27
1.236355759732884465e+27
-1.594945284795849241e+28
5.480745412558113525e+27
1.334230533238913225e+28
7.887967471638708098e+28
-5.689361787153773443e+28
4.160370653136345829e+29
-1.395554017708556448e+29
-8.581943706076160386e+27
4.169645292270010281e+28
1.000022548475790992e+28
-4.668227042633239375e+28
9.555586128712338755e+28
-1.767103684434191182e+28
2.458395386071453742e+28
1.281286024576539903e+29
-3.275796021403025583e+28
-8.113746916211787685e+29
-6.385519047337633795e+29
-1.036258431680676319e+29
-1.426760685780256324e+29
1.891443836499666608e+29
1.681623413593710139e+29
-3.154295293583286635e+28
-1.767423853272941494e+29
4.881688078662820307e+28
3.044642804333421886e+29
-3.951137029376622941e+29
-2.613643317159632881e+29
-4.368737767966110272e+25
2.282427578776359459e+24
3.795057812985722657e+25
1.610416530770112853e+26
4.362685733918758701e+26
8.441854462313922122e+25
5.060582206364349519e+26
9.463385628482080647e+25
-3.224550635566998252e+25
4.548376262259409305e+26
1.092427939370139027e+27
4.426598101593896565e+26
-2.602672428864447816e+26
1.323463102964883020e+27
-5.313781294284169790e+26
-1.221663274981672716e+27
-2.248393807213239538e+27
4.324846240376069235e+27
-4.431361223043310264e+27
-1.571328896973345889e+27
1.183436069897770898e+28
-1.037182262291513386e+27
1.469843621441006680e+28
2.197407421722913099e+28
4.406285184122996619e+27
1.653058232702901930e+28
4.441028526081796321e+28
-2.376238950694238531e+28
4.002951840747844761e+28
-1.475726794474734619e+26
8.668657901977481008e+25
4.243636805935429833e+27
1.385259181261400018e+27
-1.542323296284090744e+27
2.822738502193998163e+26
-1.329028943555594834e+28
-9.926766921550915430e+26
4.139479715015552617e+28
-4.108277896472166917e+28
-1.498553070388732189e+29
-6.096634428550178319e+28
-1.068259008111085407e+27
3.967993187258159207e+27
-1.256544709509204289e+27
-8.444067161929176592e+27
-1.095234764102830791e+27
-7.838740648524381565e+26
3.745070368309672383e+28
1.750766006826938330e+29
2.436085539924610838e+28
1.123976566381570037e+29
-1.028228435557631256e+28
-1.557196837583578172e+28
-6.153133788811335958e+27
2.475604378021637171e+28
-2.340375060283391831e+28
-3.152447572637798857e+28
1.478168011183408229e+29
-5.159231014105293466e+28
1.016960666438510216e+29
2.650685192166632585e+29
1.781076851518932080e+29
-2.528881615675110469e+29
1.060321531804833536e+29
3.789599080817054546e+28
-2.603794973785092189e+29
-8.099531086321584747e+28
3.451838498771474900e+29
1.129917257299701731e+30
-6.353940488803664150e+28
-1.317544309700948143e+30
-2.004510906136962174e+29
3.646792445336854207e+29
-7.240782144367218315e+29
-3.860577618130773985e+29
-1.568074803325475280e+29
-6.931403985344896310e+29
-3.809043503249932357e+29
7.636337466734788967e+28
-2.070395598700824688e+29
1.510411159439727009e+29
-3.442605630188789738e+27
3.525452346667219153e+26
9.539421022524263303e+27
-1.343676093181603470e+26
-1.049418056387462010e+27
-1.476053830004744135e+26
-2.175650323590160125e+27
-3.953679357538871555e+27
-3.322670185277527954e+27
-1.383444621632817173e+28
-1.221095572948491484e+28
9.218024768857813124e+26
-3.854680886155813672e+27
4.606164210656294536e+27
-7.113330349710222344e+27
1.169505036399369338e+27
-1.518504468252464527e+28
-8.090038128380122453e+27
-1.271149604665609345e+27
-2.380044952905206260e+28
-7.155319866280658214e+28
9.705021534900446667e+28
5.288222034821442968e+27
-1.143420648424044477e+29
-1.713255746672082628e+29
-7.349214613953992128e+27
-1.185760407873783508e+29
-3.352585360406989095e+29
2.513236895667782274e+28
-9.189198904571126999e+27
4.368129700826470244e+28
-2.076134078509923001e+28
1.712280982601509052e+27
-5.092149244896237232e+27
-1.001020036639611985e+28
2.482917258864317054e+27
-6.158096685357792074e+27
3.845780167532065161e+28
-1.485691021799674737e+28
7.885799561319029654e+28
7.826531401519682823e+27
-3.471193459493733275e+27
-5.615609973896556521e+27
-4.343071246841287967e+28
-1.115291976821393067e+29
-4.033777708652945855e+28
-2.142675415486433083e+29
-1.257373846068454673e+29
1.075367580700840863e+28
-4.470429254995012921e+29
-1.655170293489917608e+29
3.228728473313217941e+29
3.343385402952044304e+29
-1.793578038754365351e+29
1.252264618138300418e+28
1.498853552641032006e+28
-4.348206927314086772e+27
-2.825534246396077017e+28
1.731239130237166263e+29
-6.098015600768282373e+28
1.516359866168711895e+26
8.342717653646814095e+28
-1.733660502401437656e+29
-4.204346073523710390e+29
-1.670850330591272393e+29
1.916550173494421637e+29
7.089501312856226353e+29
1.029763703771983774e+29
-7.643597671615505279e+29
1.451807434751188469e+30
-1.182185713525205200e+29
7.582274182299237582e+28
-5.268778723279199123e+29
-2.766237209114562734e+29
1.305948396241735385e+29
-9.115373137783752280e+29
2.787131325290545278e+29
9.147833065924031137e+29
4.519707054944607980e+30
-4.670832133791190444e+28
5.087872638448758556e+29
-6.438340968054648864e+29
6.020771163471637944e+29
9.349454572361117508e+29
1.072338707942507988e+30
-4.365437725326792587e+29
-2.781275127312650461e+30
-1.007442105514443617e+28
7.028623456602302355e+27
2.920934095455610089e+27
-1.405349300746437929e+28
1.823233673510884435e+27
-1.748690069650321213e+25
8.371292397870333186e+27
4.570694564698486467e+27
-1.508534976463164593e+28
-2.220936933484210184e+27
-1.033332772537608794e+28
1.590059852076626272e+28
3.835836316798668841e+28
1.065726021506181930e+29
-2.904656035656988758e+27
-3.839123568235357740e+28
-9.222654173153366136e+28
-1.117518769025489580e+29
-1.771766920498974118e+29
-6.277422095895893296e+28
2.263556027539997496e+29
-3.905424007378856651e+29
3.049001461899971326e+29
-1.544594122645464854e+28
9.894931243287500396e+28
-3.326533441156712851e+29
4.509958224830258683e+29
7.323218012501799244e+29
-2.523134252480478441e+29
-5.786835933585915745e+28
2.662486340642298788e+29
8.169827080139293688e+28
-1.732014302352252756e+29
1.371354607735286519e+28
-2.257353553252181615e+28
9.377624850740073689e+27
1.391422098095227022e+28
1.964096400824214620e+29
3.301107539459279737e+29
-1.572027516845797941e+29
4.973801017981890170e+29
-5.110091659306307424e+29
3.281291356881345539e+29
-1.249525398895430283e+29
3.210878202683979144e+29
-2.060558574869284666e+29
2.342210443514029042e+30
-1.528725547684916977e+30
-7.443039956696840965e+29
4.770629055911067711e+30
2.653546403187257816e+29
5.291298130283208170e+28
-8.840951471037875215e+29
-1.860942446562033740e+29
1.354868966559221412e+29
2.834435155239070964e+29
-2.460288988224893866e+28
-1.862461488870721022e+29
6.574128697045986341e+29
4.661589014508203118e+29
-3.693070777884569062e+29
-1.909186415832022476e+29
-1.933804576268164268e+29
2.545961254022635778e+29
1.978799284027374506e+30
-1.558281490668291119e+30
7.234045904617832013e+28
-1.342824927260966961e+30
3.357483244733601508e+30
2.417786608047721366e+29
-4.501651889605466956e+29
6.368450791189562680e+30
2.482411581111068704e+30
-9.300204952847235130e+29
-5.648546036899136134e+29
3.203491624915366168e+29
-3.953226005094769112e+29
1.174582410805469415e+30
1.861987202926840749e+29
1.078706015381432838e+28
-7.298050736475811379e+29
-6.381858437067781174e+30
-3.510974855815933660e+30
-5.179139743373281297e+29
8.130884442213968769e+30
1.110637917203198781e+29
-2.165001325848387697e+29
9.791221228684655996e+28
8.895340920525286069e+27
-3.185734540937125454e+29
-7.584488590441843815e+28
2.339336333482502313e+29
4.039536218658214468e+27
-7.690517001836364350e+28
-3.560876722278842161e+29
-4.435049707351167123e+29
1.193569046511549718e+30
1.730756711156199496e+29
1.396232415108131014e+29
-7.123061734561977228e+28
-6.812850777509861328e+28
-1.382084991628691469e+30
-1.876629886943935433e+30
-6.315166239757129411e+29
-4.714905692779757725e+29
1.434034763776233895e+29
8.173560812535927072e+29
7.756156238007908422e+29
1.368069525039256787e+30
1.142731570240668242e+30
1.706055981838453856e+30
1.617789405442499067e+30
5.182453524723456095e+29
3.078786777275288865e+29
2.487050297553113686e+30
-3.179751618947660627e+30
5.102735086904503516e+29
-2.302049252067383583e+30
2.375327025210082102e+30
1.304731881764021772e+30
4.634420928498904138e+29
-2.392145084586450492e+30
1.075261834404429425e+30
1.568868872697534904e+30
-5.211091360895329804e+30
5.651583037068396854e+30
-5.984881634662478052e+30
5.567455938682849957e+30
7.785327957156127664e+29
2.649281384756370955e+30
-1.029949931964905201e+30
-1.045196823529376175e+30
-9.020111359288355371e+29
1.243160066655779068e+31
7.716529734230913380e+30
1.526966300098282352e+31
-1.611387575147213636e+31
6.773399625126346392e+30
5.182700294783851027e+30
-3.896489880506984731e+30
-1.107325095668467554e+30
-1.147194573051778781e+30
4.063386455790472194e+29
-6.036408582786502087e+30
3.458984651034104407e+30
8.286802401074778359e+30
2.755733958610408571e+30
4.148160265167515099e+30
-8.823639069984453930e+28
-1.240497621893805905e+30
1.992402159499309423e+30
-3.770279807529131569e+31
-3.466791450603380885e+31
-6.974725776548149269e+30
1.534434383695526969e+30
