-5.333487775283604800e+16
5.288437714568370176e+18
3.341149695572793098e+20
-3.310435215368778154e+21
2.490290315492745806e+21
3.119694358390509142e+21
-8.427876350457232228e+21
1.008689426176890267e+23
3.967808585495209753e+23
7.350495404529375232e+18
-4.852258262230330245e+20
6.739221380607321833e+21
1.245796265590859707e+22
7.714969667474733138e+22
-3.373988521865672938e+23
-3.739684542472614471e+23
-1.560637880654686744e+24
-6.753937350386850673e+23
8.495314711696918446e+20
-1.555751391965152385e+22
-3.329087715943473637e+22
4.513096355365467770e+23
7.200199661399246079e+23
8.597964865080369401e+23
5.530478092788835969e+24
-2.978687037371384626e+25
1.748914055213223698e+26
-5.889728092757520548e+21
-3.320148872622506571e+23
-4.163664299512336262e+23
6.979950339654719919e+23
2.572269566212161680e+24
3.385653697532600705e+23
-5.205475866649252336e+24
2.950143343937171391e+25
-4.970055269195334419e+25
-5.344071421285820711e+26
3.788674685072206987e+21
-2.992103589095502156e+23
1.364283527361852393e+24
8.957489211345426742e+23
-2.412189337181393219e+24
-2.593162429527107368e+24
-8.985675591939251893e+24
1.194688108779826415e+25
3.206624102799227067e+23
1.514161239575496736e+24
-1.043579282340441425e+26
5.843691383094756492e+25
2.063886213323832269e+22
-5.445409056717430074e+23
-7.450317691496188866e+24
1.454485548228861887e+25
5.971798034200893975e+24
1.324757763985537687e+25
2.919341319415473481e+25
1.402843295853984841e+25
1.691965011756084510e+25
5.379572745471785538e+25
-3.243630736375393226e+26
-8.489051725305425964e+25
-6.355868217447917314e+25
6.894090478741963604e+26
-6.309046994191929206e+22
-1.069680766651208617e+24
-8.569738955097094842e+24
-1.100420520614046032e+25
-2.106102783450364197e+25
-1.104331744443366984e+25
-1.112677732371755182e+25
6.789806861064759021e+24
3.058771263183626861e+25
-4.495628982546875265e+25
3.184043773433738958e+26
7.461015392757139076e+26
8.500154149946452539e+25
3.003282586574389049e+26
1.950987443944023485e+26
-3.346221963766437060e+23
-1.200237453054765356e+25
1.776010787193746167e+25
3.984150715428737317e+26
8.269843659638608631e+25
1.772226865674145722e+25
-8.024276490118461380e+25
-1.224763410430085233e+27
-9.747182655698640552e+25
3.535971888586390123e+25
-1.037201560728417867e+27
3.035306442406718788e+25
2.939853666292929381e+27
-8.785736191638942717e+26
1.609768313708253825e+24
3.341571905270327834e+25
5.511481205967899634e+26
-4.487116516187842460e+26
1.611580541269168034e+27
-1.751385910829967413e+27
-1.159524398115480719e+27
2.940399822117256703e+26
4.259240676671600651e+26
6.716769900857666048e+26
-1.412405693151463459e+27
-6.918580344421437850e+26
2.414115504692560278e+27
-2.846197446102583607e+21
8.226422740024393990e+21
-7.032735047189081044e+22
1.108933968582441781e+23
-2.456020761408787322e+23
-2.493304885226245571e+23
-2.569822721937913319e+23
1.888437183124594793e+24
-1.161744905461404847e+24
-1.899604614579705143e+24
3.310904022073726688e+23
1.931494175153696030e+25
1.339745567511419289e+25
8.773819422794555225e+25
6.608596369154346855e+25
-1.334016215622762989e+26
3.335946237681208226e+23
1.462332884992085757e+24
2.727746683805400297e+24
-3.113033916002448907e+25
2.077628825311199312e+25
-4.799071641474324351e+25
1.863530937121919324e+27
1.359519996588298269e+27
-1.168288553981320649e+24
-6.885959890237618012e+23
-1.294018161149722355e+25
3.968894935644494790e+25
-1.375016340122803878e+25
1.394301173854095523e+26
-5.419174734208447930e+26
-7.462687207239300152e+27
3.366725538983382446e+26
5.409907517996807571e+23
1.437814274039417201e+25
-6.519699015747968252e+24
-8.010392588008546500e+25
5.683693569899119312e+25
-3.781616739712932742e+25
6.398825627238684651e+25
-1.189299664757622327e+27
-6.779730861112589453e+26
-6.552112981448975324e+26
-1.307920469052003126e+28
-9.970400747469746769e+24
5.622363839062770801e+25
1.617786204146365799e+26
-7.009058829731437472e+25
-3.162850849144569553e+26
8.897062652216698063e+26
3.136769275286370609e+26
-6.285116858414284979e+26
1.352522299923280501e+27
7.854445604547789387e+26
-3.948111973292309231e+27
-2.095381253028419140e+27
-2.730539326589346066e+28
4.343927922371762128e+25
2.505525703441496049e+26
-1.850752551203204967e+27
7.751467444729832655e+26
6.095095501022447490e+26
5.685103841792655706e+26
1.115170378028300848e+27
-7.075929079477264162e+27
-6.758346037496641645e+25
9.798589744777488588e+27
1.556351508591355686e+27
-7.898814943411208378e+27
4.818654690122980850e+28
1.720715053360205059e+28
2.546339215502973301e+26
2.453792184141066239e+27
1.034136469027176576e+28
-7.804482651454287007e+27
-1.466802699140861761e+27
-1.066123204771048435e+28
-1.162476241967904205e+28
-4.270745842917944270e+26
-3.632601480243545959e+27
3.692366338369681818e+28
-2.053419811282539945e+27
-1.099436929235391677e+29
-5.044125598856921420e+28
-1.136155439884562206e+26
-2.596180296228765426e+27
2.418657955534041059e+27
2.789156726095708837e+28
6.207302231355699591e+27
-1.374860928212537354e+29
6.235461934129496808e+27
-2.513102782944476654e+28
-7.209399944056434041e+27
8.002516417349259835e+28
-1.099691188980810815e+28
-8.640652922883326796e+28
-7.257071494975678705e+23
7.770075226941699937e+23
3.075022143567831027e+23
-6.501816977034204626e+24
1.112374278820453170e+25
-1.953548802887137022e+25
-2.705444667675913579e+24
-8.543013347824663408e+25
-1.535701104025023068e+26
1.187877057990094194e+25
-1.230738441957990949e+25
2.355575082725600662e+26
-1.981524406654747208e+25
3.580235388957635850e+26
-3.936176279395939635e+25
1.721208089438825221e+26
-1.601940130746335967e+27
5.083929215441768198e+27
1.165725625715838141e+27
2.599319877413464191e+27
1.123441335615958765e+28
5.133786480688364285e+25
-2.426207848669541553e+26
-3.897017379048475731e+26
3.085272525418407227e+26
-6.607275591127908199e+26
-9.599609352943923428e+26
1.468890335980783225e+28
2.133356477589561830e+28
1.244027379352651786e+26
1.646367759858278293e+26
-4.564836366298764803e+25
2.839933533416836522e+26
-2.002778957623296080e+27
1.961158241867734825e+27
1.959543334935975617e+26
-1.412698092756959067e+27
1.556477104545352260e+28
2.708250248548776655e+28
1.899484312672548421e+26
-1.907539143398169322e+27
-4.273620405948292172e+26
3.010004975856203101e+27
-1.055321117963130945e+27
1.963814178923656881e+27
1.033666899343769860e+28
5.199228992536039631e+26
2.086427704815458304e+28
-2.261029195977578640e+28
-3.648035994614589367e+28
-1.437967181386948180e+29
-2.283667572102136797e+26
-1.131972350983421514e+28
1.273670431699218507e+27
-7.042261637711975104e+27
-1.296696200565852874e+27
-1.815449530818359029e+26
-1.168279362113283925e+28
5.904507709705504112e+27
-2.260860509855155132e+28
1.706845475901893335e+27
4.600127704887647717e+28
-9.152479833788893608e+28
2.988911961379653980e+28
1.768555948684304393e+28
-4.370745643127626833e+28
-3.940049584890857783e+28
-1.580968820611244172e+28
-6.644234610884942638e+28
2.759685875799204309e+28
3.440539416574918924e+28
7.650277285032437653e+28
-1.139989383108750113e+29
-8.730632156552077230e+28
-3.010418823133040820e+29
1.160689770505675833e+29
2.096328627432458683e+28
-6.444975144461487872e+27
-9.539589409833414265e+28
-1.082177444514933677e+28
-2.105590570230420365e+29
1.932090559810915543e+28
2.480441919491941447e+29
-3.210417616241398166e+29
1.789485507807477594e+29
1.540800374664777867e+29
-8.902685817964058636e+28
1.481628161133802925e+25
5.301364150127942525e+25
-1.020107994654362931e+26
1.096650607943737517e+26
2.924313309328578119e+25
3.765003691192825137e+26
2.319605881339002286e+26
-7.096104380934745182e+25
1.004826501286293267e+26
6.982265305723471698e+26
-1.094396611683837018e+27
1.198613547598692104e+27
-1.325604291259853652e+27
-4.784515181297997076e+25
-6.817620266770581251e+25
-8.860597703332321372e+26
-1.641541839020596404e+27
2.655188161043071562e+26
-6.468479533924351047e+26
3.098137489071432534e+26
-1.299760016857302482e+27
-1.794364661610163008e+27
7.548027212030239885e+26
3.052939628311776995e+27
-1.767749341491945500e+27
5.219824877647637834e+27
2.589768860268605037e+28
3.706066263775740496e+27
7.712196852460361148e+27
-6.472988090674269603e+27
-2.778250898725268580e+28
-8.162518989240339269e+27
-2.595637635396396198e+28
-2.460320898768865398e+28
-2.517760659927783009e+26
1.636428690415369507e+26
-1.043538568403131161e+27
-1.883649171065283772e+27
6.987104800719359439e+27
-8.133013436914195122e+27
-3.518517765506923238e+27
6.072788369209481943e+27
1.002459872931233776e+28
-1.154553773920850239e+27
4.886276038593442307e+28
-5.924557717784556551e+28
1.415538051910139351e+29
8.267633964899496702e+27
-1.222722776303923775e+27
3.303861641678125668e+27
-4.787717305818921532e+27
-1.519292838420658664e+28
-5.634504915988427561e+27
2.679525024063578293e+26
1.068541507902244166e+28
6.427346497750570178e+28
1.779475120434153240e+29
1.075072600970142023e+29
2.850223451143343440e+29
8.360685752550888027e+27
1.076831779145224850e+27
3.314164268666881273e+27
-3.476190596890264485e+27
2.737566830490137505e+28
3.897786438200495240e+28
3.621470168616711758e+28
1.181771483796433828e+29
-5.151386480126929563e+29
5.621784970293171668e+28
3.147766686655029210e+29
-1.257586276688059498e+30
1.186348724686708835e+27
6.171242751568661437e+28
6.859773907696763415e+28
9.052930301627265593e+28
-2.851796337186773958e+29
-1.100318370856381428e+29
-2.511299965986463754e+29
4.016346994421726482e+28
-2.588165979630469458e+29
-1.134786519115185740e+30
-9.324419022089772501e+28
-6.529714966489488405e+29
4.661121353805747930e+29
3.236880905021029062e+29
1.479863559073099148e+29
2.937006708835921607e+27
2.603888682618753013e+29
8.479343382782393122e+29
-7.228897218935323968e+29
-1.615353571495887929e+30
2.430827638547970602e+30
-3.486449436386909780e+25
5.440499617574723332e+26
-2.438760348961195334e+27
1.824625341603644538e+27
7.171477197799927332e+26
3.341676004021055044e+26
-1.220155070018313600e+27
6.593292741950132438e+27
-4.712356152026205003e+27
4.505159001359248729e+26
4.840951078381597369e+25
-1.458883972153801072e+26
-5.395550158286999105e+27
-3.251764481294392291e+27
-3.957777827176342458e+27
1.043099272060270495e+27
2.506641576451827445e+27
4.639863835419898556e+25
4.069815293603038086e+27
2.783062202805364377e+28
-2.167943361623378779e+28
1.994417950059409140e+28
-1.995114571784044523e+27
-6.567199898643810300e+28
3.657574763274678148e+27
-4.471519746908376678e+28
3.039805007390382225e+28
-6.636658319394890658e+28
4.199086978452804752e+27
-2.280453814979233454e+28
2.217728310414906007e+29
2.202471348093052498e+28
8.675246371447957132e+28
9.875669801920848291e+28
-8.245987704695873378e+28
-2.269499904492782831e+29
-1.008179901337893870e+28
1.233911893499485770e+27
1.906823303228409271e+27
-1.092287744530104699e+28
1.302882524091703429e+28
1.217204930317783938e+28
1.497740170856793512e+27
-1.958184883498721570e+27
-1.707360231317988806e+27
3.321524164307999284e+27
-3.836054272475102778e+28
-1.758996430743184493e+28
-5.956685390346987472e+27
5.008554504749949051e+28
-3.968727368654917483e+28
3.754820395540497039e+28
6.599368914404802248e+28
4.858084609954674626e+28
9.091950852968296786e+28
1.368113143135579939e+29
-2.154956767439372539e+28
-2.281807804982134837e+29
-3.898946881346945657e+29
-1.241934776840730973e+28
-4.624134847122200529e+29
3.821291337532573947e+29
7.374620727981689115e+29
2.300868345272616915e+28
2.904269819794320985e+28
4.485209300186376874e+27
8.201416631002148626e+27
-2.903496893652940659e+28
3.251949349177596714e+28
-3.191394251412115116e+28
-2.764107610518297209e+28
1.557152588548649712e+28
-1.799738141551454701e+28
2.954526503493400514e+29
-1.178655573754258854e+29
2.195873187956350200e+29
3.183231947239120572e+28
-5.072845289393830552e+29
6.020295649671004176e+28
2.935163629199152011e+29
-7.962967450657182443e+29
-3.681237815997500068e+28
4.414760056040184108e+28
-3.335455996302998267e+29
-6.779882409588688737e+29
7.002196942461231839e+27
3.784810435569891351e+29
-1.379312300238828934e+30
4.556697897570711325e+29
-6.721115079873087688e+29
5.727248228355968705e+29
-9.418579273146485896e+28
3.469122445192734093e+29
1.273542651755141503e+30
2.152324384703740353e+29
4.382028227863086982e+29
-3.326632713944951328e+29
1.041918743902153850e+30
3.098758815673511950e+30
-8.630542410787300653e+29
-6.714094691550488892e+26
2.835089430976814808e+27
-5.726211852578057146e+27
3.594545411590727178e+27
-1.195581940767919391e+28
4.138183039206313611e+27
-2.199847171187635542e+28
-1.643429601577395506e+28
4.643769188950090280e+28
7.219938742867861381e+28
7.676861705867832658e+28
-7.083247284661215863e+25
1.137791149791965079e+28
-9.528262505239682371e+27
2.292646821863449353e+28
5.486256156458034928e+27
1.067094843859632188e+28
-1.810376165367665996e+28
2.757514059408289523e+27
-4.111933676720844522e+28
1.193150621293710421e+28
-1.652719389384707712e+28
-2.101739217392976554e+28
3.784967821736610526e+28
-1.180317706679794273e+29
-7.583955778051072366e+27
-2.381331281875962253e+29
-3.329415742361162099e+29
-1.600376311088625329e+29
-9.660937212132134219e+29
5.621389860540660853e+27
2.136450170724670879e+29
-9.059341169605235768e+29
7.809970733549381507e+29
-2.341793987790652669e+27
1.207162645064667643e+29
-1.040231723505118483e+29
3.489861513048522852e+28
1.288596374083759588e+28
2.978123273954166805e+28
-1.107155249426278476e+29
2.096474710380425511e+28
-1.275619231241533045e+29
-3.617035949864451576e+29
-1.900851299979427537e+28
-9.785709134803764713e+28
3.616381959253777186e+27
3.001085053326580974e+28
-9.271671243159668594e+28
2.944651646785155345e+29
2.534905545426279425e+28
6.276792881242406995e+29
1.090224431103656288e+30
2.261703633129342527e+29
4.722357981595165167e+29
2.662210494613942268e+28
3.354481023775884993e+29
-1.364639693059442112e+30
6.422951158317186412e+29
-1.357158780888024924e+30
1.893809747408149432e+30
-1.404426649429230802e+30
-1.141332303315886699e+30
8.429513737435248059e+29
-2.959178517009007008e+29
-2.035766927167083315e+29
-9.258316905102845925e+29
4.222672031628491992e+29
-7.799443593296681128e+29
5.950535716479141217e+28
1.495660323452944826e+29
3.584117853315308126e+29
2.510249876981874429e+29
-5.272068111812904608e+29
-3.897542342239568942e+29
-2.985016584106480365e+29
9.210461091041145910e+29
3.352242231637748089e+29
6.511375753993628658e+29
-3.718891343609848461e+29
7.013172707652234487e+29
-2.911305841826813539e+30
1.992421372341445085e+30
5.445356232529215172e+30
1.370594852493750989e+30
-4.032374127387069655e+30
3.969935246754839427e+30
9.214060467420345838e+29
-1.356306896709265032e+30
-2.247553937470533471e+29
2.517183823473480603e+29
-1.534046106436415143e+29
1.256724375127264610e+30
-8.466014091337153867e+29
1.440240702506249359e+30
-1.091207021269295844e+30
-5.268054372757559603e+28
2.346088384127318933e+30
5.461767919531184270e+30
-2.150873629365060153e+30
2.467135240035483926e+30
-1.159396865167348896e+27
1.006678326241286474e+28
-4.365809260535912832e+28
3.704446170771670443e+28
-5.683730762397767942e+28
-3.850683423008096500e+28
9.865186132320486237e+27
1.290574142529977953e+29
6.401856033879493594e+28
5.039229423480057506e+29
4.119205268779159088e+28
-4.820103458397999756e+28
-1.069215219831114469e+29
2.983972612476159668e+29
3.676134115392113292e+29
-2.407182908226709016e+28
4.661271954289453614e+27
2.375247761290250171e+29
-2.349016571923739840e+29
-1.400851544826635734e+29
1.429955718430350840e+29
5.049086537842394355e+28
-8.828688878377488361e+29
-1.969068501480688795e+29
1.598858927264181066e+29
1.803169044908233808e+30
-2.666584104244583300e+30
6.696392062803779351e+29
-7.307131274570545233e+29
-2.222891803993156146e+28
1.326002243917886512e+29
4.587630058882339483e+29
1.952477803900484688e+30
-2.780937722392540148e+29
1.485942066339999042e+30
1.600292105590066265e+30
1.428619863559641034e+30
1.501036398414136702e+30
6.702162792910696378e+28
-1.235416340527469906e+29
3.315301038584133950e+29
7.028732641418128092e+29
9.890900341714896025e+29
-7.289487921138299833e+29
-1.853861722821120618e+30
-7.663161341987248156e+28
8.053324710937030959e+29
1.413340496401742854e+30
-3.119077122485331863e+30
-3.362226541177871562e+30
-1.264117720179372077e+31
1.251438977943451635e+30
2.849141538482197819e+30
-2.525407675575179523e+30
9.184785962974209120e+30
4.821974187420708093e+29
-1.490513886712562782e+30
1.465985215182503506e+30
-1.854778410142423011e+30
7.773105870329486633e+29
4.898036435601771926e+30
-3.823675539048691719e+30
-2.293915815693983786e+30
-8.225206531341234228e+30
-5.902768277639836448e+30
-7.811697219966634507e+30
-2.036285805968842649e+30
-6.342592887081962167e+30
1.507502515129074141e+31
3.344091562482245624e+28
-8.748391789769002106e+29
-1.646979314917571449e+30
-2.391526748834917120e+30
-2.739238306236857737e+30
1.648704866589455066e+30
-9.914117265626914930e+29
-6.847268475730499108e+29
-2.182744501690610767e+30
2.651210478923144886e+30
3.800920651872158972e+30
-1.371784022065993694e+30
-1.947136226536079343e+30
1.185015086997825947e+29
7.586370626475778514e+30
-3.011501933888259121e+30
3.494047684240337361e+30
7.518161425369360934e+30
3.196429448665857631e+30
-9.708337113300182790e+30
2.166901501267877105e+31
1.705929229553232256e+30
3.809016716651598001e+30
1.071473910455794220e+31
9.258283998903596153e+30
7.231099147855026895e+29
1.669110244213782459e+31
-8.188566071570052725e+30
-3.776529099761804375e+31
7.793433149122823717e+30
1.281642310408983693e+30
8.168152614545709034e+30
1.181069215096292766e+31
1.992518173613836198e+31
-2.734103682709978820e+31
5.046137217056826516e+30
1.322533857374582162e+31
5.776292799514329633e+31
4.302379525120108931e+31
1.734528990445645005e+19
3.694346263540519731e+19
-1.137401460259225731e+21
-4.013706722769165353e+20
1.904592061583764488e+21
1.089646106832794550e+22
-1.216314075655371227e+22
-1.353315565802684395e+23
-4.960825228823884595e+20
1.358068057439682429e+21
9.384440373298149615e+22
1.065469381516059728e+23
-5.969189824398221912e+23
6.379137319424259743e+23
-3.541954436954290062e+24
-1.436122557842330384e+25
-6.152277028955103429e+21
6.657702177684263115e+22
9.795529346828491712e+22
7.647590970808441997e+23
-9.270429207452379429e+23
7.381673981957731709e+24
-2.881033122684073596e+25
7.089478468060655336e+25
1.814394873362522644e+23
-3.712305479928305146e+23
-4.665983912532927264e+22
1.550038803159110281e+23
1.164802706896360980e+23
-1.290343514457438985e+25
-1.626713529232028496e+24
7.038114988470832700e+25
1.483834701846083869e+26
-2.346417449761084172e+23
2.370456636849152338e+23
-9.960470047917502942e+23
-9.330929759335031379e+23
1.651024509946324876e+24
-1.297560094497734830e+25
-2.540091068507336020e+24
3.753930661100426767e+25
-1.929470458485359323e+25
6.082637851453504105e+25
-5.994608738637714318e+26
-3.256195450084259455e+23
-8.968302786123043994e+23
5.983322228898820524e+24
5.311974740718652087e+24
1.156730676649897375e+25
-1.731092056259970813e+25
-1.838072413275285776e+22
-9.919626880086453453e+25
-4.780024258474587952e+25
-5.686269798505063945e+25
8.948707885413895867e+25
-9.876279550498818299e+26
2.254932058937495145e+26
5.618066149148247867e+23
-1.709388223367818499e+25
-6.372092061888411003e+24
-1.646227592039603976e+25
-3.087687711449408238e+25
6.105648117887071810e+25
1.516741193818210168e+25
2.341067251013204586e+26
8.737826864426946975e+24
-6.491235094874800811e+26
-1.780861932116403034e+26
-3.327890341977558929e+26
8.357027962960914329e+26
-6.893840811861256538e+26
2.417980730668050154e+25
-2.308555422169872300e+25
-3.585861423648924260e+26
-2.647372478815647044e+26
-2.346890019602792120e+25
-2.085066599581994868e+26
-1.024289318757713877e+26
3.746585698679428719e+26
-2.870548520548609335e+26
8.787573437986177005e+26
-6.238618512334698953e+26
-1.707389349605099083e+27
-2.214117075985198775e+25
-1.109446511156794969e+24
2.580834602480505954e+26
-1.241319262801120806e+27
-2.306469082157475007e+27
1.026383586509713918e+27
8.959244761995106427e+26
-2.294335724303880531e+26
-1.553827691596777594e+26
1.368678868942923290e+27
8.911910430300976294e+26
1.564764734501771331e+27
-3.064540731161862407e+27
4.193190022165269840e+22
-9.515333346051068264e+22
-3.194775216712995182e+23
1.044061186079270340e+24
5.755453445776482710e+23
-1.387746952892314747e+24
3.640543936651870979e+23
-2.091412891821507107e+24
-2.963306714067142737e+24
-3.333568852430744571e+25
-9.415499529026061518e+24
-1.858985331200955500e+26
1.162934991935982621e+26
-2.211866966595248407e+26
-1.228369484220652235e+24
-1.303171379936373166e+24
8.192824356004816036e+24
2.978888816424803135e+25
-8.467900608671666003e+25
7.132862913970408841e+25
-1.392514939682540967e+27
2.414159556828383916e+23
-2.091935306515706515e+25
3.423108376072352712e+25
-5.082046248415347569e+25
-1.331552541621016069e+26
1.251223987382167199e+26
-2.944754069984705085e+27
1.692671938025686487e+28
-2.053336647968405636e+24
-1.507678805833189529e+25
3.422410599340892820e+25
-3.041161152799661278e+25
2.839034068631767886e+26
-8.093762273123072834e+25
3.817593706204143155e+26
-7.235299949619887048e+25
3.720008114635001796e+27
-2.932397974813712741e+28
-2.784984560586025950e+25
-4.274743366198935685e+26
-1.979930853741360442e+26
-7.302556345387558769e+25
9.688559683971351979e+25
-7.783654956838857426e+25
8.291851537516864875e+26
4.433423784345429976e+26
-5.175067339567974371e+27
6.168814225189328828e+27
-2.946807917317459114e+26
4.183988494304974951e+26
3.239309892849198043e+26
7.520974511839142011e+26
1.173532983802170161e+26
-7.434890433896342721e+26
-4.832849798051074815e+26
9.068199169923527179e+26
-2.815447532101131065e+27
-2.042842546563726417e+26
2.261688766327968014e+27
-1.201026351256718557e+28
1.148156555079337595e+28
-1.429919495849814296e+27
2.908750688248656499e+28
-5.789076523903957614e+26
1.561390394382453663e+27
3.262090605905957396e+27
-2.293331345600853802e+27
-2.829084709508579688e+27
-1.049639622011982780e+28
-2.672673382220392147e+27
4.315257216067179531e+27
-7.443420222340484338e+27
1.035944426187716926e+27
-1.114735936201874800e+29
-4.323946007666057673e+28
4.493220430950822604e+27
-5.668378826158506604e+27
-2.377603879330907749e+28
-2.495334201024967305e+28
3.312604758102919658e+28
-1.500456242157058374e+28
1.330265734461548281e+28
6.593719197151692519e+28
6.336130672844638469e+28
7.038146365521951437e+27
4.513246531817177361e+28
-3.687633304553096152e+24
2.930174211781879911e+25
-5.251580764437546927e+24
-1.027335154670690967e+23
-5.526800315098150242e+25
1.238437834933824249e+25
7.158096528391807642e+24
7.491681681752010962e+25
5.066927986890352218e+25
1.871697673348681973e+25
2.091950499242929219e+26
-5.084060281354158312e+25
-2.126106856925812546e+26
-1.692549100995372930e+27
-1.081580619932987023e+27
2.214175860727282790e+27
7.402423397520494105e+27
-9.243200180548123470e+27
1.563267791521492252e+26
-4.215756976707585995e+26
1.172033440326731775e+26
7.478637862153255473e+25
-3.967932586964472988e+27
-1.689080460297368809e+28
-4.138637056891354612e+28
1.629917067948634285e+26
1.552860480181088595e+26
4.787157118015942909e+26
1.152210207378244604e+27
-1.546149384012707383e+27
-3.040371608349937962e+27
-8.031516957894428128e+26
2.574239185669581864e+28
4.819931391502557443e+27
-1.649460744350855172e+27
6.155978738499292753e+26
2.833924972213103625e+26
3.099677185993245248e+27
1.140206871778843560e+27
-6.297850677966024920e+26
6.026206732430947554e+27
-1.383326248374933996e+27
-1.955283889332144519e+28
4.938467150709289605e+28
-2.737835324369516087e+29
-1.364221644949747561e+27
3.868331012687243492e+27
-3.197553776507349760e+27
-5.315425497346072538e+27
-9.347263174429910555e+27
2.060689756325505296e+28
-5.823827533057646420e+26
4.357760455497475064e+28
-2.472474417430994472e+28
2.768438859179560443e+26
5.329457782341313044e+28
2.515589067015687357e+29
-1.359083483296802625e+27
6.315125908969160733e+28
1.621398674478005760e+28
-2.692608275798586571e+28
-6.451621118986198312e+27
-1.414951965810764708e+26
-6.023100899753780132e+27
1.612978803689149955e+28
-3.570364651485756750e+28
1.028340186802824088e+30
1.089263688391705030e+28
2.287159907555064604e+28
1.118188282107048254e+29
1.500307634743918166e+29
-3.509393837041645486e+29
8.878785886662570967e+28
-9.987722728759624813e+27
4.531000339975221616e+29
-4.423764344711359127e+29
-3.837186137702705670e+29
2.049390338637242238e+29
-8.434376870663208732e+25
-1.797916148515885665e+26
-5.364513998001795764e+25
2.210943623775715438e+26
-2.955428264365072331e+26
-3.620861186030131953e+25
-2.746235986452641866e+25
-2.246243504515320319e+26
-5.369839675042044721e+25
-1.906831558687942791e+25
-1.758707232372035646e+26
5.292382814968657252e+26
-1.933516804055987308e+27
-4.112717582349862087e+26
4.522692264386313134e+25
-8.864424909662198433e+26
-3.886761975412524603e+27
-5.776359407058066743e+27
-1.584207359587444586e+27
-4.584080605011890449e+26
-8.549384581894778120e+27
5.886765390643258734e+27
2.956032329689995566e+28
-2.613419423622541733e+28
9.660012741710510387e+25
-5.111687446882321999e+28
-2.363843715820764130e+28
8.189824731312005744e+28
-6.443086676896519233e+27
1.151553322191155399e+27
-7.151129958364754367e+26
-2.591750442733336934e+27
-4.269009569855704503e+26
-1.692096128873450820e+27
-4.446152371040187382e+27
3.893297993586947289e+27
-4.735008571524734115e+27
-5.169062034990784173e+28
1.423446636097236700e+28
2.500795647196087036e+29
-2.173373964623657781e+29
-3.173284868413359803e+27
-5.525779483788602085e+27
2.080396820173217647e+28
-1.900852045538660074e+27
7.628662992091914295e+26
-8.670839157104619094e+27
-3.377236894147031472e+28
8.383411713827959902e+28
-1.532487647618337276e+28
-6.923162335435742682e+29
-5.095194942502375230e+27
4.248858678304358970e+27
1.187145340694400421e+28
-2.878090356699670196e+28
8.306436318541269668e+28
5.989497880449192367e+28
-7.351538619739995834e+28
-1.310898044552771731e+29
9.006626656727738240e+27
-2.907186229077008587e+29
6.317706202563390281e+29
-1.586273882982547034e+29
-1.225201743558093117e+28
1.140489030867040558e+28
-2.723279112178142305e+29
-5.389565260067765057e+28
-1.046447567439771423e+29
6.750490169010988365e+28
1.146230823791878947e+29
-2.742769838012592073e+30
-2.660753040724832151e+29
5.989696172095676731e+29
5.773015551105060284e+29
-4.299653289235679450e+29
-3.687074167568791432e+28
4.604265258681379131e+28
-2.127773161629536926e+29
1.885582059545464111e+30
-4.274919461848210189e+29
2.619229852682290393e+30
4.033594298471004029e+27
3.453661968210961177e+26
-2.121819989872976087e+26
9.663476636550884403e+25
2.476892315816975812e+27
7.523818589142006068e+26
-1.832498752913013638e+27
1.254378956365763734e+27
1.928396039352989311e+27
-2.301172724816458134e+26
2.092915020361006349e+27
1.333806408667008571e+26
4.622954743357542922e+27
1.289278314553380322e+28
-2.347876143132886136e+27
-7.843753295570461588e+27
1.127415455620618243e+28
-4.294814166544703435e+28
4.066125993530579570e+27
3.302124982232127107e+28
1.285432398093943069e+29
6.116780607122004489e+28
-4.706512283753674947e+28
1.120895452102615663e+28
6.968380455736820806e+28
1.043550185783120900e+28
-3.839348220226537137e+28
-2.592754893972318953e+28
-4.670433796322397524e+28
-2.745457044891428085e+29
-3.631638526808696638e+27
-3.834459895762672695e+27
1.604254256912455155e+28
-1.226464247432356344e+28
-2.245763649691412121e+27
1.600288269467741800e+27
4.016901761636679178e+28
-1.760539997695121614e+28
1.000331017200345744e+28
-2.385131759415133868e+28
4.288338175512474954e+28
2.649880996598874028e+28
1.265560637709087704e+28
-3.426391960312701701e+28
-1.304037274604597534e+29
-3.291765870574751778e+29
-1.377211982128509014e+29
-1.275485962028547809e+29
4.062779001490727086e+28
4.041869291071182229e+29
-3.418820755595593006e+29
3.935015225262674308e+29
6.349465666287380261e+28
2.430901854686160148e+29
-5.444898660279235726e+27
6.069626034033879044e+27
1.554962005200725141e+28
-2.735118970869657561e+28
7.171342493574992344e+28
-2.939631412602933760e+27
-8.866035584670945475e+27
-2.002804743600390893e+29
1.055513489227163269e+29
-1.002422523661075894e+29
-7.680839739405066940e+28
3.835951785467827399e+29
2.456890853151668711e+29
4.640305804751980464e+29
-2.483694006801444847e+29
3.742846751218119187e+29
8.706639812539952590e+28
-2.319791588721021097e+29
5.579242864956560581e+28
-1.862165229939847478e+29
7.136960811409264160e+29
7.134487621925950214e+29
-3.939654987207806033e+29
3.194708978806514588e+30
-1.576734582519532412e+29
1.036502417355557256e+30
4.862198880885862871e+29
-1.168717888811235176e+29
-1.546026523952349892e+29
2.397292957090363295e+30
2.029781708913381608e+29
-1.497259245301772270e+30
-9.820047423103947616e+29
7.668538945744443326e+27
6.038901166324258510e+27
1.609781715325209856e+28
-8.537078280173621735e+28
-2.853390982172396446e+27
-1.636694143987786774e+28
-2.064211146236094581e+28
5.956143526735495822e+28
-3.567123923791622389e+28
9.146101038595336731e+27
-2.045129053020497373e+28
1.085965957460378965e+29
4.007347771389375636e+28
-3.439699857868506317e+28
-2.373059340095492130e+27
1.294110378088778052e+28
7.430604697133211560e+27
-2.740100334673330347e+29
-2.859092204179025009e+28
-7.760799764975061150e+28
-1.625960298230717995e+29
1.135416222509251211e+29
-4.870203565148201628e+29
-2.230634234332654360e+28
2.494089030952060138e+29
1.077453506704677502e+30
-3.352447110891016749e+29
1.488713763641346662e+29
-1.677382421977625750e+29
-3.246616071726692161e+29
-5.094202248285921605e+28
-5.224751565757131749e+28
-1.999460073447846211e+29
-1.208089002545673431e+28
3.704529488252660584e+27
4.226345501352914225e+28
-1.555303662233878899e+28
-5.350355902687119845e+29
3.345361091085550136e+29
-9.670029899504100166e+28
-3.522534578415507707e+29
4.695054767858284412e+28
-1.884937606213392746e+29
1.017276490451816315e+29
2.159161069429446450e+28
2.489040997850538117e+29
-1.393212214430839177e+30
2.227020927038132660e+29
-9.683802538567229022e+29
6.452465730693575523e+29
1.665466941041023055e+30
-4.642053387638537825e+29
-7.785829170484232451e+29
2.876642055885738299e+29
-3.643810137461198217e+29
3.011838462886519450e+29
-7.189246829429261420e+28
2.933948205126981365e+27
-8.556787422840004183e+28
-2.719758044314573711e+29
-5.936158860011124344e+28
4.020068084221055335e+29
-5.262065944667650001e+29
-4.448540748848195035e+28
-3.279388245470372567e+29
1.575160132142430660e+30
-4.499934141195759637e+29
3.220560334209290158e+30
1.939112830612387835e+30
-2.066411273368297836e+30
2.475823723529278119e+30
2.532713388379926343e+30
-2.959309791751427417e+30
1.186988270504551700e+29
-6.220585231522789068e+28
2.021220940662728875e+29
1.934210219187379423e+30
2.132203491463412021e+30
2.440657624551938718e+30
3.042743682782798928e+30
-2.898579018166145840e+30
-2.097415669781198958e+30
5.449479300668435897e+30
7.903996164732846148e+30
-1.106625013693637725e+31
-2.600475611930882671e+28
-1.911129132775974961e+29
9.565265580245637660e+28
5.510322792112132948e+28
5.128590467480492123e+29
1.918499164907429077e+29
-1.194395832228834035e+29
-3.058708790547193308e+28
-2.156179317261865080e+28
1.056089171443957800e+29
7.683798572367618785e+29
-5.081455989101491353e+29
-5.881382431721293823e+28
1.369012989240310750e+29
-1.735090422600019543e+28
1.342331902427601904e+29
1.257143435812392960e+30
-1.152304597619904538e+30
-8.457336400026353841e+28
2.007105475665779842e+30
6.311333680228788908e+28
-6.902876681561388987e+28
1.421579003406571366e+29
1.471104891159960841e+30
1.125242542503784427e+30
-8.781701332640226326e+29
-1.187840122918947868e+30
1.039463961302978701e+30
-4.376910541413980517e+29
-7.919344472784045557e+29
-2.120892602850421007e+30
-2.249936207563699698e+30
-2.162964525847949824e+30
-5.801404939823701142e+29
4.578856645556415706e+29
1.717539343679424891e+29
-4.351685105135796431e+30
9.776612000161080250e+29
-5.339938831389694670e+29
-3.414892478579718913e+30
-9.673452986460461927e+30
3.693351514782085031e+30
-4.071686532440006877e+30
-2.429613078464439788e+30
-7.073466888666989894e+29
-3.746173560741968856e+30
3.967665430450805424e+30
7.293703604910753938e+29
9.833257253370647909e+30
-1.304115742678840818e+30
4.777651678219067951e+30
2.322767977826579324e+30
-1.353624017209549054e+31
2.127799840111878628e+30
-1.386807853633705808e+31
-5.945714818900710541e+29
-1.799688299825687457e+30
-7.431057617472871246e+29
2.952014657520560125e+30
1.323580990457054723e+31
1.508135225837434443e+31
2.274585811604753797e+30
1.443201693559381653e+31
5.954767847859283301e+30
6.659496540578280407e+30
-1.868798198022547007e+29
-2.479996876370000171e+31
-9.346016266468553082e+30
9.645730179671156159e+29
9.233010590228492498e+30
