-1.789635243574017600e+16
1.899483714328950784e+19
-1.452016001397021245e+20
2.848566856676331356e+20
6.521358594184147108e+20
-2.110524900446991024e+21
-1.545727565483287878e+22
2.013248270232493385e+22
-3.373541948336143073e+22
3.360617854753187430e+19
2.365952527906390344e+20
4.755308280726922723e+21
7.924138963406044948e+22
-6.805803050843632566e+21
-1.875740978660780697e+23
-6.504989153291416602e+23
4.683636756205352327e+24
-1.066199866095080488e+25
-3.540004019416441815e+20
-2.293670378461730125e+22
6.580875418620068364e+21
3.085323508414371814e+23
-4.856991992330555039e+23
3.502752228656954317e+23
5.811777638135323160e+24
-6.886993834243012838e+25
7.716887687796421244e+24
2.097987941241779651e+20
-6.584897571047369343e+22
2.326205141544078032e+23
1.255682894208110292e+23
-1.361383080976827007e+24
2.999576287310762360e+23
-7.054195847116410614e+24
-3.455246547427771233e+24
-9.840807842987566837e+25
8.145834838694119815e+25
6.388872555901771317e+21
-3.244083797371214176e+23
2.319451511540260299e+24
-5.881993294225368469e+23
-4.988898466560969644e+22
-2.535932012480845484e+23
-1.242741123816352097e+25
2.158689453006699502e+25
-7.783377911398136170e+24
3.172066384571884961e+24
7.948023624558753815e+24
4.644439459899832574e+26
3.784834927990228910e+20
-1.845278574100790420e+23
1.112018263026899851e+24
-2.924160126284757343e+24
1.102642654674938128e+24
1.241560340920807568e+24
7.853856902866057675e+23
1.357367173562369988e+24
3.761953968674624820e+25
-2.297214647057811506e+25
1.136957476220599867e+26
3.589663146109724272e+26
1.261252240142928583e+27
-1.550857448639096562e+27
-2.685299321252789564e+22
1.268333966431887104e+24
8.736838962554758524e+24
3.036083822143931449e+25
1.834530854431529191e+25
-2.578567701748188247e+25
-7.275480434561783855e+24
-5.017772664251796316e+24
-8.176858406987832043e+25
-1.812456906599842939e+25
3.510884361861006694e+26
1.448760703858474575e+26
1.439294031879057885e+25
-6.118184475665899129e+26
-2.400676877712635020e+26
7.451544058230227757e+22
1.622398511630742210e+25
1.010176454669814301e+26
1.147606203925099487e+26
-7.722256202264144427e+25
1.462613979718254267e+26
4.665255216466068785e+26
2.401153211772571536e+26
-1.976472630464895012e+26
8.516230679825906789e+25
-8.706024143215774327e+25
6.440044682794825993e+26
-6.159573943594550273e+27
2.960542350896253015e+27
2.768999766309760370e+23
2.519082628163533340e+25
-2.410843657162548628e+26
-1.316716992452831515e+27
2.292691487584381356e+26
-3.611440127678319833e+26
6.440600070088633575e+25
2.977404473757067972e+26
3.992359387554131218e+26
8.253612644389216427e+26
3.070168486719222877e+27
-1.071252801072650461e+27
-1.208315610553882704e+27
2.546612103209025536e+21
1.205110692802749006e+21
-1.938120805772073684e+22
-1.114103803497736611e+23
2.735361194826750975e+23
1.057913407765510177e+24
-4.154316999871690283e+22
2.949174426424765263e+24
-7.111810938599947874e+23
-2.453363496255217987e+24
-4.874955072139632136e+24
-8.733692515547365971e+24
3.284997142372247529e+25
-1.021937136085598424e+26
-1.350442805283797563e+26
-3.227323920128634382e+26
2.747226322101268906e+22
2.087620366493698700e+23
7.776231202836671241e+24
7.926629830904376466e+24
-1.351985322653497799e+25
-2.971914119820039398e+25
5.657746417926341806e+26
6.094533991237079051e+26
5.193301859271252111e+24
-5.885122738112465631e+24
-3.723877879239767220e+24
7.777863412531996215e+25
-6.808925782367444759e+25
1.299686332531604184e+26
3.592165481769294128e+26
2.970084404332995553e+27
-6.453912133322904393e+27
7.472820554706742776e+24
5.924199454391233637e+25
-4.970064789435527095e+25
-2.169885360426134564e+25
-2.222029226176200847e+25
2.420933663882490431e+26
2.997871446568606134e+25
5.506755076433342246e+26
4.095771028593290950e+25
6.881485017516592338e+27
2.348631977404231214e+28
-2.340120231644541962e+25
-1.532833630513139127e+26
-4.123413721163377452e+26
-1.413988094752878422e+26
-1.368464669835585319e+26
5.051786950522237665e+26
1.062944431957744835e+26
1.041024778469598997e+27
-1.385506528872092838e+26
-6.915009937919168045e+26
-1.124905349576047602e+28
-2.898293394560415579e+27
5.004093011187769643e+26
-4.055039323352270871e+25
3.602314806502485647e+26
1.638697535158943055e+27
-3.161941290191970058e+26
3.337086676890295291e+26
-1.338507268711028406e+27
-3.235735073396062856e+26
-2.652689808733764289e+27
6.741370157199868219e+26
9.912810413487964802e+27
-1.446435291747272664e+28
2.536277561272502074e+27
8.389227076855683075e+27
2.004513404225595633e+27
-1.558530738297638617e+26
-8.811906091582748212e+26
-5.994641119505669998e+27
3.731475044843587350e+26
-3.247023768294008060e+27
-1.072772580420784859e+28
-1.067426943335683903e+28
-4.618871709989996003e+27
6.036743195722744204e+27
6.856592050244109546e+27
8.457191438715764352e+27
1.911942612007370416e+29
-2.010768414420143733e+28
2.608359587353162292e+26
-4.630280683434295029e+27
-3.295573902121809362e+28
1.066224402533321248e+28
-1.806500708952749127e+28
2.296535919008873191e+28
-1.373830312741965340e+27
-7.423253545270751080e+27
2.066517307139620618e+28
-8.999427740111199367e+28
2.295908696027826266e+28
5.237924334151916267e+28
4.831257011216789862e+23
-1.697547781861379064e+24
2.495916967167640811e+24
1.771481297234688119e+23
-4.751389200280611933e+24
-6.428620542136417893e+24
-1.051028933759531391e+25
4.435168683102702676e+25
-3.042500105927831887e+24
1.582060429806914135e+25
9.098709848164852459e+23
-2.190700523622594907e+24
9.915826089939154934e+25
2.162549582198984123e+26
1.328635544627108939e+26
1.893332481026078828e+26
5.402451193204559604e+25
-2.545220533228627000e+27
-1.809634884251471684e+27
3.381131233323682326e+27
-1.077021629204480181e+28
3.315132318874432095e+25
-7.968399990620303596e+24
3.701421368242657061e+26
8.462599666693719075e+25
4.900028091900652312e+26
3.179187321918341331e+26
9.906137174554602324e+27
-5.740256693691638681e+27
3.393193676865171522e+25
4.209308491447431250e+25
-2.133059720093813564e+26
-3.797043057919338241e+25
2.712675405758796805e+27
-8.158478498579442620e+26
9.505656804657554773e+26
-9.414864192360907015e+27
-2.815515086851601002e+27
-8.359859275368679142e+28
9.146983625656097213e+25
2.170241386565636130e+27
1.097284660891377627e+26
1.408728145840843372e+27
-1.817283991324594190e+27
1.010905789646021664e+27
-8.458136329886768181e+27
6.096461015996935566e+27
-6.597656436930103715e+27
-2.173444637433533839e+27
2.475163260534767231e+28
-5.100623640725606775e+28
6.864776679263203599e+26
8.004875514595661920e+27
2.895781640048665440e+27
-3.248248375088632987e+27
3.537806827797972187e+27
2.709599500018176613e+27
-2.683308684258095691e+28
-4.162813607574498736e+26
1.038879644082577879e+26
1.593743007352156861e+29
3.736504194800492407e+28
1.388151841370298477e+29
-3.593917245244151320e+28
-1.736887654666696607e+28
-7.168592420878113606e+28
4.922711908018096918e+28
-7.191441768994115432e+26
7.136928371500008255e+28
-5.396390122750108570e+28
-1.777563090631837659e+28
-2.565599943659837284e+28
2.020312934309266178e+28
3.468624929208178251e+28
-2.131186225930835748e+29
3.137964476570284500e+29
3.906540574080125924e+27
-8.795532294325974663e+28
2.906004902564151378e+29
-1.449117720440672335e+29
-1.406062549618779748e+29
2.406112972478377683e+27
-3.719761666800057551e+28
9.438978433425509570e+28
3.130939116639726948e+29
3.187776388050537277e+29
-6.073218133036711393e+29
-2.055108757651714252e+25
1.841815464187387765e+26
-6.537123232540284046e+25
2.152418764702538665e+26
2.184000498531166641e+26
1.671242357150358856e+26
6.840108999609830166e+26
7.801655556562829131e+25
3.180511344295356121e+26
-1.705185864568414698e+26
-7.229752132697861836e+26
-3.235173095906262168e+26
3.431439209079214018e+26
-1.725900357567735161e+26
8.902382610172597197e+26
1.096972494227382511e+27
6.257302889795551875e+26
-6.507982802367744439e+26
-5.154888462658699035e+27
-6.388081318683927007e+25
-4.100603337781948097e+27
3.633950614865433344e+27
-6.712047598803654411e+26
-5.949315039837192146e+26
-5.918357518158600412e+27
-8.606039413861944117e+26
1.084927913979005337e+28
9.306770882973788740e+27
-3.536692758631513894e+28
6.127413654494366275e+27
2.754449797186345533e+28
8.811772179008146257e+28
1.011386014545431848e+29
-9.826651655523383474e+28
-2.719945236158256101e+26
-2.530328942258215872e+27
-7.467022328508741184e+26
6.213274065825096022e+26
-3.094766160707499652e+27
-9.242442149887219876e+24
-5.340241135741140320e+27
-1.262454084541287931e+28
1.243063402422768371e+28
1.166403394440428609e+28
5.202415215282645143e+28
5.413967530652486579e+25
1.766838319805311027e+29
-6.131043531148769746e+28
1.123535628330698308e+27
1.899044041794801765e+27
1.430690557316722474e+27
-1.241198379447467637e+28
-1.696797014774670109e+27
1.378478459551488111e+28
1.689780437816864404e+28
6.171009954352981051e+28
-2.571340970382319088e+28
4.891721879754123149e+29
2.940050841722700970e+29
6.243768164177501101e+26
1.508344453381717921e+28
-2.007312628321972144e+28
-4.729838963118511237e+27
7.594458711658216038e+27
1.807398150413199397e+29
9.653130102350257849e+27
-2.309253849413937038e+28
7.711540664132541947e+28
-2.071482200985886857e+29
3.984721885149076789e+28
-3.044949231281373981e+29
-6.256816524510932614e+27
-1.366070549999249019e+29
-9.656716767585865599e+28
-1.299860239002851096e+29
2.350606002673856331e+29
-7.303971687494684627e+28
7.988245605099801676e+28
-3.495263147623880542e+29
4.566787361576455465e+29
-4.121066021164740994e+29
-2.584203266028469234e+29
6.034809067942888060e+28
7.057629682225112564e+29
-1.547118556598037552e+29
2.735244226330996622e+29
8.020243558716428056e+28
3.632793035318357507e+29
-2.352324232015962719e+30
-7.075925048861052749e+29
1.467258230780175307e+30
1.111851971359941791e+30
-4.971482035102050062e+25
-6.194334800673431815e+26
1.391026831796776551e+27
-5.030405040143425636e+26
-2.064149052006055515e+26
-2.461803981458036210e+27
4.649437849198376139e+27
-4.829900932964216559e+27
1.093465492784965817e+27
2.034464340507566079e+25
1.686014737786306629e+27
-1.505945446378756570e+27
-1.119753193754341497e+27
-1.556329683170363892e+27
-1.631606155702488287e+27
4.660955112933741191e+27
1.023271022032535110e+28
1.505354749354739293e+27
1.258125132480427237e+27
2.077613458944031704e+27
4.509061679989064500e+27
3.411254699129859379e+27
-1.054438562963305335e+28
8.535493527834898323e+28
2.695479936165370185e+27
-1.623213959205755609e+28
8.488643189985037611e+28
1.321716370274080195e+29
-2.977718697059304290e+28
-4.278180256368537625e+28
-3.030248280923794075e+29
-1.881768462569848461e+28
-6.782764918680435350e+28
3.918544762433710476e+29
-1.134136474833982758e+29
-1.329576428722341147e+29
-2.015698005450328151e+29
3.385196073749402047e+26
-7.588856009580281102e+27
-1.409873576332456390e+28
-7.254194887823380433e+27
2.374584375041825211e+28
9.743067758074872836e+27
6.091590251194824588e+27
-7.372535507898734993e+27
1.262322506571031456e+27
-2.312620685745775630e+27
3.178141530534653073e+28
9.312907128679109372e+28
-2.178265706419749801e+28
-4.500962872348414813e+28
-2.817728456273950858e+28
1.515440413702715516e+29
-5.921556993749596115e+28
2.029868194299866155e+29
-5.012290697456836511e+28
3.323653701961850793e+28
-5.551300547465721463e+28
-3.208789800337916728e+29
-5.598297983855585635e+29
5.429258081900272223e+29
6.401858459747075163e+29
1.470680525410773793e+29
2.100244784394655093e+28
-2.504953940926880413e+28
4.684213329331945987e+27
-9.106280922806775465e+27
-2.048804448544230922e+28
-4.273550685658927219e+27
6.932692179441809029e+28
-3.061302258781357583e+28
3.595087136989024892e+28
1.060955172865843918e+29
-1.010077568687144978e+29
1.692075767043065883e+27
-4.415578780738626155e+29
-8.651536621062836785e+28
-4.154995795403032196e+29
1.234333930189837632e+29
7.418517299933155493e+29
-7.344565164230129879e+29
3.320295560787969674e+28
-1.805252600358041326e+26
-7.818476033580084263e+28
6.751410370625563742e+29
-1.260022087840745746e+29
7.966524390907384803e+29
8.998248759223127439e+29
-2.441606812021866226e+29
-6.458928316500704755e+29
2.506165739561706103e+30
-2.361198345993571658e+29
-2.468330290136029873e+29
1.184012479973011185e+30
6.134828264577064314e+28
-2.486585878579393415e+29
-3.352115834524848996e+29
3.272550276218284783e+30
-3.601815370389895926e+30
-4.946362134714234777e+30
6.864387418729734582e+25
2.700251746803815821e+27
3.966611874821703522e+27
-3.355792300774785240e+27
-3.989289218759714042e+27
1.569526977434773508e+28
2.829766714773846494e+28
-2.311097349839087845e+28
-1.200343114802178173e+28
3.226800365649372683e+28
-1.347593570076196053e+29
1.979395816907464950e+27
-4.220542447758624778e+27
1.036648951674777435e+28
1.092233004672503604e+27
-2.183347399021796766e+28
3.773002297004849930e+28
-6.758836973530654191e+28
-1.640373176961077919e+29
-1.523951860977029984e+29
-6.952888298204403831e+28
-6.084948259137843690e+27
1.940488219167912293e+28
6.081693376490767102e+28
2.424442590210728474e+29
-4.084208116124390501e+28
-9.937759381588747434e+28
-2.234931655819047299e+29
2.152554609415494328e+29
3.839596524533943012e+29
1.650893715937934012e+28
8.012740016861909543e+28
-4.528114704348398090e+29
7.153639969295602156e+28
-5.342551784292587125e+29
-6.311453835887524438e+27
-1.439763529838312221e+29
-2.398127598265771821e+28
3.988279245384851066e+28
-2.483497810819039410e+28
-1.122144450362240062e+28
1.035893209816619445e+29
-1.833962943833857756e+29
7.777335571566398517e+28
5.550183767429035126e+28
-1.703363596828847688e+28
-6.455226948281688570e+28
-1.858071192920968703e+29
2.570250041513725724e+28
1.753976103438346939e+29
-2.879782823173055229e+28
6.625491970506582298e+29
6.653110712965979183e+28
-1.334769943403432121e+29
4.092440781821374897e+29
3.285841470370396916e+29
-9.617064194073031678e+28
-5.883499760979203437e+28
1.726278778526530399e+30
-1.750612260927685785e+30
-2.483214901580269752e+30
-1.006037722508782727e+30
-7.794878848452818448e+29
9.602904501918914846e+29
-3.041551775835788300e+29
-1.970243699300199583e+29
-1.796375073418747956e+29
6.747174371652887994e+29
1.534196688827439227e+30
-6.097864775114150912e+28
4.186154880923448815e+28
-5.692904651057656816e+29
-1.139279501880110897e+30
-4.882874065768886533e+29
1.061140046546771115e+30
1.545824948807360854e+30
1.967796163225729935e+30
-1.293767877809043246e+30
3.333239793437939821e+29
-2.465426643987681261e+30
-2.689278312568458609e+30
-4.206590985914540115e+30
-1.864651309917402776e+30
1.177372888355174934e+29
-8.293897443718316269e+29
-4.569310555903745040e+30
-7.521478510983442517e+30
-2.790319883902987113e+30
-7.290890079104549701e+29
9.696689920811871279e+28
1.683735411469071457e+29
-1.095971833725405419e+30
-2.508891880682609210e+29
1.787336427750704184e+29
-1.721933101625736458e+30
1.425741839233521630e+30
8.644497572677477011e+28
-3.190880016541315430e+28
-1.072392229570704691e+31
-8.569136846803232307e+30
5.035448774456154915e+30
-2.817439033877880518e+26
-1.329499515799309623e+28
-6.976913682607849742e+28
-6.833025148098412849e+28
-3.896348762187054916e+28
2.042686697205782368e+28
-1.047393597100058918e+29
4.120226134393528560e+28
-5.384633293981985802e+28
-5.279124979784871239e+29
3.273492321003975754e+29
1.360800230824438014e+29
9.054735166956504195e+29
6.321617859117629414e+29
-7.650718431539089620e+28
-3.777977307040456542e+29
2.801501925482634839e+28
-1.374420539077392288e+29
-7.939334632843620968e+29
-1.073319423924047589e+29
-4.858533920879488640e+29
-1.542945742294121344e+29
2.579957899615090387e+29
-7.067658142531423859e+29
1.561174690189444591e+30
2.195681269508999707e+29
9.482109088616903696e+29
-1.629734242986483141e+30
2.898294712660487128e+30
8.637291388918358950e+28
6.674937582946966170e+29
7.841353907105360014e+29
-1.211720108148326955e+30
-5.585847740165296454e+29
-1.924312691059868715e+30
-4.265153252693302142e+30
3.462924731424694206e+30
-1.419340611271262013e+30
-3.624272457300176085e+29
1.141511266285907313e+30
6.355155710238029474e+29
4.604786963554529304e+28
6.870165782057826138e+29
4.239097203145307549e+29
2.655017648959608026e+30
2.580999480899752377e+29
-2.272842895820716107e+29
-1.215427217450987443e+30
-1.407965206766561880e+29
-7.359668578300135805e+30
-2.892911592962615768e+30
2.412516353240719394e+30
1.014683447433352370e+31
-5.096973178756063053e+30
1.120847909636628254e+30
7.578419436478992327e+29
6.895308272419133946e+30
-3.139618497347787810e+30
-2.872164554199235868e+30
-6.133369422141997922e+29
-7.240619430157152511e+30
-1.859416274169186382e+30
-6.055951584091768492e+30
-1.303841421596970059e+31
1.780033713829037522e+30
-5.941201711518002749e+30
-1.807683500215102130e+31
1.364817844464473967e+31
9.820968290917632951e+30
-9.960231741532590228e+28
-5.787317921279549881e+29
-3.029707417967110491e+28
3.186233695626664842e+30
1.374397031337715895e+30
-2.208386041052498496e+30
1.876572355548778926e+30
3.383238863630183638e+30
5.335972279166732566e+30
-1.089189470878578472e+31
-2.441059998272491579e+30
-2.093487669294408356e+30
1.187154235761379567e+31
5.334925904544887548e+29
-1.976438286984862199e+30
2.710351689916068985e+30
-8.374325668808383077e+30
-1.525295415428570769e+30
-8.290170670364601972e+29
1.595543296592191663e+31
-1.252334873038543347e+31
-9.788778454294417179e+30
-1.034489807961844188e+31
1.315213272695401983e+30
-1.438720508633168523e+31
1.173129747466107554e+31
1.230333204237080522e+31
2.423553843291710066e+30
4.622553004527456779e+31
-6.314929520327332455e+30
-2.476316869099409886e+30
-2.446673741197906745e+30
-1.527931402071956076e+31
-5.666089831231820935e+30
4.453746182956842953e+31
1.910527476412707914e+31
2.264243275926856933e+31
4.281650193312599125e+29
1.752916740736063707e+31
1.598539234684825600e+18
-6.635856923165969613e+19
-1.838039759119264776e+21
1.074515886972120334e+21
-3.045138108446109860e+21
4.305897025911929176e+21
-1.736578082327814178e+23
-3.606068233667999066e+22
-5.649392513390522532e+20
3.844462678454073033e+21
-5.166142393744242822e+22
1.378846818428273872e+22
2.056752784559105041e+23
-1.187080226128656981e+24
-2.445792312752233232e+24
-2.530822156472323343e+25
6.135581585171986514e+21
-5.158206092965622841e+22
-4.868072708115572510e+22
6.722438426372808586e+23
3.366895914990653281e+24
4.745613972244873404e+24
1.906379751236471662e+24
1.118967952200046067e+25
-5.997609144048616368e+22
-1.263211608963812300e+23
1.183390712069440028e+23
2.094855423015447995e+23
9.445796600192354652e+23
4.749894189597448944e+24
-5.156455434172346673e+24
7.016788598034136096e+25
-2.318148475561438176e+26
3.958639899863561871e+23
-1.694509060377562403e+24
-1.143284499316112173e+24
2.819616837521180298e+24
-1.791365834494259038e+24
3.983624280887772018e+24
1.223760700702339661e+24
1.180780603127532381e+25
-2.490304290153423052e+25
1.603713967612313913e+26
-3.755356204420841943e+26
-9.055878752794102989e+23
6.218581345355875358e+24
-3.460453890684865946e+24
-4.587861907563843248e+24
-3.982066069875752186e+24
-1.912451973231160290e+25
-5.853933970499358270e+24
-4.208647330794811796e+25
4.179533510281449399e+24
1.626733380705373425e+26
8.823832502618052367e+25
-1.470233263978928758e+26
-1.130273421595290519e+26
3.466249998968642895e+23
-8.751654694914364396e+24
2.750959941521204938e+25
-5.816052450006813505e+25
-8.023081232792833251e+25
2.255303100689535949e+25
-4.696854626743880994e+25
-4.783543518870149641e+25
7.063712935743342615e+22
-9.773085317446408161e+25
4.460016150166203402e+25
-1.889696518411466135e+26
-1.325112635966817497e+27
-9.926825628877597395e+26
4.968487552312061381e+24
3.527693283536823380e+25
3.483359135466244857e+26
1.783444083956363848e+25
-2.429834003051784134e+26
1.831840435518136392e+26
-1.377231060818481858e+26
2.363145709931398470e+25
1.998499508391334332e+26
-1.775667647780658245e+27
4.323344698502768325e+26
-9.215953475807949561e+26
-5.370336244973767548e+27
-2.063900560991789238e+25
2.972311652279409300e+26
-5.473528688408446940e+26
-7.873659532360905104e+26
-5.158453804212584017e+26
-1.776132908476307847e+27
6.916564497939545434e+24
5.448843857404887418e+26
-6.564430660683293994e+26
1.344217484678094731e+27
-1.029244805941596685e+27
1.141690238595376586e+26
-3.848129175896638620e+21
-7.963399465467489603e+22
-5.785638669820957169e+23
-1.142277725427954113e+24
-1.238309781538977979e+23
-8.909696765126415598e+23
-1.841265656570634727e+24
9.614579477320837383e+24
7.317734588171080161e+23
-1.479690982100891920e+25
-3.086152418453754231e+25
1.766108224437174151e+25
-6.327679669072501951e+25
-2.250183807110318675e+26
1.658312835227141265e+23
-6.017010354532089757e+24
-4.717250686360460806e+23
-1.319201264953783203e+25
-1.720424180107059189e+26
-1.645153142545086753e+26
6.543882677008484070e+26
-2.249200092579822848e+24
1.158480003124826702e+25
-2.661108632275949546e+25
1.094911166891054979e+26
-1.748534160085238083e+25
7.905646421513877398e+25
-4.051842883815402070e+26
-3.676076576457953557e+27
1.645182755443128086e+25
-2.205067497877798385e+25
9.835150510832027317e+25
5.357176960938650539e+25
-2.771937881302859290e+26
7.021645556793900301e+26
7.247960778351878432e+26
6.190450596984438536e+26
-4.908714387706328195e+27
3.773254264969476529e+28
1.607900361362407385e+26
7.951503857771775871e+23
2.062192732071692829e+26
3.770763240339129241e+26
-7.571161183446938497e+26
-3.674854127892096811e+26
-3.844778214048655683e+26
1.478865153947400363e+27
-6.208274898510365562e+26
3.533414678196876618e+27
-1.700142048677734739e+28
-2.512446678474058988e+28
-1.824002965747023504e+25
7.279878494595041728e+26
-4.790376497123850736e+26
-1.430255151973292427e+27
8.450618562338048504e+26
1.374899716115097448e+27
2.064065315377984685e+27
5.064487875283393829e+26
-1.200022392734084117e+28
-5.664157368477977340e+27
1.243603300437989391e+26
3.302526915124535388e+28
-1.666403992022785517e+28
2.705298388834104360e+27
1.361963061847379241e+28
1.153462734978297120e+26
6.296014255271966445e+27
1.034311309761959550e+28
-2.274965809841274364e+28
5.269421225224612427e+27
-8.031249220178141194e+27
-1.737483025840395640e+28
-1.532033898530286147e+28
-8.079784110917669991e+28
-6.683308513196809629e+28
6.175884104555263133e+27
2.926971655061094145e+28
5.240454771152608978e+27
-8.986291716192840554e+27
1.692522624719950370e+28
2.346645754363931398e+28
-6.349753808892577129e+28
-4.536460872815818738e+28
5.032662428498201769e+28
2.461039526496567741e+28
8.695448213911262067e+28
-7.686051498723544505e+23
-2.571596182972625764e+24
9.592786129723838555e+24
-1.012040274857013537e+24
4.890874013606443649e+25
1.453891767348740817e+25
5.292351317750638424e+24
6.414263485949553104e+25
1.702415325229360652e+26
-9.697651445398158988e+24
3.559317024803847223e+26
3.978160558218872041e+26
6.657693527568784508e+26
-1.126764416507427337e+27
-4.833272453334785003e+27
-2.957067392517675439e+26
3.116900812812145067e+27
1.250713034627335534e+28
3.209113086621154145e+25
1.653244769999404485e+24
5.590142046619503149e+25
3.936871992232531400e+26
-2.516853890092398744e+27
-6.246153040908947458e+27
1.074663816910431444e+29
2.643278856565416241e+26
4.656177930018254276e+26
1.959802525539048440e+26
-1.219742258010171378e+26
-5.245288998917125650e+26
3.970875068240714830e+27
9.602085530919060242e+26
-1.391764218715017598e+28
-1.127131172670304639e+29
-1.410877540459172405e+27
-5.142518034871516637e+26
1.135281556915940681e+27
1.469227484475045709e+27
-4.394980753478437826e+25
-2.698362789228118003e+27
-9.279590310881675618e+27
1.574733056078761644e+28
1.429481638371615181e+27
-9.916505077052501491e+28
2.062991521984304379e+29
1.281559406963306041e+28
7.198679119800025787e+27
4.349841558899799603e+25
3.625153699295330297e+27
1.134497151075693971e+27
-4.788343054613629508e+28
-1.887528417804504048e+27
2.849263425847424856e+27
-1.401847441084003905e+29
3.492790746791473393e+28
-8.359340076611333665e+28
2.075272784768506951e+29
-4.660910073511708992e+28
-2.681142859543527757e+28
-3.976045702336556221e+28
8.899241178278965253e+27
1.670909195853402976e+29
-7.928145491860710660e+26
1.658006854091297101e+28
-6.220480781564142121e+27
6.040818632826758491e+28
-1.232891408270683587e+29
-5.471632276908233098e+29
-7.725113635858199387e+28
-2.842661387158385415e+29
7.222240425915200174e+28
-5.185979131702637911e+28
1.204809333015021541e+28
3.391798401822835951e+28
-3.118990936064738031e+28
1.485287586947682153e+29
3.998101581540994497e+29
-4.584605459909544410e+28
2.411252464870611235e+26
2.168214591322159986e+26
2.099562258345314776e+24
4.229218513407776399e+26
6.459232506291206858e+26
5.571387853590069292e+24
-2.419476577759174027e+26
-2.640630016094838682e+27
1.867049852336016423e+25
4.878883359358424434e+26
7.533179731962872276e+26
1.336436090063244423e+26
-4.910166569848119550e+26
3.396816205765089263e+27
8.363042412445705788e+26
4.371349689530155533e+26
5.399807894232873600e+27
-1.320824447910676433e+27
4.028078773761368700e+27
-1.811963392088731728e+27
-2.858208569404771482e+27
1.739595334337431883e+26
2.933766262743653756e+28
2.291485600519274793e+28
1.374935366712525112e+27
-2.090392888914442183e+27
4.718840198548575777e+28
6.579354151761130095e+26
3.784695483330319688e+28
-2.102852692907114885e+27
9.119673881234449640e+26
1.507646615952907310e+26
3.737420085758779455e+27
6.395898878390014006e+27
9.772117546255454659e+27
-9.601634407703235905e+27
7.500099795587626058e+27
4.504768114287772106e+28
5.426735061534435077e+28
-2.679165366631299850e+28
-1.462948669335416637e+29
2.990956719319881000e+27
-5.013278323041864121e+27
-7.879492882283609315e+27
2.030533508663606621e+27
-2.218686884780597150e+28
-1.368463005636603814e+27
-7.273872904462043955e+26
2.333751904908148390e+28
-1.787885843980541702e+29
1.753474084640558632e+29
5.237930494654041544e+27
-3.166901887480838994e+28
1.287289321849141079e+28
9.006591609290201920e+26
-6.206671468862550699e+28
2.272279497074878793e+27
4.294368902420510102e+27
2.114730345643404997e+29
-3.197584375382287910e+29
-6.651877384448083568e+29
2.293136509357923085e+29
-3.393050817394330185e+29
-2.874199696315293093e+28
8.401930143539659984e+28
3.730278768300373115e+29
2.065653413603112952e+28
1.615379600470023334e+29
-1.193055417165174809e+30
3.347432618718173713e+29
-2.131233278703464034e+30
-2.057624984718978890e+30
-4.512506554752867087e+29
-3.625620871474740223e+29
9.470010022091607371e+27
1.877724083743081371e+29
-1.528335546346952822e+29
6.193835398150708785e+29
1.935016648441702083e+29
-2.309011184526274721e+29
-2.854814518686968144e+29
-1.940237516949973285e+27
3.008408056058622888e+27
-1.456297332740681761e+28
-8.934107129225641862e+25
6.824326288126691908e+26
6.236705085222857201e+26
1.381971295581810775e+27
-1.313691453292919493e+27
1.740306747811117013e+27
-9.517250138469179075e+27
1.971614779693332664e+28
8.187558303920305070e+26
3.336750600440238011e+27
-1.351679087230027154e+28
4.935218501764718099e+26
1.736063992278066739e+27
-1.132191324701124514e+28
2.723285346748994259e+28
1.318957301751687124e+28
5.647863202385296192e+28
1.408896418677802779e+29
3.838243891604552529e+28
4.466201680914500902e+28
-1.758005293532211648e+28
-1.180535087412527778e+29
-4.065325192022615383e+28
1.277649736437067290e+29
2.349529371074282799e+29
1.789608980084440849e+29
-1.235658400522990809e+29
2.429444078328643533e+29
-1.938109128622800988e+28
1.394912034561445564e+27
-2.637029276628145091e+27
8.700125776658229385e+27
-1.885316213387854979e+27
-5.239269196789818231e+27
6.473695143203648220e+28
-1.321442487478576730e+28
-1.271575593546081229e+29
3.438964368373879432e+28
-2.445259130398780596e+28
-1.518778567723607175e+28
4.553414638589606524e+28
1.460768481304636949e+29
-6.386431920263384173e+29
-1.550186814708111770e+29
1.966893665696779409e+28
8.701677915985156049e+28
1.486601709963905463e+29
-5.000873150729106587e+28
4.201633772771330761e+28
-4.506045410917387039e+29
-3.266810459076692464e+28
-3.664034984577366433e+28
-7.061855107905215574e+27
-7.961857415471242836e+28
-1.815444579063201843e+28
3.667052018842142044e+28
-3.387963932111138059e+28
-2.191642472168575335e+28
-2.933023022884002579e+28
1.818771813966503304e+29
-1.790834702666553842e+28
4.024833615167061480e+28
-4.548837136038211055e+29
-1.625440533013353305e+29
5.583009196086317978e+28
7.300924386458922864e+29
-1.184816128771828256e+30
-1.418307261155735076e+29
1.290234286053687614e+29
3.566068440179310560e+29
-4.567963470136624847e+28
2.902749541163042831e+29
6.204189879038344006e+29
3.691884097619640304e+29
-5.231651379272604644e+29
3.793712817027420853e+28
-1.622246699893643951e+29
-9.945812998067436002e+29
-2.021661591516070667e+29
-3.222367100545862267e+30
-1.364587774350045222e+30
1.696665065989788451e+30
-7.500020774912471964e+30
-3.360907706597094442e+30
8.767670843019240554e+26
-2.940185872861588903e+27
1.364396597056297024e+28
8.564956549885403704e+28
3.850505874939915157e+26
-3.939257387153413694e+27
3.108739182714656961e+28
4.671170583774147302e+28
-4.222700042632254321e+27
1.119973901197005595e+28
-1.132419405466314272e+28
1.463779257111248896e+29
-7.044914097992050379e+28
7.741639517588807820e+28
3.024498813583479539e+27
4.170594342853784107e+28
2.005005493666324942e+29
6.370686306331246958e+28
7.304436305505101472e+28
-1.805166247804936725e+28
-1.007847066095373043e+28
5.080799037687785003e+28
1.740719519099420206e+29
-2.510082221533744782e+28
1.179354499764134772e+29
7.719765273112898137e+28
1.955107694324405805e+28
2.394813041385220007e+29
5.213339556194131144e+29
9.966765295610926338e+28
-1.961583672830694182e+29
1.004967574400638035e+29
1.261138227591967004e+30
-1.475336362532028150e+29
-2.146164297861157754e+28
7.134380852292021412e+28
-3.566579485855658661e+27
-2.321856683140880405e+29
3.634245580119941356e+29
3.380984945058734173e+29
5.197148509252943740e+29
-9.050042632439425213e+29
2.125072156424671289e+29
3.471549311626686111e+28
2.933971075622680584e+29
2.384328791434658033e+29
5.144081084703101653e+29
-6.273461318817730063e+29
-3.183598526389432676e+29
1.164303886466077089e+29
-1.240868375029242425e+30
-7.078251470201077690e+29
-6.827411530474237030e+29
-8.162195211697908504e+29
4.003454091875609425e+29
3.097501462384997241e+29
-2.811680716262703347e+29
-2.152942640399391176e+29
1.076450887250309132e+30
-7.316543418387855289e+29
-1.874319656545936721e+28
1.491042700439029070e+29
3.102377525333704265e+29
1.960363218503143450e+30
-7.779163760255466098e+29
8.064641312524247594e+29
-2.919859692464784127e+29
-1.630811913486645897e+30
1.717113642437143490e+30
1.124421509616778787e+30
-5.234193802097440794e+29
-1.204068581354149300e+28
-1.501822647604515901e+30
-7.289956768049535410e+28
1.998085633929705492e+29
-1.629715496062781429e+29
9.259217000268015459e+29
-2.815817580271417361e+30
5.243777396061443548e+29
-3.644614837108888581e+30
-3.772896560725641116e+30
-2.995011475565750483e+30
-7.776532656761606439e+29
-2.628645685749608749e+30
3.573414151377391874e+30
-9.382803776376126209e+29
-7.485064395942582062e+29
4.480439233101167456e+28
2.160774058473125457e+29
-2.113803681950057062e+28
-5.940137719592948150e+28
6.846632972805044238e+28
1.148499858791914861e+28
-3.024051901180700219e+28
-3.320608783086025989e+29
-2.215200545724471665e+29
4.130087170169452192e+29
8.985015566546409764e+28
3.138247542725565211e+28
-8.049654628976094091e+27
2.156720091764916374e+29
-1.703097477848559370e+30
-1.003838794062556204e+30
7.377084822363882808e+29
1.740292639111388060e+30
-1.344180272035085019e+29
-7.296248296281422558e+29
1.714747208538885881e+30
1.323588401845370792e+30
1.452688490446305117e+30
1.512309736336209374e+30
1.130344189352950138e+30
-6.782892982531789285e+29
9.988250248528391652e+29
2.270480767361205300e+30
-1.414531804991861766e+30
-3.388917256221445095e+29
2.696612419045122176e+30
-2.098847591695301839e+29
-1.075197292907566127e+30
4.436855564720535438e+29
-9.065139794199075102e+30
-5.361571489420763009e+30
-2.800683941024870821e+30
-3.925072509971550769e+30
-2.639974996343784607e+30
1.643648841541604123e+30
7.692286424165805677e+29
8.054312784551304089e+29
1.435140116032047152e+30
2.180161855723589895e+30
3.555175253570807151e+30
4.247894429731257550e+30
-5.687858163132482036e+30
-3.652173613325824460e+30
1.976310364596696249e+30
1.926362331659901911e+31
-1.317868333188068970e+31
2.891683168924035914e+30
4.419790387010802532e+30
3.175152788460152190e+30
2.859951565754186317e+30
9.977244610049255542e+29
5.329057776257802697e+29
-1.121461271038869350e+31
5.423261273440865028e+29
6.098697430955923783e+30
-7.082713206978466080e+29
-2.942406394715566760e+29
-3.238296956552400865e+30
-6.999675040880110751e+29
-2.859088917852839326e+31
1.208014250592997286e+31
-3.912317494264222891e+29
1.697440239616353545e+31
