2.275385986665036800e+16
-7.052922465629549568e+18
-1.724120487989444608e+19
4.337603605624646533e+20
-8.264394010105759662e+20
3.956331364479047565e+21
-2.076388594172533146e+20
-1.125254064313070099e+22
-6.298832948698779799e+22
-1.404034478396584755e+19
-2.222797214519461806e+20
6.910389647047475069e+21
5.669987968921929725e+22
-3.416128156544540030e+22
-1.144889972448831147e+23
-6.271928995205900004e+23
2.259916253972605144e+24
1.523638577401830689e+25
9.772123171288625971e+19
-7.911777829100267241e+21
1.874820489665462665e+21
1.379179242714889380e+23
-5.648209495145282798e+22
3.292570664427202932e+23
1.273331151386636026e+24
4.723828181853195413e+25
9.905947119382475927e+25
-3.576143613093423350e+20
-5.882528118205435399e+22
3.321765786119567982e+23
-6.377230370399366152e+22
2.111280481201183655e+24
1.582598435530399443e+22
6.194116251882050132e+23
1.214787085697437897e+25
-4.643085895641265520e+25
-3.436927362029595311e+26
1.827788176473112183e+21
4.933877749563300774e+22
8.934025113620080398e+23
3.453043992298096448e+23
-5.534737621040833946e+23
-2.697039298241044656e+23
-3.680741940790575548e+24
-3.776078519192339257e+24
-1.765492667311143683e+25
2.365536607129564262e+24
3.693724429039402594e+25
1.923494711831651930e+26
5.469144698928762978e+21
-1.100617488662721441e+23
-1.575148271958679947e+24
-9.525150599782286011e+24
-1.774181942793524117e+24
4.203026707749035364e+22
1.684684654695333294e+25
5.168035130250658360e+24
3.084494613652239287e+25
-2.538964018018723333e+25
-4.382533089548412513e+24
3.279932682659845053e+26
7.460680403421302553e+26
6.796718160134275877e+25
-1.272120230151622492e+22
-1.361487139519607700e+24
-3.223306445731072372e+24
-1.219906010293094925e+25
3.093493317368141583e+25
-2.666057038095116732e+24
-2.517385160614816063e+25
1.427154824798169948e+25
4.999982071581254785e+25
-1.571873069722116170e+25
1.366384315178306641e+25
-1.485096368879177593e+26
1.208060476423065432e+26
-3.291698314163065060e+26
-7.591839382911987921e+26
-9.465095285174018507e+22
9.668306226997484155e+23
-4.783300265123104224e+25
-3.799274643866940223e+25
-3.414149331122529451e+24
-1.741012787051564750e+26
3.414378871992016592e+26
3.649376305455782422e+26
3.432077972585468699e+25
3.275491917275807702e+25
1.903004999401503466e+26
1.099374797652708922e+25
-3.916755532245164283e+26
2.094527078872238463e+26
9.754692941924390037e+22
-3.150758725806870323e+24
-2.764132010590842838e+26
-3.020371444223097922e+26
-1.099026530876876761e+26
-1.280944868901679123e+26
3.060260018586973182e+25
-9.145498450104409677e+25
1.983306335571063051e+26
3.085329792895756223e+25
1.538398952573795743e+26
3.856679519942374567e+23
1.455281976486342900e+27
2.417162679720692941e+20
4.802831240747800330e+20
2.441160126770204744e+22
6.614103230394537083e+20
-1.183086424965251491e+23
-1.121143893688431652e+23
-9.221213488787180906e+22
4.922872578039539250e+22
-1.252459135543797160e+24
1.789590456648087779e+24
-1.169595375665962516e+24
5.894466889407411989e+24
-7.978036098241930067e+24
5.189674032376934020e+25
2.956612105233490421e+25
-6.673427894066925630e+25
1.882631722280916437e+23
6.633571194432982195e+23
4.587080332650880323e+24
-4.850388833142185041e+25
-4.743583406436371343e+25
-4.248588538980536976e+24
9.343781196783860002e+26
-3.493399789231061344e+27
1.771854144901835957e+24
5.642842246314805669e+24
-7.718182887216758533e+24
-6.080473155697568872e+25
-2.529727224251927177e+25
-5.689301701427258472e+25
5.345717045954864193e+26
2.939271776332701080e+27
4.844877050079861563e+27
5.081601404931416932e+24
-5.366444001891655008e+25
-3.275402296891445537e+24
9.048872912233343902e+25
-6.859473279030080042e+25
3.308170867268013440e+26
2.856649283067994935e+26
3.789060103421503570e+25
-2.659396581761707989e+25
-2.746265677465769214e+27
-9.011024189629432433e+27
1.507166291817178618e+25
1.609842566532424164e+26
4.581114038493273687e+25
-1.487753512025269986e+26
-1.590625062816274147e+26
1.908171877219638150e+26
-1.836284368204038081e+26
7.940458803798410111e+26
-7.646252016618938390e+26
5.108907946806652322e+26
1.038064617290028246e+27
-3.634414000408544646e+28
-1.026676315823804326e+28
1.710648395440753769e+25
4.176768854346403618e+26
-1.278210190855784326e+27
3.792348741207315808e+26
-8.725390133459599265e+26
2.950372238241042866e+24
9.490010628448954943e+24
2.397285219372947929e+26
1.434927532092611998e+26
7.395578645578092740e+27
-1.068294372182546134e+28
-2.718299180970016783e+27
-3.190948284259520458e+28
7.060727089403243321e+28
8.377897138337655612e+25
3.113372728926035054e+27
-2.625643960530748205e+27
-7.427433542476721786e+26
-8.223590432415240359e+26
6.247192132486905818e+27
-4.682965649231081790e+26
-3.600220310462018909e+27
-8.891166254724512720e+27
5.235162662281809323e+28
-2.975007907284606467e+27
-8.280630530909880733e+28
3.546653713254695692e+27
3.208116793882030479e+26
-7.885787331374044799e+26
-3.998168036641751170e+27
2.103752649895925640e+28
-2.396341881057610794e+28
-9.961614872255354207e+27
-3.538359113059218171e+27
3.748587921910119785e+28
1.230134909805077569e+28
2.402484691786792654e+28
-2.519805753932113760e+28
3.059634163397745357e+28
1.234140318352626470e+22
-1.262133438475338605e+24
2.831229816269458186e+24
-5.806001415686335406e+24
-6.896561415065582441e+24
1.601686914636825839e+25
-1.784244925909086127e+25
-6.249735217922940462e+25
-3.188555440626791712e+25
-9.189853980632036428e+24
2.327852242696524563e+24
-5.685713852561011882e+25
4.279208297740726758e+25
-1.513665736099279968e+26
-5.047291514815277344e+26
4.440454111254510078e+25
1.121273009011430930e+27
-5.074207456159103858e+27
-5.264753550518581653e+26
2.274167687367660734e+27
-5.202260177281273910e+27
2.722041454668647564e+25
-1.559476237632091671e+25
1.451702104601648519e+26
-1.028235397317941961e+25
-5.745478821419356795e+26
-2.551290860420480065e+27
1.696708699844810513e+27
4.825716394111290079e+28
3.020000285711677281e+25
2.457341548873321599e+26
1.878039565480862956e+26
-1.166588981829236968e+27
1.024808377013324723e+27
3.488077166250938016e+26
-4.038302138055178998e+27
1.937582568652844432e+27
-4.009403049611143546e+28
-5.922468854369335115e+28
-1.664599435347429354e+26
1.772931162257110766e+27
-2.841121053126161436e+27
5.211878910842686418e+26
2.404193708034945487e+27
1.641960972217331257e+27
4.207953122082432790e+27
-9.335013067104013616e+27
-1.660367914206496464e+28
-7.491649810253309341e+27
-2.955172193520016961e+27
2.200053809319453798e+29
1.655501023907901263e+27
5.598566085175337576e+27
1.244665474302100863e+27
-2.724668799740787655e+25
2.255789121968425178e+27
8.025177672789624711e+27
-2.562359890190841348e+28
-5.555282110045891941e+27
-3.639823218715334058e+27
3.450585149014396843e+28
3.965638848829784389e+28
2.344860043739100991e+29
2.809465351318369843e+29
-2.911047044597131234e+27
4.978085322624683751e+27
-1.337302813498719541e+28
4.815201034453587926e+27
-1.204247006522884715e+28
-1.138744815929016013e+29
-2.471305901495907104e+28
3.327676185861641770e+28
7.872169391752170729e+28
1.574946507894648119e+29
5.958886678262103585e+29
7.701485308696322059e+28
1.064102308521116802e+28
1.371146859766834281e+29
1.355733592032737334e+29
-9.475116956556589929e+28
5.051197158405713065e+29
6.514168959118972223e+28
-9.703535424182411661e+28
2.083773071665283019e+28
-1.324404815882134666e+29
-2.174998067948096485e+29
-7.044396373308565328e+29
1.764985070405751390e+25
-8.201227424160119970e+24
-1.981133326611268290e+26
7.990857332917699674e+24
-7.928827910191403099e+25
-1.744590033638424999e+26
7.935297745675663696e+26
-1.988633183762995312e+25
-5.039575166278647507e+26
-7.029489941105638835e+25
-2.870993250476280602e+26
-6.983019622689679857e+25
2.028018220027081225e+27
-1.689841636765823286e+25
4.948411945154638592e+26
-2.836283503924533326e+26
-3.306442837693821636e+26
-3.407170581680281990e+27
3.785843834959747496e+27
-8.340938641531296831e+26
-8.576051881325669572e+25
-1.195020582379476911e+27
-2.089392276687890466e+27
-1.496396781408564988e+26
1.131999888789876394e+26
7.797216461689361970e+27
4.498096225527363035e+28
6.965387797181243922e+27
-8.779757540621860616e+27
-2.040608697787563762e+27
2.349688972925932685e+28
3.937944000515303588e+28
-2.587166565825551858e+28
4.837958314959790188e+28
1.482834228291563793e+27
-3.174855118047042726e+26
-4.612235072818841824e+25
-1.575250748476285201e+27
7.086477867386914989e+26
-1.586206857143066993e+27
-2.738768859734083499e+27
1.677211269707532302e+28
1.835939141406928543e+28
2.999210020621495500e+27
1.012018572896878118e+28
7.307918849017657291e+28
-4.655761268005815294e+28
1.583204466332966927e+29
-6.695341613084891854e+27
-3.244147010946015580e+27
3.918046906822381704e+27
1.542223922218007493e+28
-1.369908512156635014e+28
-1.357876622144452511e+27
-4.440103572081589918e+27
-9.736763694885873551e+28
-1.977015529520919408e+28
5.118900200415708291e+28
3.002205561746391643e+29
-3.684788164935944115e+27
-1.259602990242984253e+28
1.178642898612768961e+26
1.343427682859396460e+28
-5.310038683026794411e+27
1.373828804733034770e+29
-4.206513403514365508e+28
-7.376149319242128387e+28
-1.473714627534602458e+29
-1.714027306135582086e+29
1.433449517812191135e+29
-4.453315376043478447e+28
-4.828162631470030703e+27
3.302597382919913488e+26
2.825632850831466889e+28
-9.305915321613482241e+28
-1.768652983075242531e+28
-4.783523572534851255e+28
1.209173439854787789e+29
5.048320903602373181e+27
2.720578555547593115e+29
1.297004504111344457e+30
-1.666947520682752572e+30
-8.550136808244755923e+28
-7.103363738272755547e+29
5.657364101351717423e+29
-1.093330339368870200e+30
1.864546869723486199e+29
-3.221191405666934043e+29
-1.318328693126400786e+30
-1.690862198062900930e+28
-3.044636869452333433e+30
-3.673444633586992556e+29
-1.758860427380070136e+25
-4.080661988717438794e+26
-5.980096399669916414e+26
-1.819639869550101933e+25
-1.436383697442259732e+27
-5.289161418028864123e+26
-2.594971670240954619e+27
-1.020977481544615260e+28
1.204205008950344115e+28
-9.922498425524291649e+25
-1.896157569074996344e+26
5.491641820994709637e+27
1.663024249353577429e+27
4.077980721007415795e+27
-1.232158193767808372e+28
1.088802150848358458e+28
-8.256691390146531566e+27
-3.168323232985918195e+26
3.005612269572573798e+27
-1.488180204149033406e+28
3.965762525163343595e+27
-8.350403906859115414e+27
-1.627388409311624944e+28
8.551947567265338290e+27
-4.287571362114977729e+26
4.435174724159765298e+27
-5.662492661198703482e+28
-7.092199904757751881e+28
2.941813961926841527e+28
-2.713351181766001573e+27
-3.437409580672426446e+28
1.415047105257290481e+28
8.682892921609071446e+28
-2.287967220653772064e+29
-1.377698583404259352e+29
-7.732451631886276801e+28
4.187465579341570687e+29
8.523167292926021482e+27
-1.139078282490867894e+28
-4.644649905991369742e+27
1.133221157101686036e+28
-9.438404327138307070e+27
-5.994972557900027198e+27
4.169874739579900054e+27
8.135998372502312264e+27
2.420091330052797166e+28
-7.090182624608010374e+27
-2.469518186909985811e+28
-4.250115600470653031e+28
-5.645033269565241131e+27
-2.264593130134316662e+28
1.019026323527612702e+28
-2.327610497403065265e+28
7.579412877353591706e+28
1.580437900342961403e+29
-5.181207417387481492e+28
2.386830673579035062e+29
4.570822534054008296e+28
2.035166030716931715e+29
3.603089976374005343e+29
-8.995596836016566509e+28
-5.371834337118127345e+29
-1.615262637641936933e+29
-4.783029281581414739e+28
-3.482757329889349310e+28
6.249473254552848296e+27
-2.787824250311155485e+28
-3.043447414428608917e+28
2.425426644349832509e+27
9.835010736470750786e+28
3.434848495284167032e+28
-1.004089039929422203e+29
4.441806698332167386e+28
3.076008239959668738e+29
-1.401153115377811521e+28
2.267273107971384422e+29
7.336059220438065943e+28
-1.022452713733100940e+30
2.710715686178744060e+29
9.317225451791560718e+29
1.152171053110266011e+30
-1.288508105890470823e+28
1.145606673380292045e+29
3.199347733549031633e+28
1.951861766678438079e+29
-5.040022794172325873e+28
2.871145645481661509e+29
1.180027403180425948e+30
6.270092063760039862e+28
2.537208143149480261e+30
-2.692007027734789460e+30
8.701808746848063339e+29
3.010817650391691000e+29
1.511519109767414684e+30
3.747695915993146616e+27
-4.142065620550057629e+29
1.322107796045267873e+30
-2.147254889403998916e+28
-4.035978803055092473e+30
-3.020125194612243946e+30
5.205172331399233817e+25
-1.188070514342386340e+27
2.990615619922210232e+27
9.701421002821686323e+27
-7.480720423733771644e+26
7.995345307057972447e+27
-2.657045524153278695e+26
-2.348789966140883222e+28
7.848004190553549965e+27
1.947543197467465034e+28
-2.028445856910630772e+27
2.250550222473132977e+26
1.846706898375846272e+28
-1.738955978429482922e+28
-9.557248846923800262e+27
2.629291751607311629e+28
-7.825518857240875226e+27
-6.688728409894327176e+28
7.448870258200517253e+28
-1.738752346852152064e+29
2.413123235394135485e+29
-1.455869076083461074e+28
7.861642709700714082e+28
4.931326495016964482e+28
2.894824027871311770e+28
-7.768820831608560415e+28
4.663804668637896853e+28
2.693943127525886713e+29
1.884282186660201388e+29
3.163404348066237377e+29
-2.071834672734155355e+27
-1.273095605630116735e+29
-9.192843115254812210e+28
-3.278145992167873790e+29
-1.285198721100694124e+30
6.409805968292600011e+29
-8.638731375060155497e+28
-9.380018124063138131e+28
-3.945782270137221462e+27
-6.685022635461233802e+28
-1.109593118316271384e+29
-1.197765777478098147e+29
-6.681239163742665485e+28
4.594780727974878689e+29
-7.523253770394042043e+28
-9.237274223470633185e+28
6.418491877731521146e+27
-9.528378286420763831e+28
1.054037578673851462e+29
3.257412256095223940e+29
8.791808111017692723e+27
-2.561582210132067406e+29
1.650754056133166691e+29
2.502143859770451984e+28
-6.441300067091105536e+29
-2.617131067819038624e+29
-1.211032549994420017e+29
2.376735452507408919e+29
-1.185506490060393477e+29
-1.214775089206504277e+30
-1.557957170045666381e+30
-6.092808091843646022e+29
-2.242272987667567504e+30
6.648822729096828508e+29
-2.152404809115866486e+29
-3.683440703420345346e+28
-2.008489627714457823e+29
6.766720465554990885e+29
4.120926073083110653e+27
-9.459626401805262232e+28
7.470760734135742557e+28
-4.320316581577742208e+29
-8.584280151949603793e+28
4.841451988196778824e+29
4.385321839984129954e+28
-9.865927823727177265e+29
2.077902680222745204e+29
-7.953643371722244398e+29
6.384230013284934340e+29
-4.893767825522334932e+29
1.108495214933551296e+30
-3.386483001648837407e+30
-1.587229403185314161e+30
-2.765487197690349008e+30
2.849794520506126989e+30
1.492543127057887787e+30
7.873125265379370070e+30
2.735447822535985259e+29
-1.112710816375756909e+30
-7.536331325538208175e+28
-4.924863751244758202e+28
-4.391000715566009608e+29
-9.938541935307209112e+29
-1.468754998046077908e+30
-1.011462217670904735e+30
2.328586035622297822e+30
6.973988557114024959e+29
-1.324113130332557075e+30
8.061778605291008406e+29
1.537744308644080732e+30
-2.792319997745513014e+30
2.862701513025719282e+27
3.734081544075340063e+28
2.803548455999988759e+28
-1.800519438807336254e+28
-3.612671540631286154e+28
1.734619298332218609e+28
-3.207923756418868397e+28
-6.528416490813306834e+28
-5.575691890546957120e+28
1.263197694145466420e+29
-4.942646900585459047e+29
1.122997281115272480e+29
-5.099828624814533238e+29
8.710127818031853111e+28
1.395379939863568795e+29
-3.698043466214206629e+29
-3.596967180572648213e+28
-5.879860416676678855e+28
4.952804615723581061e+29
1.344314288480133372e+29
-9.240825070567934448e+29
-8.480413785968262563e+29
9.812445509501308664e+28
3.420772139353905238e+29
1.870326757017818266e+29
-3.048518942366145557e+29
1.318517967543513970e+30
5.090370355515474445e+29
1.277113551409678339e+30
2.454792928830783399e+28
3.039628141021488081e+29
1.817727713337878020e+30
2.705426250602719067e+30
-2.938060167990120285e+30
2.707578784058398490e+29
-6.879866351848484254e+29
5.785354764078903106e+30
-1.846177104099495493e+30
-1.278086181939374070e+29
6.482825892325683738e+29
2.210931657451486625e+29
5.719098574863880791e+29
9.828217001421433759e+29
1.144001277354434447e+30
-1.354350149047190244e+30
2.180406484902019054e+30
5.918893398418300664e+29
-8.753007738654769570e+29
3.277828329718186588e+29
1.175856652448598943e+30
4.105523720873989454e+30
-1.223967035349587564e+31
-2.440425499560537656e+30
-2.677076251351407658e+30
3.467305975930428003e+30
-5.785591568193324183e+30
1.121745993948688057e+31
5.194327732566814472e+30
-3.532535007169561848e+30
-2.972806106011183024e+30
4.432273802625046977e+30
3.945756441716568385e+30
7.760541420679665416e+29
7.017493447574175713e+30
6.906396487061264157e+29
3.865774493562793642e+30
-1.489634803688712782e+31
-7.112658128591010693e+30
2.459967234530489159e+31
-1.012883547277663077e+29
5.232425363623043037e+29
-1.011655425508351054e+29
-2.441072666516904451e+30
1.611114847156449366e+30
2.360882478218069163e+29
-2.202644421318182313e+29
4.791526814087892374e+29
1.925358945081821022e+30
7.192078296198109393e+30
-1.222593973824943060e+31
2.505838856825339041e+30
9.267425111088651481e+30
-4.462461556245798702e+29
1.391436662314006397e+30
-4.980885686162930459e+30
1.196427094088724084e+31
-2.083488711872349582e+30
-1.481729881074225158e+31
1.784867478585943037e+30
-1.759849987737412947e+31
2.125711460522060455e+31
1.474395477758133778e+31
-2.495854631504327506e+30
-3.542649897182756720e+30
-6.085226452285086896e+30
5.283310778033185711e+30
6.140259855219622424e+30
-1.834977906757298126e+31
-4.606896307373262187e+31
7.503287869441455194e+29
-8.797473123261619224e+30
-3.917814804543765885e+30
2.690031696165631034e+31
3.824387753532867629e+31
-1.867993410685804424e+31
-2.782548372328008652e+31
-1.566741698030399683e+31
2.537019079853993308e+31
-9.071409330955851520e+17
-5.978824765433402982e+19
-1.569575820199036518e+20
-2.159154895797924397e+21
-2.518285463329952891e+20
3.073615102146777186e+21
-6.036765300293095129e+21
-1.566816128881408344e+23
-1.488258292460582666e+20
8.214201360548765368e+20
1.281825460380210142e+22
-5.287531887791879854e+22
-2.682215008122930882e+22
1.797998692473488645e+22
7.296677114105777598e+23
4.163077688715141274e+24
-7.702879037544007205e+21
-2.685043390884417949e+22
3.782344350426275512e+22
-4.604783954897940355e+22
-1.212907171749103812e+24
4.699889556495825851e+24
-2.220092514361705738e+24
6.321823717513720356e+25
-7.991387673247400277e+22
-2.433045949553594860e+22
3.844331760061736865e+22
2.135276728484539073e+24
1.354344541450717356e+24
-2.446562908351791001e+24
8.082812736937795319e+24
-1.494286741124155995e+25
-3.116170343942727047e+26
-1.013364241756849135e+23
-1.618237072253207940e+24
-3.608226660601587932e+23
-1.176808577666020478e+24
-4.464234524220759076e+23
-7.741740404020269789e+23
-3.433367922972706294e+23
-6.177613493867896535e+24
7.284405669185127914e+24
1.959504875979912979e+26
2.066057725383264787e+26
-2.086461223785004532e+22
-5.480799146615736254e+23
-4.444557782000535052e+24
-8.676910501653201100e+23
1.698982144614366441e+24
8.742594938297076695e+24
4.167707330048480258e+23
1.859353617998030611e+25
1.072173849585633721e+25
4.571230840816723538e+25
-7.146487580735458509e+25
4.279758463487272514e+26
-7.557831133870432687e+26
-3.379607418077705688e+23
5.048149153644714138e+24
1.410032392499903858e+25
8.691223758002432466e+24
-8.292513113916981935e+23
3.314551769102382562e+24
-2.656895319374799577e+25
-1.520009515063876289e+26
1.487054583729322395e+25
-1.603591188111522008e+26
1.689242162956905693e+26
-3.173967615413217981e+26
5.351423288411786417e+26
-2.765489539814959068e+26
9.334385693404566986e+24
9.076579777300953248e+25
-2.029893363078598207e+25
-2.356752012476699625e+26
1.647346564634658820e+26
-1.005151312970365262e+25
1.149174166821838455e+26
6.510113610211869017e+25
-6.094587056123387604e+25
-6.817783914937651233e+26
-5.127207753689375366e+26
-8.720968617204139262e+26
-7.351304852716411147e+26
-8.841851887941618953e+24
-1.709225858212384881e+26
3.307423077313390316e+26
-1.904687934272802430e+26
1.396955647928518794e+26
-7.813231279810974033e+26
3.609355924167429548e+26
3.253323023911002478e+25
-2.552165115723063063e+26
3.058882011853778345e+26
-8.446928907933318595e+26
-9.560420921935647103e+26
-4.556227105390543346e+22
1.261389523151170390e+23
7.932902697368567782e+22
-3.989775444961975851e+23
-1.940583510073373465e+22
7.333423094107978628e+23
-9.309788482762688252e+23
1.041936124067950033e+24
-4.499171049938749128e+24
-3.035615114566765151e+24
1.400814654032783142e+25
1.874065112244605258e+24
2.840836212180772443e+25
-8.955122074566250510e+25
-7.488561796518165736e+23
-8.828545869884422766e+24
8.708143517099970729e+24
-1.658524207610290119e+25
-1.112579991770088157e+26
9.605890439921314922e+26
1.345984585190043077e+27
-9.294478502591188311e+24
5.733805958364855032e+24
7.664520855319653060e+25
2.307613030622571119e+25
-6.188337272790209165e+25
-2.287503287455708114e+26
1.331822170328920406e+27
-2.886570670929354890e+27
1.339312575089293051e+25
-1.312738027386584906e+25
-3.295964129403174855e+24
3.650913254359350394e+25
-2.696005455194999884e+26
-2.093195507442708520e+26
1.389672625232639830e+26
-5.842239430807642409e+26
-1.368031241582763519e+27
-1.311707504737147918e+28
-3.153055463528012480e+25
3.640144213209439164e+26
1.254923450195546079e+26
-3.325926244903172133e+26
1.232320023330199555e+24
2.392989149114467176e+26
-1.367401693403882934e+26
-8.919781749100847769e+26
5.277277343658900902e+27
-7.455304731095797996e+26
-1.972250105761711525e+28
1.620982441563945844e+27
6.741213042043055861e+25
7.738831402675495693e+25
-8.398573531526609586e+26
-8.593590693177448307e+26
2.906277652066686214e+26
-6.538877331872730797e+26
-3.189778734987404224e+26
-3.052918937736578544e+26
-9.165490756467606269e+27
9.999021699351602684e+27
-2.074381820893697229e+27
4.010210945987499843e+28
1.553622810046128635e+27
1.526228495266223545e+27
2.521531886704842167e+27
5.050425516340806591e+27
4.065945600245967053e+27
7.514355369880832923e+27
8.470137730406233966e+27
4.525992223729011375e+27
-6.772218014132274162e+27
-5.267252225837694043e+27
-3.462872019828000550e+27
-2.181941452977674729e+28
-9.528346625324954183e+28
6.670902679714513198e+27
6.166037198770683913e+27
-2.538567424219839137e+28
2.064319732610788006e+28
-1.997391102234756192e+26
7.503500045791345332e+27
-2.379696236100684639e+28
8.921168199278394898e+27
2.168500744933508898e+28
-1.672622116822605363e+28
8.093994746748931419e+28
-4.061397167768904311e+24
4.576919277699190095e+24
2.651326425196958715e+24
-1.141171894028668435e+24
6.558813167886046975e+24
-1.015302449028563154e+26
-1.375028306108243887e+25
1.411750216824575490e+26
-2.017142431961777585e+25
1.333119920131105005e+25
1.361435611317325108e+26
-7.396270171629372890e+26
-1.759352212815881205e+26
6.521821475243162268e+26
-1.641691578484706280e+27
1.107365407274360395e+27
-4.285802051177252073e+27
-1.603921839658565552e+27
2.886659271056566526e+24
-3.355147619145926043e+25
-6.830988101299343769e+25
-4.533171751254157853e+26
6.424326010334910150e+26
-4.962379538708905823e+26
-1.371158464303468332e+28
-2.575516108004758112e+26
4.693089804383435179e+26
4.655820898609410776e+25
-1.314143750042089511e+27
-1.376932126098886175e+27
-2.696576505437888608e+27
-7.848705780316981661e+26
-3.106650883332944022e+26
6.523378555043060672e+28
-2.531468697121300062e+26
2.913720242683876736e+26
-1.576818211309272299e+27
-3.586917841788731228e+27
1.032215745015466756e+27
2.220224131562690737e+27
4.796770759012711586e+25
-1.634955557527969459e+28
3.809272278239500034e+27
-1.013771903438737802e+29
-2.468070149502312371e+29
2.472998813934799258e+27
-5.140649999316400035e+27
-5.405029232626348506e+27
7.025653325985751570e+26
-2.813142813576017176e+27
-1.540784888761579767e+28
-2.909888955016167442e+27
7.816362269237382269e+28
1.070614988703505248e+29
-9.005271570692468843e+28
2.648887248275772688e+28
2.221526915166590900e+29
-2.423587540325386847e+28
6.631838107887305500e+28
1.092834143683660704e+28
5.841570113888429907e+27
2.281035168702603080e+29
-2.399401737864339512e+28
3.285154789645408387e+27
-1.732969633245955234e+29
-4.522747025650545171e+28
-1.162434973519541454e+30
-6.077838846763076204e+29
-8.993927863957337322e+27
-3.526165613252339142e+28
8.006717846404333128e+28
-6.045347509178561561e+28
5.114390414232236004e+28
-1.999545134478811111e+27
1.706068586789407466e+29
5.240600770933241447e+29
4.341638609911918508e+29
-2.563138970851601335e+29
6.492221549444709066e+26
-1.113282745528467163e+26
-1.168160285802186774e+25
-1.095308121928741161e+26
7.781445069375444194e+26
4.299739643215084344e+26
2.191208126280346508e+26
-3.144206593693393534e+26
5.714715171654717766e+25
1.033530943622719220e+27
-6.874435346043628078e+26
-9.423890678485833238e+26
5.579922844611960464e+26
2.702849062984462085e+26
-1.814875706245374821e+26
9.118131148124096062e+26
-1.276721090302092609e+27
-5.252007688495265298e+26
2.333374047824835605e+27
3.988038580411777866e+27
6.952672706489173856e+27
1.419160148114598028e+28
-3.426253042142311804e+28
-2.151157455025598064e+28
-3.616457497624591305e+27
2.944726984108197636e+28
-5.830609526620075660e+27
3.070334606133529175e+28
-1.028435546082179016e+28
-1.256919280242272787e+27
-6.910049339931136652e+26
-5.995688982557770482e+27
-1.105793416965423631e+27
3.559191823783383027e+27
1.694459353929680913e+28
2.392729156306469200e+28
-1.675490085210319879e+27
1.269815656848027069e+29
4.826272309182043985e+28
-2.148174947676171896e+29
-1.576876813570906317e+29
2.158286936391544552e+27
4.652699445684960308e+27
6.461151020311277137e+27
-3.912125153505779468e+27
1.124890133619307861e+28
1.857218123825345595e+28
1.262159310468370489e+29
-2.212714480828178564e+28
6.960730155469004218e+28
7.709209810794955478e+29
2.712698700144777395e+28
-9.480878031479470543e+27
-8.719098829779130627e+27
1.187343628073148918e+28
-1.117049142036450386e+28
5.402857193515021821e+28
3.545013142046054910e+28
2.133843318212296966e+29
-2.289927995626274055e+29
7.845959046252628381e+29
9.179813322777817772e+28
1.417893716533926665e+29
-3.327230901658899585e+28
-8.828546208054120962e+28
1.560228605090770786e+29
-1.442442191803314859e+29
-1.440332906105744562e+29
-3.091083038448733077e+29
2.886682328802198260e+29
1.174350356233170093e+30
1.310348956818114978e+30
8.204725373697829334e+29
-1.884905587882556300e+29
-4.265965739091982481e+29
-9.871209099386607800e+28
3.456405313876349997e+29
-5.199905626670969715e+29
-7.140021681975003505e+29
-3.840258135548054090e+29
-8.921164542480194626e+29
7.450294018571205917e+26
2.782415401150857356e+27
5.494940255927783037e+27
-3.038673935931385978e+26
-2.633524588866688163e+27
1.998607604786313918e+27
1.872097777920002981e+27
-3.577950216931617800e+26
2.135178625167005946e+27
3.037362366795100061e+27
-1.860012651845627079e+28
-2.339622836449403630e+26
3.428508584782138715e+27
-1.051042512360429864e+28
-8.052101589427911694e+26
1.636369818452392456e+28
8.315748884005984569e+26
-4.005500079547312372e+28
2.461758779708436833e+27
-1.259236392830303289e+28
-4.237386013115403402e+28
-4.567954748229121992e+28
4.375600822860382741e+28
-2.418948387739546033e+28
1.657557959675083282e+29
1.912133009432659908e+28
2.490498304760169387e+28
3.570658661191830619e+29
6.236051959906919949e+28
2.069005546490031313e+29
-1.436042578815105356e+29
-1.444192946652002418e+28
8.884962011704065957e+27
3.146249835895221624e+27
-7.968159120528615440e+26
1.469956568501063823e+27
-5.861758038330899180e+27
3.443435724679551369e+28
-3.850891673874490869e+26
-2.442098383867908648e+28
-2.631632223404843832e+27
-1.464074108533982299e+26
1.257816877790455447e+27
7.179347243355994205e+28
-5.240838215378453484e+28
-1.531153593307330057e+29
-8.718425807985517117e+28
-1.477197462833689812e+29
-4.225858979261059230e+27
-2.807150313246314840e+28
-5.291628718311906183e+28
-3.824099744695316705e+29
-2.334737971664493176e+29
-1.374083087680866148e+29
7.333503404188722300e+27
-2.601065118613435133e+28
5.837074483645450404e+27
1.195040829706595066e+28
1.526169870683131216e+29
3.652197290531257294e+28
-6.094391896820017217e+28
-6.571038804649899500e+28
-1.440887492133150020e+29
-4.641875300947961590e+29
-4.194407129223431384e+29
-3.775053781441357527e+29
1.153404329237775621e+30
-1.875088547983457105e+29
1.007667542715712678e+30
1.402981927014643323e+29
1.295545936726448681e+28
1.438800285137116187e+29
-4.855790081754544371e+29
5.691115705527094617e+27
-3.378501096387819923e+29
-1.247932984366463344e+30
1.306122564656561784e+29
-1.286528628377698282e+30
-1.571656697053691855e+30
-7.948503442022491520e+29
9.344818064634999825e+28
2.601082394839767151e+29
-4.797879622812110389e+29
1.405096442473934637e+29
6.681540517818856892e+29
2.110046375478401532e+30
-7.847508995279209989e+29
-1.215884829401377987e+27
-3.433157292176335378e+28
-4.410122236294318982e+27
-3.245195421476810145e+28
-9.502155867484250641e+26
1.207660350085575500e+28
8.272620799055561274e+27
-1.701900743485332365e+28
-9.103534438847668632e+27
-9.490901960467778329e+27
-2.239715119851845447e+28
7.102899657987250971e+28
1.722680883606224881e+27
4.559762782306670952e+28
-7.135318403161274625e+25
1.011622174893789354e+27
7.650587291972368562e+27
-7.522696032885703873e+28
7.151223909174011015e+28
-1.196213306012267571e+29
-6.688651775703711955e+28
-1.932261296435672274e+29
-2.084087901092466168e+29
-1.087674930770806693e+28
-1.623059491249597646e+29
-5.333867366113746028e+29
-7.175751925492791968e+29
2.513481376153217004e+29
-2.269815674666522252e+29
3.734412946153105275e+28
9.493418254464738170e+27
-1.164326508752086466e+29
8.086706990411524669e+29
-7.369150356697115930e+28
1.562365798083718969e+27
-5.010190493233230053e+28
4.026501994152538673e+27
9.834005965493236994e+28
-4.504367685935811144e+29
2.942862700909866476e+29
2.743935549372027326e+27
2.982434663992095926e+29
-3.110368745926050300e+29
2.429760622412366231e+29
-1.939087654424732966e+29
2.102298607515165766e+29
7.796071371154496009e+29
3.920331460716029034e+29
-2.337707217697066890e+29
-2.160783682073761153e+30
-9.980656028215174838e+29
-4.575737710999732360e+29
1.048312331308105947e+29
2.904058073591625588e+27
-5.010108331941715970e+29
2.374669673852804419e+29
1.345437708804843276e+29
2.110560163571953314e+29
1.123688979297292369e+30
-2.362418297249183630e+29
-3.353592884826176465e+29
1.702218936861700964e+29
-9.979867515205772031e+27
3.994387518611096354e+29
2.347023080234351169e+30
-2.777946302846185457e+30
9.597969579692256706e+29
3.824228736634022479e+30
-3.806449449081575461e+30
2.326006165428390287e+30
1.138289296995466422e+30
-2.794153951166241201e+30
5.072001649050778915e+30
-4.792289710085673032e+29
2.418803781049108779e+28
-6.960366586171839564e+29
-1.053851717967498342e+30
-3.029128134986083197e+30
2.475561344492164517e+30
-6.387306149539114503e+29
-2.639871179692250074e+30
-2.333307525488821606e+29
1.816685405470605066e+30
5.398165432464834717e+30
-1.236723233196118965e+31
-5.226134894017634838e+29
-2.303768244427859542e+29
-1.084844041041553740e+29
2.116987952116607475e+29
-1.639510682944357844e+29
3.800918588507687119e+29
-1.738729637839782823e+29
-2.191528150907998757e+28
-4.215340201681015540e+28
-2.529609161868178282e+29
1.113303304227205210e+28
-6.909523912866765627e+28
-6.876151249221363381e+29
1.199796283718792258e+29
6.630423625925640165e+28
7.091611201230171269e+28
2.427021351236423267e+30
2.285846676228826710e+27
2.774252185217787637e+29
-1.715631331873372973e+30
3.216650852317462952e+28
-4.709984286189302278e+29
2.618777255139279443e+29
-4.475297511972633890e+29
-9.013633788340866341e+28
-3.307618438562792722e+30
7.087999303424258376e+29
-9.122001538860009504e+28
-1.947158465404750762e+29
3.905357294254780038e+29
-5.047616946344099093e+29
1.169592493072470340e+30
2.743741430127421018e+29
-6.713854636788036180e+28
-1.663232761818814415e+29
5.661439423507653402e+29
-2.124369925764216314e+30
6.780356713497275575e+29
3.037735960371239785e+30
5.364605207948690918e+29
7.488848446959669081e+30
1.559710367655924115e+29
1.934275216514481495e+30
4.787130777072260132e+30
-1.112888728122183208e+30
-5.491658801352243964e+30
3.060669488335079737e+30
1.059977793107135832e+31
-5.485682341142044092e+30
-3.235869350888310898e+30
2.454820057771845655e+30
8.341681320205624617e+30
1.116886266091978917e+31
1.469240724620675901e+31
5.547041614127025080e+30
8.755289288813765979e+30
2.513792510653224321e+30
-2.874706071159543459e+29
-2.293600247240259836e+30
-2.640291834929273445e+30
-2.368028483161861207e+30
1.122084127519093649e+31
8.029285974094996888e+29
-2.906153781422373097e+30
-3.590906309550352727e+30
-9.049179882136434327e+29
8.138678392123666202e+30
-4.582427791502594681e+30
9.416144107154193215e+30
3.206768684606625113e+31
