-3.263943343388454400e+16
6.337855729721719808e+18
-2.716986745074367857e+20
1.444381217233477042e+21
1.318462828713442542e+21
5.159893193942659760e+21
1.958593745432401674e+21
-2.518356290806519693e+21
-2.412749475776768602e+23
-3.136147538227884851e+19
-4.304495813389524173e+19
1.347416987449305963e+22
6.241946809280985091e+22
3.097178559262080002e+22
-3.942322235525115423e+23
-6.261217583197975394e+23
3.137247303443365463e+24
2.635900611517520034e+24
3.122583323117705626e+19
-3.102062756203172200e+21
1.698424248157085054e+22
-1.523507167658314092e+22
3.460006077448678749e+23
-1.839385826705037047e+24
-6.893267251302331371e+24
-2.137393562046589653e+25
1.751882022988887042e+25
7.471753850306645983e+21
-1.558146354506136918e+22
1.698504822187804433e+22
-1.907374898125532394e+23
-2.061897422368994016e+24
-3.327948832550899805e+24
6.965745888043264654e+24
2.112562757653762197e+24
4.811659949531662352e+25
-2.737657978968783904e+26
3.493608373796697276e+21
-4.795034869027495844e+23
-2.665739545911309116e+24
-2.727145631150728534e+23
3.385185925771534333e+24
-1.282281567091408218e+24
-1.735992631141240417e+24
1.614408663105802429e+25
-3.155664521859590707e+24
-2.252545502891260357e+25
1.435456226776089132e+26
-4.932054543750665868e+26
1.144176853474527412e+22
1.460560352109576088e+24
7.578788627435619772e+24
-2.660717713451729251e+24
-3.142800407162813891e+24
1.477303965543497873e+25
1.538862316651313238e+25
6.106091990733139435e+24
2.128890856466280195e+25
3.436770102487456552e+23
-1.425449413290116461e+26
1.575894560716102340e+26
1.183869942257206034e+27
1.246422999123845052e+27
1.678510783600844499e+22
2.348377293180074340e+24
-9.402723683648776868e+24
6.732637351743085266e+25
4.720763102310331987e+25
1.353024763470890728e+25
-2.265641077741314786e+25
-3.669099627622331860e+25
-7.768242587808003012e+25
-2.447881464599792413e+24
-4.094219297967258317e+25
1.020047068248270852e+27
-8.903620254659233700e+25
-1.337922636835110669e+27
1.320561656424125925e+26
1.902280568848214928e+23
1.220660262378288099e+25
1.186974475640697003e+26
-2.574166876895176635e+26
-1.022657578892817422e+26
-1.331942804421929689e+26
-4.611147618234401466e+25
-9.218850921030831879e+26
-2.740353770184236004e+25
-1.632344814549493392e+25
-1.296676188374193297e+27
2.251491174018926287e+25
1.078150153937979542e+27
4.475384491067835756e+27
-2.783629647164993522e+23
3.182946502227008203e+25
-2.400732081966606279e+26
-8.341012814258197820e+26
2.035638495357904812e+27
-1.724687122827836708e+27
2.710020445967109238e+27
5.333829823844325304e+26
1.741193556493455131e+27
-3.215573820760683374e+26
-4.770616021074401417e+26
-6.125780847891477713e+24
1.489598728477950560e+27
1.173905411817004073e+21
1.210073772530052628e+21
-1.588385798644032130e+22
2.712359460725204609e+22
6.517718611630919097e+22
4.338422182123905525e+23
-1.857402617027496447e+23
4.865033795290838963e+24
3.081575415041957351e+23
2.606689418998252657e+24
3.692372185973101139e+24
-6.098552173532959119e+24
-1.854095782893213839e+25
-2.630741171721341019e+25
4.732600638286467632e+23
-6.111028884281410550e+25
-2.112816908128326664e+23
6.326528294424655765e+23
-7.526432252866355035e+24
-5.315733551183020293e+24
6.417447448685991123e+25
-1.676942477947644049e+26
4.293193884329258276e+26
1.755401663955575905e+27
-1.445581436719035421e+24
4.628986390461148457e+23
-2.876048808358831586e+25
-2.929712749916582120e+25
-4.622130363487173527e+25
9.487016815254030955e+25
-4.011196181704123203e+26
4.043914518152023601e+27
-1.380242124697655041e+28
-2.607147778555569034e+24
-2.859547965719143905e+25
-4.091577955531204888e+25
-4.533476129797988168e+25
2.143559929081549050e+25
-1.277844225684090519e+26
2.418960815642285149e+26
-2.675768142285166810e+26
-7.080861611008078718e+26
5.438017813397318627e+26
-7.700187929729460086e+27
5.523011389992212460e+24
-6.082514832174592602e+25
-2.496823818513697342e+26
-3.690578429461482748e+26
-1.119719515467397889e+26
-6.646908574042949997e+26
2.658779267390170920e+26
2.286081811837012081e+25
2.967621320480394621e+26
-3.536655025508165482e+26
-5.269795533756199668e+27
-9.351189388551016597e+27
3.032933566609775776e+28
-5.374848413767996433e+25
2.744734002323449652e+26
-1.014654649191671893e+27
1.701866823733759871e+26
2.530855084604407183e+26
1.234016237905985513e+26
2.570747054758153021e+26
-1.784537518829241161e+27
1.055769312109351653e+26
-1.476945286161821500e+28
4.356482032058144470e+27
-1.574761503330089403e+28
1.098482311699626387e+27
2.507029755919829607e+25
-2.547203779468392440e+26
3.489998274880244501e+27
8.757159601842560993e+26
-1.324811527953735445e+28
5.589406089170375717e+25
-4.561786772153252423e+26
-3.833888450228247515e+27
6.988400458042846748e+27
-4.156254374388838391e+27
1.188986389896770652e+28
1.830232054294503210e+27
-1.147536318608628876e+29
7.992810716245546215e+28
-1.341039020417927177e+26
-4.342295753035550666e+27
2.719506791752106544e+27
7.842058180070098275e+28
-1.775934653575798852e+28
8.339775803152517525e+27
1.402893074772239852e+28
-8.583359435013188842e+26
1.492055100065286560e+28
6.433699022289572143e+28
-1.543673743691941943e+28
1.029913717014194463e+29
3.310024861912531405e+23
-4.514683821117773479e+23
9.997346265686295026e+23
-1.051476774321414532e+24
6.486703756817286381e+24
-1.242087197712765433e+25
-1.285085289385090556e+25
2.233771190233177601e+25
-5.026335853076104939e+25
1.481885804200555247e+23
6.060462306927580664e+25
5.887006739793682087e+25
-1.129597377752944409e+26
2.936217684254865853e+26
1.274065429817882821e+26
-1.749616081948557526e+26
3.196791792503861276e+27
-2.567962374611963096e+27
-1.457502861650317157e+26
6.391097805220922101e+26
-1.742420343317422049e+28
-3.007162717525679512e+25
-1.154380126190531610e+26
1.877197776659711997e+24
-2.317447939924120278e+26
-4.934187972268060015e+26
1.451538831801552628e+27
-1.444932442956467223e+28
5.013872997767294280e+27
3.640407621279575385e+25
1.930519998360804274e+25
5.965624824354352661e+26
-1.917206930150951892e+25
2.980293912082384472e+26
7.433486485121034135e+26
3.265904265948600200e+26
1.709996675444410074e+27
3.694076165340162239e+28
3.046517874138421734e+28
1.990821954338145720e+26
1.386968066183750329e+27
9.032745166828406988e+25
1.374852020259734642e+27
-4.838338649609360872e+27
1.642428269302735951e+27
-5.378900058262086297e+26
-3.903661578090189153e+27
-1.636248744037945903e+26
3.470330802670375677e+28
-1.099931303980478931e+29
-9.651327470368927487e+28
-1.403713848786256896e+27
-4.506620513471713589e+26
-1.459950383188065571e+27
9.546701690983579116e+27
-1.329131869827030137e+27
-2.807121006560587874e+27
-1.264653506779172530e+28
2.102941888439809427e+27
-2.549921780815293229e+28
1.005602425059098183e+29
-1.716549640252316227e+28
2.103997443877889205e+29
2.712252210762914690e+29
-1.518296219890840220e+28
-7.258840274869668952e+26
-3.807661386859174008e+28
-1.835111001308921631e+28
3.132573540093629038e+28
-9.200817891241550884e+28
-4.406126708822921165e+27
1.086335685125205444e+28
2.345811737678676005e+27
-9.309469174568607404e+28
1.690422301280116100e+29
1.565582314588285765e+29
-5.192282890072572215e+27
-1.073913905808130549e+29
1.488293186679239739e+29
9.427849840428172253e+28
-2.610478887380388106e+28
-9.919103817296932844e+27
-6.425369581604410482e+28
-5.375522119142785814e+28
-1.383028586333084652e+29
5.923456135601615877e+28
3.359081890185921373e+29
8.644844200613800567e+24
2.026614381671674576e+25
9.578849482818055196e+24
-6.793920405550869804e+24
1.945516574410668614e+26
4.057838243972991533e+26
9.360220855765521648e+25
-3.848514681888028515e+24
-1.614106721564116786e+26
-1.143282082897508335e+25
-1.336234686635529162e+26
-1.140666115552917690e+27
-1.427319391229110952e+27
5.407056960929814859e+25
9.495479861140400952e+26
1.215323444662910621e+27
-6.001240502320533040e+26
7.999485554816472456e+26
-2.496597643598123745e+26
-5.365910858225161790e+25
-1.343835119799036783e+27
2.856849999509676048e+27
-4.024556538736686500e+27
-3.976054337656462417e+27
1.603921539633413709e+27
-1.847293998805647252e+28
-1.758649448217768760e+28
2.869833327648355131e+27
-1.422761586587289632e+28
-8.907008503025463600e+27
2.391678513704825357e+28
9.942216931152767416e+28
9.661930504581981375e+28
7.964359280055529005e+28
-6.933212604685669519e+25
-1.245444828655786223e+27
-5.317964301028330261e+26
-2.445295276758418113e+26
1.535383244732370831e+27
7.030760905751617306e+26
-1.605690083484201403e+27
9.270022431127944413e+27
1.736953792018539607e+27
4.146222284695070714e+27
-1.491840056090117554e+27
6.229704146762676027e+28
-3.046490479412945543e+29
-1.052875644800716352e+29
-3.936083498365506054e+26
1.491071619572559929e+26
1.616293011120568905e+27
-6.650236067682489724e+27
-3.807938705030605942e+27
8.834875339061269992e+27
-1.159666131180999702e+28
-9.032792809462618046e+28
-3.491832671217949544e+28
1.574287425679530676e+29
5.137263682435434964e+29
-1.022976802379374328e+28
-8.607869054883510464e+27
-2.897275571120918381e+27
-8.222448616483448076e+27
-9.067541734701839615e+26
8.259771777506028102e+28
-2.257595138450774732e+28
-3.676226316807707130e+28
6.477374578504136530e+28
1.933974471546780567e+29
5.213187362444962324e+29
5.130617430363457291e+28
-7.866958308931754157e+28
1.169999923741245613e+29
2.898440566055337403e+28
-6.456955356830173850e+28
2.341288314254475935e+29
-3.263425047755748308e+28
9.956324214368129968e+28
9.874148394688059079e+28
-2.808705599606357740e+29
-6.391913685864153152e+29
-1.328377948085727841e+30
7.835763084108424560e+28
1.771359883757348913e+29
4.779557280206213948e+29
-1.139357097204172503e+29
2.170036932767800059e+29
-4.962326517539639177e+29
4.020531584889014023e+29
9.555033714500422128e+29
2.018801615357482357e+28
-2.869320264889524954e+30
2.971855632455692958e+25
5.141293865143942622e+26
3.104650046217438941e+26
-9.076217320986915062e+26
1.408769866110041239e+27
5.156154260819099344e+26
2.522674186954496490e+27
1.020349840642993692e+28
5.230952214966532633e+27
-1.493331623885223928e+26
4.293094060242602087e+27
-5.287657201341525394e+27
-8.877583982201804665e+26
2.529632418397529149e+27
-3.152641998300191279e+27
-3.254088808199575064e+27
4.639561386073408792e+27
6.853289558391554584e+25
-3.154689026155171925e+26
-1.119742934813380146e+28
-1.415976476027767750e+27
1.324200129574104827e+28
2.951702623299116168e+28
-2.016061727324266578e+28
5.199003829793843000e+27
-5.005415399622357443e+28
1.773404965616787497e+28
7.870225944237360575e+28
-2.023442674895418900e+28
2.033640363364035848e+28
-2.802805923781928396e+29
1.014090370484857962e+28
-5.620146860041585433e+28
-1.600491595481432290e+29
-3.505959642167619129e+29
7.832653452943918327e+28
5.883160398134607186e+29
-1.973534006635565255e+28
-7.896811358714187287e+27
3.893328673819851457e+27
1.676004739631661262e+27
8.149833914498267355e+27
7.399411289684038599e+27
-1.080451674153455669e+28
-2.259622135675601967e+28
-3.107194799427259334e+28
-3.084019124357183619e+27
9.338928037706179893e+26
-2.574191886181576776e+28
-1.324833183820733686e+28
-1.527537947176993158e+28
-9.686391066677165633e+27
4.939846046868906276e+28
1.688032291689752962e+29
9.731494280938553454e+28
-2.422412253041491581e+29
-2.098361256291912856e+29
4.204330584454510384e+28
-1.647087889985723292e+29
-3.362340831028902307e+29
6.443213675957596115e+29
-1.260127806611689753e+29
-3.030703302499811087e+29
-9.708334152227442599e+27
2.685638405586971132e+28
-3.647812927784029917e+27
-2.445969890118886138e+28
1.836560676632208319e+28
-1.514499005456779844e+28
-2.403200370033689479e+28
-3.701909832143643195e+28
7.049283948123903780e+27
-5.202609718802324322e+27
-1.413962629800453687e+29
-2.355931113043636739e+29
-1.636320627345979953e+29
-6.384939848812215227e+28
-8.148061387659474521e+28
-1.219066631844017836e+30
2.292238946345998810e+29
1.516477432179924719e+29
-1.144872628690841659e+29
3.561871944807878759e+28
2.965161299385761569e+29
-5.246618968563144829e+29
6.137322236683008380e+28
3.045535010610317861e+29
1.961397355469869248e+30
1.513242196981542320e+29
1.500310931206558297e+30
1.735775704807595231e+30
7.639975812301537310e+29
2.329741112929795626e+29
-8.556354184863109738e+29
-6.358409110835857470e+28
9.065393175609023660e+29
-2.075113725035541278e+30
2.151420802515828197e+30
1.000109073503422996e+30
-5.028567327157947565e+30
-5.458064082455518640e+26
1.119398938844311448e+27
-9.348369938591522257e+27
4.210374450880274777e+27
-4.072125607393588464e+27
-2.942884781918588936e+27
2.913228346050353456e+28
-4.253882069224103844e+28
3.607743503705882032e+28
8.169962286393611705e+28
-6.199585076627721035e+28
-4.268299271294473397e+27
8.160715846926979820e+27
8.181679939547241563e+27
-4.020976909732372814e+27
-1.432712409970138266e+28
8.896324849081423412e+26
-1.310932285027220427e+28
-1.129042966671425620e+29
4.028094767804089283e+28
-2.069471537451371309e+29
-3.033272332606842380e+27
-1.819912105031443986e+28
-1.620912208656180024e+29
1.500963982112667718e+29
-2.300661867268788537e+29
-2.767551553359336719e+29
1.571393347269493755e+29
3.724963366325166428e+29
3.010146294468061435e+29
-1.147595096943232156e+28
-1.272525056926214780e+29
4.865703485024132822e+29
1.549673945888662201e+29
4.711160022632049557e+29
-2.749113329569752687e+27
7.313359934204871935e+29
-3.484749675522572367e+28
-5.202989514889272216e+28
3.318443097238804060e+28
-5.159871866551672554e+27
-2.407445543248785304e+29
-9.567300641414971338e+28
-3.373536815035724473e+28
-1.411642648853869831e+28
5.247223918513511012e+28
-2.187864147943135756e+28
-2.820612879700450566e+28
1.673903314151125308e+29
1.273013119603271633e+29
1.584323254083160600e+29
-5.378537037208793639e+29
-5.577610947695814006e+27
5.529965123689273920e+29
-9.406978053962891455e+28
3.540275667942432494e+29
-4.554985649145652107e+28
1.496389762799699673e+29
-2.080014486965238483e+30
4.303684256523457096e+28
-7.520278845138956564e+29
3.364413731974552519e+29
2.612530788516458848e+30
5.796516149858796314e+29
-1.438800420794574070e+28
-1.020316255748036639e+29
-2.590297960328066740e+29
-2.046836779453508850e+29
9.416285285214519581e+28
-1.004407326689209699e+29
-1.736268243014633998e+29
1.301433129883203909e+29
6.480869146354268413e+29
6.044184484041442279e+29
1.363150129322816218e+30
-1.898081579966127496e+30
1.453579955573382656e+30
-8.279240364852437566e+29
9.301134056591318571e+29
-5.409179556410028052e+29
-6.634087977507177658e+29
2.651220685011395781e+30
1.769271154106265567e+29
3.405455991421222916e+30
-1.728818709994705353e+30
-2.214891393482122986e+30
2.309200576554698308e+30
7.977881407938694720e+29
-7.260473959624590903e+29
-5.303783640008742675e+28
-4.651347925989122353e+29
5.559591441619376366e+29
-1.833776253514285146e+30
-1.116416880082270241e+29
-3.280655887391998808e+29
-1.799778248917995930e+30
-6.399079762439933023e+29
-2.536730769255448190e+30
-4.601002223750199282e+30
-4.210518524860699458e+30
3.114704951884342589e+29
-4.014612983699363808e+27
-2.114233065814413758e+28
6.432396876957059716e+27
-8.184511145703479829e+28
1.976827495981269941e+28
5.607774217757542444e+27
-6.501402749900303409e+28
-5.806624390437970943e+28
-2.403904381568368063e+28
1.440524114211573218e+29
-3.325916112055471294e+29
-5.062144449688351346e+29
-6.385583986896830948e+29
-2.960501175348647406e+29
6.574445419781724761e+29
8.410356072968583354e+29
-5.921078215231858782e+28
1.341453358377069752e+29
-9.832693684524476846e+28
4.103207603881560534e+29
4.822104197925061753e+29
1.374953759197175371e+28
-6.300820206973381256e+29
5.456580066310399300e+28
-6.451102039085880093e+29
1.505123643874334298e+29
-1.033571822381948027e+30
1.790137475868341222e+29
-1.332331765424949391e+30
5.343571536112455336e+28
-2.512731959058788661e+29
4.590544227110986477e+29
1.793718624374322172e+30
-2.488020438421211079e+30
8.338869260401245148e+29
-1.340815229101445806e+30
1.667071485811057731e+30
4.022407878294360471e+29
1.692898113870924075e+29
1.734097824488521329e+29
-1.549120790301820480e+29
-1.040974665928480942e+30
4.261132166785276114e+30
-4.386062264336885744e+29
-1.250194206105623121e+30
-2.246407455187750074e+30
1.101927414499500537e+30
3.092567766815302201e+30
3.935232364559858807e+30
2.631407111482462157e+30
-4.283659153378318732e+30
-7.882352598290975876e+29
1.209725010852511488e+30
1.542143764892975224e+31
8.834470144332555031e+30
-1.065471999801255775e+30
4.131132008258179985e+30
4.956549375435282578e+30
-7.636691978589584774e+29
-1.262638922877311130e+30
3.074116429727823662e+30
-2.520294139850557413e+30
-7.168338899462820727e+30
-6.651212412677790322e+30
8.334349275119869556e+29
-1.131713192642898519e+30
-1.337624783140068322e+31
-3.217986976138199346e+30
-1.213630651173464009e+31
-3.472109834345786632e+29
-2.823772311223985200e+29
-1.034686939725499079e+30
2.183685753104959765e+30
6.594556472237887845e+29
-2.704614572135366300e+29
-2.548630804130888555e+30
-9.573588316891371412e+29
-2.796464009292615998e+30
-3.607153202550907765e+30
-1.147665462537910248e+31
-4.567538528853366596e+30
1.264160022944531453e+30
4.375697046602835735e+29
-4.587707491476214000e+30
4.919255585060561509e+30
-6.609528532434267918e+30
-6.914622108353131005e+30
-3.644390391171409819e+30
9.807544193390842615e+30
1.036170881045524729e+31
1.581243712083016260e+31
-1.904792402568014633e+30
4.597652035028223086e+30
1.749285042767917786e+31
7.279159998844291233e+30
-1.030343374191154948e+31
2.730669767434482097e+31
-2.595733973683559574e+31
2.095747149139106633e+31
9.253527887301325701e+29
1.469366235431615484e+31
3.732094523333094468e+31
-2.206765636957814999e+31
5.863159131902488559e+31
7.436902554098618412e+30
-2.613292610167316286e+31
-7.481585981019789760e+30
2.419856087528340738e+31
4.602326640355409920e+18
8.293179776871499366e+19
5.409501951969094533e+20
1.097573830478778728e+21
-7.352736380384532496e+21
-1.248270288834684518e+22
-4.739537681581212697e+21
1.028875310107154742e+23
-2.309594980119031316e+20
-3.868432607534407221e+21
-4.405359180617845676e+22
1.267245559147547360e+23
-5.113767157868566875e+23
-1.519915934167551003e+24
3.853721414199347287e+24
-1.555276176137563189e+25
6.039585213439667077e+21
2.091963936922921651e+22
-2.744936274477037839e+23
6.490727626412848117e+23
-1.185298447072084925e+24
-1.787377285356610159e+24
1.873570579941288270e+25
3.878800351444686143e+25
-9.822673622028187284e+22
4.160421019765370383e+23
-9.273762333306725702e+22
9.613507100317901421e+23
3.322026480928855454e+24
-9.072029833769135123e+23
3.458305696329774181e+24
5.507606288372007889e+24
-7.170520942548048249e+25
-6.203986394010130527e+22
1.864297945777233241e+23
1.031140433997067853e+24
4.035904463215649503e+24
-1.583302659465494959e+24
7.912196897510115328e+24
-1.104948287371103783e+25
-5.638705687689630503e+24
3.263579508247883325e+24
1.479795903199401987e+26
6.451535018153904732e+26
-5.814940043440399130e+23
4.304846428755477058e+24
2.179556791368099461e+24
-9.072376889498732304e+24
1.523541932655421625e+24
6.302223500930695614e+24
-3.647386599179554956e+24
3.999459870532763416e+25
-2.164435108314595081e+25
1.126433143073310238e+26
-2.065446896911828414e+26
-2.772695120457421193e+26
1.533162645215906319e+27
-1.586313974060351006e+24
-6.512504124965979433e+23
-7.312856306824753134e+25
4.045046613447442448e+25
3.097081442065350078e+25
2.688024147510293665e+24
1.611632766572803654e+25
-1.344972823065353126e+26
1.172986204610207582e+24
-1.765476790788550741e+26
-7.154946516680596962e+26
4.455530696364842135e+26
-6.294435821637569180e+26
-4.577879993198944469e+26
6.580184180783011932e+24
-5.305968655405234801e+24
2.230182487715653667e+26
-3.559455185917538605e+25
-1.370433553125354901e+26
-3.260732324127753258e+26
9.142911349279449393e+26
7.948599505647172872e+25
8.458539403826953435e+24
-2.999838239534030766e+26
2.314262697782168426e+26
1.984109192276848657e+27
6.059742451527610186e+26
-5.689057623929678374e+25
-5.034570386321100740e+26
1.069841640369971145e+27
-3.255146924837545066e+26
-2.139075667944459127e+26
2.809544581343551069e+27
-2.788202717831100795e+26
-2.632772264858325269e+25
-8.203567721015153399e+26
-7.949705789748576459e+26
-1.154056204214749044e+27
2.104419618368410747e+26
1.076084739333875669e+22
1.596514384388357620e+21
9.036644072097702740e+22
3.696516653778590499e+21
-3.654704754338284050e+23
3.472171411948280654e+24
-4.948927799839331650e+23
2.724449391333622321e+24
-4.521145800240133977e+24
-9.841112491838498796e+24
-3.171969000416278139e+24
-9.077137474557764667e+24
-2.152854685678081495e+25
8.559746037940346343e+25
-1.148910866189655111e+24
-1.457904888490708981e+25
-4.198065514096274090e+25
3.771052321007378819e+25
-1.336590905910027317e+26
9.890879836886898395e+26
2.009274407778273655e+27
-2.678403357306962236e+24
1.048765401527842089e+25
1.974398660040885515e+25
-3.321593438446989690e+25
-9.103048689778488183e+25
3.378587310302472811e+25
-4.894392135661046431e+26
-2.464895697216720521e+27
-2.260407680722609045e+25
5.519350271350977140e+24
5.492171125322827908e+24
3.101480723439656310e+25
-1.687340744208690708e+25
2.044664474396932705e+26
-6.824659832697451803e+26
-2.632851823015544202e+26
8.794510262365734970e+27
8.800072581038628180e+25
-7.385299898904784392e+24
2.313423932270763999e+26
1.142410841289971128e+26
-1.109446711862272228e+26
-1.140797364042501446e+26
-3.670420081257401602e+26
-1.258119270057828891e+27
-5.476076247983413660e+26
1.170038489642108659e+28
3.470041503807157349e+27
-2.039537693620590456e+28
2.601760035890619004e+28
-3.904685300017132504e+26
1.893127065069949012e+26
-5.073999402844025704e+26
5.618852037710376908e+26
-2.255419234280293004e+26
-3.159832473097676552e+26
-1.166929994149048985e+28
1.900020268117443168e+26
2.977822259083756430e+27
-6.915034045317757074e+27
2.823917199662673191e+28
1.104974154781494954e+28
-2.929293898328680014e+28
2.205218341897816866e+27
-8.123749915309133057e+27
9.665006924980966138e+27
-8.817904472572418686e+27
1.062809161726415806e+28
3.765084381007704149e+27
-2.842289287590613570e+26
1.688671214656573721e+27
1.235394311210440633e+28
1.182644992994359941e+28
2.309534151927267070e+27
-1.091126448920204403e+29
3.631613793052821646e+26
-2.739015078014893791e+28
2.981426908363409754e+28
7.829922483327186325e+26
1.761486879391563877e+28
8.958226885117420249e+27
-2.214764428285481163e+28
-2.282443551715161150e+28
-1.163358690997021232e+28
-2.941791640508420918e+28
2.636909228376931024e+28
-1.683015085757366033e+24
-4.590133255660627418e+24
3.027362641749802722e+25
-1.388589128361403247e+24
2.301139464473117021e+25
-1.169688694684162717e+25
2.226840641387057185e+25
-1.541090577224872914e+26
-1.721430790866341969e+26
5.927067289677498811e+25
-2.562367621263688536e+26
5.590303796739116556e+26
1.178911325427723399e+25
-1.470847772306900140e+27
-1.078590436738805413e+27
-2.251735904332910165e+26
4.636774594612292835e+26
-1.381335513076522670e+28
-3.359764915658380763e+25
3.111266595306073634e+26
-3.967662051488014345e+26
-7.140424335317157500e+26
2.971324564532229848e+26
-5.210867107500952519e+27
-6.569041717702977755e+27
-2.333920482723354417e+26
-1.063609382046382649e+26
1.402346613135608187e+26
-7.894807555044323241e+26
-2.105017717913989929e+27
-1.989787953096471316e+27
2.171444555696558903e+27
-7.988317535352315707e+26
-4.533290950661798978e+28
1.616665376531223659e+27
3.436417055456278816e+26
-2.053783878354796424e+27
1.254210706908254299e+26
1.126416766935330306e+27
-9.224596865674591598e+26
-1.417884986201593775e+27
1.655100847440919855e+28
-2.291169596836173673e+28
-7.672056717226778785e+27
1.858007927013627237e+29
1.475136880971882155e+27
-7.489288656653875948e+26
-4.238765686673058810e+27
3.149745548949532827e+27
1.861082378620162930e+27
-4.258796130364129534e+28
-6.945347624256649956e+26
8.933208878720964205e+27
3.978453461826754036e+28
-5.467239255166477761e+27
-2.962911030789090873e+28
4.349833303447356544e+28
3.067403053482539821e+27
3.695862671147515106e+28
-1.363294058578624666e+28
-4.818620391619544171e+28
-1.506373166747649036e+29
7.287999477184863121e+27
4.074374098580738413e+28
1.097854073401723564e+29
1.004801630642679562e+29
-2.844662860346166907e+29
-8.882380852574666973e+29
-1.095328971798296720e+29
2.190802369603603380e+29
-1.163894148984076364e+29
-3.527923482136411831e+29
8.113458461564950721e+27
1.262629004659397997e+28
-5.331425340443088526e+28
-5.075006670767098880e+28
2.195424791511304676e+29
-1.690904506442496974e+28
5.911602328770944377e+25
-6.953210227300659084e+25
-1.102086626108398570e+23
1.969297795158410835e+25
-5.487642374817039340e+26
-1.134517579034011479e+26
1.168518341270854394e+26
-4.632257596362414566e+25
-1.403588961349600390e+25
4.022732875204782850e+26
8.365684168180546911e+26
5.975112895150036881e+26
2.861141889666079281e+26
1.475315937546024143e+27
-3.180302509465896971e+26
-3.037612349705564573e+26
6.450580186588437773e+27
1.644488602270805256e+26
1.979836115530040905e+27
-1.993911668923115163e+27
5.075309846070719112e+26
5.896686481856418763e+27
2.767978866622916775e+28
5.944195586207260794e+27
-1.477768290477174434e+27
-3.240594927640200812e+28
3.171153442782174887e+28
1.111134541953486254e+28
7.322365262820653993e+26
9.056320763362907103e+26
-1.105237000867778956e+27
3.802945952162885869e+27
4.245343131165027991e+27
-4.026316950281516741e+27
-1.970787280546336311e+28
6.488195719922963372e+25
1.474630210906182146e+28
-4.622755873666142721e+28
-2.060227475323724847e+28
-6.000512075264370314e+28
-1.820091361578780294e+29
-5.242878061901503864e+26
-2.459838988235158486e+27
-1.914952740378724540e+27
-3.430423462904812282e+27
-5.263888263030411125e+27
-8.920934726593923983e+27
-1.668794344790424334e+29
5.281497437852388204e+28
-9.855716641763660702e+28
5.667549825002951898e+29
-1.293802422968215923e+27
2.868592415376634414e+27
-8.028840467570088113e+27
-1.536498150968741259e+28
4.504143729043258411e+28
2.454965780446824863e+27
-3.698815605059684863e+28
1.254117466590492556e+29
2.054110881722622478e+29
-3.135221786313641061e+29
-2.280244772248159746e+29
5.232160361151927714e+27
-8.865727397190649212e+28
-2.179411322017481537e+29
-4.647179437159311109e+29
1.512838586769303164e+28
3.667971559017780804e+28
9.865036704017294284e+27
1.537434307983528988e+29
6.677583203942799817e+29
2.251241633306188988e+30
-9.101921438323458227e+29
2.263582275050676849e+29
1.058547168023981697e+30
1.355163451758208827e+29
-1.219538307516682942e+28
-9.923825881059417353e+28
1.146655234266461880e+30
6.886520414588767209e+29
8.500562553643980081e+29
-9.429085589647463477e+26
1.520382683331643503e+27
2.613712664623362303e+27
-3.209615482497678605e+26
3.225723436382847896e+27
1.188454542579964602e+27
-1.314341032253346468e+27
1.369608702247465881e+27
3.787422231070023336e+26
-1.112329763830889121e+28
-3.672642420247898141e+26
-3.748371531516927081e+26
5.366204500836062607e+27
-4.594208632319509707e+27
1.536304085299601642e+27
3.156951234933989731e+27
3.783952332037961364e+27
-4.912879428727847816e+28
-8.692003365180746836e+27
1.276079948666460426e+28
-5.364831494279622248e+27
-4.396014383653543407e+28
2.488816894035315049e+28
-3.009083982041944431e+28
2.237451359162275167e+29
-1.288048629255137730e+27
-1.111431249354974750e+28
5.369802017770044587e+27
-7.180002748565824934e+28
-3.228894171798122656e+29
1.751758390492383082e+29
5.901542222326117070e+27
2.327054056266172472e+27
6.619247746386086424e+27
-2.919360185884187549e+27
2.032074824933122108e+27
-9.443704040668131915e+26
5.983041257630895711e+27
2.109448472715031804e+28
5.544829118150217788e+27
-3.790364402495354749e+28
7.135539826280325712e+27
-6.840228004956292341e+27
-9.829432622461800537e+28
1.199167971800471230e+29
-2.585611138853793210e+29
1.293323143726025977e+27
9.569636262991871907e+27
-1.276690245540812555e+29
-6.088764112773347498e+29
-2.295116921391431089e+28
-5.543568511268121043e+29
6.994051440758808406e+29
-1.679413046232775966e+29
-3.239948606528574192e+28
-3.544002609554874919e+28
-4.014873995849484907e+27
2.046783665130733190e+28
-4.121614354113526034e+28
-2.842659233279585658e+28
5.062914003590016299e+28
-7.744358254728836755e+28
-1.747294129007097170e+29
4.566241127843348184e+29
-4.245798372107043805e+28
2.094290077358617245e+29
-1.261528749630970139e+30
9.217783371504075889e+29
-9.151652819372971270e+29
1.382359618023641037e+29
-1.672124479145305205e+29
8.923808469178625863e+28
-2.596229859252907851e+29
1.987774083377159204e+28
2.272121276901095112e+29
1.155828479891214154e+29
-1.423776967098287005e+28
-2.875219478513704795e+30
-7.050896357915574730e+29
-3.165263349216382446e+29
2.207787972559563855e+29
2.057976146408363388e+29
1.187955119325024825e+30
-1.770695410946427999e+30
1.290879029129550962e+30
3.936076095451510637e+30
4.602543294239610777e+30
8.182446509589342882e+27
3.572875055377148348e+28
-9.541696969426955435e+27
1.092683650396391294e+29
-2.707522504191880280e+27
-2.698765448392369223e+28
-1.491227884914733614e+28
3.992299237275933491e+28
4.474779705746275048e+28
-4.580934215902873181e+27
-1.586096572944101596e+28
-1.819045906425631272e+29
2.543670307126730793e+28
3.260481084182915081e+29
-3.218442084034814218e+27
-8.566186781073252175e+28
6.342383434469205498e+28
-2.343905984921607319e+29
-4.060324847310807884e+28
-3.210576667959754758e+28
1.534056283944406994e+29
-1.101791907935094806e+30
7.885627844319709792e+29
-5.110946081210432969e+27
-6.007368920119581572e+28
-7.085220755530507798e+29
6.961119594199778431e+29
6.888941287688613756e+28
2.615768178905764016e+29
-1.253232172504513212e+29
1.874632680352750846e+29
2.379996707541295613e+29
-3.144405419160491250e+29
4.894059854998755556e+28
2.069718359132120590e+28
-2.994396618423113054e+28
6.581066734018985434e+27
-1.104443506205916231e+28
-1.678526896944506643e+29
2.408243500752381090e+29
3.494303960461050995e+28
-4.335193509511893901e+29
-6.734353377971596241e+29
-5.879279845297276591e+29
-7.073315042601589680e+28
-1.157911720756447127e+29
4.047442502250175286e+29
-7.844836489394983859e+29
-8.566050218609412193e+29
6.910413573949480122e+29
-1.906215791267183420e+30
-2.526824359785217330e+29
8.182949368686724612e+29
-1.041749967780421618e+29
-7.663975483442073066e+29
-2.132956893162381104e+29
-7.505871642760635564e+28
-3.633562912795617729e+28
6.436937764982876658e+29
2.157366490932687996e+29
-8.293835144621085831e+28
2.222679484022513172e+30
-3.382184312972011564e+29
-8.490344629094133542e+28
-2.924107030453833579e+29
8.889023378230281502e+29
-2.986496167486669479e+29
2.252945610452055952e+30
5.745362725501442956e+30
1.222079307167414204e+30
1.365672063573104312e+28
4.792410601927335181e+30
-3.394961435313445548e+30
4.267681772937229864e+29
-8.918500797372503761e+28
1.309616696465659072e+29
6.568429279309575495e+29
9.431282079931474830e+29
-3.277535720447033337e+30
4.095968048327875628e+29
4.411730520336298719e+29
-6.566045652456479875e+30
2.127842923497437770e+29
2.496846544617004180e+30
1.686325622902534048e+30
5.969927073604263678e+27
-1.378819745454767200e+29
1.561627549304282851e+29
-1.147332065719153836e+29
4.129675582101522469e+29
-7.562611912259908308e+29
4.630004791198126876e+29
2.996344520562145870e+27
-3.817769719131246239e+29
-3.878172665779985402e+29
4.296430864848077155e+29
1.169069035125768205e+29
-3.187906953607993518e+29
3.085260442337352819e+29
-3.292854500195011047e+29
5.997074643650084183e+28
-7.596794507999228340e+29
-1.020530865687434267e+30
1.164674104653186865e+29
-5.661316288371401668e+29
5.344069721768476369e+27
-5.605136617008293126e+29
2.325405746344326017e+28
-5.509285041661288558e+29
2.463262724381874294e+30
-8.348038445884245689e+29
-1.439285730662845281e+30
-4.393840122401999939e+29
4.846102221756629178e+28
1.305984468639011505e+30
-2.439288710065320277e+29
1.807661515994567091e+30
-3.776987174337391750e+30
7.459119537595808158e+29
2.964891804466618589e+30
-1.720723219855727553e+29
-2.154601785579692659e+30
-2.273795181602173808e+30
3.007734041858600378e+30
2.052677895168993530e+30
1.126925005606516114e+30
-1.143890704558636044e+31
1.597983833371979225e+30
1.320772569445344515e+30
-2.952106292822116967e+30
-1.576066846543920398e+30
1.379598679766548295e+30
-6.618882455071724033e+30
9.813102110356556192e+30
-1.060983981419525060e+31
-5.520419215881834226e+30
-2.303198697129033122e+30
6.410722334444766031e+28
-1.887525093675208354e+31
-1.218108877937831587e+30
-1.413377811207929081e+31
-5.205442582015596466e+30
-3.701879113159229611e+29
-5.537738023615457554e+29
3.712171871552007172e+30
6.264688162675275208e+30
-6.643075868704176389e+30
-4.961890509456764626e+30
2.830968831902814775e+30
-3.157443641568328893e+30
-7.230486880631888775e+30
8.618366132270352326e+30
2.969127704770208311e+31
-1.341851106889714444e+31
5.986431465135285256e+30
