2.078492840760244800e+16
1.980008034329106944e+18
7.156049669689737216e+19
5.381389692799217172e+20
6.705764475678561403e+20
-3.691651895553624637e+21
-1.026203106817700214e+22
1.178427770926830453e+22
-2.571734285435712779e+23
1.295221615077724160e+17
2.181052081414326190e+20
5.362546903163685831e+21
-3.353917116911344366e+22
-3.392802665714057793e+22
-3.954304148385750529e+23
-2.099496151217560617e+23
1.880535356555810694e+24
1.271121669541299792e+25
6.865867741959072973e+19
-8.912189840869280449e+21
-6.218795414894424359e+21
-2.323367131461317474e+23
-1.004044080945863422e+23
5.757771048013929728e+23
6.171710262093892861e+24
-4.327599451389013055e+25
-9.467717010623075897e+25
8.398068794865066967e+20
6.191346798504280326e+21
5.879131193725540735e+22
-1.113559131653023025e+23
-1.050862971190018012e+24
6.058299483822682286e+23
2.168444050482886475e+24
3.423705551119005507e+24
8.407040080964960536e+25
-5.157415108608717353e+25
3.721669474980921344e+21
6.235533645591429408e+22
-6.787049972616009582e+23
-5.352215154506579491e+23
1.481485243432458303e+24
3.953217386514711503e+23
-2.411004496204602930e+24
-9.122460094916425597e+24
-1.820646393866237919e+24
4.791565162750740525e+24
-3.183658025226018074e+25
-2.276812118341051977e+26
-2.037140396926572691e+21
-2.375351282445121969e+23
-3.708417853474713863e+23
-5.047168604359306724e+24
2.576873867454630169e+24
-3.299161350633465445e+24
-1.405658214183520015e+25
-2.550023716174234158e+24
2.649154023789407915e+25
-1.687880820539786270e+25
-5.332266404615986671e+25
3.612230791739827788e+25
3.291882082170136534e+26
-4.101648228577081217e+25
-2.773684013931342227e+22
-6.159969485140117118e+23
4.997019649850186347e+23
4.344981190680811551e+25
2.117147266308787811e+25
2.251477334014566764e+25
-2.449452733414885815e+25
4.249852896284295636e+25
6.517092611641007548e+25
-3.298387504167619752e+24
-2.050194357527960683e+26
4.135362132102010547e+26
1.919142551251769434e+26
5.907543223540382976e+26
1.068606654780197138e+27
6.834506057247005396e+22
2.617404055356177845e+24
4.085000740367363422e+25
6.952971312523419128e+25
1.151135078274261406e+26
4.319519790003766806e+25
1.820503827339899748e+24
-1.644788713336316193e+26
9.774500966076518891e+25
-3.054995905891295248e+25
7.629143000007399102e+26
2.716932995807094989e+25
2.180376913011502928e+27
1.464042495722103953e+27
-5.168339253577854034e+23
-9.607795728030964862e+24
2.206232322890019978e+26
-1.650965608984306288e+26
9.435644176054490749e+26
-4.805483842854068581e+26
-2.828173605337898303e+26
2.926445816354589890e+26
-7.836699923161774240e+26
1.981753143012524377e+26
-1.122467759130173286e+27
-1.776230292636529624e+26
-2.162528344611320915e+26
-5.264426985816517509e+20
-4.380819229405708550e+21
8.131541265494197666e+22
-5.443731353596893279e+22
8.122655674333391539e+22
-9.413469822015730038e+22
6.904839902870703031e+23
2.787618420156994125e+24
-2.437133230179529458e+24
2.991816716295210394e+24
-8.575751021537408252e+24
-1.762485960104953021e+25
2.628675639827423123e+24
3.625134843798581207e+25
-1.463099755034928741e+26
-5.908869319401853006e+25
-4.771592724388609975e+23
2.889166616346611040e+23
-7.239488493417977505e+23
1.206816803922323464e+25
-1.313969908482559719e+25
7.834468113924439455e+24
-1.947438980777177497e+26
1.211591882949939992e+27
1.436964370842227971e+23
5.379329978469503918e+24
-1.420143683974623677e+25
-3.230760282499182777e+25
1.663807235281223187e+24
1.929856211911175089e+26
-4.007104271270092129e+26
-1.376751168309530393e+26
-9.491131171826599469e+27
3.496008488669404769e+24
-1.903894911079503573e+25
-4.386049818532249781e+25
1.760503826491275533e+25
-9.878912555192750610e+25
-1.521396930340660502e+26
-2.112726332770297150e+26
2.062407573065605826e+26
2.904919568456527777e+26
-1.879625601155640264e+27
1.135722143472204227e+28
7.097886844226107142e+24
1.003852850057156220e+26
6.543470054215663287e+26
-6.642234013099120766e+25
1.104647220944477534e+26
-2.150874580481641655e+26
2.633976167522963808e+26
-3.149464672275800671e+26
-1.497224073446139556e+27
4.179378543691733182e+27
-9.762784925284579366e+27
-1.456808450517623424e+28
8.425583186540169665e+25
-4.503194889814777639e+25
1.645039950676821942e+26
1.715278435609549375e+27
-3.067523896087265835e+24
4.386043338891144623e+26
1.113551085074238021e+27
-3.196611851280187870e+26
-4.273556485671948974e+26
1.033173961454567530e+27
8.742535150655390087e+26
-1.393800555719263275e+27
6.707243324418498438e+27
-1.710319758958576233e+28
-1.548520181293060249e+28
-1.245571660634315220e+26
-2.415934057732031081e+27
3.372220404257163589e+26
-3.568605723618782652e+27
-9.689039882936194783e+27
-4.643454032025903202e+27
-1.097963573075369353e+27
1.002347589455861760e+27
6.127474625786937746e+27
9.032088072761016649e+27
-3.716864929195635456e+27
-1.707196953940607584e+28
-3.555281612722737620e+28
1.442818827032387335e+27
9.428559632555003217e+26
-1.423560115161311081e+28
2.639915342505970341e+28
8.467278695371421629e+25
8.147314618825320751e+28
3.728154496263506119e+27
2.221559165142090684e+28
-4.844529723082760190e+28
-1.770672770036320438e+28
2.289330803837913043e+28
4.084991400420054119e+28
-7.168787491290950192e+23
-1.288371723222339056e+24
-4.194709196705839335e+24
-9.142397296710875852e+23
-4.322560258345606287e+24
7.557442866580379144e+24
-1.473129066705374961e+25
-6.329347194011813553e+25
-6.501156355095763347e+25
-7.644055703991918854e+24
-1.062564584607096109e+26
-3.034473620871058023e+25
2.435956079653232767e+25
-3.830400015275896496e+26
1.529290513925437981e+25
-5.383032108294466004e+26
-1.185882306748190942e+26
4.470871704604055754e+27
-4.023036551380299985e+25
-6.355467245101777565e+27
-5.072750946408501999e+26
1.535880821970235150e+25
-2.828963374703421525e+25
-7.245044123225144758e+24
2.943336616972321030e+26
-4.347727036385306277e+26
4.129551567490119971e+27
5.467758605032055020e+27
-4.391601122638802359e+28
1.968462634686232377e+26
-6.127998598960353471e+25
-1.936942198436446888e+25
-2.103766583928164664e+26
-8.627503303980142237e+26
7.196922304033967401e+26
5.285107288754162116e+27
-2.028659442503869060e+27
-1.837718016895804049e+28
-1.372728883737797657e+29
-6.779480293961056561e+26
1.305275028111497565e+27
-2.179172231209546511e+26
-1.951945343019390377e+25
-7.032358305846241743e+26
-4.880878713388898586e+26
4.592519035972535978e+25
-7.870011375465716952e+27
-5.755562690601012167e+27
6.352788549272740997e+27
9.853355968228184470e+28
1.000893969006542137e+29
5.735561641157557934e+26
-3.795500002358521571e+27
-2.837542178718063277e+27
3.816215237299306685e+27
-3.138229291681354682e+27
1.736819296653298007e+27
-4.975346915638061398e+27
-5.302661650670069241e+27
-2.502863308357134753e+28
-7.677665484471645697e+28
2.449803217279021746e+28
4.443413072479848306e+28
-6.769583448770295797e+28
6.592259488307392007e+27
-9.696041561279784390e+27
-1.526774199250782120e+28
1.848106772902500823e+28
-6.124295056623016447e+27
1.730096072253389029e+29
1.665514653703126846e+28
2.634674655809294221e+28
-1.428501112202139452e+29
4.244472865688043923e+28
-2.281977380042918628e+29
9.698386422166384092e+28
-2.371907329970431402e+27
-1.140855193495844772e+29
1.704407355173456108e+29
-6.768426548083182284e+28
8.913714435405185729e+28
6.320570031674905759e+28
3.396075773096641645e+28
-2.601687999406857236e+29
-1.016633226749280281e+29
3.053882329527947708e+29
-2.111209479342424819e+29
-1.023313208756257964e+25
-2.593454438306320396e+25
-8.285000968106356565e+25
1.461757679290015141e+26
2.068582500249437048e+26
2.533873888514877747e+26
-1.155893468666635803e+26
-4.751116117976752171e+25
-5.213685169357365100e+26
-1.043364816784315570e+27
4.925166137915995212e+25
4.289857963065837196e+26
-2.551597697934465577e+27
-8.811444577442703725e+25
2.055608892060790197e+26
-7.618960840992369644e+26
-4.568780780862970027e+26
1.396392520818416829e+27
7.099302032641814138e+26
9.846347779698414659e+25
8.521382966899867049e+26
-2.076440657218940885e+26
-6.924337143378853279e+27
-6.304096185325942920e+27
1.309893002016438862e+27
-9.271185637429679562e+27
8.998509354054255255e+27
-5.257928812544335151e+28
-2.036756018774671849e+28
2.243075030023080332e+27
-3.904408660032497643e+28
-1.210152005773905155e+29
-2.140490412103395111e+28
1.869297310605476660e+28
-9.751648917745091057e+26
-3.982940087024826038e+26
-1.265135731213156753e+27
7.545535822764284904e+26
1.154995982505722417e+27
-4.492338548653038476e+27
6.057269887429129793e+27
1.088611094004742910e+28
6.917805337665574162e+26
-6.448532996271854864e+27
-2.121431843750343107e+28
1.527525961789474846e+28
1.705982416447328743e+29
1.089048774180436451e+29
9.051758468600951504e+26
1.122233405529736683e+27
1.990595874793425254e+27
-9.512507972744758163e+27
-1.727915821505734720e+27
1.005151151532340309e+27
8.168627427880909881e+27
-5.645216687805551726e+28
6.596913257210141635e+28
-4.108562174265280649e+29
1.967159398676509972e+29
-1.506660551082915562e+28
-1.207382475881204491e+28
-3.830622828896298811e+28
-1.376978046585832483e+27
-1.727310418396694542e+28
3.407554382798153978e+28
2.830802147571668242e+28
-7.450309859350704594e+28
1.002172844273366942e+29
-2.444436889064917930e+28
3.902919161886331748e+29
-4.629249601840443865e+29
-6.334064446652397954e+28
1.458051527846558395e+27
-8.439868001833265543e+28
-1.871693176716905942e+29
-2.031404227027512665e+29
-7.509448388188625290e+28
2.663952072697379925e+28
-7.634433998538894777e+29
7.339037336343948203e+28
-1.268999803672664971e+30
-5.783085143019641750e+29
1.239064811204064463e+29
5.604703209736215301e+28
-2.958727613382340882e+29
-1.312883186206388235e+29
-3.046491303325370562e+29
-2.023016220979771884e+29
-1.089858814174733505e+30
2.406060067302776723e+29
1.563248506040907898e+30
1.410980517152102676e+30
-1.421653259102856281e+26
4.969352115350388035e+26
-3.420065645909257680e+26
-8.367593802518339760e+26
-6.942450957523130874e+26
-3.190575453161297899e+27
-6.181078641355954175e+25
-7.823227187495182333e+27
7.684280502736516341e+27
-2.281655457052784899e+26
-1.259063861360427528e+27
-3.692688250715608048e+27
-4.867126766607228187e+27
3.797604264832469241e+27
8.689703321766849880e+26
3.477768887596181522e+27
-5.951764755227026832e+27
6.038797051047209852e+26
1.327832589462705068e+27
1.420531348534523466e+27
8.809658658900216128e+27
7.522037398637383472e+27
7.636022553396344135e+27
1.285857293596302314e+28
-2.152954980309418318e+27
-1.442528100062807620e+28
1.579867021383458689e+28
-4.588285486139721208e+28
-1.140065594455664573e+28
1.983608297439492453e+29
1.564771128553961007e+29
-1.291439598701433079e+26
-1.042124406164686273e+29
4.963223927809661681e+29
-1.721796600636840068e+29
2.423859603820815035e+29
3.154796836649936106e+29
-9.182569226686593909e+27
7.047355497415547816e+27
8.664652643405320181e+27
-4.641383236222920922e+27
2.800453032732186058e+27
-3.100786743160859677e+27
-4.545310915076373649e+27
8.023105008809474727e+27
-1.565665760817522699e+28
1.831454739777251011e+28
6.507260602963539563e+28
4.406851511252748714e+28
1.184883195296437378e+28
3.560949466546365292e+28
-1.687204865470630726e+28
-5.815682703838844923e+28
-6.020056402622636954e+28
-5.593185706076540217e+28
-7.075481068222529958e+28
2.805258030144498416e+29
3.028775962689639389e+29
5.988833948026716793e+28
-6.471172097460456950e+28
9.382357516744338126e+29
-2.560497972605941872e+29
4.413896446053949860e+29
1.363919788854212006e+28
2.796908252995816665e+28
5.193502063442059132e+27
-8.365711631285659629e+27
4.087011365606139476e+28
-3.849200061384877249e+28
-1.462438702641256434e+29
4.211587454120719204e+28
-3.390329270794701168e+28
1.030389355291676945e+29
1.037458521951343060e+29
2.379948046028713245e+29
1.607685917346058201e+29
-1.175597626624836507e+29
-2.925531565901005114e+29
-7.421952866605218681e+29
-9.483055787165649556e+29
1.527541321178631934e+30
3.153472362812110198e+29
-5.931182760168001199e+28
7.260758634924852215e+28
-2.274006318083341426e+28
1.141160797487320155e+29
-3.104267042122320122e+28
-9.065333469777969575e+28
-7.882251829771745072e+28
-4.944321860346010061e+29
2.913165077225963451e+30
5.886667321304860115e+29
9.488523987446836894e+29
6.596581222723806171e+28
1.399828610982964329e+29
9.693546632171152103e+29
-2.029279092553256187e+30
4.831234954271508262e+29
3.678270023104299662e+30
8.087063513427436452e+30
-5.379144783715355699e+25
-2.351492560354885453e+27
-2.966089791139387787e+27
-3.116909172602575598e+27
5.055414021155080648e+26
1.061561829502002657e+27
-2.276017799885194023e+28
1.011420013958038345e+28
3.021244031250725423e+28
3.439835262743516514e+28
-5.654698438601308464e+27
1.885481794319202902e+26
6.981252869294668404e+27
6.191497450830823241e+27
5.853165072973131081e+28
8.603114394813647133e+27
1.346638034925689398e+28
1.465125359885894527e+28
2.151841671544963436e+29
8.950845541680146994e+28
-1.880841677143360901e+28
8.914677755439665647e+27
8.003707931902034173e+28
9.423748782720947880e+28
-7.717874175986937512e+27
-2.039173600261805530e+29
7.483024414537711446e+28
4.620355914093428506e+28
-2.830394088699700345e+29
5.036877681769445349e+29
-1.932080022952501394e+28
-4.470382019971806194e+28
3.185443925675483094e+29
5.403649723886605625e+28
7.001379892291362099e+29
-9.649854577011641309e+29
-1.449793553063162698e+30
-3.949715936882783246e+28
-1.617816270942742876e+28
2.966960598873075097e+28
-6.411016229621410980e+28
1.235234772288631689e+29
-3.972864364701734031e+28
4.798870804032747460e+27
7.904737540549255318e+28
3.129326415503400770e+28
7.479331868653503236e+27
-2.674435153465310349e+28
4.298181084930165753e+29
-1.892337149242944453e+29
1.671490066311766019e+29
2.033458368943900209e+28
1.874333231876122429e+29
-2.404635606205358681e+29
-3.093452778187260571e+29
-2.016297199935606792e+29
-5.020016728834570170e+29
-1.276567652875676914e+30
2.547893999861613598e+29
-2.106621837767754531e+29
-1.650372556471466158e+29
-5.561700968823770410e+29
2.537891930209996267e+30
-3.163865511904492608e+29
-6.281547439315129475e+29
3.699254150026334775e+29
-3.707504508267006817e+29
-2.349121890695791878e+29
3.027685408858461916e+29
-1.055816602078142041e+29
7.453071926597089045e+28
1.574454269233861799e+29
-6.748766122970596013e+29
-4.619384724243885644e+29
-2.375612729152313299e+30
1.070782788025628330e+30
-8.642256960629329182e+29
-4.109521822856761316e+29
-8.324507986857739010e+29
-8.699304362288963713e+29
-4.312222322241189351e+29
-4.732166631522828340e+30
3.787606719200297261e+30
5.383122513907702929e+30
8.689087670309320447e+29
-1.473151199249625710e+29
3.376347423501803162e+30
-1.007661497187391985e+30
-1.849424260012248069e+30
-4.101802235648143469e+29
-2.254844496182299689e+29
6.278104519618169888e+29
7.565144683075425604e+29
2.377293951890133709e+30
-2.466520957028642284e+30
-1.265549484415021993e+30
3.416981345543155605e+29
7.810399691949184932e+30
-6.919875880265690222e+29
4.676901952166626483e+29
1.839436189885697741e+30
6.759991436085122645e+26
1.250265462722100806e+28
2.904074395520983354e+28
1.109179214100732693e+29
-1.656590112707162571e+28
6.971354091458372957e+27
-5.057725407236289564e+28
-1.216896125339654664e+29
-9.602888366710895675e+28
1.646725111398035667e+29
-3.553432513693233787e+28
4.480109212914559115e+29
8.704751146163442282e+28
-3.045793216734501036e+28
2.182953791234700215e+29
-6.752191896642247260e+29
1.743467860206385808e+28
1.463655237601065447e+29
2.112458925728974736e+29
-2.760337275412941382e+29
-6.268699068959252215e+28
-4.664709530354490809e+29
-4.810173913193073341e+29
1.414231214157467941e+30
-8.718453725540662523e+26
1.999265308652273628e+30
1.616790893281808506e+30
6.538476741017922889e+29
1.507728113858336727e+30
-8.256505882739286742e+28
-2.297109363448730140e+29
-2.451972649906613616e+30
-3.718651717433059587e+30
-2.792937360344862288e+30
1.286365027895466559e+30
2.007284827909865589e+30
-2.264384099121903520e+30
-8.839060524806194032e+28
1.053440324830576465e+30
6.470675823674338326e+29
6.965772694565647596e+29
2.049275044912707830e+30
6.917656911179530526e+29
1.231448876859536365e+30
-1.313596712381011249e+30
-7.460142865716399199e+29
-1.967744474044928289e+30
6.486295864723645802e+29
-2.557874873029720913e+30
1.544476720182213612e+30
2.295699235139538208e+30
-7.335630131442385620e+29
3.366799664466110612e+30
3.567218419367507032e+30
2.051296611750505146e+30
4.297952713300822003e+30
-3.928892208965967827e+30
-3.553462076481364650e+30
-4.867403632514750283e+30
1.861571425470004438e+30
1.050554182057205709e+30
6.121374904151524817e+29
1.478634169285617836e+30
-9.729670186721062854e+30
-3.529185882906112261e+30
-3.525139490717236055e+30
-6.827372660708627429e+30
1.134181261698677550e+31
5.640406167252378738e+30
6.015578994163265090e+28
2.231071380575846334e+29
-1.675431754132155066e+29
1.461242769599061905e+30
2.526060327191896594e+29
1.068875496723589379e+30
9.678524469396526518e+29
2.407465690836255867e+30
-3.362675842407859489e+28
-7.779510517198378800e+29
5.164790507159942428e+30
6.028425444832668508e+30
-2.366408858670241399e+30
-1.297758746452287399e+29
-9.631300944879275645e+30
-8.493187923573377020e+30
-3.667645697178342164e+30
1.250490512089082678e+31
1.506766124887525574e+30
2.125343726824361434e+30
1.347486424413929781e+31
-5.933454435877878310e+30
-2.806493227418175398e+31
-1.772601273212124198e+31
-1.719908352264173585e+30
9.166773381860086218e+30
-2.500007626445077112e+31
3.983129320873158323e+31
1.824770038004158772e+31
3.808997559332234010e+31
-1.650979974240751353e+30
-7.782998652496962167e+30
-2.460915317382754705e+31
1.775180498435203863e+30
-1.629199703922039316e+31
4.542587259698779102e+31
-2.273449597067554703e+31
-2.291132262475612000e+31
-6.019437156784179150e+31
-7.058223496974795776e+18
1.060869116768394609e+20
3.919131892918858547e+19
3.283230760957889741e+20
-4.755134418350836285e+21
-9.142057509720465342e+21
3.248078179075864134e+21
-1.710299032470551192e+23
3.484809764337061069e+19
5.232657054663002030e+20
-1.463222636238783853e+22
1.741918614009737852e+23
-3.827740744118098450e+23
-6.076537778836891532e+23
2.425863270344552257e+24
-1.808694489504855919e+25
1.047098257533580817e+22
6.375173622202228539e+21
1.114167749006394749e+23
-1.241834204879739064e+23
-1.045930479804109484e+24
9.761352298266129408e+23
-3.866665630640023096e+25
-1.573242162457935062e+25
3.347768334520739168e+22
-2.048108925903280621e+23
1.716830204730534328e+23
-7.459211482619108445e+23
-1.244922065426498204e+24
3.274079926584872672e+24
1.870665080952195230e+25
-9.911636230633283507e+25
3.973452078601356454e+26
-6.485307040488592140e+22
-5.074303510785648000e+23
9.314863925943280505e+23
-2.106364414273966645e+24
-1.765963370123047438e+23
3.801015319211294811e+24
-8.491856811036446084e+23
1.598323991746202613e+24
1.738729828522206900e+25
9.233697397039853167e+25
1.203724064097003799e+27
-1.491602679247240304e+23
1.686234789807149799e+24
-2.736710145097243935e+24
-2.082119665477912145e+24
-7.216554363328290626e+24
5.008361194697863392e+24
-1.115211753336479177e+24
1.983769235839582533e+25
4.723046702250144563e+24
5.535029141552065160e+25
-5.845136628867600050e+25
-7.229824897431298153e+26
-2.211039033473412723e+26
-3.758875501924213410e+23
-6.076324188836272112e+24
-3.281286758934163338e+25
2.564333784471523450e+25
7.678961227332041822e+24
-2.011938300813614769e+25
1.638232459438550576e+25
1.483071953851153913e+25
6.337747381909036223e+24
2.060747215090106431e+26
7.073976141363682982e+26
5.459827311176748080e+25
6.436064257312559037e+26
-5.654032774697166334e+26
5.256143886235381172e+24
-6.946649893944879548e+24
-7.853625782624563829e+25
-1.162788781178557030e+25
9.855141734019207822e+23
-3.245817677496375250e+26
2.828504297911394010e+26
-1.646288026217364607e+26
-1.041697618685810461e+25
1.101100631161693519e+26
1.232301835602814085e+26
1.081453816348528877e+27
4.540471003322197199e+26
-1.952085254175072391e+25
-5.824200000546035115e+25
-4.191131900057923818e+25
2.072612182809863224e+26
8.613395660539157193e+26
-9.602803722133070834e+26
-2.493661016902912029e+26
-4.313046167367374333e+26
-7.695067746285324257e+26
-2.918548573914688571e+26
-2.070144430652694067e+26
6.456428981122670086e+26
-5.791371421236437451e+21
-2.171569058327616396e+22
9.817659048702722127e+22
-2.676305256231346582e+23
-1.162864731473503794e+22
1.769480988764748300e+24
3.071873659657087175e+23
-1.737545071675643222e+25
-9.600045406631208000e+22
-2.088418934319153972e+25
-2.286319359762412840e+25
2.467373461760943254e+25
-1.668296667489557966e+25
4.363710639261407802e+26
4.060060496004789567e+22
-3.235108046372462890e+24
-1.992275768544017561e+25
2.526370484030017987e+24
5.318611704848368856e+25
-2.835747420088214792e+26
2.922455768553249012e+27
1.838855475061140268e+23
-1.364047039370785136e+25
1.902695316350987441e+24
1.131162320108566266e+25
-7.799713583015975152e+25
6.030340640253415455e+25
1.960044801839596727e+27
-3.484333294715737334e+27
-4.667577592090160452e+24
-1.934026201838928930e+25
-4.760903175917046310e+25
7.323445310058487159e+25
1.178699304771123803e+25
6.471803613476449373e+24
-1.510777375243543687e+25
1.106683790962434340e+27
-1.580888144985469972e+27
1.126998590948366136e+28
1.361398021460822495e+26
1.393063280660394644e+26
6.165860152926860705e+24
3.294069937153529197e+26
1.558014353765350262e+26
4.630214828082650395e+25
-1.042685460059532375e+27
-5.620717209452926710e+26
1.164294431834453680e+27
-5.513875103184636622e+27
-2.088351390237933327e+27
7.672376953397333978e+27
2.834425878898717822e+25
-1.437468491461838942e+27
-4.084529039467584998e+26
-5.666154838480963343e+25
8.034684264938833766e+26
3.042358997509680937e+26
3.534547879442948108e+27
-1.211203394698412673e+27
1.767540255241993680e+27
4.714556612709997158e+28
5.167335835350161340e+27
-3.719503531514417355e+28
1.974195650569123255e+28
1.695197563412230298e+27
-1.376646110903910970e+27
3.607701478620999303e+27
3.034127988462897378e+27
-4.203840525416491624e+27
1.476212261369582029e+27
-2.439422300971859642e+26
2.723873578968929248e+27
2.124547697458917566e+28
8.579294566055125338e+27
4.146882361158170094e+28
-1.150989221640813946e+29
-1.175908153947730348e+28
-1.827923899384696691e+28
-4.748787701934154193e+28
5.839697783197538039e+26
7.626947194825602776e+28
-4.635401515139630016e+26
3.194221228045577601e+28
1.663618153192356590e+28
-3.000275742799715066e+28
-4.469639412080456184e+28
-2.919076754045892070e+27
1.916281452862368754e+24
-1.801048379725461177e+24
-2.551839543193060824e+25
-6.335672928042100084e+24
6.388579920798212192e+25
1.393472674557633118e+26
-1.683829469012825773e+24
-1.429823947600919291e+26
1.816570220470064432e+26
-1.515159954465536879e+24
-2.734195833499604023e+26
2.265270451974519394e+26
3.429223788380534748e+26
-2.879057968795778390e+27
1.116600331697249298e+27
9.051309837762055209e+25
7.959547669229732923e+27
1.578559949264605105e+27
-3.474866853878818261e+25
-3.716799856208590281e+26
-6.302728307331158213e+25
6.522154938141567607e+26
4.012402896058619257e+27
1.112703798848645533e+28
1.039977387297763168e+28
-3.864862868447203964e+26
-4.503716463667388778e+26
3.130726389069492961e+26
-1.465435637805185425e+27
8.864125687904253333e+26
-1.150683544652402758e+27
-2.136741100004942433e+27
-2.791058413773943624e+26
3.421261412502336773e+28
-5.266306913188626348e+26
-5.992993538928627787e+26
1.301462470105390628e+26
1.737656407536520430e+27
-2.032528642973434122e+27
-2.470507132814309300e+27
6.977663347009124536e+27
-5.394812465337963863e+28
-1.759940864575004059e+28
1.872800080269799410e+29
5.552336641830615595e+28
-4.431670299823011156e+27
1.883993387213151626e+27
6.121336298875657024e+27
-1.029524458840189657e+27
7.281054305489187809e+27
2.269938511791461967e+27
-5.213089014349993771e+27
1.226698336760969447e+27
1.169728199551755765e+28
-5.330955515569489774e+26
1.077450790587643126e+29
9.850849750509722717e+28
3.389653361384996349e+27
2.904211044719184213e+28
-2.257261274836962267e+28
-2.478329818878828300e+28
8.327613826729641297e+28
-2.512426137349211552e+28
2.512154923624378238e+28
3.156855291372889354e+29
6.971091532724432339e+28
2.344054099666347364e+28
-3.608746590836606113e+29
1.679874170485513601e+28
-7.960666761258416026e+28
-1.592730761921798397e+28
1.325207345671689297e+29
3.033197622176278195e+28
-7.192270760267174371e+28
1.699789687807718972e+29
-2.495734088507942883e+29
4.144358992926026412e+29
-6.100222983884356197e+29
-4.755957221628231884e+26
-4.663354995610172324e+26
2.150569219380903838e+25
-1.754107621525707767e+26
5.192192450366051900e+26
6.305993940363182188e+26
-4.284305276567851160e+26
-1.065003156821400614e+27
-7.135143141578071413e+25
-1.673531287267098078e+26
2.761810098598778408e+27
5.804199859914373520e+26
8.496942430646595113e+26
4.729400059227341387e+26
-3.629950783229315002e+26
-1.242437716161273220e+27
2.701621716524958937e+27
-1.338141886392716982e+27
4.306603923516302151e+26
-2.339196464258675075e+26
-4.320336301835462893e+25
-3.777393201981481505e+27
3.843190959977787032e+28
-2.309384876265393895e+28
-3.450359442128882460e+27
4.581361778066736107e+28
-4.710553684802326342e+28
-3.097478252974938874e+28
1.502796550909122218e+29
-6.136589499563320371e+26
-1.569971741425047080e+27
-1.349348303093106854e+27
2.899860627927088203e+27
-4.246411058598830674e+27
-1.300778059180214297e+28
4.905917476223880000e+27
-2.246180815093478671e+27
-2.597496702336135382e+28
3.727935154401348898e+28
-1.230062573956777855e+29
7.136536410765217517e+28
-1.251753602143412784e+26
4.036765703970098554e+27
9.951564506227249346e+27
2.669011335049786917e+27
1.168538894076064212e+28
-1.011848818650764493e+28
-9.102881897609260656e+28
-2.011660104502665266e+28
3.046044019274552501e+28
1.186550914905322238e+28
1.043474216340518198e+28
-1.777975483277276337e+28
1.131769477749440139e+28
-1.940572008030799398e+28
1.037501905508113434e+28
7.981369748076284773e+27
-1.337363096066810552e+29
-6.123127419009593013e+28
6.294235710872712697e+28
2.786677557445358470e+28
4.311671447571706903e+29
1.432433877732033941e+29
2.110381009736501285e+29
9.278345282755282518e+28
2.505827722440425603e+29
1.022339723759688798e+29
1.457079490170888678e+29
1.275600998854037180e+29
-5.654337677806294621e+29
-2.866029773306296400e+30
7.364780985265617562e+29
5.416258804119592013e+29
3.991213806627102652e+28
1.519535065956033227e+29
-2.541215974793314529e+29
-4.878295267385243001e+29
-1.040373355744896919e+29
6.717074849416129993e+29
1.018769227611866330e+30
1.266499513001230650e+30
-5.148852475793941463e+27
5.558189980015640039e+26
3.147812698749108135e+27
-2.391979775836567834e+26
-1.355021213585593327e+27
-6.103597789590837776e+27
4.319080728468420228e+27
4.016954707044427603e+27
9.099936965597855920e+26
1.195150709288999440e+28
1.732395547427124110e+28
-1.227993686970657516e+27
-3.058613096433355216e+27
9.023329888571066594e+27
4.589230851447331175e+27
-1.065946646239718924e+28
-3.381994292208637190e+26
-1.037001775784884540e+29
-1.740765498898622709e+27
-1.907702548075154570e+28
4.628808565240726072e+27
3.816328094867749483e+28
-1.024760925401293639e+29
5.124074444472754953e+28
3.541318632897569558e+29
-2.369441207077584923e+28
4.505169070798017556e+28
-1.583744255420674412e+29
-1.163405821938244177e+29
-3.417351591576110366e+29
3.637965507468068394e+28
-1.193995839033714502e+28
-1.936538440070058150e+28
1.513675757558498424e+27
6.796474243274672074e+27
-3.572317253816930836e+27
-9.924393093454635019e+27
7.037853560760335039e+27
-9.372276685518782034e+27
4.275731038860988309e+28
2.520246088377242158e+28
-1.245812459701045164e+27
-8.076339502472238307e+27
1.331695008225054325e+28
-1.100374657593711120e+29
1.904410164014904016e+29
1.536932704574864755e+29
1.145083983367044174e+29
6.850844937224004887e+28
6.374714937723876652e+29
1.364646113996382829e+30
2.959896678208678729e+29
2.976740447714785631e+29
1.996830148805665127e+29
-5.920365415668009913e+27
-7.242435038557908484e+27
1.359897405222114752e+28
1.964747631141431439e+28
1.690905608247199351e+29
-5.211078249861199874e+28
3.244716965925329820e+28
1.083438209328625669e+28
-1.547513397122819297e+28
-1.974213653501701534e+29
-7.650259482485288299e+28
-4.047902207351455124e+28
-6.116615046605496946e+29
8.996573095240174566e+29
-7.468909073259090567e+28
-9.519634135597105675e+29
7.932540671347550069e+28
6.586134301376925581e+28
-7.294740392930124705e+29
1.941123706363566943e+29
-2.313665952856793799e+29
2.227881816135046568e+29
6.337620915522764671e+29
-4.667384122592543939e+29
-1.256746493467361758e+30
-9.766662026756014018e+29
4.406007867445958899e+29
-8.074624330122992596e+28
-3.286509048206117204e+29
-1.608576752756343799e+30
2.145383577753904899e+30
-4.724900918071401763e+30
9.740312419196957548e+29
-1.088686354719679421e+28
-2.827665574866997526e+28
-3.079054190709138689e+27
6.126094230482247506e+28
-3.385280684858195469e+26
1.633215246778523031e+28
2.347838151864605525e+28
3.984616740206784783e+28
1.581314623035005978e+28
2.274309869144403163e+28
-4.953670142769265530e+27
2.513509108191557626e+29
2.231833206311591575e+28
-2.600868053942148123e+29
1.052179658513336001e+27
-1.426257131714391625e+29
-1.434807623546642425e+29
1.405410661296270548e+29
-3.714770405800999885e+27
5.240030989024926799e+28
1.070230152554683938e+29
4.186671488985329254e+29
3.035477944405640711e+29
2.529172494151516294e+28
-4.969598895322039576e+28
1.986339294390740105e+29
4.250089965076436715e+28
-1.832295238699412356e+29
-7.437349204221304842e+29
-5.229178400284678903e+27
8.013358414438087640e+28
1.933747462801946749e+28
6.977132306282072446e+29
3.754779935208445993e+28
-2.334771997659862775e+28
-1.258024851264936692e+28
1.123982438865827140e+28
-2.187636024525262124e+28
9.430299879739279241e+28
2.016917643597219771e+29
-1.529901434093253568e+29
-1.769168962665478654e+29
-3.639918881493805551e+29
7.071510719309736012e+28
-2.290371870925599715e+28
7.958889513853815353e+28
2.810866699605926024e+30
1.279501252625678398e+30
-4.787309862763787717e+29
-4.810271404201238947e+29
2.867505655061141986e+29
-1.790383952164413341e+30
3.252368006506928783e+29
1.641455401675868157e+29
-4.169080782761473766e+29
1.171133145797981424e+29
-1.200342214287287868e+28
-1.624443191266250408e+29
-1.993949036153310282e+29
-3.993291419609171642e+29
-5.568742896352426099e+28
2.045887673459731031e+30
2.135804053718756891e+27
1.300959545925892279e+30
4.238522006284455410e+29
8.096941194932854380e+28
5.781365169898515337e+29
-1.377834548386152880e+30
1.306968996005512073e+30
-3.845587185573640782e+30
7.990095742876865444e+29
4.304652830064032368e+30
7.107278768273325724e+29
-5.300850435718737732e+29
2.899207949368540794e+29
6.482958861800568215e+29
-2.306119903346268726e+30
1.903813579442496086e+30
2.657914763133148486e+30
2.668769029733409299e+30
3.097399517990041304e+30
-1.328276654087723898e+30
-2.207387424043082797e+30
1.730916507626833790e+30
-8.761174762813918904e+30
4.632739330084714713e+29
1.243972168524570198e+28
1.818122085925111970e+29
-6.359435598265116059e+28
-4.934594706148725554e+28
1.508856930677093358e+29
3.929349806396244389e+28
8.906478661879246223e+27
3.101741378232380600e+28
-2.972550856474035141e+26
3.636191642277960321e+29
-4.068305941507090911e+29
2.393961124562442334e+29
5.850650140637874146e+28
-1.072429027142576262e+29
6.762927047157248599e+28
1.174005050964898463e+30
-1.681415314058510931e+30
1.912190945181137919e+28
1.690036812494773386e+29
-8.475512525513846879e+27
-4.341271415803415807e+29
2.026850392001302273e+30
-1.313847374348914237e+30
-3.131288982792362323e+30
2.289965215226642229e+28
3.560980293348693822e+29
-9.934160751182775187e+29
-3.453660304118508313e+29
2.324441983019720576e+30
1.231360363777743725e+30
-1.617045223224545988e+30
-1.688478688811269085e+30
-7.176651840421651207e+29
8.622843409951823829e+28
2.658095783913836513e+29
-1.064710197392012714e+30
2.909216521225553564e+30
3.033687059600108503e+30
3.364978712241608600e+29
-6.071959276142426853e+30
1.170575218076840205e+31
8.628686441894310314e+30
-5.369086375107512215e+30
-1.024164574276299675e+30
1.247290993854911462e+30
2.385701498697693739e+30
-1.367767505121796320e+30
-8.287992943191933168e+30
2.447226650684401365e+31
4.119105056985377636e+30
-2.526225642225863276e+31
4.058813098669383495e+30
6.982395829196073382e+30
-1.024538171250227568e+31
-2.300303871181765302e+30
1.390231069670177270e+30
5.136527548943998358e+29
-3.217828796213637078e+30
5.978436641306940669e+30
2.286193799637047964e+30
1.163915638748058562e+29
7.570656391477384495e+30
4.418091162766580797e+30
-1.816777060645731630e+30
3.413701992438475894e+29
-9.508436054102987610e+30
-1.684399221162403186e+31
3.428674676173315967e+31
1.873614284515541200e+31
