-2.848696215045577600e+16
-1.236744178890330112e+18
3.520398297478465454e+20
-2.464416297627241021e+20
-9.209115732425149776e+21
-1.243868972524664521e+22
2.879082878123090588e+22
-4.008654713291176883e+22
-1.088502473610938380e+23
-1.428799516728612045e+19
3.773353458315122442e+20
-7.407965858372752769e+21
1.781486774538781181e+23
-1.942720479596077331e+23
-3.680881976872331012e+22
8.703934792837391681e+23
-7.895982089088257904e+24
1.335433010207025083e+25
1.587895974221015286e+20
-8.085748669831118324e+21
3.422919634127916368e+22
1.046370391701934299e+23
-8.689778186847783548e+23
-4.706310618611740991e+24
-2.424952091229047763e+24
-5.508354970606675598e+25
1.335079135931898023e+26
-3.868330793194239820e+21
3.307635518055336903e+22
4.005462068691916407e+23
1.705074783859392528e+23
-2.617745158257795645e+24
-2.470530793726033290e+24
-7.072367140077128605e+24
-7.447683911372426973e+24
1.943336457686051022e+26
-5.701263249618154749e+26
-1.399805290339223208e+22
-2.015875374872399761e+22
-2.857974582992020385e+24
1.668845003819265047e+24
4.673434375205950444e+24
3.275360596698915001e+24
4.303713259201407429e+24
-2.721599235606594072e+24
4.460297351681844670e+25
-5.451358861671837603e+24
4.011305952240939289e+26
6.417646833887354107e+26
-1.048070782486358419e+22
-3.809478475357439331e+23
-3.680582602078545756e+24
1.148896398285293952e+25
7.475533750049756213e+24
-7.147260961439350264e+24
-1.123700297943921854e+25
-8.675906037280080178e+24
-3.163361070490531054e+25
-6.393815812877020776e+25
2.322453397957912690e+26
-1.485672380573046959e+26
-2.438716789175478582e+26
-3.345840307998800310e+26
6.727156770263493352e+22
3.840692720787349502e+24
-1.416393317009553710e+25
4.613835390163300651e+25
3.165884060411916074e+25
5.175160391094967665e+24
1.259735201249351922e+25
4.189145050174117677e+25
-2.132157206285967946e+26
-2.815803216283608322e+25
2.838166406246677699e+24
-5.490776482623315948e+26
6.381796894579925344e+26
-9.746642335424526543e+25
2.715812397073516220e+27
2.997655551919368364e+23
1.961461769586974944e+25
2.025868364646347879e+26
1.238005760175331874e+26
2.037078897038612128e+26
-2.640086198240718243e+26
2.067952014067984445e+26
-9.658250250662288523e+26
5.411604217413924157e+25
-1.864586431361816074e+26
-8.513925156916749129e+26
-1.363892814905445548e+26
-6.998583470965626560e+26
4.218346974223047734e+27
-1.111945244208163279e+24
-1.866280639743252655e+25
-1.662326127712981799e+26
1.031108996990428716e+27
-3.604863981463920134e+26
-1.349520097933104185e+27
-3.603042163766479129e+26
-1.196065568993246006e+26
-1.905523746425060275e+26
1.340427302007239663e+27
-3.145316384675333061e+26
6.534679271523462527e+26
3.309734194382050040e+27
-1.561673485953317732e+21
4.086800934671516434e+21
-1.811864897814294168e+22
-8.731394742702915453e+22
-5.183441988443814494e+22
-2.429759215893926033e+23
3.079181698023133544e+22
1.538231408198237087e+24
1.420308438710375789e+24
-7.586189479762501021e+24
-5.299205360093977440e+24
1.440468258052886770e+25
4.400085264340658034e+23
-7.374629018097156827e+25
-1.063691621612911983e+26
-2.849146354618466137e+26
-3.436311220617373622e+23
-8.504031341457507625e+23
4.871140373454330528e+22
-1.028547320505925611e+25
5.294380131196278483e+24
-7.937045138326942819e+25
3.526933994093142191e+26
9.766094066255317162e+26
8.824704078184229896e+22
-5.163584994532808750e+24
-4.713205093855677899e+24
-2.503274847056533726e+25
-1.322379444818563866e+24
-1.417476244404457467e+25
3.461450980509808977e+26
4.789884751856937640e+25
3.912707636382821301e+27
-1.195395456586765585e+24
5.655102925421720150e+25
-3.004725677771979679e+25
2.044596984294288654e+21
-6.251944768590123226e+25
1.750608979789373326e+26
1.742969954156698880e+26
-1.935848346886509263e+26
8.516671307152248052e+26
4.593141774582572331e+27
-1.037116208227359421e+28
-2.033259209709648721e+25
-3.682708390893021891e+25
5.107068713830901697e+26
3.016817042031110829e+25
3.271947027979232832e+26
2.857594261514721929e+26
-1.407829953111743590e+26
-3.040566650345828116e+26
-5.670454655583659745e+26
-7.709296247323990441e+25
-1.747790339240764299e+27
1.196839039519998600e+28
-5.146984661991030352e+27
2.626582017281444312e+25
-1.711915433748594040e+26
5.995379995898862449e+26
6.718912487626627330e+25
4.321966752181103256e+26
8.635630270442765902e+26
-2.669439451211170244e+26
-4.736453364284747985e+27
6.148348690433041683e+26
-5.785273155496028573e+27
7.954599493624248648e+27
-1.214123191779616428e+28
-8.311005076590309338e+27
2.227321511151600551e+28
-6.850094516770574912e+25
-1.427646723776193594e+27
-4.001170294327062269e+27
6.981634030391523866e+27
4.660886398178828740e+27
-1.598570094577710776e+27
-2.053401862281051066e+28
2.691165421733851589e+27
-6.598421734365306122e+27
-9.369637318789460146e+27
4.450933743650853744e+26
5.603357386554635076e+28
-6.697109928377281908e+28
6.483728097751108795e+25
-4.835845719724446519e+27
-1.579758457060324675e+26
-1.218679971581992798e+28
-3.453157755052401631e+28
-2.732681503403811146e+28
9.270958268398327438e+27
5.449958207303045525e+27
-1.338715239369777470e+27
-3.281538755377731038e+28
1.404394777598441026e+28
1.639614540973171675e+28
3.017474573891317164e+22
-5.408011081807566995e+22
6.061539355263102165e+23
-1.034089379477774076e+23
4.133643681849116354e+24
-1.463722592161120956e+25
-6.416968475765857220e+24
-5.126270491659970273e+25
-7.515786733628165591e+25
1.461770148600055171e+24
-1.772601680954196723e+26
-3.127705235699167133e+25
7.131651780786594085e+24
-2.368611939578558781e+26
8.152380710347013603e+26
-6.930209544510136739e+25
-7.735708044494456392e+26
1.694233382918625632e+27
-2.243505773178753763e+26
-5.106418791150276555e+26
3.135859064280937442e+27
4.749753257699844947e+25
5.839235919547411017e+25
-3.514088215916921392e+26
1.823154222718570360e+26
9.009304510451018439e+26
-2.307807944988523849e+26
-1.802276359012270056e+27
-5.612913277510535414e+28
-7.346819705524923219e+25
1.407855807506807966e+26
-6.812231257824581429e+26
-2.608877620271383602e+26
-1.197671912272621569e+27
-3.412363458246015031e+26
2.274284559504182854e+27
-5.837052401444825320e+27
1.105927357782515234e+28
2.804672161296282350e+28
2.247598721125916138e+26
-2.904012759374907944e+26
6.340715096784571319e+26
-4.281308770786140821e+26
-2.117920471220138766e+27
-2.748836367400449264e+27
-1.185631887799637696e+28
9.950686460959289798e+27
-2.858018593876940383e+28
3.467617123514446960e+28
1.045981787179301598e+28
-2.405691115918894622e+27
-1.088807253344478945e+27
-3.967490417847249362e+27
1.242717268244508147e+27
-1.589292158709350427e+27
7.516226396227652541e+27
-4.364320893742064960e+27
2.143805092378033446e+28
-9.923705887096522506e+27
4.295615404324424706e+28
1.794198060129391051e+29
3.789739197362460235e+28
5.194634474037447228e+28
7.523717910804506350e+28
1.351413403522450231e+28
-2.600461773372362357e+28
5.029962110246648099e+27
7.575536475348419804e+27
-9.440177911013474857e+27
-5.003983380004282118e+27
-4.085984990813860301e+28
1.582751419713169647e+27
-9.010087673810507238e+28
2.563474013437005553e+28
7.982770241238455356e+29
-1.197801325273302865e+28
-1.404698237833395212e+28
-1.443846878063237772e+29
-1.683487676831572212e+29
-1.809936372504795263e+29
2.193753941556579241e+29
9.599157471294887874e+28
2.591489302961547590e+28
3.213890649602431189e+29
-4.470789805711892667e+29
3.148602464743331633e+29
-2.950060691025486413e+29
-1.796340423635921459e+24
-3.025756247514914458e+25
-6.861052978892041435e+25
2.536251781326331642e+25
6.900378795419174605e+23
1.199894617425396157e+26
-5.324141276493548658e+25
4.194282794800331610e+25
1.787139944710880808e+26
-3.087980948206279546e+26
7.252286412949981736e+25
4.082958982263394279e+26
-2.518529423525388539e+26
2.560255682636595076e+25
-1.397584238185283167e+26
-6.567048806257591420e+26
8.687039911436782300e+26
8.364800194484291146e+26
9.601753537243985062e+27
-1.067290951420847563e+26
-2.328134933890931782e+27
-7.481112299381955446e+27
9.177774168859165716e+26
9.181393654716578256e+26
1.059905927294130028e+27
-2.560202453006595065e+27
5.779315965977779231e+27
-2.503676168669896176e+28
-2.870414199269078986e+28
2.451566497361056672e+27
3.225829065760473105e+28
-8.335947020837494201e+28
1.349112242759643491e+29
-2.071436434150750579e+28
-1.530884566298243985e+25
-1.907193928381574988e+26
-3.253020583339496590e+26
-2.155295260206403261e+27
-4.407936183122089079e+27
1.628760548191615280e+27
2.753982559664385678e+27
5.356850122733195863e+27
-5.576228952638460926e+26
-1.057265597598412577e+28
-3.221923083032728377e+28
4.120075770308047891e+28
-1.481256436240682212e+29
-1.091219470584275804e+29
4.984358581250289775e+27
2.570395470718318411e+27
8.910171645957427882e+27
-9.616879012959890407e+27
-5.965556501745468031e+26
-1.536836317342521398e+28
-3.083018235696799456e+28
-3.591449368934131006e+28
-5.707957763333668795e+28
-1.503077923513637700e+29
3.836395247322204004e+28
2.240163096036477826e+27
7.169927095795570648e+27
-1.104147492826499958e+28
4.587434447012707088e+26
2.225777611185936567e+28
1.859491289877136815e+28
1.521397837539266653e+27
-1.161571603180282441e+29
-1.436949700035001964e+29
-1.334757260825382667e+29
9.400722596630982733e+28
1.187404414800861251e+29
-7.170588855577636830e+28
-1.314883265855699003e+29
4.914241273351027640e+27
3.152147623497499071e+29
-3.909082047692587162e+28
2.319129504446005253e+28
3.141467032663075254e+29
4.242746108056802375e+29
2.140337336110112635e+29
-1.042517135315073106e+30
-5.852491775636221111e+29
2.636970725384164348e+28
9.680326465090691631e+29
7.070973822590822047e+29
1.751520421058532464e+29
1.368831713600558466e+29
5.716965255254231326e+29
-1.215868762841274462e+30
-8.037375243689650255e+29
-1.362790568486492562e+30
-2.833866306109333303e+30
1.091824846675053561e+26
-9.372351517921217230e+26
-1.563451086813016799e+27
-9.274259644194807503e+26
-2.423645544833730614e+27
-3.085881453686660991e+27
7.204744619712566568e+26
-2.061979624113618362e+27
1.171223504760313145e+28
4.926098494666931815e+26
1.201245083774874782e+26
-1.150962860900399907e+27
9.285206410145930879e+26
-5.087285744445667962e+27
-3.213106921472548446e+27
5.126907159220840456e+27
-1.907484818349906055e+27
-7.953938471201539582e+26
-5.332087681610965058e+27
1.204650255973502423e+27
2.020545113317304777e+28
-2.281259929616292489e+28
-1.730853897777834713e+28
2.480683317355040439e+28
-3.835539960191831681e+27
3.539896624365473834e+28
2.113250587217532505e+28
-7.107686835399056315e+28
-6.509705423432065557e+28
2.068965226890218850e+28
2.706653339772168374e+29
4.910424965206688306e+27
-6.334807400625117527e+27
-1.451690548689183514e+29
-2.289047774346854889e+29
6.369047816731497256e+28
1.371976929647942577e+29
1.078488944683917010e+28
-6.673818180647226743e+27
-8.441756544880329093e+27
2.427081705828092355e+28
-1.813728303713639315e+28
4.394059019445717150e+27
-4.031316986389134845e+27
-1.887678651538898703e+28
-4.353972245216975601e+27
-5.334974601911394624e+28
-1.803723907987421752e+28
-9.738904245782430240e+27
5.003415723722908971e+27
-1.352298815170418964e+28
-2.495546892775585877e+28
-2.938009652505026059e+28
-5.143665904894196603e+28
6.284523134825630399e+28
9.037066793732929168e+28
-1.436237206274058354e+29
-2.202061100242301680e+29
3.143130320898083363e+29
4.483699411282674284e+29
-2.350979479865007079e+29
1.319515753280057224e+28
3.433650802955460359e+29
-1.342384918820812338e+28
-4.715581965333127038e+28
1.278549291260901529e+28
-9.154850204771750246e+27
2.933596246061858719e+27
-3.407239115786579909e+28
-1.767247417438877599e+28
-5.089729583859954211e+28
7.457193830627723374e+28
-4.460213294215343425e+28
-1.380395991366472490e+29
2.777837578597853991e+29
-3.637307171465293559e+29
-9.292182041276374747e+28
-3.313674723281953234e+29
4.417452471394145006e+29
-4.387357318063593863e+29
-8.259960553906545041e+29
-1.824644949537464534e+28
4.311250501651998901e+28
-1.259576940347992346e+29
2.456267273466855993e+29
3.261024507630341514e+28
-2.603858307023969595e+29
-5.486500485010047934e+29
-5.702995435957063137e+28
3.172362261070505289e+30
8.832096245251741266e+29
-3.028536174366071157e+29
5.613539451346388926e+29
6.670706447100837347e+29
-3.223515074040296947e+29
8.700531464661371024e+29
-2.712834193991881044e+27
-2.113961452057966517e+30
-2.588671649989832909e+30
-4.551794123020636107e+30
-1.545108792234893168e+27
3.405258659659141790e+27
-7.099926505149889067e+27
1.055470003384097375e+28
1.035125870457986082e+28
-1.218814834427064570e+28
-3.059601839811782852e+27
2.019608974440998743e+28
-2.994450200490635825e+28
-2.406903245487254044e+28
-4.685185234788139389e+28
-2.093708490757101822e+27
-1.462478759577685840e+28
1.669831840751789073e+28
3.365060284616596006e+28
4.591368679604359231e+27
-3.617647285649714036e+27
2.206942560905499740e+28
-6.271389009899092687e+27
-1.675137619163842530e+27
-2.253975916596294503e+29
3.819608170881659031e+28
4.745747601084922945e+28
4.597465282001028460e+28
4.631007567617376015e+28
-1.541334198634385748e+29
-1.374601739881835485e+29
1.434900934452914233e+29
3.446729893956212172e+29
4.838273988519115662e+29
3.145002645575741784e+28
-2.419670835286723815e+29
-3.336471575227532705e+29
8.529212958024313126e+29
2.766524837244334019e+29
-5.804284303649514370e+29
5.036364115779543083e+29
4.259551286036299106e+28
2.243130626457191198e+28
2.760643854517623198e+28
3.391677965744628925e+28
9.334595211287727746e+28
-4.567397799810848229e+28
-1.059832649142073251e+29
1.180938452835269595e+28
-4.164377920052807336e+28
3.684409198376248803e+28
1.084252481984309835e+29
-5.418637273714136703e+29
1.384522768742131831e+29
-2.629424431009070132e+29
5.313601890522789900e+29
-1.321248848012414489e+30
-4.992479678016978484e+29
-6.104904017691418408e+28
3.168143191346891009e+29
7.781431258996215975e+29
9.445997876658190388e+29
-5.484166494194119131e+29
-3.417471632463373757e+30
-1.840293446518215135e+30
-1.847459990356650002e+30
-3.144061391059688834e+29
-2.729595628638328496e+30
-2.566293855305071219e+28
1.084064656176608791e+29
1.536271499560064811e+28
1.474927725598341051e+30
-1.130800468043232268e+28
-1.202602252043571566e+27
-1.072890693235662081e+29
-7.854697688654646264e+29
3.377022425968733079e+29
2.152515201379598646e+29
1.497494050949052197e+30
-3.567611604886811707e+30
1.337120922682064912e+30
-1.874842692006324604e+30
-3.606478494145594250e+29
4.694727541710156565e+29
9.332034673439291741e+28
4.716729707310683393e+30
2.925286732551245367e+30
4.975336798715419101e+30
-5.054494413803217419e+30
-4.754104675526376260e+30
-7.716233667776837314e+29
1.807633819740308227e+30
1.478298711291535863e+30
1.853147972911025023e+29
-7.304790284975855177e+29
2.890675640803038410e+30
-3.217281299526705999e+29
2.349727490666221079e+29
-8.415525525558067220e+29
-6.572418445588911014e+29
9.813096566331277000e+29
1.444155996696015587e+31
1.319905619813543084e+30
6.719447658550474358e+30
-8.584595297662106585e+30
1.810253931161446777e+27
-2.176156400666471247e+28
6.811330765444688516e+27
-3.156194044108274248e+28
1.437974491348279455e+29
-5.374010057142043619e+27
3.054021826103277859e+28
-3.829565232904881864e+26
5.701981909561685253e+28
-4.077148257865379274e+29
1.429641638899909552e+29
-7.308156324846483750e+28
2.921531791206291262e+29
-1.996156889851393705e+29
-4.389226400178557448e+29
6.113058107871241405e+29
-2.041179640606672888e+28
8.062595972552015893e+28
-6.971819987862129547e+29
-1.367855046751284249e+29
-2.370196063615534724e+28
3.034233269339729408e+29
-2.040306146173371851e+29
-3.200535356852779559e+29
4.078737803438405626e+29
-6.008311593984759046e+29
1.256172787631346946e+30
-3.602288359725822048e+29
4.928848711840196604e+29
-1.152345427055273497e+29
-5.422010640084182558e+29
1.348759466398060743e+30
1.328157867310495488e+30
-4.291111142589277368e+29
-1.597966156108814522e+30
-4.040007523047957884e+29
1.427542677446092451e+30
-9.432006342727416987e+29
-7.490678611253114558e+29
8.223957834687491557e+29
1.282226053143704212e+30
1.299595395328235815e+30
-2.689575593881594034e+29
8.373029818898315072e+29
3.959073671715820677e+29
1.824902141104648749e+29
-3.065469592966319742e+30
-1.630642199031480016e+30
1.253960390559784239e+30
2.874226629973153415e+30
-6.485922405071292403e+30
5.629252048248108359e+30
7.833391239113464812e+30
-2.763272134800314209e+30
-6.876799030536268278e+30
2.115009221033648733e+30
4.106284304891299376e+30
-6.101699561294490513e+30
-1.131083386791711701e+30
-2.076779475434660710e+30
-5.045892905039564531e+30
-3.700088033247268088e+30
-1.498062970260027580e+30
-3.471641101455335482e+30
4.866750660186907855e+30
6.188605640621686889e+30
-8.426832291380938275e+30
6.254320087730955885e+30
-2.827109047089726711e+31
6.861538268831653717e+28
-3.695811791492404423e+27
-1.362142359376013801e+30
6.453434409754351096e+29
-1.825276964041430443e+29
1.835115005896280036e+30
-2.831991607261679275e+30
-3.182846992928352732e+28
-1.774595635696166153e+30
-5.820257892482668610e+30
4.658310255798840176e+30
-1.445119609822929167e+31
1.502109121179594775e+31
1.327760849168607616e+30
2.244106434248898882e+29
-1.171573979876067271e+30
-5.458005902690726546e+30
8.977099479657626247e+30
2.048412741895984475e+31
5.769350876029168501e+29
1.050979392030386418e+31
1.903542748749662753e+30
-1.296467670874432123e+31
-1.706865656517804094e+28
-3.534512539902613629e+31
1.486848578882283103e+31
4.487106013020936349e+31
-4.070880823954877941e+31
2.572542270991362879e+29
2.258898031291175170e+30
2.159365662734691332e+30
1.615713350571261871e+31
1.611262349584461783e+30
-1.000466044530344390e+31
-4.558150378765189866e+31
1.261431330913173310e+30
-3.512727090546084446e+30
2.498571264782404506e+31
-4.095661072513778721e+30
-6.820334214792740864e+18
1.474927726010733036e+20
-2.964613587356055634e+20
2.140526724531575849e+21
-4.850876173549236650e+21
-1.421379459358172538e+22
-6.586631867971722963e+22
-4.993052451328010937e+23
-1.996951097906881823e+20
-1.329865363128660525e+21
4.503041389375398714e+22
9.923961083046895026e+22
1.128915899187143796e+23
-7.163212107866995174e+23
1.615849391852229939e+24
-1.288015769920750966e+25
-2.695622849221351598e+22
2.409647635488034941e+22
2.178104105999043563e+23
-1.380150113873495673e+23
-1.792291378788169654e+24
1.362129202796914048e+24
4.365549458373857799e+24
1.172596419563883154e+26
-1.979213919749618868e+23
-9.029421267138747784e+23
5.209887530199188033e+23
1.740020199266458939e+24
-1.909893544387508647e+22
-4.318966819176318723e+24
2.039709450520740255e+25
-1.523848999523817577e+26
9.606683078999869017e+25
-3.200487097058337594e+22
3.056634437984653289e+24
-2.600687882449541640e+23
2.362481236173370748e+24
4.211205480730383866e+24
-8.182938520861924416e+24
1.124800664184631218e+25
-3.525873321978620827e+25
-1.680883825671603573e+24
-1.217587366317251680e+25
-1.267207853464476663e+27
-4.598048904144643938e+23
-5.919474462179215517e+24
-1.222928016885151631e+25
8.279558569001448452e+24
2.218978627358713554e+25
-1.203188992090203351e+25
-4.362556923419881520e+24
-6.654205728857682919e+24
5.860426755011647382e+25
3.097771424837315971e+25
-1.809620022971734125e+26
-9.408749680180561534e+26
1.643670711980465671e+27
-1.792776706281528084e+24
-2.252436607708778312e+25
-9.276598923990552670e+25
-9.340160632208606594e+24
7.956229156264415737e+25
-4.956529391524553175e+24
-2.005126948024195366e+25
-2.192394647526192699e+26
1.305077907130164964e+25
-8.689581973474363766e+25
-3.844664065439592048e+26
2.045134313839567866e+26
-2.129831109030246724e+27
5.609926843747220749e+26
-2.726110189638978671e+25
-4.850235082133542820e+25
-6.353722104877776269e+26
-1.587561904358119591e+26
-2.184955057697526211e+26
-2.592738893458783352e+26
6.802933726971342378e+26
4.673094781110084593e+25
2.917602607659699955e+26
-1.148315549227329815e+27
-5.263489370730374002e+25
3.025314830998691260e+27
-3.683080294858687954e+27
-4.071013656643040801e+25
2.973613715043140192e+26
-3.182494428165974482e+26
-7.217833230107272368e+26
1.062639979491148710e+27
-9.819387381984369542e+26
3.171018346315302366e+26
1.542481220598761309e+27
9.976853964873730303e+26
-1.144340667766910424e+27
2.609114579836584216e+26
-3.809090915891225264e+27
2.203594407385278657e+22
2.143752286586285033e+23
-1.280925050533008208e+23
-2.912688877397589203e+23
6.106079495883656371e+22
-2.970691387831660434e+24
-4.378695533655794295e+24
4.098745934335034503e+23
2.827014557437248672e+24
-1.285081356337621410e+24
-1.902277813978820699e+25
-1.187967611006570811e+25
-1.091147092586623040e+26
-2.093150353445849115e+26
-1.847453394439775495e+23
3.953439452516653971e+24
8.259362299847621810e+24
-3.102823833273124756e+25
1.589464825583605781e+26
-7.666994454371183355e+25
3.422374429532446130e+27
-3.300177209896230680e+24
1.456152769883002970e+24
-2.926688051343998865e+25
2.549538787491567504e+24
5.785472546761182173e+25
4.187202549807314420e+26
4.470799812882128137e+27
-1.183473822769694690e+28
7.833359644008367217e+25
5.129311680571194724e+25
2.409335778127640651e+25
-2.194956100468884025e+25
-1.400210591322301250e+26
-2.534209885866659237e+26
2.716752798453665808e+26
2.408482415257645004e+24
-8.378857756809057251e+26
2.365091793705874233e+28
-2.936107090580806867e+26
-1.292862300353653224e+26
2.222611429639597951e+26
-1.207738818607460990e+26
6.358023333026697017e+26
-3.922596013855671738e+26
-1.174151120734820727e+25
2.283696172035321173e+27
5.340043544931018298e+27
-6.354101522118582972e+26
-2.199272097411938734e+28
1.578990270647490482e+28
-2.722407962179511380e+25
-4.966597865145468576e+26
4.729979684776816679e+26
6.941728885033881000e+26
6.049098711488155407e+26
6.241407134501980107e+26
-4.835977200496891805e+27
2.370426351070298773e+26
9.763473735568869961e+27
6.995512547040043517e+27
9.367833788451260847e+27
2.251042056298027876e+28
1.282537800175861407e+27
3.580723484464656416e+26
1.085945319192289827e+28
1.609973790506557932e+27
2.959717785449714838e+27
3.510545147777791753e+27
2.161678840575824512e+28
-6.406810972538648012e+27
-5.363863928625113678e+26
4.324853704598362962e+28
-3.007397398610543282e+26
-3.776511451275559723e+28
3.149156161720349679e+28
3.369928545626194712e+26
-1.024051568976292612e+27
9.322023937065459015e+27
6.471900014616995251e+27
-6.923343353055680334e+27
2.186446586680928548e+27
-3.858721247423770296e+28
-3.514351852561689048e+26
3.282732739924891182e+27
-4.289286716448792896e+27
8.700583665688109159e+28
-2.868271304091812592e+24
1.994339681303218978e+25
2.601345491603128841e+25
-9.599145385492196012e+24
-2.068519089269230299e+25
-9.961127425174588411e+24
-9.967904136490288872e+24
2.563986497504186768e+25
-3.552936446596008259e+25
1.167700541916467928e+26
-7.169901945876587539e+25
5.440296085215914203e+26
-7.469188407429761502e+26
-1.812923836256969818e+27
-2.467700728938218051e+27
-1.200966687615156797e+27
5.953150828327397941e+26
1.069897157944029489e+28
-4.896849536003204746e+25
3.594899499227944831e+24
2.823329458790820994e+26
-1.968963654083733240e+26
-1.012740800264387866e+27
2.112083620260297183e+28
-5.570173194781185919e+28
-3.678231454511569956e+26
-3.123927465157451752e+26
1.441988168333450041e+26
9.111390460693851284e+26
-9.886170402102694308e+26
2.354311947539847255e+27
-1.990416137707995191e+27
3.520457330635000059e+28
-1.360890019181412774e+29
-7.556284633734036162e+26
-1.063196129904371965e+27
7.389126994383667764e+26
-4.305778195606907331e+25
1.382172001085380959e+27
-7.826616532114418636e+27
8.021308734577264980e+27
-1.713083288042835505e+27
-4.316668318131242815e+28
7.828269512521209774e+28
1.050584699022669094e+29
1.687411356683119491e+27
-2.781350013446767773e+27
4.580267837815273484e+27
-8.347358042112959224e+26
5.631910267234764814e+27
-5.104390598351077550e+27
3.765829313193054200e+27
-1.997220454762459483e+28
-1.890525861402191916e+28
7.252672379976363070e+27
-1.202352658756006978e+29
-2.943462579001158947e+29
1.636365988814975316e+28
2.852610280838593431e+28
-1.109723291495481216e+28
2.855382515344309877e+28
5.613295306952344244e+28
1.277554078139588388e+28
2.098159628258994305e+28
-3.091604280793001949e+28
-2.295255282391614483e+28
-3.815565683147838131e+29
8.612198367395711843e+28
-2.850093347515198300e+28
-1.040218509329988213e+29
-1.405487870690443898e+28
-1.957157172703339890e+29
-5.887739544279713455e+28
6.067653292936501707e+28
-1.609421590138122164e+29
2.599310731087685641e+29
1.485497010326058286e+29
3.535032189163541129e+29
7.402447405139402644e+26
-5.543278681596655753e+26
4.104983552947384926e+24
-2.296020149236329846e+26
2.771418987978675705e+26
6.266741502096320112e+25
-2.320264998291179338e+23
9.228423474464492405e+26
8.160908445608026874e+25
1.129631548602749847e+26
-8.234822350797673334e+26
9.083169372792727686e+26
-6.685960823670875991e+26
-4.447645895239065714e+26
-1.592248785358678057e+26
-1.748824874472781696e+27
3.026021343543840675e+27
-3.305909136360368939e+27
-5.197903984515946325e+27
3.909777630887091573e+26
1.036342309454477806e+28
-1.459325047489114796e+28
3.218363524605363866e+28
-1.210073389667532881e+28
5.445139296771619209e+27
-7.149055717463584168e+26
-3.513414457138504158e+28
7.098349489637635214e+28
-3.820591642347507019e+28
-1.157737342603620750e+26
-1.903215723388133104e+27
2.728765001340219986e+27
-2.037954165661962639e+27
-4.933869597667131835e+27
-2.143514264820570182e+27
4.522638368838760386e+27
-1.270148624785120668e+27
-1.576420046875517344e+28
-2.182608583610533640e+28
3.016381523822931415e+29
-8.394495424979700506e+28
-2.306536506593306064e+26
-7.309719118788255240e+27
7.799974659451900788e+27
-1.937226750614199831e+27
2.358562949197630230e+28
9.122075406741000165e+27
-1.228549020967654621e+26
-8.690445270311979806e+28
1.188152367950964504e+29
3.985503608314265174e+28
1.959116544224659536e+27
-1.884885201782122315e+27
-2.548144637647747939e+28
-5.903246314274851645e+27
1.560933156891863722e+28
1.369273026332012915e+28
-8.129685374614117525e+28
-2.395874756404307480e+29
-1.595875613843009948e+29
-2.129222073946805474e+29
3.833692669605476987e+28
6.742168940867555468e+28
-4.471845405671425028e+28
2.321229558597454354e+28
-5.132115394640808458e+28
1.192261578482814447e+29
-9.329404543431944839e+28
-3.069230547823502889e+29
2.676821985539986010e+29
-3.536763404924885311e+29
3.027912178454646208e+29
6.530694116972007585e+29
-1.959395129008677991e+29
-5.008309676471655690e+29
2.892591876594353789e+29
3.003236536061831454e+29
5.677743435394530717e+29
5.781956723991338986e+29
-1.098597452504616731e+30
2.795020192067701364e+30
3.153281788367426221e+26
2.172328211908908288e+27
2.354866242740641745e+27
-3.867068965287919278e+24
-6.787830288591350788e+26
-2.695452082461504601e+27
-1.600480368011501784e+27
4.170245862997142645e+27
-2.579882793605436013e+27
1.203574849774937625e+28
-7.836014376613694218e+27
-9.574001929092237019e+26
1.718592957483584034e+27
1.135662080286243701e+27
3.856577718819904295e+26
5.230876712225681983e+27
-1.499451677163803187e+27
6.083961983106373244e+28
1.230304555665213345e+28
-2.017039069175200776e+28
-3.666336555357993391e+28
-5.911635664799324501e+28
-6.610459964525422813e+28
-2.176103267222777515e+28
9.809500982660142503e+28
1.786476206887741827e+28
4.588178601065542655e+28
-1.743969145218925120e+29
1.016027652971488326e+29
1.856309482977599957e+29
-1.471174893705846123e+29
-4.648085299235205901e+27
-4.783218390619491292e+27
1.665345748498294379e+28
4.855185935574649588e+27
-2.152202059113139632e+27
-1.839078387947849497e+27
-4.192820701146347837e+27
-3.334148892822267220e+28
-5.374719942003826129e+28
-6.340897507887318920e+27
2.305887050307824922e+28
1.835480676620131462e+28
-7.431282985602733200e+28
2.895486697483938138e+29
-1.380511518053377977e+29
-2.819452509120736241e+29
3.039377992857759953e+29
-7.518759784774189958e+28
4.192858088420616654e+29
-4.028115401459689451e+29
-1.763323318734614699e+29
-8.233284815659753993e+28
-3.924250012744798293e+29
-9.833273333058818305e+27
4.734576861085533086e+28
-1.593394243338740239e+28
-4.146607858524011889e+28
-2.868834661580697874e+29
5.887963230010998993e+28
2.864853270162276196e+28
1.895471206973311019e+29
-9.580967575461087172e+28
-2.579919508797147439e+29
1.080887838588383713e+29
-2.849716127707993161e+29
-4.533916466915090618e+28
-4.743520891418127565e+29
1.571903564313252754e+30
4.994868506201614348e+29
-2.041445727542437997e+29
-1.824840259262188086e+28
6.329725368454799655e+29
2.189463713906633602e+29
-2.936084592530583056e+29
-9.689336365286496987e+29
-8.607088651196423557e+28
1.326784059216048969e+30
-3.981759328017269496e+30
6.510708629229631291e+29
5.040496386553364394e+29
3.116662787554025918e+27
2.762643157360276187e+30
2.866641437340416000e+29
3.828097501956087310e+28
-2.054174666215736770e+29
1.791323403181917198e+30
4.547220507429376288e+28
-4.665209568740858215e+27
1.668894522908030442e+26
-4.210945371029626938e+28
-3.255392789728489564e+27
-1.468655122534088282e+28
-4.185138457198197911e+27
-1.730449522039232310e+28
9.670827982631327028e+27
2.650015462187667236e+27
-9.852464009866382227e+27
8.787471376708279725e+28
1.588317359835403749e+29
3.050931321526106076e+29
3.297743535251218248e+28
-9.680361617416044904e+27
9.509179988966420891e+28
-5.949421064421727137e+28
1.269765065836480212e+29
2.275817360194470290e+29
-8.650976699549430166e+27
-4.356938626338528590e+29
6.278320759831239740e+29
1.342392675214967300e+29
-5.188417937335950752e+28
4.251256062120371236e+29
-3.329435700144884045e+29
-8.360982930612615187e+27
3.374590353229964057e+29
-9.480064711509726858e+28
2.388853115791950294e+29
-1.381190106511948952e+29
2.160408137646228095e+29
8.954123710738021483e+28
8.138829763636967745e+27
6.552391331269406169e+28
-1.882133920847909531e+28
-6.642885006016530269e+29
-2.782035243200816760e+29
-3.036576255465804353e+29
-5.937712236620957887e+28
-2.384249088927286793e+29
-2.404719008404723376e+29
1.151788074805353432e+29
3.369989508773773963e+29
-9.466520446935546282e+27
5.765575119237407698e+29
-1.379754667756049635e+30
-7.569871353416413972e+29
-1.083306488827999820e+30
-4.023490682785879141e+29
4.984937520887002052e+29
1.272568459492851865e+30
-9.194366289009703934e+28
-2.185170110323621201e+29
1.096870456119586970e+29
2.161984110914122886e+29
2.525246317349756668e+29
1.319349474675595471e+29
2.656676991380389070e+28
3.398494729359751880e+28
-1.993287101848240984e+30
1.053604719974112404e+30
-1.021033423228343057e+30
2.242251011877954095e+30
-2.571420846282686694e+29
-5.995515402435969778e+29
8.364160269049771123e+29
5.245122154457973841e+29
2.917313587641566696e+30
1.818045271766950162e+30
-1.694121460733378637e+30
-7.754910031702280643e+28
-4.630267271929245728e+29
-1.799459324273614427e+29
1.419470120213980511e+30
1.194619904024619841e+30
-3.448500470231096869e+29
2.605409395912543155e+30
-3.622739799338610654e+30
-2.282042242926078847e+30
-3.668536418913666588e+30
1.609740389358263203e+30
-6.275669689111041439e+30
8.591494377604941562e+30
-2.272531050347348884e+29
-3.548887523772934549e+29
5.962672881975632485e+28
6.779367884177773046e+28
9.827094971251502960e+29
7.831531814663201379e+29
-2.669309782271849755e+29
-9.940347924921728592e+28
-1.113617713856544418e+28
-2.691840557820766392e+29
6.814550830504603846e+29
-2.069050165046665469e+29
1.904708699329138962e+29
2.302752517854108920e+29
2.348838199480215146e+26
5.235105670241086318e+28
-8.163233460318761446e+29
9.637601083465329675e+29
-1.972443941436859239e+30
-1.183465697234547622e+30
-1.445162972801410186e+29
3.564095618639056605e+29
1.019595171088601407e+29
1.296829088020608034e+30
-1.148346815931293382e+30
-8.289396671682845437e+29
-1.913890810808013875e+29
8.261774565086658183e+29
-2.981499226427065831e+29
-1.268084069655274799e+30
-2.893838152662670574e+30
-5.704088255572400521e+29
-7.246156772671678770e+29
-6.720885464994874248e+29
1.255610008854192562e+30
4.499001361985046689e+28
-6.305264893756305006e+30
-3.935166761795481046e+30
3.684671310655534676e+30
-3.136881084982701434e+28
8.767561075880826220e+30
7.445339228828877222e+29
3.423255291584208255e+30
4.267954334734295632e+30
-2.139934139396786406e+30
1.183767306185790571e+30
-1.538977690204318776e+30
1.032262117416217749e+31
-6.254620795553950137e+29
-1.265586048741329554e+30
-6.305344509908424391e+29
1.625943181467454179e+31
-9.970455224179853350e+29
-5.044553563687858266e+30
2.789184850392231618e+30
1.492839899488887625e+30
-1.610509818420996153e+30
3.479369693211905051e+29
3.020425161366003796e+30
-4.348985611860508331e+30
8.149120037587200641e+29
-1.469253305869033154e+31
-8.402003002601239398e+30
-3.312273349360775621e+30
-7.269283291328634891e+30
-5.183823284081735011e+29
-1.010672795423441463e+31
1.201386859216604255e+31
-2.683275642635817992e+31
6.971000244038285774e+30
