-3.776228894169502400e+16
-4.717749107626373120e+18
-5.833899058687646925e+19
3.872838160201018900e+20
1.235590400890147176e+21
-1.826537096393067069e+20
-4.021939351233942782e+21
-1.193819554293629195e+23
2.810690501873719019e+23
5.137369658513432576e+18
2.866604471666986516e+20
9.010617882470611681e+20
-1.405517980357778788e+22
4.733125069096098988e+21
-3.420042096021175492e+23
-4.252867635220807732e+22
2.290463778533598342e+24
8.459312933167289074e+24
3.951577204639942574e+20
6.715658224842738500e+21
-2.575360407744142534e+22
1.943028616430781580e+23
8.720188529888385303e+22
2.994603780570407080e+24
-2.520039439162642767e+24
3.900276778449560311e+25
1.289155365505635354e+26
4.329506051451840758e+20
2.438472151880806370e+23
2.618156544964055490e+23
3.586309027121072009e+23
-2.327718975915748586e+23
-2.495250345542750176e+24
-7.320063878584460200e+24
1.389366331132921162e+25
-6.593819702979772975e+25
1.456311406534509296e+26
-6.780474421355441291e+21
1.635479804504677391e+23
1.196072609727110653e+24
5.791176831482003603e+23
1.462008407141209524e+24
-1.774795238848657942e+24
-4.918911792143458204e+24
-2.280781048235231428e+23
3.362312944193284549e+24
-4.959147588209923068e+25
7.443040136777110596e+24
-7.495767102551311282e+26
1.232341999211413661e+22
-1.480476658321684274e+22
3.943549239654626548e+24
4.929865261724092867e+24
2.827051289516700439e+24
-7.509682750290202466e+24
2.533863756209803303e+25
1.668760422664511525e+24
2.326398747703123915e+25
3.603747612860126773e+25
-1.255193458352785287e+26
1.928164238105669129e+26
-6.742499533653571244e+26
-7.275745595371262740e+25
-3.904538784524842251e+22
-6.862306520040594462e+23
-1.515421332129313906e+25
-4.657129666699883456e+25
1.843841011996003300e+25
-4.691661373050052175e+25
3.263490136798381884e+25
2.874544782963711823e+25
-1.909773416668849232e+26
9.026425892951264156e+24
-3.675845932683388862e+26
1.271891923006256098e+26
-3.716423209026001854e+26
1.733932483772953968e+27
-7.402146180318271526e+26
-1.596763159409750285e+23
8.988703542393335229e+24
-1.705254582673662156e+25
3.506446244957099977e+25
3.844698262622699598e+26
-1.819494126086488586e+26
-1.299727880226266150e+26
-7.683620804440993259e+25
2.610154818728471567e+26
-2.238783589560031774e+26
6.623075728749793175e+26
1.537474350616179233e+26
2.850193881936695489e+27
2.935052084354866257e+27
1.935558853684284378e+24
-3.255740540338489256e+24
-1.161579913489278527e+26
-4.644723294935293645e+26
-5.235041267287046187e+26
1.027667273509964671e+26
2.762725372804964103e+26
-1.994169949744892450e+26
-1.957153285330731916e+27
-2.270573227453205661e+26
-1.444842612775133800e+27
-1.356595833691895829e+27
4.248215807805905970e+26
2.578085815300817158e+21
-5.446547490274130526e+21
5.997988912037802017e+21
-2.740924821892086366e+22
3.920621605076370278e+23
1.640942936074692623e+23
-5.049474612124078194e+23
-3.362561963397456910e+24
8.662904971567906349e+23
-1.286477064933031469e+24
7.921716882893957912e+24
-6.963291203627734536e+24
5.398255743189082377e+25
2.300635090363694899e+25
-1.739164458502909262e+24
9.655877670010674888e+25
1.090824989783185844e+23
-5.390734685784612736e+23
1.546853877352458195e+24
1.993624828379598957e+25
1.531571952416760563e+25
-8.367430328544906506e+25
1.070633824821492153e+27
2.402291532693633076e+27
1.635875319975565079e+24
1.236409672308864501e+25
4.722403277561027143e+24
-2.201047027164994331e+25
-4.218668216954355009e+25
4.360092376224744678e+25
9.765826160998167549e+25
1.230360716576018797e+27
-1.392955197284848206e+26
-3.467323627657715081e+24
-1.970121462496176289e+25
-7.534341918632517137e+23
4.513704581161923177e+25
4.630757748524937714e+25
1.575407900060224208e+26
3.491640892320458289e+26
-5.189970521289567118e+26
5.564495982139153553e+26
-1.918781637554986139e+27
1.725157065876545210e+28
6.968014866857983572e+24
-2.536005325473878191e+25
1.783288493214771797e+26
-1.689455532782416521e+26
-1.903862154106740150e+26
-1.036408992007791848e+25
-1.474017808890071580e+26
-1.146703929945191136e+26
1.840868565276675349e+26
-3.078576207314983594e+27
-4.594748549775859112e+27
1.876356838706673471e+28
-3.939322680431229101e+27
1.470546408782878143e+25
1.197949927989152206e+26
2.039058943779205580e+26
-2.186250178872615349e+26
4.544490013789278764e+26
4.244151209078537072e+26
7.971217782066543822e+26
-4.374609017001360364e+27
-5.821570492603827334e+25
-8.777134155342975619e+27
-1.478048642195530359e+28
-1.436975976747505196e+27
5.168923233149786184e+28
-4.316289833843968822e+28
6.039251900970416341e+26
2.937941178269466412e+26
-4.309733463641301972e+27
8.534966710290957726e+26
-7.539642786500148819e+26
-8.172955057134155034e+27
2.839532139205052309e+28
2.549202396282808561e+27
2.186584309182771141e+27
4.464586174056688952e+27
4.898321467916359547e+27
-1.346477179967251470e+28
-1.664246341729142859e+29
7.410435384423193837e+26
2.766142352704574433e+27
5.042012661547210090e+27
-4.355315595608635208e+27
-7.482439695756391296e+27
3.972974360418697512e+28
-1.070216718821906888e+28
-2.964357890073951821e+28
-1.999638785180261888e+28
-1.444919470446952653e+28
-3.879734477998551051e+28
2.313162739272843768e+28
6.663480061258344075e+23
2.524240019902650829e+24
2.393309532783610377e+24
3.030733739591934337e+24
1.891254659000178159e+25
9.437210243234424003e+22
7.666940344261434103e+24
-1.059440467184525857e+25
4.798135434103436137e+25
9.249790585482075538e+24
-4.410898498619537101e+25
2.500365062377041687e+25
-1.709367747820483170e+25
-4.160911585746898640e+26
-1.673201888688013725e+26
-3.053307341942321318e+26
6.327370983628316153e+26
9.761551523997268381e+26
-1.563942415271177039e+27
6.177558932406939070e+27
1.348656622263974041e+28
2.560784100350928252e+25
-1.066140910212594906e+25
1.968900708390578058e+26
-1.113733366693681883e+26
1.522455393815469971e+26
-2.550090319039436804e+27
-1.416686925115954327e+28
7.538964576224066416e+28
-2.914745564627881044e+25
-1.556318642967244936e+26
-1.287702645052954947e+26
-6.583236770231042724e+26
5.633269863628238336e+26
1.197442115221140580e+27
-3.375874852420451319e+27
-3.523073508368994336e+26
-2.517572375079392596e+28
1.512923178405263951e+29
2.999376246533439014e+26
-1.845345547872893343e+27
2.664231575615011673e+26
2.254810244258435477e+27
1.367936721232968479e+26
-1.262428942299077806e+27
2.637260161756729851e+27
-4.190721085519467843e+27
-3.955591622549870730e+28
3.568617919276136211e+28
-3.771054895208042762e+28
9.584205091287758088e+27
2.041511739382107657e+27
4.400001191429433443e+27
3.740160081732380713e+26
-2.521811566610131497e+27
-6.764507847874902428e+27
-5.795097531114778289e+27
5.853840746531397533e+27
-2.895753084391189511e+27
7.554883856159473032e+27
-4.162452421637894715e+28
-5.239973909797996502e+28
3.319419821665126872e+28
-1.520340298432589430e+29
-3.748426830308218646e+27
-2.583588780725329016e+28
-2.546027141822190922e+28
1.455010031517195459e+28
6.484063157362776201e+28
1.056947804596745194e+28
1.660257854355430073e+28
-1.629898525222506387e+27
-1.088290798219773279e+29
4.757715519627726261e+28
6.735851916882036949e+28
-1.686611316293094496e+29
7.236989762143740357e+27
-6.026903583810605437e+27
1.777158721762483189e+29
1.300313824849583952e+28
-1.484061138926347938e+29
2.141001611924696796e+27
-1.156010994692245996e+28
-2.684649593278285852e+29
-1.407931966317985118e+29
-3.239985520669099380e+29
6.016437623787174664e+29
-8.450695512530665309e+24
-1.448575212766554801e+25
1.078913268705610461e+26
1.184646066953097732e+26
-1.471767280092189904e+25
2.691067263062098434e+26
4.202105691813294828e+26
-6.352300705669156679e+25
-1.924788041746670078e+26
-2.714495939840184469e+26
-1.483118250570162192e+26
-6.177250017224106981e+26
-5.316455945828216965e+25
-4.864425662454747407e+25
-1.152901443822428652e+26
-1.254361849897346797e+27
-2.555277688921541851e+27
1.712099445759006123e+27
8.219323652822038434e+26
6.040176314274342638e+26
-3.588250398059283132e+26
5.010456998958966228e+27
5.155654386807299430e+27
7.494012133706723385e+27
5.483058340079873240e+26
-2.116909797949835048e+25
8.924715081628774325e+27
-1.843029518248629402e+28
1.296550187910461007e+28
-1.563518439968270301e+27
-2.626991503748026879e+28
-4.222626474153709181e+28
4.749369120411475706e+28
-1.036186638179555933e+29
4.541769429590165537e+26
-1.570614269792233655e+27
2.863773284355004188e+26
1.178211603889074755e+26
-1.782216933518781113e+27
-5.857535058593741877e+27
-2.028479778922233324e+27
4.783475621364171771e+26
2.941524147055752251e+27
4.750338065056351076e+27
5.052332237933017650e+27
-7.466477179047503819e+28
-1.000731421516167301e+29
-1.311232847395019342e+29
7.450893669265384632e+26
1.092818724726562534e+27
-5.354510198890561614e+27
-1.491420331594717572e+28
3.811894668348384331e+27
1.275648266340715748e+28
-1.863208695427810289e+27
-5.476239899381026899e+28
-7.825872784318558816e+28
-2.406048685252649789e+29
2.451678029800924393e+29
1.952119814824773862e+28
3.280850790658760286e+27
2.182356487499013857e+28
-1.852385214061881225e+26
3.176524637247932695e+28
3.366637899634690560e+28
-2.984868752218469775e+28
-4.257904935389341033e+28
4.027391821056338333e+29
1.037728149595532970e+29
3.183099925053552416e+29
-5.285872897397277277e+28
1.387269596659989947e+27
-1.914014224236953788e+29
-3.870156731263686799e+28
-5.139706020519680281e+28
7.507190901359002426e+29
3.794755618881602067e+28
2.247783432111811537e+29
4.523090837232376057e+29
8.052798072259364792e+28
-1.563249604180072906e+29
-1.399965572124147759e+30
-2.110720693069059117e+29
6.390666626225248942e+29
-1.513225948540996166e+29
2.861423656771084074e+29
1.268694260447434603e+29
3.158135507331414575e+29
-1.186526409414537826e+30
6.365606891341582739e+29
1.210974232548873589e+30
4.034730134101597809e+30
-5.366511852847555321e+25
1.796716182556736127e+26
-2.212536632221439638e+27
-9.618033553754493258e+26
-1.549733294388704059e+27
-5.873111190401302312e+26
2.522092119457921704e+27
-6.268456607893599899e+27
1.843182027580087202e+28
2.170079671096853049e+26
-3.893624087452733818e+27
-4.550877383985089169e+26
-4.771654877225992990e+27
-1.141184613598181467e+28
-2.303841301709115458e+27
8.813240555881898983e+27
3.269665170236242488e+27
-1.378550544196506107e+27
-4.125082297465633512e+27
-3.041565948586099339e+27
1.167687581512183319e+27
-8.802990027827446825e+27
6.617396832259870557e+27
-1.997446007787915608e+28
-5.901636795288317211e+27
-4.137476885276906392e+28
-3.855687486075605256e+28
-3.732727326046246470e+28
-5.948296910341175204e+28
-1.717271439406371750e+29
-3.459542175302162824e+28
2.247679790181364037e+28
5.751244980496431008e+28
-3.328926219938168197e+28
9.912190512497233399e+28
-1.734561839831426498e+29
8.584614915764746517e+28
4.406703001476384428e+27
3.821056760338667802e+27
-2.392659081716512642e+28
2.691909439191656357e+28
4.411384983007303941e+27
1.610296569461624670e+27
1.686823353121304879e+27
1.661504023245967019e+28
-8.694559782815413267e+27
8.632948789617642977e+27
6.604269973434570288e+28
1.021160640370027297e+29
2.583590681015148221e+28
-6.473522966880052554e+27
-2.773276705373568661e+28
3.577701336345813421e+28
3.904187850309577301e+28
-2.340171652704606630e+29
8.863335489997551638e+27
2.135664747672004314e+29
-1.303366252862525319e+29
-5.452374589313280448e+29
-7.564660925767119165e+29
-4.632192938179181139e+29
2.159351917076694840e+29
-1.019851590441564105e+30
9.273115695716532850e+27
1.756574974583797603e+27
-1.748139893603749883e+28
1.195949789722110581e+28
3.674285889995336082e+28
8.367127872480994914e+27
1.398519037594658778e+28
4.896417760902324870e+27
6.166768985401964771e+28
-2.102166180238302409e+29
2.503704134776679578e+29
-1.183898250480850698e+29
-6.750870657429604791e+28
6.000630145978628099e+28
1.163380537408092614e+30
-1.629822045494225566e+29
-9.763382002518237732e+29
-1.283364032836897221e+30
-2.573864547882256623e+29
2.494876342830912244e+28
-2.005159438048621296e+29
-8.016672521568846561e+29
7.529136418751854888e+28
-3.268975764332880575e+29
2.561795592722878510e+29
5.104474486461068375e+29
-1.987032211434324561e+30
2.115271777392903931e+30
-1.073307827608941383e+30
-5.048860932969306014e+29
-1.308815606250872742e+30
-1.415694762683403234e+29
-2.705506128397656179e+28
-2.626811557557597499e+30
9.739733207104142693e+29
4.176759385546080652e+30
1.308935314030936963e+30
-4.354773530633087018e+25
5.696273018152123883e+26
-7.409440458066751554e+27
2.281719140720885679e+27
1.007943045961162073e+28
7.327126484615453562e+27
3.086439270263057347e+28
-3.034531406461886563e+28
-3.577728168897138930e+27
1.263819980170599201e+28
-4.251657104613418705e+28
-2.951503208024830841e+27
-3.727882670351127001e+28
1.356125894357928317e+28
1.237846022059489113e+28
-4.052302949057270672e+26
-3.887859458051951465e+27
5.916194862956704054e+28
-3.281725423180679479e+28
8.280724287198299100e+28
-9.955045148977805089e+28
1.592659548365179768e+27
-1.196895265564379018e+29
-1.330364418269720710e+28
-3.851728865786449035e+28
-8.592094526572843790e+28
1.034512674319922114e+28
2.328336964755696419e+29
2.422297032171239954e+29
-1.333896585619504057e+29
2.015538378613300214e+28
3.263561334834196036e+29
8.976641657850511986e+29
-7.810032777353864063e+29
-8.322646172796782022e+29
-4.725716806848791828e+29
-5.187943897155037240e+29
1.044788537171287859e+29
8.246155717743135473e+27
-7.277077387428206025e+27
2.194776423656024057e+28
2.064987347372992961e+29
1.056133025254664086e+29
-2.431081466583240803e+29
2.685917074726481170e+28
2.246180869004064026e+27
-3.588349435889290567e+28
-6.424891579425460196e+28
2.442926350670378365e+29
4.970909822195934521e+29
-1.818264095413719026e+29
7.244962801651011783e+29
3.336996692037680456e+29
1.578544301365737253e+29
-4.723106861807051052e+29
-1.569417241238183110e+29
3.240770206691469393e+29
-5.773911468639137264e+29
8.836007052256550617e+29
-4.947954206479051662e+29
-1.433145726575103842e+30
-1.311397880201185545e+29
-1.782941240084649563e+29
4.355720317489005326e+29
2.526438827540163897e+29
3.840151552064915689e+28
4.212690126820148899e+29
-3.362337033740599706e+29
3.885401082299113107e+29
2.004691959062324407e+28
-4.435889358141484163e+28
3.717668133022659448e+29
-4.726968894199412320e+29
1.675444949660269881e+29
6.605876605433093288e+29
1.114004805806699354e+30
-6.832033106692942777e+29
2.914129548245977898e+29
-1.723005719812702444e+29
3.614911881643742803e+29
1.089173455979502139e+30
3.468888046167038709e+30
-2.377551773264800822e+30
5.887605386646059440e+29
5.511341441880762240e+30
-7.172405756335265396e+29
-8.418066272683582728e+30
-2.208071346651066890e+30
-1.852195509474813290e+30
-1.475324227298994944e+28
-2.609398379062514526e+27
-1.198808811881024439e+30
-1.155488535240762049e+30
-2.409809861455666951e+30
-1.107954979160549034e+30
1.183092104179719706e+29
-1.934674968282489296e+28
2.864764130025744127e+30
-4.843202976858151842e+30
-3.994804189330430904e+30
2.511196495774533923e+30
4.421446767349681283e+27
-2.229138210223451243e+28
-1.754430281294706844e+27
-6.267327160764142441e+28
-9.288495571426977984e+27
5.284463432329989783e+28
-5.951167903857768907e+28
-3.293374336349581500e+29
1.132954540069037570e+29
-3.225853964324026094e+28
2.634899813577458029e+28
-4.028302808349826118e+28
5.467683729699822461e+29
-6.829987499873048778e+29
-1.451614070385384174e+29
-6.335870361322041750e+29
3.409221837155273511e+28
8.173107590464228941e+28
1.345999103445467754e+29
-3.645245287369188821e+29
2.618053613262230402e+29
-5.710868847276870726e+29
2.635613052667711857e+29
6.162516216041169964e+29
5.964151714363806244e+29
-6.309388876861043188e+29
5.031973324594921994e+28
3.773844778817818582e+29
-9.870889598716528966e+28
-7.196487250050316226e+28
-7.162379684634292785e+29
-1.017855956174814029e+29
-8.221180822563197312e+29
-3.054596442910006639e+30
2.709035952226741252e+30
-1.668343998187420236e+30
1.004518410618449810e+29
1.451554864452410562e+30
-4.057180627118238358e+29
2.155650344788409908e+29
2.586620815590253044e+29
1.689592404373718210e+30
-4.148078025209227031e+29
-5.070419699853419856e+29
-1.231159690398421554e+30
-1.855445465057122225e+30
2.953321108308791697e+28
-2.847086885665742721e+30
2.149533660495652897e+30
3.842926126941741705e+30
2.512254349350220859e+30
4.492697688810592443e+30
2.494183932285849534e+30
1.379375813971841380e+30
4.317812841708614833e+30
-3.409436765317062148e+30
4.617227346240065682e+30
9.124253773042192897e+29
-2.767629952343339291e+30
4.482573756370125232e+30
-1.973212349081307441e+29
-3.740955297621580330e+29
2.320837511542191725e+30
9.383649920406149746e+30
-8.663420010360425175e+30
6.429530153779425153e+30
9.181213404621761961e+30
-9.551768548961406171e+29
-9.475166953784797528e+30
2.806393555700309478e+29
8.138357149526927776e+29
-3.931139413838720342e+29
3.655833888282494341e+29
-2.784432720562092823e+29
2.372100371615069242e+30
2.201707625604302076e+30
1.049915905717406744e+30
-5.675571562916424724e+29
1.766394260749951084e+30
-4.416814564137292641e+30
-1.877029580957055689e+30
1.323733779531366186e+31
5.285404476757778791e+29
2.823660811015701811e+30
-7.522096214512598555e+30
-5.651715973708036066e+30
1.012545666797028796e+31
-5.075964694333687744e+30
-6.917350521041584055e+30
-1.161606071297949967e+31
1.243230622538714793e+31
2.481584155535139969e+31
-1.349628537604227250e+31
1.398493686356807644e+30
-9.154927544403526231e+30
1.914888330680087333e+31
-1.107763399676087483e+31
-1.160674851450796003e+31
-9.841962351032248873e+30
8.030293646481410167e+29
4.998613937393714422e+30
-2.039595482339646151e+31
8.331088515257859151e+30
3.114288508025261572e+31
-8.418261013500427161e+30
9.235981268659679591e+30
-2.928071690060018817e+31
-3.321205767260411718e+31
-3.129506728976204288e+18
-4.668598249847137075e+19
-5.810039243572042793e+20
3.307825475866777354e+20
4.548173842784062538e+21
8.599407327329213481e+21
1.043309681809585068e+23
4.553554071894874873e+23
-5.313201699079276134e+19
2.723945855142482412e+20
-5.119306394066217651e+22
-6.981807044730484792e+22
2.089850296544965396e+23
2.755048374253855441e+23
1.480031929765700487e+24
1.288313305643837040e+25
-2.936820804291675764e+22
-5.596342602238335019e+22
-2.329672500172419183e+23
9.207005639630990879e+23
6.473866737059638920e+23
-3.801097530871995844e+24
-7.377581092210741732e+24
-2.453441024485262139e+25
5.979632164978401319e+22
-2.555396516701264381e+23
-4.535675583010685458e+23
6.210258400488004046e+22
-1.903966537840633563e+24
-6.202537997044956327e+24
-1.573098371029033223e+24
2.944975682756598508e+24
3.023983258018565491e+26
-9.683482922081404007e+22
-2.714239913909045690e+23
-4.482149673457715197e+23
-1.648926372773346138e+24
6.239133354879918560e+23
-5.389463102632667690e+24
-1.253107692673771309e+24
-7.491498500742870024e+24
-5.832302732397628935e+22
4.927692024163146106e+25
2.488152835920098148e+26
6.627562333427024580e+23
1.100112240494801886e+24
4.393174792743847203e+24
-1.230082199958926190e+24
-1.390288572789500808e+25
-6.273121312419303182e+24
1.115870603781700955e+24
4.214421499435613499e+24
-3.411637002143709685e+23
-7.821125573102311640e+25
-1.527293419335861125e+26
-3.894470868933419465e+25
1.243614237065754426e+27
-2.127091032342052592e+24
1.384562727532193789e+25
-1.741519263271415033e+25
-4.913625217632724582e+24
7.141133032202354886e+25
9.936824245108241265e+24
-9.991387621733770600e+24
-3.140214605391500127e+25
-9.458005938855034715e+24
3.932407728814588798e+26
4.379953834014688230e+26
2.869872549214487980e+26
-7.381941010184649325e+26
1.459581171332585089e+27
-1.247480589645016484e+24
2.132674594422738653e+25
6.407611812648544040e+25
4.223645900693102764e+26
1.771882869251325762e+25
2.188522673404017064e+26
7.935008608503025548e+26
-1.445326184685864326e+26
6.107327548391754441e+25
-1.137373928614344339e+26
-3.058313839329321720e+26
-6.722436389926781813e+26
6.966394195128376521e+26
2.389355707614286708e+24
2.252875795105465993e+26
-5.010814522228996841e+26
5.587650241700819810e+26
3.877869493386806622e+26
-1.719182530893842751e+27
-1.682142945357100511e+26
-8.594152683454795313e+26
1.039188932012178958e+27
-5.032113931764013429e+26
1.516556161004749679e+27
-3.447483009203541838e+26
-3.282019065612013142e+22
8.876331527091847902e+22
3.386426966580910673e+23
-5.035729717637565068e+23
5.294373255045184949e+23
-1.830132522593154444e+24
-1.739725404772541131e+24
8.972235808527751441e+23
2.447126595915346250e+24
-1.450283427196835142e+25
2.833674393823710205e+25
6.361323502590633493e+25
-7.560977061422971437e+25
-1.974342193870787370e+26
9.506032873689396229e+22
6.198016135637766930e+24
-9.946480267740701289e+24
-4.559302941898314808e+25
5.785333149613309964e+25
-9.228423903920597799e+26
-1.384780614716415989e+27
-5.115401227353440534e+24
-9.343164652218831419e+24
4.942061322542943787e+25
-8.285956583984749135e+25
-2.843343171554423167e+25
-1.660211326401713868e+26
-2.295679145304432360e+27
1.722554730073682098e+28
3.168614986153473342e+25
-2.028157147723291038e+25
3.487228138586759094e+25
-2.602207336464158863e+25
-1.063825832257303511e+26
2.827666673896586032e+25
9.331812658189995035e+26
1.381617678866868332e+27
8.693597581030570447e+27
6.064115939749722140e+27
-1.266644168879615418e+26
-6.887465740859802255e+25
9.227227276370070949e+24
-1.119998808723486945e+26
3.678053616349141323e+26
-7.392501976022607455e+25
4.758256075485208644e+26
8.060448633004579915e+26
-6.121978205993773347e+26
-8.594986187363362628e+27
-4.537544049880182945e+27
2.770267099055047197e+28
2.433947810311748048e+26
-1.135962489002222499e+27
8.000657574185152772e+26
7.784821844821908554e+26
1.911881536920990288e+26
8.459513038665420980e+26
9.370811242962190033e+26
6.162230809871589055e+25
8.670086392914485383e+27
-1.375737000742914745e+27
9.596205095003620703e+26
-5.315418837268434711e+27
4.442711976966155914e+28
4.127750315621583508e+26
1.830935785383598986e+27
-3.045032184291565916e+27
2.650820432799435542e+26
-4.724404530541938068e+27
1.233407393940618458e+28
-4.942723985988340089e+27
6.991957277585993084e+27
-3.497209835826511939e+28
3.714360996247966595e+27
-3.943755999306476470e+28
-1.122045223653537485e+29
5.466133481978174911e+27
1.229670119112218601e+28
-4.817962914736697530e+28
2.623979606717479453e+27
-3.593290180823902956e+27
-4.464976815949277683e+27
2.339334274427663852e+28
3.245262879820487795e+28
1.225297136251135611e+28
-2.674670706394852414e+28
1.119255824249473629e+29
-2.955305465515369306e+24
2.221091534598089887e+24
1.759740012980907546e+25
1.031706170633831772e+25
6.167109796172687227e+24
2.140331415407782264e+26
-8.879206973932175805e+24
-1.391413639720790359e+26
1.144624794816621325e+26
1.870795187469305297e+25
-1.080347216197484137e+26
-8.501778349286610293e+26
-1.538750562118716568e+26
4.626036208389289983e+27
-1.777535266327902771e+27
-1.548820168571332508e+27
6.213705632623608276e+27
-8.355394564280015912e+26
-1.490845856609236152e+26
-1.603853342221616981e+26
-1.667551790737042673e+26
1.304535020975891640e+27
3.261919350007904471e+27
-1.048348799032562599e+28
-2.374632369830236522e+28
-1.800887429779121276e+25
-3.363331555841468357e+26
1.231649050831896265e+25
5.166034091015076594e+26
1.717488751449769520e+27
-3.070929137074418923e+27
-2.341235457714775628e+27
-1.172713560180746094e+28
-1.351303108663437226e+29
-4.228829671992149554e+26
1.042901533099604838e+27
-2.048514548774428494e+27
1.373257560724743248e+27
-1.767285719922390139e+27
-6.083805483189574898e+27
-1.328288249413011153e+27
2.535702669180727645e+27
2.790287536119111893e+28
1.885092381763509524e+29
4.916907057878636823e+28
3.793945123112573590e+26
2.427054195387093055e+27
-9.436109336623865209e+27
6.733740972327032234e+27
-4.893665277855609980e+27
-2.953072814276836378e+28
6.005125789362896690e+27
2.292328771504271977e+28
1.216538341519669616e+29
-7.760657766541833285e+28
7.120774802700405485e+28
-3.448782066832522924e+27
5.074941261838073967e+28
2.628095302894496939e+27
-2.490254544877842826e+28
1.375634533073861004e+28
2.089578574194487665e+29
-3.490884041744562895e+28
-5.204379177433927208e+28
-6.659981719857577119e+28
7.004242218901545204e+27
6.205461716523293136e+29
5.042111697689456302e+29
-4.824024112268331229e+28
-2.071995649451342162e+28
3.437133456897235615e+28
1.911737691721322118e+29
-2.477061970564257807e+28
2.788890121293993634e+28
-3.184436324484639348e+28
-4.425690547265368623e+29
6.683179586550574722e+28
2.774924873937701597e+28
2.474627128641245035e+26
8.712360907025851433e+25
8.023892496192996345e+25
8.742478234242702329e+25
-1.118656682867805995e+27
7.190435658930620846e+26
-1.449395218354919745e+26
-7.241726232643652647e+26
6.491224411743475290e+25
3.314600113728658189e+26
6.273733265120346372e+26
5.222291783055300027e+24
-1.386455926545788708e+27
-2.290082182178360833e+27
4.721466803882843948e+25
-1.821511441420519746e+27
1.592475943336700238e+27
-6.345876790779041201e+27
3.434675331218721359e+27
6.959177683729109550e+27
7.639247089092920629e+27
9.102634014578390744e+27
-2.226529598291089330e+28
-6.481977519660387265e+27
6.120520245930639096e+27
-2.441122889294352015e+28
-3.474723746279857762e+28
-6.429964423808348201e+28
-1.858950015473461632e+29
2.547714024835098394e+27
4.681216192100516192e+25
-4.914534797833687190e+27
-1.009075873119690132e+27
2.368038708468257215e+27
3.697629974139592463e+27
1.441344408097653783e+28
7.106260401097016034e+24
-3.738106837690109498e+28
7.788877884033363205e+26
-7.482146214906048925e+28
1.938730474038542321e+29
-1.582289789953956577e+27
1.526377418574716403e+26
1.037354457213435318e+28
-4.080707613464216165e+27
1.394989986536656411e+27
-5.917642722651253619e+27
-1.003054699288647641e+28
-7.610448908465117858e+28
-2.050667687001321757e+29
-3.284534479043033537e+29
2.008912868580171438e+28
-4.328245129375650886e+28
1.484333718465914464e+27
-3.145026201265610277e+28
8.513497526241928218e+28
-1.652869027783387882e+28
9.366952028923320878e+28
-1.583962395059774644e+29
-1.316094173870721617e+29
-5.216606235966861487e+29
-8.842145991203251397e+29
1.020852954303447145e+29
-4.106294050386580730e+28
-2.298118076721232359e+29
-2.030035692964193762e+29
-2.592203769776810726e+29
9.572084800568123554e+28
9.662495285269526452e+29
-2.562693869150594670e+29
-5.903248866840448997e+29
4.762261449758566157e+29
-7.455351987532201801e+29
-6.572093199994747307e+29
2.040517197645578628e+29
-1.230644272519781917e+29
-2.823715298263971381e+29
-4.646606270730836070e+29
5.711896034380420148e+29
-2.523331773490972784e+29
-2.257311096878606486e+30
2.338335582011962320e+27
-1.135515942158385279e+26
4.464843053821915809e+27
1.891493081425006934e+26
9.077333264026620530e+26
-2.376162112701490281e+27
3.875179805302296755e+27
-4.994370316221256386e+26
7.790372512079348664e+26
-9.480285093074135402e+27
-3.073418043027637615e+27
1.381111081008733932e+27
-3.496567354226070258e+27
-5.324964627726263656e+26
5.076697648136257841e+27
9.127700090663669356e+27
3.189719067567843984e+27
1.477335700927244787e+28
4.252332589578017304e+25
-1.740060533756717597e+28
-1.335031461199991626e+27
5.518745199738041791e+28
4.141992344900824612e+28
-2.218195315684877424e+28
-3.373122560172550937e+28
-2.201343106680072621e+28
1.129783575618584073e+29
1.991430728827026333e+29
-7.026771109220014013e+28
2.005456008509771077e+29
-1.607204743709832422e+29
1.289256948030156911e+28
-3.633263235721015212e+27
-1.093458625565387380e+28
1.600252964249850089e+28
-3.561323781943570977e+27
-3.083366732118928514e+28
9.600327844521919337e+27
2.668087258772437880e+27
4.746711890567062625e+27
1.093178043885987875e+28
-1.217401539971608447e+28
6.998726254075476850e+27
1.415287536736892300e+29
4.318340428117685913e+27
-6.549986161694455367e+28
-1.184932747710244899e+29
-1.987302648118470858e+29
-1.025090619420170315e+29
1.374643297780100621e+28
-7.210920931990594006e+29
-1.015850482833075282e+29
2.194747128585473187e+29
-1.808294845294189451e+29
-3.508583680794954514e+27
-1.128568730417895156e+28
8.860578361909493720e+27
-2.816396862353481855e+28
-4.078561157592913685e+28
5.326935079262106064e+27
-7.176747342787234692e+28
-1.348277835826612725e+29
-1.686863437840750053e+29
-5.586032297140617886e+29
-9.711260158785858388e+28
-2.849862221331719683e+29
-9.859970666209251248e+29
1.586622255745985114e+30
2.676756989485805544e+29
1.291515546325610933e+30
-7.415382681418644715e+28
1.471507936413459768e+29
-1.823536913158973124e+29
3.088594740309258723e+28
-3.496132286763117350e+29
1.592247003467837873e+29
-5.144629407795750288e+29
-3.446878842952011255e+30
-3.147349628755618425e+30
-1.893309224961652808e+29
4.594852000537208561e+29
1.040163728316415911e+29
-5.686530312695742716e+29
-7.873304178847846541e+29
2.382405585536784458e+30
2.002755869424044834e+30
-1.046631537186906814e+30
1.466772298213948607e+27
3.162515230493847457e+28
-1.148315084138482568e+28
1.369261274192582873e+29
-9.411851693044570367e+26
-7.124942283788115128e+27
4.049646872647876569e+28
3.859964299086369384e+26
-7.150107637251631335e+27
-3.082509122531499890e+28
3.531944403747451889e+28
-7.724085440122552898e+28
6.199863921276463274e+28
-5.887645771379443285e+28
2.665093315481596874e+27
1.209761272946773541e+29
-1.639774211232189475e+28
9.180705921488144162e+28
-5.606968392043583991e+28
-7.509799947623409363e+28
4.432629544832201344e+28
6.023190324646088901e+29
-2.754549807769517451e+29
1.188800380194760714e+28
-1.168504869189184633e+28
3.057892202687971426e+28
6.127924019290040048e+29
-1.032417697240788925e+30
2.258792871166968400e+29
2.229484501476827662e+29
3.640410981645245622e+28
-4.706173267563895998e+28
-3.505332944441533524e+29
-9.419825867745978864e+28
5.832353887605209243e+28
1.463793623902557486e+28
-2.468426518585375948e+28
-3.133923407853051562e+29
8.091851341051541103e+28
-4.065529241799246554e+29
6.313627806695309932e+29
2.346498211371944466e+29
-2.398587045642528160e+29
-1.791967036975194071e+28
-2.930009482705381187e+29
-4.384384723486140994e+29
1.948083702550689813e+30
1.022532133676192094e+29
-6.677449733742118574e+28
-1.720472992539677939e+30
-1.553976072720638680e+30
-4.891985901609428681e+28
2.744683998060455411e+29
-8.457801429760727286e+29
-1.179437400367786482e+30
-4.812115982536181124e+28
2.254638859678394057e+29
2.461754409901203571e+29
-6.024932498380402923e+28
1.311307708625370741e+29
-2.590485743588369537e+29
9.484197024425604857e+29
2.872251619615002481e+29
-4.544555066552939774e+29
1.796233021877066896e+30
-8.954973206595775272e+29
1.378526220608176669e+29
-3.885654879129956630e+30
-1.754692290659717271e+30
-9.575025798201636825e+29
-2.883116920101891821e+30
-6.301209071847228180e+30
-1.209734410944533335e+29
2.055953214597540118e+29
-1.850298477873368564e+29
-2.042491292102521588e+30
1.152639425618696894e+30
-1.028270845195083220e+30
1.801082665665474619e+30
3.221465467985633122e+30
-4.011162902612231103e+29
7.966570399145818525e+30
3.060486293103819856e+30
2.877957463536579537e+30
7.518207641983083500e+29
3.984635324654857599e+29
-8.305967413122653524e+28
-1.522366666094468180e+29
8.866199518553053812e+28
1.959612383961430923e+29
7.004377482434532771e+29
-2.154658932342049553e+29
-2.775288189430440882e+28
2.045958576257388665e+29
-4.334653367150219395e+28
-2.746893054587453601e+27
-2.010836031593039451e+29
-3.661528905508234770e+29
3.132422955898542090e+29
-7.633068161371598883e+28
-3.573398002016024697e+28
1.246903993228242272e+30
-2.450029318081927697e+30
8.681893285431324268e+28
-1.824129047184741002e+29
2.806355520317670738e+28
-1.269779073158749967e+30
-3.811147415788876711e+29
-5.225272752237417092e+29
5.257230821648145309e+29
-1.947550973282451116e+30
-8.831143885577525314e+29
-1.196192555645743976e+30
-1.044711327730544069e+30
5.768194910999434786e+29
1.532280243212395525e+30
1.163969794120868667e+30
-1.700000822504626212e+30
-2.573673765965387701e+30
1.168113540680460663e+30
1.030077785544449601e+29
-1.335451275532938406e+30
-1.271862500490742020e+30
3.711607131072351236e+30
-2.538475348179865939e+30
-4.589441273280167779e+29
-6.334489061173781035e+29
2.391715244443071532e+30
6.002155081947281196e+29
-5.997033743086773151e+30
3.072764839527790083e+30
-2.972521030959621326e+30
4.247655189581663235e+30
-5.031183500868248390e+30
2.903491552395473485e+30
-9.188986304029613929e+30
6.635003298534267555e+30
-2.010603435424108242e+30
2.597532956882860419e+30
-2.233281698378857066e+30
3.613890140009056363e+30
8.359815902866653585e+29
-1.984328436136194661e+29
-1.855332429623884446e+30
5.271168157360656574e+30
-1.737186629818052590e+31
1.502054347055740443e+30
4.074848839387836454e+30
-5.820055870420796648e+30
-2.199141855049186686e+30
-9.492302544188598412e+29
6.701147610996986487e+30
3.038241602687290572e+30
9.221682000426000834e+30
1.005947847050975835e+31
