-1.362657453244243200e+16
-5.078911714738028544e+18
4.762460640939334861e+19
-8.479843514785421066e+20
-2.896763509066199728e+21
3.329170791743384715e+21
-5.158606722481812144e+21
-3.744537099842718846e+22
-3.135601583315282087e+22
-6.266984512229359616e+18
-1.257832072189975921e+20
-4.581662569166090535e+21
-2.006159093574095864e+22
4.847565256214655795e+22
-4.116536287753954793e+23
-9.067625534318267041e+23
-1.731019345834349209e+24
4.258911437018956560e+24
-1.015025843731704709e+20
-7.607451963631947743e+21
3.010335626654032645e+22
1.799400645223540788e+23
-3.177218897010007034e+23
4.375519065849257532e+24
-1.206231632770585130e+24
-8.306470622299181799e+24
1.168558729207744435e+26
-2.521324754581063205e+21
-6.671418142667449146e+22
-1.843333335741593100e+23
9.584975371735379476e+22
-8.614901031746046242e+23
-2.103944992606084473e+24
-2.819186337076971118e+24
2.869098224964524143e+24
8.784977738814610695e+25
2.894427913434601881e+26
2.822675673948557935e+21
1.710079708604880954e+23
-7.361973123907211294e+23
1.499642484460619825e+23
1.623366941625517041e+24
-5.055782681651586689e+22
2.230092798649038002e+24
-2.208150617686446990e+24
-3.153557970146163795e+25
-5.591446578239413705e+25
2.656610103042486799e+26
3.076923478045139390e+25
-5.829532222035665617e+21
1.532412083976520293e+23
-3.398438429046609967e+24
3.232917639600881885e+24
5.798008583564294967e+24
1.466393042498991157e+24
-9.148674061113566081e+24
-5.025188690151323793e+23
-3.229708724712289072e+25
1.674331783024080719e+25
-4.500898270083945602e+25
-5.523036148778854693e+25
5.899273154802069809e+26
-3.990596832555159546e+26
-1.011420700432492659e+21
4.941906094271192441e+23
8.139374769284755573e+24
-7.404620448502323318e+24
-6.330569956205122759e+24
2.139624309305200634e+25
2.072237627620900190e+25
-2.167151173622102080e+25
-1.488292039917804274e+25
-1.905145523167716389e+25
-2.673254267453831256e+26
-2.823573871931520630e+26
-3.962996001689561777e+26
1.125544404721734956e+27
8.131442747998908666e+26
-1.405572922199722447e+23
-8.758457254943852279e+22
4.808934433205923100e+25
-5.116602995334501130e+25
-2.983454276082697670e+26
-8.610767340278349678e+25
3.150315059590354784e+26
9.708528795100529613e+26
1.087911535704230168e+26
1.601011087018008513e+26
-1.613475451884943706e+26
1.890353517866437395e+26
-5.082733431307519850e+25
-1.996679044339009441e+27
-8.311597610634602464e+23
8.907801617102803613e+24
-1.904409436459168343e+25
-2.841089712422974342e+26
6.898280283067459429e+26
-6.261181678519227984e+26
7.291294994963244110e+26
-1.420422717897723473e+26
5.589112957381109602e+26
-1.272629848598552181e+26
-2.386729961955995652e+26
2.347002186522257688e+26
1.449369415728799572e+26
1.433188013810371789e+19
4.145693637336409047e+21
-9.860725696583646052e+21
7.136935160518270779e+22
7.488671191057434463e+22
-4.622472534321960426e+22
-1.721521687715086808e+22
-1.866010130737610285e+23
-6.929315393189848201e+23
-2.357575045828831387e+24
3.201183390558431153e+24
-9.327999960768688433e+23
1.088462064842625176e+25
-2.424173787988756638e+25
1.721345898660799326e+25
-2.082070931890461911e+26
-1.770572745408470057e+23
-3.676963460439377917e+23
1.190391862417066929e+24
7.375353777792985403e+24
6.163575753240691387e+24
-8.388777827993138148e+25
5.360475688100925749e+26
-2.416133690872673698e+27
-2.440597020993340561e+23
-1.169473210445446761e+25
5.086347385211704813e+24
-3.527703278945795232e+25
-2.023966760229665809e+23
1.849638606087905581e+26
5.525944778918434280e+26
-7.686195889011655336e+26
-4.239047101614446672e+27
-3.560399669445809542e+24
-8.845172338146049125e+25
1.521896905985243252e+25
3.270113444222727314e+25
-3.175145096515168985e+25
1.085040423215171644e+26
-5.011880625979298073e+25
-7.715988719636332917e+26
5.017534447793437106e+26
-4.724711564770290663e+26
-3.389713675807924890e+27
1.567522357263775791e+25
-1.039384994992400631e+25
-2.007147428493683865e+26
-2.681790954422708457e+26
1.313099677624962454e+26
-7.187188718358354488e+25
1.901152861144267699e+26
-9.524112455099703536e+26
-1.583807879430138969e+26
1.703039163938829469e+27
-2.915681345456710974e+27
6.976253010928609086e+27
-1.321776942321403011e+28
2.310126617355415567e+25
-4.660051370005591661e+26
-3.111709170934119179e+26
2.468943365069777512e+26
1.826119667819909300e+26
2.057281493790251797e+26
-3.348178073932741771e+26
-1.680086210597648304e+27
3.047726669332180360e+26
2.461228345864087790e+27
1.436850702262877416e+28
-1.198060370499985914e+28
-2.550522339406249342e+28
7.376318947134801167e+27
-7.128306224875237982e+25
-1.488527161814517899e+27
1.264446211530470828e+27
3.933531814085151208e+26
-6.251308598858708535e+27
-7.447453003170879688e+27
5.431598915852526579e+27
-4.134730027993275142e+26
-5.008265440083592327e+27
-1.688696203081892689e+27
-9.185701081797127754e+27
-1.787587793866049711e+28
-2.051577979644694870e+28
-4.826345404907071966e+26
-1.544919527488770792e+28
2.973110891673371759e+27
-1.937393589949622352e+28
-6.501582433515171570e+26
6.395687087851247689e+28
5.375454864911955263e+27
1.702907470939242041e+28
-3.054122643384829206e+27
2.502593629512773506e+28
3.774450885406685979e+28
3.241087365869032868e+28
-1.371677037782912089e+23
7.836925579643942118e+23
-5.006108204989958670e+23
-3.781111936905716877e+24
2.025318855410156693e+25
-1.496197005765888681e+25
-4.703106852257071217e+24
-1.783783250253422863e+25
5.185515604663835576e+25
-2.119354121347471033e+24
2.115465240076687537e+25
4.152153772457500595e+25
4.512509779317695331e+25
-3.387901996628337013e+26
-1.878874532105107002e+26
-3.711962679359408634e+26
1.281646868491098217e+27
6.709492636484960872e+26
1.156212849042642267e+26
5.695428327030343653e+27
-1.367003346018803811e+27
2.507321361352818632e+25
-5.764197722859193298e+25
-4.164249864847637457e+26
3.056347792140866112e+26
-7.033861047482425271e+26
2.996796395481570203e+27
-5.130671576580938275e+27
4.082832053550696845e+28
9.806891249827223377e+25
-1.245619389653136473e+26
3.252646678738979573e+26
-8.528420808866100372e+25
6.124170789869390853e+26
1.170941732609511557e+26
2.246045683779928221e+27
3.345853173929239146e+26
1.486573403308328499e+28
-8.065236418671965662e+28
1.146859127474817685e+26
-1.132030744237179697e+27
-8.931506124998136970e+26
1.821749041730579381e+25
1.049360855082215716e+27
3.162605266121738608e+27
-1.247865983504385634e+27
5.431504876745042747e+27
1.121110410973693519e+28
-1.235014333691382713e+28
-1.028825665215103382e+29
3.507496228883866274e+28
2.084710276044190564e+27
-3.811163045574369666e+26
1.530662506854778504e+27
-7.103495489084231342e+27
6.618177701306285369e+26
1.103684127388464710e+27
-2.788163754731606624e+28
6.618649577690990686e+26
8.727165992270332279e+28
-3.360246366988764123e+28
-3.962668795308711744e+28
5.193714549196708036e+28
-8.434498194951156040e+28
1.239828316587509710e+28
-1.434925489245307401e+28
2.282487694425142570e+28
-9.232405935340986389e+27
-2.823061012229202671e+28
1.436044366339819893e+28
-6.564103753580072868e+28
-4.258749903884272923e+28
5.858850243918589697e+28
-8.643722359046321159e+28
-1.670347002209924690e+29
-2.345408930169535104e+29
2.420435182728892116e+28
3.801072073631706910e+28
-1.222525647974498892e+29
-1.095869162531280080e+28
3.156458024580930968e+26
8.143799906583105082e+27
-1.433194750239218587e+29
-2.792020222715796130e+29
2.311989682741979921e+29
-3.107923630161023912e+29
3.992623002238574030e+29
4.835853587364813528e+24
2.754283969838679966e+25
-1.682396178220931835e+26
8.063690308348422207e+25
2.022282190484165328e+26
2.516203814062846469e+26
-8.424709897272349610e+26
1.277410531631486109e+25
3.394390618240163371e+25
-1.946195286176593905e+26
7.764545728979524424e+26
-7.054660370103455161e+26
1.310155152645917559e+25
6.422831159046116509e+25
1.943977702597210201e+26
-2.065140478243542410e+27
-1.590698601637444980e+27
1.192490692205252217e+27
4.756077069510995129e+27
1.889542348912005219e+26
-6.344510561432883358e+26
-3.394329504813369855e+27
1.681017296105391782e+27
7.564891696835149115e+26
-6.467710723221587244e+26
7.941555777791249920e+27
1.411939968346821878e+27
-2.407291750397004929e+28
3.941824815442226410e+28
1.009313040678375816e+28
-4.357191454483830013e+28
-1.695188469516842807e+28
-1.142478879290974443e+29
1.071413736340597051e+29
-3.939357217286480449e+26
1.402964140567949718e+26
-1.261046256488378638e+27
-2.249936055808762913e+27
8.416310277048986213e+26
-2.271733012296427229e+27
-7.243209475574994431e+26
2.159448463915171072e+27
-8.893615366632455559e+27
-7.350902086665704722e+27
1.313122359596993769e+29
-2.410155306901750608e+28
-1.334539789671165849e+29
-1.828103235864312427e+29
-1.636888802891215990e+27
-1.655013571571466227e+27
5.014100445990215481e+26
-3.890333911807272932e+27
5.573394772099962790e+27
4.587960072321816206e+27
-1.852897105846258806e+27
-1.704250782985377114e+27
-9.841163158692418485e+28
-3.665363960513467459e+29
-7.047592027069161245e+28
-4.261377610006632587e+27
9.184328022620871240e+27
2.033850754167257232e+28
-7.913192327205489896e+27
-1.917252199967204521e+27
1.955764118559018285e+28
2.212832081428545672e+28
8.543749896637153521e+28
-2.896216762440596871e+28
1.390941988372946507e+29
4.836746328383815249e+29
-3.288365938266801963e+28
1.140449337160592103e+29
-4.088168646660238883e+28
-7.230378487390799538e+28
-1.768291549282017168e+29
7.028026253057555980e+29
-7.496748027287341564e+28
1.335861546979298704e+29
2.619454957550605119e+28
4.205365416174245966e+29
1.771139028966849256e+30
1.176769344768820418e+30
2.701558692944633000e+28
4.845729383973967723e+29
1.975362044865226428e+29
-1.415513133181894512e+28
8.432579601374822202e+28
-6.035495247755782684e+28
-1.193186616388016593e+30
-9.305316155559353458e+29
-2.086225657586902201e+29
2.468700034003570306e+30
-7.778075281173432151e+25
-3.924280055736357590e+26
-2.382768058053593633e+26
2.805750481805320847e+26
1.099013505436229505e+27
-4.240337239940140794e+26
-3.112036904395955133e+27
4.823886159782582582e+27
3.096279001545194712e+26
-5.065894861327053445e+26
-1.419035577207306436e+27
5.604323794869527032e+25
-2.422095032712918307e+27
2.131137725334015688e+27
-6.631102776010627813e+26
-1.298800441223999901e+28
1.148005757763705000e+27
-1.158151066758960932e+27
-7.002435711955181258e+27
-9.489572172748829135e+27
3.727722929984937520e+27
-1.002148823618776505e+28
-3.647332641290283459e+27
3.402941361242907263e+28
2.221769049400069802e+27
2.484004487871394853e+28
-9.187870969371279362e+28
9.730450051427864655e+26
4.556390995853338937e+27
-2.795752032521863267e+28
-8.082975552835430482e+28
-9.462148288832300075e+27
8.084137030188359734e+27
1.237618852720856304e+29
-3.490229940829547815e+29
8.666541825272868630e+28
-1.135550738406080597e+29
-1.258845787108577056e+28
4.207709152305940460e+27
-8.112088277440765322e+27
1.866817628792319857e+27
-4.437421619327323081e+27
1.985219267862111733e+27
-9.878202147956264585e+27
-4.215304742430089137e+27
2.905458666888357552e+28
-5.203369527818342242e+28
-1.891228488261777896e+28
3.067724002191010338e+28
-1.583048087358230833e+28
-5.794719725718214485e+28
3.058991101400047627e+28
-7.680885771794745283e+28
-1.129987844743076437e+29
-2.884516260295720150e+29
-2.021107281270809109e+29
-7.549393335544391601e+28
7.335890911116259890e+28
3.997969766294672533e+29
-5.708015392651634020e+29
-3.079323394985827580e+29
6.792937987122803491e+29
-4.721565990449265255e+29
-2.449459904843746057e+27
9.657603526165746758e+27
-1.160822072459039694e+28
1.520572607492153925e+28
-1.537566811477236296e+28
4.490491646711870841e+28
1.821642822177590261e+28
-1.596761312839171003e+28
-4.763005048152148058e+28
-4.442280601573590347e+28
9.990383714208755483e+28
-1.564282312511879526e+28
1.866437699402412239e+28
2.301273300716837582e+29
1.962936608489047135e+29
-7.165403544462160934e+28
-4.931560936125772387e+29
2.781117699783218415e+29
-9.237713494649146269e+26
1.148783761508705383e+29
2.973840551608578820e+28
3.580894835445013972e+29
-1.544040737629838652e+29
3.327586114286758806e+29
-1.557802681591305964e+30
9.269010960313269259e+27
-1.550946436003003430e+30
9.747735678466098593e+29
-1.058778227821991977e+30
-4.037931837677675727e+29
-4.459210871213153686e+29
2.844787248734142196e+29
9.454979077867217438e+29
-2.610680652632855223e+29
-3.183765675276941813e+29
-4.903861469420842063e+30
-1.395988194139619645e+30
2.297342781413491041e+26
-6.061101619679256279e+26
-5.860384734718408385e+27
1.383292493296721440e+27
1.786687390046516460e+27
-1.014011849395982361e+28
-4.338539737025353077e+27
-8.901521028064686918e+27
1.448110495013120155e+28
7.537915160898033332e+28
4.475215039243352255e+28
-3.339378571396566614e+26
4.541094905797971786e+26
6.642704106744392587e+27
6.568727530836347340e+27
8.417412089845869817e+27
2.587588335309181650e+27
-4.061316777992281650e+28
1.297315299816603518e+28
1.006491842828361848e+29
-2.077792531352277510e+29
1.269781735644754505e+28
-5.814445820586466768e+28
1.092238944319911983e+29
1.103957237368555529e+29
-1.455382264983317534e+29
-9.021505706130264404e+28
-6.741766462126264030e+28
-9.215198769311023499e+29
2.082021397712468552e+29
2.390397641731113904e+28
1.458214281725620087e+28
-5.133079331927175282e+27
4.480905340530023177e+29
4.580286703635942777e+29
4.710419250953270181e+29
1.091451898297441334e+30
-4.257532837971650640e+28
-6.015579179615814589e+28
-1.941535426622212331e+28
5.114726888552502252e+28
1.586274705872892432e+29
1.476657437379644600e+29
-1.192795316576316389e+29
5.527851068745201863e+27
-1.403090090318382766e+29
-5.341315255741460127e+28
-1.649138342280688634e+29
-9.990125246736173009e+28
-1.396917359731732540e+29
4.461457956560557864e+29
-3.723506436166722000e+29
4.934180496280498157e+29
1.421580356736004248e+29
2.393506250386841200e+29
-2.508810807972089024e+29
1.742340759706675088e+29
3.398808817196446019e+29
4.933052696830539303e+29
6.602155587548093516e+29
-1.231469164500480128e+30
3.550581092444279585e+30
2.280341601072953656e+29
-1.708827316932626211e+29
-4.026774827681884194e+29
-2.083090291847336504e+29
-7.656329449560753812e+28
9.585093934806873113e+29
-5.019242728100581690e+29
-2.958920553724068317e+29
-3.090754336305459241e+28
1.721131464946029817e+29
-6.524852120323613879e+29
1.552843973048734370e+29
-3.834022612451996571e+29
3.280226092559876131e+29
1.795625876833617386e+30
6.153828539806492826e+29
1.825010037951886639e+30
-9.439260928114273118e+29
-1.497784398575563510e+30
-4.756713508043888139e+30
1.089119875181286852e+30
1.081742424642161434e+30
-2.622207877279856651e+30
-4.085509494791349142e+28
5.981185741771269544e+29
2.267380781573254488e+30
2.165956909464902136e+30
-1.369404082750639484e+29
2.381925157136588689e+29
-5.474893886302311767e+29
-1.592631803595425784e+30
3.106230837541493353e+29
5.488518726184700060e+29
-1.694646059442860696e+30
-8.924565968967374986e+29
-1.257712418190246864e+30
-4.704288914121784838e+29
-2.678025676148399696e+30
1.648446118026854781e+30
-6.379355046128758418e+27
4.107708175787443491e+27
1.420904024544611784e+28
-1.022059730385034067e+28
-6.382670870912909531e+28
-1.579169398292972550e+28
-9.617300148861965874e+27
-1.216396303590157661e+29
-1.527089600950015921e+29
-2.975752095662663104e+29
1.497156844847404997e+28
1.357092504683977572e+28
-1.222061261513151645e+29
-7.602272145355585515e+28
-1.182047661470307416e+29
1.158303573677995228e+29
-2.724484190164069175e+27
3.401291104145238621e+28
3.604569754354575675e+29
1.369915684813315568e+29
2.118973511959143935e+29
-5.417071204094670211e+29
-7.098057740906863247e+29
-2.398537807139141979e+29
-4.218838935270844394e+29
-8.739151366836661023e+29
-2.457429830019265385e+30
9.428415955357693271e+29
-2.118142093429288530e+30
-4.254182431594755019e+28
-2.459827440558119569e+29
-4.810693463230658469e+29
-1.767073929412550785e+30
-2.220391487087744297e+29
-1.028146685715016864e+30
-1.175637119409704058e+30
1.082772404682844437e+30
-3.459621705943219444e+30
-6.911352978118676165e+28
9.097302825524235965e+28
-6.958691565360500446e+29
-1.384791000077015921e+29
-1.328769405015370298e+30
-4.000414956903150727e+30
6.983626335117062768e+28
1.946177500368167240e+28
9.298574549357954883e+29
-1.804639450800385170e+30
1.145591855043451845e+30
-2.437919403224732160e+30
-2.251257951138649828e+30
2.632339581538737701e+29
-6.827936641837110740e+29
-1.018414080330897125e+31
-3.849293349055066491e+30
1.226375047274550458e+31
4.294123986521021230e+29
-5.799630439535654143e+29
-1.149532095136195349e+30
-3.447676230155429929e+30
-2.150425496483660734e+30
-8.459453377682078356e+29
2.344359099561673814e+30
9.092311017901242921e+30
-3.191487538722172043e+30
1.478958317972341956e+29
1.862965246414521387e+31
1.043305518648430346e+31
-3.204527049675042099e+31
-7.096222785831798515e+28
-1.881448397144565448e+28
1.328820350436537789e+30
-2.138020569747092506e+30
-2.809504809122337831e+30
2.199577783069575003e+29
-3.066807634194807645e+30
-5.454252450826347128e+29
-8.011165359665399606e+29
1.452523697237341351e+29
-6.475248798192101683e+30
-2.659907570695265445e+29
1.300516875221642737e+31
4.326837836703209352e+29
2.363216192122214483e+30
3.404266249525907813e+30
-5.390003107450617782e+30
3.415989993784134280e+30
-8.966913862822259531e+29
3.230925780771925440e+30
4.464319377641261241e+30
-8.648407101115243343e+30
1.090506238112697339e+30
1.532598095752593829e+30
2.447446915030833079e+30
-3.520003088134053187e+30
-4.755375093490081645e+30
-2.507539834580071789e+31
-2.162308335101079476e+31
-4.747049214686644019e+31
-4.898529981414221976e+29
2.285013659571814344e+30
-2.282726854918706295e+31
1.859804590666290304e+30
3.316286339801428857e+31
-3.777132918556195113e+31
1.567349483831307410e+31
2.960988159991139659e+30
6.466558993780504007e+30
-6.592846097225408512e+18
5.206340440178466816e+19
-3.302760390429998449e+20
-1.469981562557649125e+21
-3.271052061278910546e+21
-2.664815790031680045e+21
1.354393173732536521e+23
4.972743153614379077e+22
1.007269111402468311e+20
3.895594408345797132e+21
-4.573944550796850889e+21
-1.637996337429786783e+23
-1.824647821308659866e+23
-3.831232771274612545e+23
1.727208161224507143e+24
1.199136561877619868e+24
1.331356810781508869e+22
2.747168731013177357e+22
-1.859306904897495184e+23
-6.577506800234100068e+23
8.961852448507279882e+23
-2.904366467275494535e+24
-1.617949852825382740e+24
6.321037557933923318e+25
-7.144518987951493454e+22
-3.756141275047225333e+23
3.062788751648264112e+23
-8.854910150218393793e+22
-9.110740221717160248e+23
-2.024494011725311654e+24
-1.020407470190416028e+25
4.171198059195997981e+25
-2.705315427050261617e+26
1.043072686169954777e+23
2.466698812086455317e+24
6.983913578571065794e+23
-8.784256983997819482e+23
1.531894441271842975e+24
5.387230269714168348e+24
9.693355807781126280e+24
8.008082440662086117e+24
9.341408589199325805e+24
-2.178796079211334980e+26
-8.732293630040858516e+25
-4.079966947141978381e+23
2.915138140249676912e+24
-7.204215460760376847e+24
2.164131040357734542e+23
7.998606087642531253e+24
-1.360790263947025650e+24
2.610400690519207213e+24
2.458996626554962047e+25
-2.927710110079734658e+24
1.175892458479957187e+26
-1.550998976555713909e+26
-2.498279797705003614e+26
-1.016333881715967352e+27
-7.759200705062277292e+23
-6.290192235579295450e+24
-2.388705901943632730e+25
1.352604283382377912e+24
-2.517668327361413700e+25
9.852141953121527467e+23
5.634876330627311392e+24
-5.631694075865719636e+25
-2.126044286204971682e+24
2.755723332867671232e+26
-1.936049959950322051e+25
4.563327435078158434e+26
6.044945285144223347e+25
8.526391472832583346e+26
1.366017310398134077e+24
5.398399440967833263e+25
9.794113102074484674e+25
-2.542122970522588286e+26
1.400087961871668086e+26
1.767663108876767819e+26
-8.625444720898969219e+26
-2.325828445564074216e+26
1.675074846995965524e+26
1.042217178741336518e+27
7.365477412174063436e+25
4.947856754595923613e+26
2.175605106269303463e+27
-1.889209757975101098e+25
-8.413398785104024553e+25
-1.187415622504651553e+27
1.801621362967687840e+27
-8.704508947030343102e+26
1.455021329395844787e+26
7.770036811235252199e+26
-2.755456873368890867e+25
-1.133302335766975098e+27
-7.086755087140964005e+25
-4.911439004027737711e+26
1.945471240768711848e+27
6.179915054685848863e+21
-7.383426113806619850e+22
5.764408800532553427e+22
1.068043796934320298e+23
5.372844802810906317e+23
-3.491761689125601715e+23
-6.579873888962061963e+23
-1.917016825066020122e+23
-2.883830239378769686e+24
-4.637460593135609035e+24
-1.581595235623378020e+25
-3.974668931735443863e+25
-1.169655993108977369e+25
1.126438304486037965e+25
2.365185735315648131e+23
-3.528425835513667259e+24
2.174034951756407651e+25
-1.169338705899124001e+25
-8.669528274965308428e+25
1.500508952538449984e+27
-1.231053061892678720e+27
8.876253718746402401e+24
-9.192476983520983473e+24
-2.295418224786296008e+25
1.034138476357642960e+25
2.026221067349347064e+26
1.782624668820884154e+26
-1.023386297132947666e+26
3.659849969315990674e+27
-3.064735996583340670e+25
2.180015312711112929e+25
-4.303288915926878549e+25
-4.282834325842544311e+25
3.737674588906169896e+25
-1.074662547010760947e+26
4.893734852596169517e+26
6.324776355756883905e+26
1.395861477408848309e+27
5.860843190215705061e+27
4.544909238456314716e+25
-1.615838900469932464e+26
-6.836838993546332406e+25
-6.649120111463508264e+25
-1.105650567338623009e+26
1.191880024131317203e+25
-3.370780086555509945e+26
-2.345814892800743271e+26
1.309513526210462789e+27
1.825267206329349394e+26
7.748511444051049730e+27
2.348887366977344298e+28
-2.213129102461764258e+26
4.478593540147433016e+26
6.865802232660642878e+26
4.244182770729661502e+26
7.811588585581149086e+26
9.417120673001355411e+26
5.616182977913053929e+27
-1.458374208096916855e+26
-4.456122613621230433e+26
-5.414078101889154550e+27
4.726786753599827234e+26
2.056509860456145590e+28
3.158976955899568136e+28
2.686835064816668797e+27
3.656281935004070405e+27
-3.506946913326246199e+27
1.977601184994644296e+27
2.800252557216230252e+27
2.950786401037826791e+27
7.299095507171879302e+26
-4.420660333544804565e+27
5.827456311866919235e+27
1.211742002221239043e+27
-2.406368927881800935e+28
2.478698058556824156e+27
-4.140252509942703804e+27
-1.540641871812205966e+28
-2.070347109457664401e+27
8.697686832587579026e+27
-4.069683753680799628e+25
-4.248307732172825480e+27
1.967623470450390516e+28
1.544013882380142719e+27
1.773153779079582096e+28
-1.209728506298640301e+28
1.473683907925908953e+27
-1.001120969787114869e+24
2.063875245272653648e+25
-1.440163983049769187e+25
-2.849132397908616806e+22
6.943082868641218678e+24
2.137156869807013464e+25
-8.465012731827616506e+24
-3.901899739218165821e+25
-2.037510694089823729e+26
-1.473641938805948074e+25
1.407745324115247525e+26
4.481205850254033073e+26
1.891788881741976145e+26
4.524725254253084793e+26
-2.433033366884539503e+27
3.844381170561722284e+26
-4.775302495225506934e+27
-6.919450081878804306e+27
-8.771023433525877272e+25
-3.678660016844652617e+26
-8.983613903993694294e+25
-2.253376529173188553e+27
-1.622942448903141496e+27
1.015932979858651108e+28
2.450564872228646455e+28
-7.935838189350552230e+25
5.823221185909230531e+26
-2.605478909920538217e+26
5.055975346835481600e+26
2.072538074931796989e+27
-3.577986092512257544e+27
-1.387362422069314957e+27
-1.295660830491627193e+28
-3.518126531275606255e+28
9.552690897224500935e+26
4.060208106143741021e+26
3.092648694110332144e+25
-5.070701489349367449e+27
4.694125532463073772e+26
-9.340602528370121363e+27
-1.726051102054718968e+27
1.272399948618851986e+28
-9.731582541110747004e+27
1.700755985761172492e+29
1.414907398920968884e+28
-2.599001982865068916e+27
7.603007873528148540e+26
-4.465185338447154586e+27
4.728286137561020685e+25
-1.489337114251988961e+27
-5.824522031072089171e+27
-3.632491193425315496e+27
-2.063392176774085373e+28
-8.407060779815280447e+27
5.685778430615789257e+28
4.090897121163449744e+28
-1.293103440228348946e+29
2.323901673345830274e+28
-5.126367941732742938e+27
-4.455151415312257511e+28
-1.083852790032218970e+28
2.783653275697765037e+28
-4.654509731101895661e+27
2.067195985432029306e+28
-5.954483552195187908e+28
-4.596831084910881135e+28
4.300715010618560784e+29
6.597641671486607120e+29
-5.766079995942150683e+28
-2.144474650945197785e+29
-6.054382978303434484e+28
4.798453852138558550e+27
2.422283765043116703e+28
1.283283960901803637e+29
-1.857476414609417310e+26
-3.109267330617055108e+29
-2.115989479506286843e+29
5.700059286023441471e+29
5.322036240989190319e+25
2.391361608601195644e+26
1.120199535955856571e+26
-1.750253857987299032e+26
-6.166921155571450930e+26
3.011146747660500485e+26
4.487815626290400537e+26
2.018958725712883829e+27
2.199549617628112756e+26
5.169303072512821254e+26
-8.301273307457950984e+26
-3.912764530397646793e+26
-9.501947665272028159e+26
1.542759588086935209e+27
1.546468553356182850e+26
1.354126398119234308e+27
-1.419840333607463275e+27
8.610483366988902900e+26
9.484577340152136136e+26
-1.667599303950217472e+27
-1.009810698206913243e+28
-2.598021534264104298e+27
-1.548084848111137600e+28
1.981808492186607973e+28
3.233908173008243898e+27
-2.284713652789799269e+28
6.087420932026202608e+28
-7.049110533607390656e+28
3.509349487073793391e+28
-6.295340946923574451e+26
1.406825776344393602e+27
2.980474570751279223e+27
-3.764964188011221700e+27
-2.203564480381845885e+27
-1.289077006005125951e+27
6.938163005354603923e+27
1.310350277267522001e+27
8.861224115323536842e+27
8.146947606739684503e+28
-1.463216403533389254e+29
-4.612609437930548553e+28
-2.288166164788464236e+27
-2.551080521645076443e+27
-1.653647955530982032e+28
-1.364202338136189691e+27
-2.179943893528869068e+28
5.426107613199887905e+26
-1.450477128245913408e+28
-1.807720086448188618e+29
-4.178624442024475537e+29
-7.202661554361300118e+28
-1.296602464500506135e+28
-1.094390362693431224e+28
2.608191194435050783e+28
-9.679976437128575276e+27
7.800248216424582655e+28
-8.373278749568105961e+27
2.004357284050095391e+29
1.406329670658233253e+29
2.000213648901992832e+29
4.863438322114082980e+28
-4.911814957767250323e+29
-1.772330647657033238e+28
1.237422063460469425e+29
-3.120847964022903397e+29
-6.599291907936006121e+29
-5.348566425495384582e+28
4.387813638310520004e+28
2.997468601267997707e+29
-4.697551034673092654e+29
-1.973899152878940472e+30
2.767782137439814205e+30
4.832092549745782433e+28
-9.556268565916736151e+29
-1.137464591054877302e+30
1.426309415131128353e+29
2.256015694340974863e+29
-6.623691323800047007e+29
1.285406316320257950e+30
7.568494246475674495e+28
-1.170526361692140438e+29
3.554558074398373753e+27
-1.573553771759191213e+27
2.258462322317268726e+27
1.505163793846898188e+26
2.784705905218323720e+27
2.767421085919916312e+27
-2.282171904503111988e+27
1.254131532775056624e+27
5.130408433734426191e+25
-8.872351975232221415e+27
-8.026751321122079023e+27
1.993504579567702608e+26
-1.886882847247194094e+27
9.978635791475089222e+27
-2.201116859172237249e+28
2.942722735285836483e+26
3.533276153713788475e+27
4.442684305138200743e+28
-6.127439265839136720e+27
-2.710536777260302020e+28
5.041827565057866021e+28
-5.886324356056135931e+28
-7.324917821745750419e+28
3.270344072528776524e+28
2.144996008412858708e+29
-1.406177109370581594e+28
9.296371960402680347e+27
-1.758152322579080473e+29
-8.088713834856952145e+28
9.906650935251989499e+28
4.862700506009303144e+28
7.789076984107782561e+27
2.253544281474827405e+28
6.854483378732953432e+27
4.001341607699769415e+27
-2.535752235857555582e+27
-1.867829305392685005e+27
-8.565520594362509936e+27
1.400270293540866435e+27
-1.675999935717882014e+28
-1.490547474453181632e+28
8.933490683005128128e+27
2.852476988938679355e+27
-2.117010651096923200e+28
-3.029719506930021619e+28
-2.183889154985476626e+29
-2.976998018327381467e+29
8.951075652565532505e+28
1.407007685610240437e+28
-1.946552870842901942e+28
-2.375228474674335591e+29
5.982104718492132414e+28
-2.383542985948298428e+29
3.505929191790139223e+29
-3.302146645492566110e+28
9.095615196425506358e+27
2.203802115407826564e+28
3.520515092266758433e+28
3.476069925273112062e+27
2.669369798716366249e+27
4.301494084307027707e+28
3.860714787300123437e+29
2.589376063179002559e+29
1.418223272176017643e+28
-3.658833283373927736e+29
6.553996783821171328e+29
9.188303731025860994e+29
-1.267124689551121352e+30
1.479796211043143274e+30
6.426077887031767348e+29
-5.115637734261598892e+28
-4.117979920565103585e+28
8.805963999284635747e+29
2.093766390233770514e+28
-5.705122409088643200e+29
3.298040421334376690e+29
2.111582437261960109e+29
-7.628241117100840541e+29
9.213463112971187054e+28
7.743362900460188957e+29
-6.607369980582731382e+29
7.291586457987344038e+28
-1.253628347834178559e+30
9.056503486825539095e+29
4.779323804858287078e+29
-2.091107533849436973e+29
3.166887826266451341e+30
7.933875126806564955e+27
6.212681171357915685e+27
8.669612975522229370e+27
-1.309895507518837599e+29
2.024945315846877139e+27
-1.466621796300928860e+28
1.824607333301788494e+28
2.645894481337751786e+28
-2.958819186172005526e+28
-1.401376525171221324e+28
6.433745277569272610e+27
-7.319439736951214124e+28
-6.408906683923694515e+27
4.521533641124363110e+29
-2.080491898389511962e+26
1.418285193101459670e+28
-8.533677021605759588e+28
-7.533031613478644279e+28
-2.294307060753416579e+29
-2.049003052121909880e+29
-1.410360158623252592e+29
-4.995742237041788763e+29
2.685579812699206312e+29
2.332670733746177615e+26
-4.359313696799160291e+28
-4.215092637257090248e+29
5.664164618504081842e+29
-1.391882286948839031e+29
7.853068100655489043e+27
6.941277052244416055e+28
6.619229217769524118e+28
9.237417048406145599e+28
-2.416008479742328947e+29
-1.100252371115756103e+29
1.165571102811568840e+29
-1.802260880952454140e+28
-3.890444312996542607e+28
-1.837655636846628738e+29
-6.279116072730672323e+28
1.568432132603527456e+29
7.952928985255281232e+29
-2.215091536142063308e+29
5.755168271993552966e+29
1.151530308939739174e+29
-2.571935878809713409e+29
-9.439656765301790945e+28
1.316802439084598932e+30
-5.143875451712400258e+28
8.458418848910584190e+29
3.572074600736099894e+30
1.298437441831109932e+30
1.961221612176400745e+30
-6.748501444561645962e+29
-9.147273686548054806e+29
-5.029386223640511357e+29
-1.267116522259983590e+29
-4.075892676316422712e+28
-4.817516221517795161e+28
-5.014660340659338728e+29
-7.119686280373415028e+29
7.130894183323308493e+29
-5.621084080443133298e+29
3.245669709763298404e+30
-1.958434524386798711e+30
-6.250890393808251449e+28
-4.602112013285255535e+29
3.170577496992177332e+29
-1.975021743315164014e+29
3.585695939415696721e+30
1.757967147544844920e+30
1.813399992481989882e+30
-7.278725805708943266e+30
1.208978175405539069e+30
3.821990229723829371e+29
-1.925379843746729812e+28
-1.567819190808220482e+29
-9.331954908826151518e+28
3.947101936387460051e+30
1.402261707033203592e+30
2.305774643879375200e+30
-3.791133372678968308e+30
-3.866775604303386403e+30
1.835282980515509831e+29
-5.543261621381658080e+29
-1.485610991688875700e+30
4.673094151896679046e+29
-9.887995496148398851e+28
4.980487707157064583e+28
-1.387499763525885493e+29
2.169409301018781913e+29
4.691694815365818776e+29
-2.392270039365211578e+29
-2.690610769568393735e+28
-1.049472583534125423e+29
-5.959445011270626445e+29
-4.889456753438830126e+29
3.470505585650694443e+28
3.070822530125230573e+29
-2.733539450107263648e+29
1.443878706943528212e+29
-4.602664498512299347e+28
-1.699436676982846733e+30
6.011986920444712061e+29
6.432751898222955001e+29
-5.339298431267993008e+29
1.138211809623994227e+28
-4.606098346534109297e+29
-4.304544855765253381e+29
-1.822351962896401065e+30
9.637676886373129277e+28
-1.464177276276499231e+30
1.911188311553386876e+30
4.999573119326205682e+29
-1.304687783946420299e+30
1.335051243197197846e+30
-1.810081408686262600e+30
4.666999296200206688e+29
2.532035418011945486e+30
1.841162610813372903e+30
-1.403135644966499778e+30
-3.470633602676035036e+29
-9.401116657196632489e+30
-1.681568676902493326e+30
-2.898503432075968524e+30
-2.400131572546689321e+30
5.771960147969986941e+30
4.029372804243268749e+30
2.032130530803505303e+30
-6.080559264503412695e+29
-1.737159088101180648e+30
1.869116556095141777e+30
2.355240767149640697e+30
-6.374842547718090728e+30
1.008493883115484914e+31
-1.495392910557088689e+30
5.654972987102892807e+30
1.208511150637785143e+31
-1.941053555975106876e+31
1.120770668745724642e+30
-1.433479036908946958e+30
-2.317355367139652416e+28
-4.594965188576261646e+30
-1.867478993626648114e+29
5.459366195852294148e+28
-3.719333670219586984e+30
-1.052999663679219801e+31
6.720194748418878314e+30
6.257727339048390223e+30
-8.243891330763143285e+30
1.679257633400101136e+29
4.330864163775499505e+29
-8.296354044050936569e+30
-2.484182800331028241e+31
3.190073191300960968e+31
-4.228854847274005334e+30
