-3.272546745141448000e+16
1.857193386575671296e+18
4.930454581263565455e+20
-7.364687491914347315e+19
-2.208015770007176217e+21
-1.156922209919214289e+21
1.965537969176999205e+22
4.178419679787223509e+22
5.109552372547786585e+22
3.192148973938952704e+18
4.768963092145683825e+20
8.246127090384532144e+21
-9.696056649234068275e+20
-6.459829574717624497e+22
2.710169708827318482e+23
-1.032840882809600244e+24
8.124617203223749963e+23
-8.793951774713739104e+24
-1.538215828887724360e+20
2.782621094276627012e+22
2.144486219434978705e+21
-7.990364703701173996e+23
1.669840599390793878e+24
3.277204294752994643e+24
5.790103390853708395e+24
-2.226146523450088135e+25
-5.851427868269940874e+25
3.410160356133874172e+21
-7.461226203468522534e+22
2.561025394765769233e+23
1.135374435844194063e+23
-9.623168833811189334e+23
-8.755175357732204682e+23
-9.143731844118020377e+24
1.472822252211085723e+25
-6.512447330426176252e+25
-6.267012480582935619e+26
-6.840827049804966134e+21
3.533380188242272322e+22
-2.425571354200212851e+24
3.241282196035240680e+24
-2.012784011919434516e+24
-1.969439353519538323e+23
7.648902050915223622e+24
-3.312140831297634237e+24
-1.380730528015856109e+25
7.494239906986333122e+25
-4.776629852316524381e+25
-8.163918546459154217e+26
-2.326916317834238755e+22
-1.493414807396788463e+24
9.700595431739856467e+23
8.213864228264221197e+24
-7.651494352489164097e+24
-1.826727066066996769e+24
-9.162250178669309115e+24
-4.420381919494869237e+23
-6.528341725489962327e+25
-3.562313347415664241e+24
-3.280326226274893497e+26
2.457230393174616602e+26
1.280587948187102922e+27
-1.869416268406653837e+26
5.832306373625862370e+22
1.638561575729946876e+24
-1.811778386716915473e+25
4.396934890002690991e+25
7.752679882178336519e+24
-4.783084121185696166e+25
1.329558971112412677e+25
2.297636479936245280e+25
2.485905445353876418e+26
-5.775083471613900983e+24
3.499413949360599840e+26
1.349103077111217494e+26
-2.088311292352665238e+26
-1.541396773224648406e+27
1.003376121081140046e+27
1.154962709645472301e+21
-2.670912770707173444e+25
5.593798313016279274e+25
1.235128938330822801e+26
3.911399965146828703e+26
1.654742884649845184e+26
-1.675965353639379316e+26
-1.728205241242288028e+26
-1.617007046498492909e+26
1.616802548439679727e+26
-1.321368813896129540e+27
1.361612167522002322e+26
4.648434421557461909e+27
-5.881787844887489988e+27
3.197709298529496937e+23
-6.155541726346844370e+25
-8.263097639614123356e+25
1.168362892102761084e+27
-3.054427616180568071e+26
-7.069658851745268212e+26
-5.005476903728664558e+27
6.073334597405848167e+25
8.158704048674679696e+26
2.498354376467492309e+27
-2.955224666457957632e+27
1.709717673323453680e+27
4.653705059886200973e+27
-1.501481241316305404e+21
-5.444208213931744821e+21
-1.561433254450988214e+22
-1.652840276555139981e+23
1.745522559182944065e+23
5.573536233549922325e+23
-1.021821069162846481e+24
-6.369071963008708347e+23
5.387281153567244513e+23
-1.939753095042293203e+24
-2.668253153862142946e+24
-3.097472114891050585e+24
-1.047130966473196200e+25
-1.423617158086970009e+25
2.890986591210134958e+25
4.014489177030721216e+25
9.969638894995084044e+22
-5.890085271268291447e+23
-5.552009256904166465e+24
2.029134270868701880e+25
3.014007573569399481e+25
2.413697491837945904e+26
-5.736885394846000901e+25
4.554969446628414157e+27
1.046595160598063270e+24
-2.768378731337958923e+24
3.195839702000782517e+25
2.718085385396350160e+24
-9.504481245589301040e+24
1.925945466665542441e+26
4.305253544527543063e+26
-2.024505334074084572e+27
-2.045610675554805673e+27
5.425481257471590986e+24
9.358484504554564624e+24
2.681735808618750849e+25
-1.975859678534700285e+25
-2.427538275102119393e+25
-4.702789355783906112e+26
-3.227069930219249458e+26
7.738132057535646900e+25
-1.263726719179116948e+27
3.340633293367105275e+27
-7.718709419455062091e+26
-9.945705123684280173e+24
2.704925578227403839e+26
1.289559658467460852e+26
1.967526727408430809e+26
3.061165733136530392e+26
3.612830203511038947e+24
-1.556540847588457047e+26
-1.154148764609865444e+26
7.317711886482984133e+26
6.056475653888990547e+27
1.499540253692481265e+28
1.814214536164700046e+28
-3.837588162994073061e+27
-2.569532294141750372e+24
1.207523809447106732e+26
5.788091972919055545e+26
2.414700448776075208e+26
-1.396264396384510184e+27
3.051450251535603569e+26
1.705231246835667784e+27
3.293498583096023936e+26
-5.994861958232365127e+26
4.312694388640363530e+27
-4.146846920363401784e+27
1.474932321716417520e+28
7.559102474832880026e+27
9.731544961205579471e+27
-1.923315146778420222e+26
-3.245316981632299102e+25
-2.656935186549043751e+27
1.201576230884994239e+28
-3.468500574688238852e+27
1.660639350150309181e+28
1.866319772843493177e+28
2.549835422769216002e+27
1.163430388776045216e+28
-5.946429089080069354e+27
1.294736346303504980e+28
-1.947086406244506459e+27
-8.212411340340846443e+28
5.920500332864697043e+26
1.381520195554878532e+27
3.732047252791018618e+28
2.707581921558539654e+27
1.508641486678707537e+28
1.321333784929827102e+28
2.184918576064959652e+27
3.321180874441475519e+28
-5.655058252326700241e+27
-2.776817893213942143e+28
1.861094609725224801e+28
-7.879516345881877233e+28
3.590195434831542957e+23
3.600249574020927508e+22
-8.015333576949434480e+23
2.648926417991592353e+24
-1.075795049817374296e+25
-1.390523480589729775e+24
-6.609038787942142823e+24
-2.072765801880602951e+24
-3.454411858629638367e+25
1.093713129343950882e+25
5.054295630819627086e+25
1.059121960530670856e+26
6.533069239145702316e+25
-9.638475210903158441e+25
8.982451681089333472e+25
-7.498215077310884246e+25
2.067114605505731391e+26
-1.812486350158722634e+26
8.651560699150965349e+26
-6.303629853098012151e+27
-2.229183232423482072e+27
-2.380667164106143214e+25
-7.337800455365078124e+25
6.452654860570277087e+24
3.836401365005952688e+26
-1.117237283868109026e+26
2.017291262300494282e+27
1.979918278124766396e+28
2.088385689443150399e+28
-1.263409890578676466e+26
1.159041148194345512e+26
-2.201088949088745443e+26
4.962385270417994356e+26
2.537031261987548908e+26
6.426273604616105033e+26
5.510181093714363418e+26
-5.282954459154289585e+27
-2.382089601599896382e+28
5.033234877349688523e+28
2.104948556736363900e+26
-2.305704400211437802e+27
-9.107270374166085776e+26
-1.541608172810148002e+26
-3.527393246882726097e+27
-5.227040614139779038e+27
-7.833349888020293891e+27
1.959994362098192160e+27
6.151262682658309819e+27
6.117439476571327363e+28
6.064125950523216753e+28
-1.326388822708053826e+28
-5.676481623477218106e+26
-2.332173583840354812e+27
1.017956183578140546e+27
5.881758737681166086e+27
-1.118543496701519700e+27
-4.123972388230607502e+27
-5.259707230833444139e+26
4.033346477145076972e+27
-2.520727264725119841e+28
2.824413236447422967e+28
-3.245915362107656698e+28
1.274822856571404934e+28
2.574476912921613532e+29
-1.548681717759730157e+27
-9.432838764314764881e+27
-2.514971199515302445e+28
7.279438532106511308e+27
3.838965769578353764e+28
5.688360288620782306e+28
8.913632303589419033e+27
-1.316672153989791428e+28
1.409674252135277921e+29
1.170099677150779000e+29
-2.881797257203510594e+29
7.415176564844453606e+29
-3.975326426868404536e+27
5.098897874739688286e+28
1.546827212559547489e+29
-3.578862081087947359e+28
-3.180181505715900496e+28
-3.972584929989194220e+28
-3.137492339493431721e+28
9.862883158798966438e+28
4.194460917267288965e+28
4.834009292644351663e+28
-3.540082148702696117e+29
-2.186772719693310443e+24
-1.156472334475647966e+26
1.491011507700228182e+26
1.367303328191994214e+26
2.115078112240190393e+26
-2.317236482161384923e+26
6.035013603522630716e+26
6.390371822293839338e+25
1.754894669829400048e+26
7.207737648670713410e+26
-9.990207926728697005e+26
-5.933090537010171691e+26
9.513211406443634432e+26
-1.457943924942054070e+26
2.497677320344431886e+26
7.207729835172582362e+26
3.151949229395039583e+27
-8.208922414919863907e+26
-9.131014400243587708e+27
1.029983023722479959e+26
1.699437150795966031e+27
2.934198952394502488e+27
-3.726019175704951209e+27
2.272796760663769612e+26
-7.483942445653718056e+25
-7.372924801359479526e+27
1.146680952185117472e+28
1.557289493375442740e+28
1.738620925709772982e+28
-3.782744812877354210e+27
5.715988668687921196e+27
2.944005165323578147e+28
2.319478120661291751e+28
3.570595660608694616e+28
2.109353810311887541e+25
-1.196624006610167721e+27
-1.937236374296741563e+27
5.389897569336661225e+26
6.081207908636003902e+25
-3.380169987638847901e+27
-1.314865763103637503e+27
-1.237714920393240903e+27
4.181839083938894203e+27
9.766471655936632304e+27
1.017855998331032340e+28
3.141963010831598970e+28
1.942453627159647564e+28
-1.022744237368756279e+29
-4.340993844146383077e+27
-4.195279856230511708e+26
-2.492933248754944639e+27
3.971975221722385484e+27
-7.647327147570053740e+27
9.186761138893367671e+25
-1.250172404128868967e+28
-1.016829205907433466e+29
6.029114628560791421e+27
4.964153328661098945e+29
-8.242663733374973940e+28
-1.062463559396137167e+28
2.910216627129137491e+27
2.069819218861925704e+28
-7.833327225570946114e+27
3.217548832990279456e+27
-2.810494865591417729e+27
-1.225797988717702183e+28
3.162341257980177219e+27
-1.423046872784114889e+29
-2.690911692950827612e+28
6.740552009916069530e+29
-8.126192846246018274e+29
5.322219614272996376e+28
1.004374904048317127e+29
-2.953392539643057369e+28
-5.254184308780568674e+28
-1.649306039062724335e+28
-7.496845008456874118e+28
-1.886335228988650474e+29
-1.874490654517113323e+29
8.137278900354669090e+28
6.501238607282958605e+29
1.425082511451211049e+30
1.387285181499863306e+29
-3.571156727628669805e+29
6.859740729533274021e+29
5.808289782740966814e+29
-3.762208960177392103e+29
-4.959893922483834428e+29
7.035434435670157092e+29
2.858792411047292401e+29
2.485693726291048682e+30
-3.163085260024637795e+30
7.610459732717580988e+25
-3.982423286011593774e+26
-5.673755132829269714e+26
1.815802459332871918e+26
8.544101125801218904e+26
-1.525416340207469374e+27
1.332334776991118312e+27
-8.852377619882721411e+26
3.544748483455459738e+27
4.721886706782325088e+26
-1.633840258186723320e+27
-9.591039137040696480e+26
-4.873766748313688147e+27
1.763383623890097027e+27
-4.593823035015550306e+27
-6.330928667250556593e+27
2.144978889310497749e+28
-1.373175661566169758e+27
-2.516074137608509552e+27
5.716980476323650790e+27
7.622985707399909403e+27
8.946035701454665637e+27
2.057505481880999231e+28
6.163882793596374492e+28
-2.221973030417412845e+27
8.910437382415553331e+27
4.337271141646155736e+28
-5.851645225548519789e+28
6.717731446328175221e+28
-2.097035162414384454e+29
-9.876080048317355563e+28
-2.415042881083839060e+28
-9.134131437126385504e+28
-2.721844256666872559e+28
8.688153475053587634e+28
4.745887190916938147e+28
-6.607180024769723717e+29
-1.098067834735824770e+27
-1.549823792673942613e+27
-6.454912008489707776e+27
8.197620027426426971e+27
4.602193465887954320e+27
5.937809968210456901e+27
1.622840238400349684e+28
2.055009375812201488e+28
-1.126682122535335115e+28
-2.240940059977919704e+28
-1.483295063220675060e+28
-4.238024448095205814e+28
7.357279475656131051e+26
1.929519966210857706e+28
-5.693474136777016657e+28
5.323742206961409132e+28
-1.169829879372897911e+28
1.953667567937000888e+29
2.728357748623704552e+29
-1.248209382604016866e+29
-5.377566236255484907e+28
1.338388367727295816e+29
-3.928034571615962961e+29
3.516976125025294634e+29
9.541677304563583790e+28
-1.001992453594858161e+29
3.005611033387435162e+27
-7.712107039388737126e+26
-8.327747267588899321e+27
-8.029896526870974289e+27
-2.360267866417137396e+27
-2.104405611641497050e+28
-2.649623459962543760e+27
-5.151136641824696274e+28
4.943479821853959160e+27
1.278150387818277781e+29
9.107539979683290504e+28
-1.865403739317589069e+29
-3.188971696234649449e+29
2.306322086338644928e+29
1.094080541471946761e+30
-6.499384805609975593e+29
-1.354271777788022799e+30
1.317113749117787820e+30
-2.405040819319693736e+29
5.128644743746436908e+28
-4.255618348261922209e+28
3.673695521610448035e+29
-2.115507521471672763e+28
-3.259783439239787600e+29
-5.169004005625429545e+29
8.312373106564444230e+29
1.391533698992359660e+30
-1.899078183607556722e+30
-2.542931102131755096e+29
-4.155257418884743876e+29
-8.131461242827890989e+29
-1.492798763403513840e+29
-1.159574013368408554e+29
-2.089026354204848045e+30
-5.310852489717252595e+29
2.156154763000712074e+30
2.212205102494264881e+30
8.180555438559362013e+25
-1.035405849664292966e+27
3.091971309659633810e+27
-7.371329002980409517e+27
-3.866570313903454640e+27
-5.828200196367476683e+26
8.624176118313928197e+27
2.773179813268317892e+28
1.931139301193507342e+28
-3.303698317141302268e+28
-2.508340342490904649e+27
1.391890042789086444e+27
7.263045031428491415e+27
1.744876707382818629e+28
3.057460976450983935e+28
7.029764546829941867e+27
2.765007425653692602e+28
-3.759219510323134789e+28
1.693387581178609331e+28
1.355615140033796831e+28
1.011246704510302349e+29
1.284720887874635289e+27
-1.049805908389022982e+29
1.686119633149920819e+29
-1.908703421121014523e+29
-2.472660673428042702e+28
-3.101224559716053019e+29
4.782824727471101243e+28
-4.235655560935970897e+29
-1.125752064236981674e+29
1.253332855268616507e+28
-2.650499008160773344e+29
-2.824224048144744631e+29
8.530376275116249563e+29
-4.102893683588345673e+29
-5.286638809629595830e+29
-3.125439770681165503e+29
-5.490540837960631444e+28
5.853568654656783420e+28
7.385757373928092372e+27
-6.722121216018842856e+28
-1.572650576227528390e+29
-2.547193383686071093e+28
-3.703797909391537893e+29
2.629187436689880382e+28
-7.564257723803759035e+28
1.198285022211001611e+28
1.595481911742838596e+29
-2.912809346276041827e+29
-8.288850207611145185e+28
5.337603346604112002e+29
-2.524940815100377484e+29
-2.517459155778641981e+29
6.998450632695545396e+28
1.674492235919990991e+28
2.775950551785319386e+29
-1.257700048101115213e+29
-8.690092891697276699e+29
-4.187834182351428813e+29
1.590924659694630008e+30
-1.807462624280378186e+29
3.714255850056405739e+28
1.629790271866953240e+30
2.298156618516112936e+30
2.387585127005648860e+29
5.020660978314953368e+29
-4.372740159211788144e+29
1.394301653724753169e+29
-2.530418873139631980e+29
5.005340566212832653e+28
-7.869061140918616125e+28
-1.737605585792754142e+28
1.906766410891573603e+29
-8.977702328653744931e+29
9.922163615986359485e+29
-2.269918162360534913e+29
-1.726790823392777317e+30
8.272604535081342792e+29
7.095498771762737205e+29
-8.682372700637834115e+29
-1.772121447691482988e+30
-3.885137231255494391e+29
9.889371432015902515e+29
9.197114737112139186e+29
-1.182425561673102619e+30
7.293178288753141677e+30
-7.681131636820353128e+29
-1.244034194117058670e+30
1.426539771234765288e+30
-1.485182730205477480e+29
6.167826515512209015e+29
-9.078256162676627470e+29
-9.068181409495695745e+29
-1.235844862479775957e+30
-3.599717417720727694e+30
-8.980518112109992249e+29
-8.220167581450938477e+29
-7.709825881383065178e+30
4.870468306745031085e+30
4.377703352686868113e+29
4.007945273234938153e+30
-9.412287833942384838e+27
-3.387854719254187080e+28
-3.756402806936510340e+27
-2.085007090572888938e+28
4.168034548035884380e+28
4.660317795645622325e+28
8.940898080874617213e+28
5.157089748925763238e+28
5.255515941446535733e+28
9.964073661141198999e+28
4.465368947574416805e+29
4.054403257090814292e+29
5.531643905704633570e+29
1.937585062922990457e+29
8.704435710703945975e+28
7.778898308268717926e+29
-3.593683292804054616e+28
-2.856053556718735799e+28
-1.238704622279659592e+29
-2.644272050647913630e+29
1.561168458184571143e+29
-1.953841680769316536e+29
-2.932394024825901227e+29
-3.487186866746955219e+29
6.393495128623299715e+29
8.175580885128006340e+29
3.777572676218613799e+29
1.539877462377693095e+30
5.919707936530416988e+29
9.093041387090751553e+28
-1.535974738733547554e+29
4.556783458992990824e+29
8.863755496014248601e+29
1.673882471281039025e+30
-1.280944781835838534e+30
1.013333855085626691e+30
3.242792376845954116e+29
2.279984925778300772e+30
4.899875453403730540e+29
4.883041090908401954e+29
2.774750577712975378e+29
2.650286185978031254e+29
1.844407223041545737e+30
-1.223626349281703351e+30
-3.152948161599152113e+28
3.328816808761502185e+29
-2.662486235771246211e+30
-8.419433831447391802e+29
-2.014777507828759718e+30
2.614126636912417460e+30
8.661389126311663879e+30
2.697200995769096171e+30
2.481897775249072161e+30
5.227015525877485366e+30
-4.223845590251502862e+30
-7.095903046663444353e+30
-4.810229610131748626e+30
1.122968654409628602e+30
1.397018612675469679e+30
-7.079456430330023502e+29
3.578555596689612238e+30
-2.827172415993002477e+30
1.550914189867087215e+30
-6.790353033026533721e+30
4.869931086864385259e+30
9.506401624168936663e+30
-5.715121573176701089e+30
-1.444319951490184495e+31
3.977359351602623616e+30
-1.568337524184103235e+28
1.998870313367642557e+29
2.176491284419300931e+30
5.634273332861440618e+30
3.787015338166120209e+29
-1.862181643643921553e+30
-9.927168594340343662e+29
-1.057714160024016107e+30
5.111833744779899017e+30
-2.103671289117687569e+30
-5.593629669253554255e+30
-5.117996447134912370e+30
7.079404698689737181e+30
1.038086102841645915e+30
2.825967619017496938e+30
4.589724061086759388e+30
1.614215799709071504e+30
4.052325742272423417e+30
1.240861408919080726e+30
-7.245883350097008196e+30
-2.501099094953600100e+30
4.459051776380990112e+30
-2.617204453287934622e+30
2.620242908493616332e+30
-1.305883449824995181e+31
1.034826372402422385e+31
-1.210260888160350825e+31
-3.422340203123259258e+31
2.584309317852045489e+31
1.249074833352894597e+31
-5.640866149805730673e+29
-4.518682509338316132e+30
2.588649647154689608e+30
-2.452972770712061029e+30
-3.286248371631230318e+31
-4.209160120299699370e+31
2.625962292048011516e+31
1.620595600562095766e+31
1.002142832835475274e+31
1.769709011359696896e+19
-1.962734622867372442e+19
3.392252999918538588e+20
3.370595153151979684e+20
-1.123677978701817184e+21
6.950603832924687879e+22
2.027501747317018334e+23
-6.548208268026729904e+23
-1.589167078921536471e+20
-4.580755937421547930e+20
6.154303944312279269e+21
1.679252815853175628e+23
7.004418835039784178e+23
-6.718590238724112096e+23
-8.826409940196796746e+23
2.995500597867850821e+25
-1.436667536753243980e+22
3.355271907816811528e+22
1.043927169679978282e+24
2.122310804466016086e+24
3.548661662586054730e+24
-2.257202489075234863e+24
-2.885421625276328566e+25
2.041959194786166781e+26
1.441001596239101968e+23
-1.251303133019828482e+23
1.287308623165375673e+24
8.734888045314317778e+23
-2.601805495703461941e+24
2.008279640146506884e+24
2.847127083193057929e+25
-7.185037506169040611e+25
1.173504834525030923e+26
-1.610285215197998340e+23
5.051963365845235151e+24
-8.727755111625667778e+23
7.291102111176272525e+24
2.999715173611174336e+24
1.746561037658263189e+25
-1.499640132529185819e+24
-5.541120458796467877e+25
4.050731747831444743e+25
-2.173156828398236701e+26
2.047316675127054154e+26
5.198119917796847308e+22
-6.095238587697390659e+24
-2.324277571296409584e+25
4.610663374890772002e+23
6.472261992692999833e+24
1.887159484689229713e+23
-1.240572307104790684e+24
-8.006252820166321662e+25
3.438436472419326780e+25
2.492297528618311722e+26
4.208456314220654502e+25
2.539705495243912264e+27
3.875036891549862987e+26
2.758750142379111985e+24
-3.671388540519285460e+24
-6.956307480720831532e+24
1.759441258709801772e+25
1.179287116271474846e+26
9.743582843208342650e+24
-6.378231190994708708e+24
-1.601132751587190359e+26
7.877313688496992948e+24
1.649837579820661123e+26
1.153951869675218305e+27
1.475713528765375022e+26
8.306189425492179578e+26
-2.409330203804415528e+26
-1.447267179603445696e+25
1.137941472335784220e+26
-4.189762615083747691e+25
2.027447480787153554e+26
7.215589277235987004e+25
-1.460330652446720332e+26
-1.348142421805275206e+27
-1.203878029719064425e+26
2.395343049595488207e+26
8.517474238538937508e+26
4.812900491952744817e+26
1.949129699020118718e+27
-2.694957323662270996e+27
3.400207218751620970e+25
1.830862609883121204e+26
1.345641040699902169e+25
-2.954618706712709885e+27
-5.013451654790966612e+26
-1.360320496457731562e+26
3.685329715375699609e+25
-6.914247729581946664e+26
-8.586182628528527282e+26
-1.063528638703753078e+27
-3.157248316884406726e+26
4.943311455025090341e+27
1.275317195222303113e+22
3.358284057659060938e+22
9.668440317198806181e+22
-1.059177323616433026e+23
6.973927451757491152e+23
1.208810988707882761e+24
4.314062006453864979e+23
-5.593394233558700382e+24
1.156654779795498743e+24
-4.682571238944793369e+24
-1.442666632910474778e+25
-1.622689156364220896e+23
-8.717321268344222531e+23
1.380187151438957369e+26
3.418477314670169298e+23
-4.777617349945489097e+22
-9.876015834969120413e+24
-1.151366500427334273e+25
1.893302429759790007e+26
-7.694827711781360753e+26
-9.744045141370163803e+26
-2.940926155960890125e+24
-2.366602299743367575e+24
4.155040834155221534e+25
2.258553817077775513e+25
-1.182459787996041643e+26
1.333889812440816750e+25
-9.454666574252063701e+26
-2.116594345499274066e+27
-1.206799239648923398e+25
-1.908293891594722698e+24
-2.942973706287244479e+25
-1.201508070761901017e+25
2.274495885023279774e+26
2.559990813022795101e+25
7.741019287817018961e+26
7.093487672429365614e+26
4.955102687252135470e+26
6.192018362063138791e+26
-1.070126289246840934e+26
3.494331348509029277e+26
-7.290283746022468668e+25
2.212643192785566703e+26
1.077458081329986879e+27
-1.124978612152174713e+25
6.162406448718535653e+26
1.668091665500679039e+27
9.055811804852469766e+26
4.548133045633127995e+25
1.026994040851704870e+28
1.433232972425640954e+28
-3.064495469007489555e+26
3.511035025279387950e+26
1.264124136037581773e+27
-1.466617232675880143e+25
6.639165135137565019e+26
4.999172062429807655e+26
2.642360778904377024e+25
-8.339892311675487960e+26
3.868163357581057322e+27
3.572163038250224305e+27
-7.246865546887690973e+27
-2.779616617041578372e+27
2.725270186388944906e+28
9.407057138779030557e+26
-3.866421235036420897e+27
1.114954894634461513e+28
-2.236463625682759872e+27
1.599501431204367377e+27
1.398608653013389990e+25
-1.883924111247950917e+27
-1.351327453872924876e+27
-3.808341066332787408e+28
1.053426599997636445e+27
-1.280265033327599128e+29
8.034143876904426439e+28
-7.694293607300187778e+26
4.441265362755897562e+27
3.272554153208810927e+28
2.037187376394725747e+28
8.661694715549600070e+27
-3.540480773429234564e+27
-1.619920261704483847e+28
-2.425693868019615777e+28
6.146763855430549721e+28
1.293638753970933226e+28
3.885041597114220069e+28
3.090212390455320548e+24
-8.564545594940233018e+24
2.134920604741513154e+25
-3.979115522907651420e+23
4.885417595353585867e+25
2.829314473271857929e+25
1.146197939805794285e+25
-2.273345474796698637e+25
-8.898285210007776991e+25
8.429989765092041259e+25
-3.911016749377437099e+25
2.313000803492148510e+26
-7.394415288568949317e+25
7.481428310379756186e+26
1.597576774332824341e+27
-1.529616252560004641e+27
3.302981603825521628e+27
8.531537028861471198e+27
6.371728531114500379e+25
-7.967205297184554994e+25
8.691685602944868216e+25
8.323578533652006248e+26
9.900382997954589693e+26
-1.562010674202732977e+28
2.632051806870770141e+28
1.338107388076733949e+26
-2.753540400284080993e+26
8.660697611044013940e+26
7.406678028387235378e+26
-7.688241151344180634e+26
-9.449808082541600746e+26
-1.378881356248770671e+27
3.392579640915267077e+28
-4.252838243007068197e+28
-1.208887797600557966e+27
2.916686257717255881e+26
1.179936264188101017e+27
2.029855731022855280e+27
8.647441762406966268e+26
-1.236857129336913859e+28
-9.162656546146445356e+26
1.562115798160821378e+28
2.865299065905512122e+28
2.168544642827549020e+29
4.908338160236983321e+28
-1.524352988521862516e+27
-6.598041758741382936e+27
-2.257615155263615435e+27
8.214725069126024548e+27
2.259811938441782676e+27
3.033601852426564347e+28
1.265916016625518815e+27
-3.085367279395481058e+27
-2.282426803017698806e+27
-3.295726253114387870e+28
-1.409464054544351031e+29
-1.512680927739980792e+29
-6.100311398469035236e+26
5.786154780689084170e+28
-1.747414654764320249e+28
7.368029456743458668e+28
7.230994963723996677e+28
-5.485706061576029875e+27
-2.614377298053246779e+28
2.424158755632144672e+29
-3.426209596696433588e+28
4.178442455310721195e+29
5.884051001420129558e+29
-8.108834729926296361e+28
1.577470216838815606e+29
-5.955829121705748884e+28
8.765439147477602913e+28
1.210904079420245334e+29
9.632442443781952761e+28
-2.363368463513995315e+28
-4.528539281919915697e+29
6.058574061496739854e+28
3.300682748498704204e+29
7.817204388673236054e+24
-2.276476085563851089e+26
-6.504751926743472815e+25
3.359918417490145364e+26
-1.322335973045657517e+26
-3.759724725826718387e+26
8.392168320013995816e+25
-1.086397952536466834e+26
-7.414647663333620927e+25
-4.249586848013937687e+26
-9.076194511759225708e+26
-5.665711226448538489e+26
-5.755910757272532933e+25
-6.661220876020044328e+27
-8.725947121730042182e+25
1.325260499701499621e+27
3.196965088277965028e+27
-5.353240715866144542e+27
-1.860805037344294809e+27
2.211363894399467647e+27
-1.097596887235128786e+28
-1.512314765991081033e+28
2.285353850064481327e+28
2.619400624031645558e+28
-4.210087749002761144e+26
2.394169049646087311e+28
8.887801248974008747e+28
-8.920228267575614697e+28
1.839461544689444683e+28
5.803211432596767145e+26
-3.139729633677792100e+26
1.219346661103539070e+26
1.403664965047598405e+27
-1.220458426193970584e+27
5.542019652361198876e+27
-9.355203776723650014e+27
7.768124835332998778e+27
-1.048474843423168209e+29
3.026197868986144443e+28
2.999599116892523929e+29
2.087801881800963424e+28
-3.362488255337891054e+27
-3.989773451592660171e+27
6.593902362186344026e+27
-3.963590171408773533e+27
9.075043632320198110e+27
1.609389623805064604e+28
-6.042233442831784406e+28
-5.299348023097273956e+28
8.350565035109412124e+28
-1.825891302474862658e+29
-8.746714335361271666e+27
1.358825903714732791e+28
-3.789266768875328184e+27
1.205637405216041171e+28
-1.189737975564572666e+28
1.202232309853904799e+28
-3.168283865717895078e+28
1.333599598460713376e+29
-1.321260779707378013e+28
8.229745925161152471e+29
1.102056604639322918e+29
-7.090927277833258837e+28
8.025181541026421189e+28
2.720082092463714905e+27
1.389483101035541707e+29
-6.021264355075721933e+28
-3.238106676321713624e+28
3.678899214424349893e+29
2.102590175767873155e+29
-2.144644694919376199e+30
5.703819379175678757e+29
-6.463538563420007576e+29
1.129917455777160654e+29
2.525662546859997349e+29
1.027561372030070662e+29
-3.474064159973568917e+29
4.777542238812532164e+29
8.316337458258244456e+29
-1.507571062359343601e+30
-1.326181788347913481e+30
1.291705954290894756e+28
4.097453413990367826e+26
-1.663537239949953367e+28
-7.184834641035795789e+26
2.316655196964043698e+27
2.153594677909395385e+27
3.026565568003819528e+27
4.445345207436699141e+27
-5.279374064883660693e+26
-6.806622389823066545e+27
-6.441213660909841931e+27
-3.739779215106220329e+26
6.410228429905346348e+27
-6.141110813685894185e+27
1.772616213347189555e+27
1.061888179718426573e+28
-7.190915513968836574e+27
3.344137368028420648e+28
-4.171667935526238078e+26
1.322094512539166534e+28
8.702069942150898154e+27
7.812826345958164631e+28
-7.385003908359544738e+28
-5.412862114945013653e+28
-6.632589468221719644e+28
-6.737040773202187075e+27
6.245109960396692584e+28
-2.369392193359241867e+28
1.206365582756387688e+29
5.821957507261698540e+28
9.057264800748365743e+28
1.786166701067808991e+28
7.185887093680244489e+27
1.520488472150558384e+28
5.706038612168913153e+27
-3.926101531713905787e+27
-2.273882604453392989e+28
2.007168057445874366e+28
-1.486865046913443226e+28
-1.461277133729047466e+28
-2.708121768249509585e+28
8.170374929041259475e+27
-9.309946695985441816e+27
2.356565369233166848e+28
-2.617249985480517033e+28
3.348284044716761020e+29
-2.923368499475658998e+28
1.427092315380769977e+29
1.289109788511961086e+29
-3.364306332021701878e+29
2.875086075956586256e+29
4.239416491131863430e+28
1.323931650690935474e+29
-9.515279321739009363e+28
-2.256550262469429145e+28
-3.560307145245200908e+27
3.065940644005422853e+28
1.405281993860950779e+28
-6.996473340683246256e+28
6.406242822016578658e+28
-5.329830209919778001e+28
2.408775135976858692e+29
-6.115459971250464603e+28
-6.427938368774243890e+29
-2.397069164387739863e+29
-4.310011126363271791e+28
8.124700197927674075e+29
-6.586795023156804043e+29
-1.446074354966916401e+30
-1.679445567266403635e+30
2.007374234928174265e+29
-1.597845117935311630e+29
-2.625231743268664712e+29
-1.621022403273315531e+29
8.739760103438238266e+29
-1.172015200544795702e+30
4.722437087649625595e+29
3.476224071300619853e+30
7.444059442224967136e+30
-3.547565329712058675e+29
5.421836005056788660e+29
-7.708939456610912623e+29
-1.233168642880368322e+30
-1.592646221353082318e+30
-1.345675035075218883e+30
-9.117199406596830571e+29
-1.820010196799760835e+30
-2.003165826063650444e+28
8.019268704732443263e+26
1.006476663692809977e+28
9.613050602616195492e+28
1.236246690372399596e+27
8.066052623456074604e+27
-2.154423449819288699e+28
-5.795836692305953917e+28
1.844304318399624533e+28
-2.201415666631776525e+28
-1.447689632355563118e+27
6.635592672895135260e+28
7.275160459357737199e+28
-7.137006136165164555e+28
1.175272760998397610e+28
-4.051164233764430880e+28
2.428159468609824062e+29
1.945899897879731155e+29
-1.430418182958878783e+29
-1.414424335795132786e+29
-1.420883632532021578e+29
1.166030014210526682e+29
8.421941828373463984e+28
3.445434898261733880e+27
-9.874012690778394727e+28
6.311318965875929026e+29
1.978490052943804067e+29
3.635719467263252586e+29
9.401385091282138638e+28
5.301943734483447476e+29
1.093341057727437054e+29
5.127921679931858923e+28
-5.889841536263301395e+29
5.908496954170405728e+28
-6.749940486404831064e+27
1.840646350688344318e+28
-3.058413919004413329e+28
5.153311154639892608e+28
9.622076056242909445e+28
-2.478899863465413524e+29
-5.041956534879648584e+29
4.871355903978184327e+29
1.949587895955138790e+28
-6.788524657066705701e+29
3.402289890014955536e+28
2.830866650255368149e+29
2.331555294950961939e+30
1.903598513618502364e+29
-1.376577235012676314e+30
-2.810884059385673550e+30
-8.465168639960637615e+29
1.996331202720782279e+30
3.929897975950014911e+29
-8.648136734572883446e+29
-9.007894864856666487e+28
2.540604281951487356e+29
1.705954165765746196e+29
7.473791234646121276e+28
-1.170931272337169167e+30
3.447194058357171375e+29
-3.185274329559412623e+29
2.276242996273080852e+30
-4.501956086531189911e+29
3.020225174623459183e+29
1.740825578888363983e+29
1.064337952996293494e+30
-2.176519049310846118e+29
3.351776912857608973e+30
-1.230130705554621739e+30
4.580660317276378938e+30
-1.477405186705773359e+30
1.116071172712853076e+30
-4.592348028984050354e+29
-2.682833921131248971e+29
7.219084545512545766e+28
1.161088733766250439e+30
6.868103668335882887e+29
1.742441745990976468e+30
-2.799229929803233876e+29
1.931122785422293019e+30
-2.606335355756348718e+30
-5.051422355720721187e+30
2.256466451478625604e+29
3.142943545714371742e+30
-2.625053758624429184e+30
2.776323438305140490e+29
-3.397569016980921153e+29
-1.115517202033548753e+29
1.286515826219465296e+29
1.561208783424424589e+30
1.763238448178816335e+30
-1.530805005329909159e+30
2.754222760325941751e+28
1.420698654291541048e+28
-3.257846125823603776e+29
6.055777770493592044e+29
-1.337948759611924185e+29
-7.522672494792824092e+28
1.755565989001817344e+29
1.373401356994583335e+29
5.988738675839189489e+28
1.421620697480520779e+30
-8.782455416464815456e+29
-3.570913138888578263e+29
-8.267205465222003275e+29
-5.754477543104922183e+28
2.842996632687144048e+29
-2.691933809707357167e+29
4.096550560361135995e+29
1.468850275871788109e+30
9.648298585479801510e+29
2.445233301589111615e+29
1.724277091653948389e+29
8.631819228175658710e+29
-1.758997622754466105e+30
2.103135596404744666e+30
2.034711607942674382e+29
2.994895828384256331e+29
-3.008051148525363873e+29
1.309725534900156818e+30
-1.530300698125905340e+29
2.321049318164942721e+30
-2.050126132432816368e+30
3.902969169248358875e+30
6.659981582040695640e+29
6.399890064433199746e+30
8.576614017615390989e+30
-2.037155568240880366e+30
4.273655190903091135e+30
3.345256536121699542e+30
3.424618466503819882e+30
3.834978630258183739e+30
-9.167539899439271332e+30
-1.080829811561251610e+31
5.504804780529269169e+30
-1.094938214432862423e+31
-3.923448340310278153e+30
2.198434923319291592e+31
-3.108003457053199755e+30
8.289624658270305946e+30
2.780535847095811606e+30
7.951015819521782033e+29
3.943587964284799922e+29
-3.190736332318518633e+30
6.189854027645318199e+30
-4.724124303298643732e+30
-1.019732775207995094e+30
-1.756643329191340305e+30
-7.920952453655175248e+30
2.301809341148153168e+29
2.495527737084085594e+30
3.874946431855167412e+31
-3.176851805757706314e+31
2.957798187187690784e+31
1.961803174544467396e+31
