-2.506977625048704000e+16
1.112464899653253939e+19
-1.683839869178783990e+20
-2.658494622083633316e+20
1.080797405231903146e+21
5.734145888251196473e+21
-1.726139825639808565e+22
1.596062235820185847e+23
1.017275781940903726e+22
7.080436998441612288e+18
-5.715614246377052570e+19
-1.217093074339581500e+22
-1.235192601614374152e+23
-2.740269153521299924e+23
3.165038455133880074e+23
1.156357892514329437e+23
-3.345064141319591151e+24
-9.928471980575008378e+24
-7.407660007850799268e+20
3.896089048697037390e+22
-4.163806412012867027e+21
2.935978444533531295e+23
7.094749322593177279e+23
-7.050945178844488878e+24
1.118388672175548491e+25
3.165961421642689361e+23
1.242502143628252336e+26
-1.852047472679651377e+21
-1.445186665746261617e+23
1.088737037447201229e+23
7.536808975273058558e+23
-5.492062165451030376e+23
1.233951397566724744e+24
3.206219353416067172e+24
2.061950868837718670e+24
4.776843170792892277e+25
1.065298602137179677e+26
8.164838788760728502e+21
5.687519962391950226e+23
2.163587532770868772e+24
-2.655794081899927243e+23
2.288455022405475216e+24
-6.294070606289439105e+23
-5.515219316039399472e+24
3.386084766063835981e+24
-5.723919041530249437e+24
-3.949158740068761654e+25
-1.673247160650603623e+26
3.040101427686128443e+26
6.223624728044187419e+21
1.095832611141909861e+24
2.101005849112165447e+24
2.632254744765388621e+24
-3.093143659007505741e+24
8.298250773207822977e+24
-6.416997496050635734e+24
-4.902153615463617839e+24
-6.913142560057778304e+25
1.113278700973351128e+25
5.123935808535610127e+25
-1.400425327998153965e+26
6.954430972928747358e+26
-9.158935603956732171e+26
-5.037465498427172533e+22
-1.116892397140115628e+24
1.616422512742891456e+25
5.380417045875542692e+25
1.134065492383397607e+25
-3.651171588864336848e+25
3.614169615834041460e+25
1.895329068579225997e+25
5.482206534152897769e+24
2.954958150689403931e+25
2.841760532476716199e+26
3.873325873524530225e+26
2.239255369297911026e+26
2.557906373245057735e+26
-2.429601281622002889e+27
3.028831680369368372e+23
-4.255052609792716713e+24
-5.900516220413063278e+25
1.626945676223854239e+26
-1.306540616312886496e+26
-1.440119651296741289e+26
-2.387690658250115623e+26
-7.233315275316128664e+26
-1.216612479141523007e+26
1.929426422764565148e+26
2.382813907505836414e+27
-1.450365455103697146e+26
1.155093728653192837e+26
1.304143717415106462e+27
4.123603979504940808e+23
2.266125193947439558e+24
-1.739330510323254507e+26
-5.220276795809733810e+26
6.120973152839195466e+26
-2.540437991587363151e+26
-2.834496536559757358e+27
-1.138446842606216852e+26
-2.877771366765866400e+26
-1.861705478791803334e+27
3.620991158539486295e+26
-1.768360397380801853e+27
2.723034569243348663e+27
-1.934421697478124896e+21
1.675179460601074156e+21
-2.943946951844660511e+22
-2.679148523741364879e+22
1.886371360804406643e+23
3.526118900862549932e+23
6.039887525674277268e+23
3.683833495580995794e+24
-1.350317670997973533e+23
-5.248624361870221851e+24
-7.911709079153787418e+24
-2.489912264217690589e+25
-1.124784499296875527e+24
9.816244754989687869e+25
4.581566370863223950e+24
1.279439520410119022e+26
-5.488511685953680614e+23
-4.329619748850153973e+22
9.412678985152791228e+24
-3.248003863246584855e+25
-2.841716405773716599e+25
-8.857016770431868502e+25
-3.724432635650082084e+26
4.736446402835346842e+27
1.896537239785446857e+24
-8.132420974950740977e+24
1.545387139367289316e+25
4.286041864855100694e+25
-4.870154809375457001e+25
-1.876298137331782970e+25
6.143706795338998388e+26
1.560020962803157383e+27
1.791921506384201427e+28
4.508927760916242791e+24
-1.710002328707437199e+25
2.880020084487026203e+25
-4.518288469767217002e+25
-9.360635020408956449e+25
-1.788209824935902038e+26
1.274110711334852011e+26
2.663158037736002997e+26
-1.786251513705011696e+25
1.000237588474942635e+27
2.579904972699620045e+27
1.714663807559300570e+25
1.371772734590550313e+25
2.045740257102692523e+26
-7.870279518257658430e+25
1.966815331609475429e+26
-1.089533378214621407e+27
-5.310820399465126402e+25
-2.766644923226980697e+26
-5.905516093022906713e+25
7.002739943554165419e+27
-3.407878522337031691e+27
-1.017004077554860246e+28
3.661991389973275993e+28
-6.604188915834018654e+25
-1.776318779538877358e+26
1.099896455155461479e+27
-1.008552244735897302e+27
-5.884027158797872431e+26
8.221115921738756625e+26
-7.018449778396165697e+26
-2.045968724003043421e+27
-1.526951536832716840e+27
2.332728821054321374e+27
1.249206433504723710e+28
-4.226474613787209327e+26
6.585210733900944049e+27
-3.586627537735944541e+28
3.823785772462117952e+25
4.224457166091046875e+26
8.970388118470161068e+27
-3.375599247151167318e+27
-5.225601090574608369e+27
6.854376766091087588e+27
-1.636342121836468366e+28
-1.134376796128087768e+26
4.633648891146708756e+27
-2.969402408217521466e+28
-1.195492164855821131e+28
-5.357475391994805680e+28
1.557037465036620434e+29
-5.713793052979824897e+26
9.244980899583008625e+26
9.280808491698299676e+27
-2.323301082627727138e+28
1.210162419060341610e+28
2.643124435893928850e+27
-1.332124805170891833e+28
1.649517848766677614e+28
9.841362959084210947e+27
1.316428548714402242e+28
-9.208686782407898330e+28
-2.268395581881298943e+28
-1.250510091577685432e+23
-4.012319759818430419e+24
4.626144765726710804e+23
3.586781273016237107e+24
9.720082441429218849e+23
-1.514502791501058655e+25
-2.512214743210965913e+23
3.372829150046961195e+24
4.882647506281210103e+25
-2.864615497234057494e+25
2.300292333946159334e+25
1.252947520278400425e+26
-2.381409193194617663e+25
-2.304905699265469648e+26
3.750340397127936104e+26
-2.051873254833890556e+25
-7.649973160428425602e+25
9.139244257730392252e+25
5.245438265171282064e+26
3.506302690168979489e+27
2.003883854819740817e+27
-3.651447732768593204e+25
-7.549982346939750729e+25
-6.131611331611758569e+25
5.454153261302058901e+26
1.369428846025141135e+27
4.155847616747360274e+26
-4.946763772317160091e+27
4.294104718712716949e+28
2.241366952911048836e+26
-8.379108377103518607e+25
9.692741895542855215e+26
4.941722827102600618e+25
-2.714316260683603549e+25
2.758200544767080411e+27
7.483364393725889718e+27
-2.067266493364024121e+27
4.049653451239426731e+27
-8.732608222575101858e+28
7.164721778290849240e+26
-1.075881107459412907e+27
-4.712742352294795264e+26
1.081555825567022008e+27
-9.728056344859859223e+26
-1.498107565580978145e+27
7.567125762731730108e+27
-6.545625229033275506e+27
-5.224486207671714936e+28
7.136006215758298618e+28
1.164639207913643676e+29
9.433107730547592342e+28
2.476148802778712032e+27
6.912134402951917953e+27
1.311181078786594403e+27
6.328853566198187630e+27
-3.380713766681459055e+27
9.479299004830821849e+26
-4.744388503135833613e+28
-2.055643681267898835e+27
-1.515076882308210716e+28
-3.768753473117114532e+28
5.661321382888425250e+27
-1.448656339043713954e+29
2.889129423624258065e+29
3.179155280904108435e+27
3.807505040553264134e+28
-2.502354891893859690e+28
1.723787941126903195e+28
6.078821410607554797e+27
-1.026277011070710129e+29
-7.773701518050171228e+25
-2.298032548813467525e+28
-3.303486269931346877e+29
-3.123752225884494182e+28
5.085600369545342285e+29
6.342704822805828681e+29
-1.409823952964655323e+28
-3.106306098146563496e+29
-5.971478288235380724e+28
2.539842738465545197e+28
-1.032822440487837753e+29
-3.821530006457679786e+28
3.134914210943110798e+29
8.613365627783657074e+28
-4.152708952490105544e+29
3.428357076811748907e+29
-8.558924056771868878e+28
-9.143649795065820016e+24
-8.538732994837973391e+25
-7.708141844367000063e+25
-1.012811075659235446e+26
7.048349740607264357e+25
8.464671631621096461e+26
3.665121923837041707e+26
-2.806589919264061780e+25
2.458436425548762869e+24
-7.040185586287315554e+26
-4.025709883449305994e+26
1.225115967458637809e+26
-5.651607588863574814e+26
-3.602284257708667365e+24
-1.105638974405975480e+26
-3.775772896473281386e+26
-6.527247561171267389e+26
8.897400343735441984e+26
5.626284051213938774e+26
4.653627134093395399e+26
9.002867143593786329e+26
-4.230380291300252299e+26
-9.034997492238885852e+26
-1.824951433152576998e+27
1.693640424602723981e+26
4.844032271990585981e+27
-4.461652497579852966e+28
1.335092949039620583e+28
1.693002361061097890e+28
8.065206109388859929e+26
6.024399006615916382e+27
-3.368592669213003808e+28
1.430638954235197412e+28
7.426768646169870974e+28
3.650603011132492401e+25
-3.780489149982329785e+26
-1.883261351717549613e+27
2.003697552010820986e+27
-4.140863257937152878e+26
1.478938077014293949e+27
-8.977602897922566578e+27
7.179133930143017581e+27
-6.823083038278111364e+27
1.441410288774472239e+28
-1.092124715375800973e+29
-9.175080361714874140e+28
1.028063966295164517e+29
2.550807607350903973e+29
-2.922007242655565610e+26
5.199990310914225603e+25
-1.288784229460559855e+26
-2.986285926963336184e+27
-7.544602098168689599e+27
-1.291870649139544460e+28
-8.849530876365460752e+26
-8.007553817364872297e+28
1.242117944673675461e+29
-1.624589850537701230e+29
7.566261832636819479e+29
-3.967777497132162764e+27
-7.425047813998754542e+27
-8.381509716041127835e+27
7.946617074940317071e+27
-1.602704845641174514e+27
-7.875374061613676849e+28
2.796946083799376630e+28
2.286236697098968472e+28
7.648058591305643626e+28
-1.905667930431805346e+29
1.582132709536545868e+29
-8.814938769916271683e+28
-2.445048669943741036e+28
-9.666051063576202830e+28
1.790853913129407491e+28
-1.692868822688267080e+29
2.711187573799545387e+29
7.327099148712192624e+28
3.844096908593612213e+29
-1.306651433261658080e+29
-4.059688914488293518e+29
-6.574489585846008606e+29
-1.859636443335349553e+30
4.971098620970645790e+29
9.458480884748711732e+27
1.543635959065228175e+29
-1.001427054212609196e+30
-4.328657864473895054e+28
-4.504353634045038073e+29
-1.829415974101357011e+30
1.316970630427013660e+29
2.278035557568445970e+30
2.766496284959471382e+29
2.230308373578192590e+25
-5.766080144744884785e+26
1.125767042707910580e+27
-1.681093118574081344e+27
-1.255691244987527177e+27
-3.393786900339930921e+27
-9.928614555583027467e+26
5.363773063218992122e+27
1.293676275084084384e+28
1.968479579873508779e+26
6.822096486245227705e+26
-2.836520736139579251e+27
-5.563870941632711104e+27
-4.140817739606375718e+27
1.297520239687655385e+27
-6.026304868907297566e+27
4.650007820181630612e+26
-7.968674975304083539e+26
-5.093439667362158334e+27
2.126998893047138373e+28
9.343511553261078405e+27
-2.154862490229878461e+28
1.417420070067498285e+28
-3.698715900922932850e+28
-9.039317312286045301e+27
-1.898285515518921227e+28
-5.174165496959368628e+28
1.120242279346981868e+29
-2.161693737247672286e+28
5.219318409496712195e+28
2.110997591917336472e+28
1.947943941437005824e+27
2.494281472398510013e+28
-1.057831594695992505e+29
8.896593673839966142e+25
-1.146510007644977230e+29
3.021415736374396379e+28
-5.970528827320956182e+27
-1.461187847260782064e+27
-4.608993385319326741e+27
1.018158551213461666e+27
-5.447222730080990031e+27
3.658150534070015465e+26
1.700944234552760050e+28
1.956359673739396052e+28
2.313970405458880548e+28
-1.200025232048367934e+28
-3.570632013772088695e+27
2.572485146992586588e+28
-1.168988334532774267e+28
2.861498333232845010e+28
-3.991050590590562550e+28
-1.388447929901175783e+29
1.116656475577718355e+29
-1.652585166628353406e+29
-3.490272674103906288e+27
-2.353531581371749523e+29
-2.936277628324469926e+28
1.178190251166632674e+27
3.936871050509767133e+29
-3.145768670547077860e+29
1.433447789736086132e+28
-2.685146486032894498e+29
-5.469169114872131567e+28
-9.739127920588600568e+27
-1.383934018141715999e+27
5.403014143562865902e+27
-2.556802958694413322e+28
-3.701936556050166807e+27
-7.476106216682144249e+28
-2.263428498673758627e+28
2.624502867268073092e+28
-9.349473910755562285e+28
-1.462807721112157074e+29
-8.290654403662869830e+27
-2.890458310700100397e+29
1.171484363973204957e+29
-9.528774571535124734e+29
-1.623199683125840586e+29
-1.297621021474341400e+29
-2.310680027926067644e+30
1.004601620071916043e+29
2.709376390904582610e+28
-1.364760623542515984e+29
1.096383984651729047e+29
-6.450089189193021069e+28
1.310975537889937929e+29
3.316507171642367552e+29
1.099184303990624021e+30
-2.110679316234989384e+30
-1.187963624385233111e+30
9.041767463163896638e+29
1.578863500387814337e+30
-5.605084223140332918e+29
1.350036597782254689e+28
1.861936892903784910e+30
6.735296938337128372e+29
5.990519925332023402e+29
-1.189692892164163935e+30
-8.131539903905431118e+30
3.948088825724753355e+26
-2.653950765521397481e+27
8.782975581722139313e+27
1.137413248320444236e+27
-1.089169770130978618e+28
-7.860944998271137408e+27
-1.845491000825519590e+28
-3.298905693767043328e+27
-1.359346674818991133e+28
2.301581952875055087e+28
4.662085147110631425e+27
-1.303383453536929814e+27
1.218936792225748804e+28
9.566926976880831755e+27
1.482168371982503076e+28
2.956571576525301758e+28
4.734592259906220550e+28
4.277728163643615454e+27
-1.149565587276119442e+29
1.093101112639358196e+29
-4.310829821605332368e+28
4.859910412325174183e+27
-1.159535706605684764e+29
1.663539553732794166e+29
4.844192159590935638e+28
2.476546389639632835e+29
1.496385602386589071e+28
-1.529098312621506275e+29
-2.986088258100183460e+29
1.672096847230128777e+29
1.933029470929343366e+28
1.381170823835846658e+29
-7.958096617618211284e+28
7.552652256763432555e+29
4.751425864552340145e+29
4.620807722538655175e+29
-1.714684996713016305e+28
-1.293944231052918653e+28
-3.645742176293633759e+28
-1.282250188664248876e+28
6.876227516174629788e+28
-1.098488068499756584e+29
4.901780985927620330e+28
-1.672450158461206170e+29
1.543571109835585839e+29
7.788435399477987668e+28
-6.841676541872548861e+28
-8.551966133350908095e+28
2.172615568813589379e+29
-2.415927829818698811e+29
9.875390553579720725e+28
-4.672115539046391221e+29
1.087523101817228295e+29
2.738468201096131553e+29
-6.223184864781135969e+29
-2.428662084956038567e+29
1.092571136420818765e+30
-1.424735624023471843e+30
1.744587273438372274e+28
-3.579814482757943259e+29
4.197402797242504145e+29
1.695354009125354160e+30
-1.007224412110450664e+30
1.565103621827625113e+30
-3.752810764339031403e+29
3.982196925818869116e+29
-4.767722451388133999e+29
-1.268386499470814779e+30
-1.942265443219633617e+29
6.750860545903091802e+28
9.107813947506860971e+28
9.560231437679763635e+28
1.043724778333756381e+30
1.351173550412333937e+30
1.705102963622300523e+29
-4.687935321507501573e+29
3.004032094170457104e+29
-8.925724371025603754e+29
-4.980640441442447898e+29
1.002451415639456355e+30
1.522499843937955661e+30
3.657213110140725927e+30
1.689555218182651272e+29
1.074710329559644824e+30
-2.641613522788719345e+30
3.685308353053559032e+28
-1.146230327913526151e+31
-1.997810515075559890e+30
-2.395196780442761802e+29
6.608076875959393967e+29
7.098140555839666764e+28
1.026205264728856861e+30
-7.064778218326962084e+29
-4.234379173684740585e+29
1.929435673805716958e+30
-5.919540997153135044e+29
-1.384875580439772161e+30
4.082990645151766208e+30
2.021112346264971283e+30
6.141958134797761995e+29
-4.399373242727205677e+29
2.120590261124214517e+27
-5.482898372363205800e+26
8.429434630002699867e+28
9.567155058194872209e+28
1.594462893547660379e+28
-9.703171613136171821e+28
-4.338621807924632088e+28
-4.544482821542743327e+28
8.041815007458903817e+28
2.348713905112384443e+29
2.961656495147859541e+28
-1.658943225476491496e+29
-1.390373312980597833e+29
3.766442956291843599e+29
-1.610854356322393198e+29
4.462992568162019867e+29
-1.516212281954416481e+28
3.828346231651557619e+29
-1.288818714206151381e+29
5.693371399210401245e+29
4.644802098249123695e+29
-7.597758343064520210e+29
-4.962203357544825654e+29
8.250906597260141379e+29
4.288484379174314866e+29
-3.299036537501524401e+29
9.225427596602609369e+29
2.906214157237506733e+29
2.073641561949521676e+30
4.889920098345783627e+28
6.032275680389585764e+29
-1.695463523070123447e+29
-2.680418038438206747e+30
-3.084479802334531123e+30
1.159609827035914391e+30
3.869508796115736578e+30
2.479088551168688441e+29
2.383343877903502701e+29
1.229113118029568891e+30
-4.167863644865360658e+29
1.018952958374240033e+28
6.684692498693326291e+29
2.193200802347969771e+30
2.534724745454436952e+30
5.229090956878773789e+29
1.000055787769314691e+30
1.181627249220487081e+30
1.516568151782519690e+30
-7.241783680101773018e+29
5.383213035594730796e+30
-4.897865972999022449e+30
5.471960096813009443e+30
-1.071007866999029019e+30
-3.615546250262970915e+30
1.187872046984940091e+30
-2.336877976900509743e+30
2.348135063628012327e+30
-1.648941500362339303e+30
-4.088632890881178849e+29
-1.425330081268712909e+30
4.253703607446985574e+30
-1.706920020473167142e+30
4.888472063034350603e+30
-3.896924347849506728e+30
-3.021134340559202011e+30
2.556239714094393095e+30
-4.135241901525550130e+30
7.170053656495695341e+29
-7.206784209603342694e+30
-2.689714724873767832e+28
-3.943963601754653833e+28
-4.851524800545260092e+29
2.673270430233079013e+30
1.241361765432162910e+30
-2.385771522228960124e+30
-2.077787994110143086e+30
1.828792487740623919e+30
2.525845570422174132e+30
4.553195927807939278e+30
-2.196024380710225206e+30
3.816708499437678946e+30
1.077624825340878800e+31
2.855346377270441992e+29
6.297117669285876928e+30
-3.503325691464816245e+30
7.349305918682693737e+30
-3.713740347637516372e+30
6.421160626726476929e+30
6.255751361004157234e+29
-5.194092710959736384e+30
2.571504425274500243e+31
2.284568490807903715e+31
-1.037612927152367804e+31
1.530701858733406813e+31
-1.129501177824405262e+31
4.649452647998873844e+31
8.995686643491355534e+30
1.292885086348804123e+31
-2.297378356820421060e+31
-6.252775810955260761e+28
8.282231115641512807e+30
-3.256113050200661872e+31
-2.388101230460390269e+31
1.993831803147709723e+30
1.592610435274490551e+31
-1.606837249240274434e+31
2.367073219432927825e+31
6.325338215098267899e+31
4.855507669126111232e+18
-2.056914041180203254e+20
-4.717457788989442621e+20
6.848277494218712678e+19
-2.777985108175499559e+21
5.909529880529760944e+21
6.658428381119508172e+22
1.876371021879409608e+23
-2.169314672916441661e+20
8.199423636764318761e+21
5.385241426021373182e+22
-1.586336159442863779e+23
5.012803787958511049e+23
1.507889939487987838e+23
1.718169576554344091e+24
6.103302090342869418e+24
-3.179136371083818775e+22
9.479890028105606103e+21
2.086433601619374920e+23
-1.050564476210902932e+24
-5.755394614041327604e+23
2.264866062958879377e+24
-6.588452748714714266e+24
5.431615894396134665e+25
1.491671217333041071e+23
8.753208494130260974e+22
-1.017604917486102375e+23
3.302243657777708366e+24
-9.566330480156049418e+23
3.322997962506770663e+24
4.187090675920330098e+24
-1.937579787770395082e+25
1.866303895217981615e+26
8.789399097358156531e+23
1.251173063316477294e+24
5.697488542830693492e+23
-1.289823338288447786e+24
-2.995097021707022030e+24
9.170826347396438619e+24
-5.688515992204299207e+23
-3.058097894787638689e+25
3.867560347854040203e+25
2.907840214343678113e+25
1.265986871844176601e+26
3.360163477335622728e+23
4.425312109571930629e+24
1.302211048385312173e+25
-6.963776763161336208e+24
-5.353392726340186178e+24
2.005005564406503209e+25
6.920203401317024753e+24
1.556075285729009821e+25
-6.855067633529714000e+25
-2.054517345212813014e+26
-1.655339638777695746e+25
-8.219866457578733439e+26
1.538393088062959249e+27
-1.265593286728966126e+24
1.801348016670894092e+24
4.102896644168912482e+25
4.565452225006407652e+24
-3.908283119329000294e+24
-1.101295240559872481e+25
-6.588273827162010790e+24
-2.730982289644475292e+25
7.708553295350942562e+24
-7.866231147944975432e+25
4.987157426332393302e+26
2.368861917694550614e+26
-2.046714131289346267e+26
-2.733818072786837217e+26
-1.003789712581846854e+25
-2.369561261881908117e+25
4.276981829363978857e+25
2.997411946553292140e+26
4.019402729946252945e+25
-4.601400210074649634e+25
1.367196222556436754e+26
2.355794292151556101e+25
1.041603602838404216e+26
-2.812464330111190528e+26
-2.531875411386216050e+26
-7.466551466894397586e+26
-2.714871447454540690e+27
4.493439100006112353e+25
-1.470993849513550317e+26
-7.629200092351145063e+26
-4.587659485223979538e+26
-6.665542425195240680e+26
-2.181628720100738108e+26
2.439372935796721756e+26
4.567706565805879954e+26
-6.791134533006252889e+26
9.430246263041186617e+26
5.723842579546301629e+26
-5.182307955582241038e+26
-2.424264646198211012e+22
-2.607879238117274681e+22
-7.989330531369379640e+22
-3.665445565279578421e+23
4.122011016843726831e+23
6.073586342588570613e+22
9.094857882677156197e+23
-6.319703169491729698e+22
-1.585236395410001150e+24
5.562925496998932265e+24
-1.693158445991680594e+25
9.539759775189251253e+24
-2.677456082790769447e+25
1.680895939489704007e+26
1.661576403831681198e+23
4.381786835963529262e+24
-8.954010457841962429e+25
-5.668473650051512927e+24
-5.951259752851186104e+24
-3.549752971993611088e+26
-3.984309770273584552e+27
-7.120626261546489174e+24
-3.796542092865619091e+24
7.226691610719260172e+25
-9.060415096380804752e+24
-7.403366416035930240e+25
-3.543830763022124945e+26
-3.319156806363184054e+27
5.726409863601710104e+27
-8.100928742463706675e+24
-5.886682452339144764e+25
2.535333935747381586e+25
-1.389077200411949670e+25
-3.049923123552832258e+26
1.169937969472399275e+26
-2.477136274463859396e+26
5.095714344471398950e+26
-2.914315252873546920e+27
-1.324026766401649133e+28
-2.170061939668842322e+26
2.860974602204480097e+26
1.392910143356791921e+26
3.122844771053211962e+26
-7.383025858989058675e+26
-1.115960993755757996e+26
-1.258583020442112388e+27
3.633698263215654243e+26
-8.618109626870279821e+27
-6.883291710593770097e+25
2.360725127092864379e+28
-2.441029907786810354e+28
2.118041273213601608e+26
-1.042393908648239750e+26
-1.061103320655689318e+26
1.589059844037309597e+26
4.250686425256454085e+26
2.916867401809464549e+24
2.971856154559102219e+27
1.977709363171931594e+26
7.547554675572980457e+27
1.947522264360412418e+28
1.165057071585587051e+28
-8.487185867018247073e+27
-6.522931217517288062e+28
-1.710885961778386907e+27
-5.356497786921749865e+27
-9.654175964921220341e+27
-3.839170931521836736e+27
-1.820561740889867946e+27
1.971916532544466391e+28
-8.174304711602888232e+27
1.020180908008941515e+28
5.681377873005399524e+28
1.067146065880978312e+27
-1.992061604399300985e+29
-4.521461969535059850e+27
-8.183709737977509836e+27
-1.547725650779646862e+28
-1.142197965190394814e+28
4.706583199981443917e+28
-2.117656741078278043e+28
2.505998133259044110e+28
-7.438148612770103318e+27
-2.322095266879409556e+28
1.351944397878239599e+29
2.874132791021260504e+28
2.832040411893525034e+28
2.623426751950264868e+24
-4.038989477111505892e+24
-7.624048599595693774e+23
-2.635063386765450719e+24
-1.733734320199009558e+25
8.456856027310971639e+25
-1.600010528626132598e+25
-4.976849845237444276e+25
-6.888515770298700543e+25
-1.788983260578655574e+25
2.176883704324533692e+26
8.923047443816358653e+26
-4.097244463593934597e+26
2.763601187227643044e+26
-5.396855983931595896e+27
-4.024712606058787639e+26
5.656350753623339449e+27
-9.676035452537407326e+27
-4.989193609351182465e+25
2.760355223631959966e+26
5.026886649573771662e+26
4.372829787889687224e+26
5.649416488420858835e+26
1.066254264490461908e+28
7.856570973931900722e+28
6.516426449862290916e+25
-1.052725405505694668e+26
-3.426098412797147419e+26
5.967605029122797012e+26
7.294603993164705189e+26
3.004603226718642886e+27
2.330996832487083645e+27
2.930949000417803153e+28
1.480145313738037371e+29
-1.582008838134448291e+27
-5.567872527203754949e+25
-9.146912094665459576e+26
2.903855003684801533e+27
-8.525624240091506348e+26
-9.828874443049773630e+26
-3.607165034346156994e+27
3.403516659475933182e+28
4.684460693458800098e+28
-3.651001869546100366e+28
1.253320765227624597e+29
-2.034242195736365279e+27
4.962155395268699289e+26
-5.641919030887701087e+27
-7.676969188429672591e+27
7.623871667676267534e+27
-1.377908854859175410e+28
-2.094659966553811360e+27
-3.143098423366481686e+28
-1.415249697227291647e+28
1.358937914755128400e+29
7.642424652875128054e+28
4.468219700388183373e+28
-3.685088063260437376e+28
-7.365271408078505945e+27
-3.184342315630409489e+26
4.578647034662999774e+28
1.242384551973879018e+29
2.301335677690320342e+28
-2.593414956233630159e+28
-1.279122965872127517e+29
2.370323686706106812e+28
4.381857900976466947e+29
4.040207346425297199e+29
-1.369861227670568578e+29
1.616695136144547979e+29
9.105474178182546099e+28
-2.125814696454215881e+29
-2.490898640673412899e+28
-2.875296928606796370e+28
-2.750186642927821043e+29
-4.297436589502898301e+29
2.369986287425528293e+29
4.610276212691678839e+29
5.112636067636909424e+26
6.653730424011312621e+25
-3.760373814884708578e+25
2.304669916825073308e+24
1.665872532931236483e+26
7.659749263246795705e+26
-1.509570949939993608e+26
-1.060495697619987760e+27
-1.275260576580033926e+26
-8.344927955578635130e+26
-3.306655729299846865e+26
-1.686606704661415121e+26
1.554533655294481250e+27
-7.958889259960605585e+26
2.883001634931434995e+26
-8.080765197333102323e+26
-1.458014354733817777e+27
-1.002431245400272413e+28
2.067011054864304303e+27
3.561080991079282214e+27
2.214706531948168583e+27
-3.446739193893741497e+27
1.356547401372726423e+28
-1.842503885943360013e+28
4.034460754271642516e+26
3.184641461929704180e+27
-6.366900569665379020e+28
6.199042166382488095e+28
-1.011943997519304281e+29
1.175594893119058025e+27
1.365023551337174588e+27
1.891951097194121610e+27
2.313081335904036640e+27
-4.719551122163941192e+26
1.601213101307945310e+27
4.171172741911110159e+27
-2.262540145951880408e+27
1.108861538239525823e+28
-4.795320960521917345e+27
1.588353961797447846e+29
-2.789653831490376654e+29
3.673502236636926144e+27
5.191506269246559450e+26
1.124796436849943199e+28
7.194213726006332237e+27
-8.203046903380491946e+27
-1.103831836178969672e+28
6.441042297110167030e+28
5.001962904832206632e+28
-3.154640769892921661e+29
-1.546267688237570106e+29
-1.686175266097817290e+27
-7.823501485533360774e+25
-1.234054564852132745e+28
4.345643628798739782e+27
-7.173358840761789981e+28
-1.847653382943193999e+28
-8.184874574496105522e+28
-2.564999772755021126e+29
-1.594963002301189985e+29
1.884925942078946794e+29
-2.422872791491884638e+29
6.900718670342208489e+28
-3.219532205803480152e+28
7.636651334012223278e+28
4.116323997105023338e+29
1.257889868805815637e+29
-8.358184068389796056e+28
-2.044761321219336005e+29
-1.956863979291745310e+29
-1.958316153201593607e+30
-8.480880078554878864e+29
-7.971848058263467868e+29
4.472851851888765672e+29
2.001126032717332238e+29
1.052385519901849845e+29
-4.657415011364926536e+29
-3.891560259466561604e+29
6.865167393493086645e+29
7.779648416357508451e+28
-2.494155164210177163e+30
-7.592991165649661897e+27
1.558680529644140615e+27
-4.834437414904447374e+27
-2.262791815154792815e+26
-8.770297451472375395e+25
-4.840778784704276286e+26
-2.138859964079580973e+27
-2.828010256362611854e+27
1.420568638094004833e+27
-8.676307123548880604e+27
-2.202659178770863748e+27
9.252629488191164726e+26
-6.610317383839671247e+27
-1.646632234618329292e+28
-3.285283239122227514e+27
-6.102175022508645834e+25
-6.377347366268046170e+27
7.528720349722828617e+26
-8.343732330638768529e+26
1.673652398751790584e+27
-8.320088072179655049e+28
-7.124128994887001029e+28
-1.257544606711682494e+29
2.729773385778547892e+27
-7.238763698594284751e+27
6.117449102579483687e+27
5.103561491166324904e+28
6.756216396409414996e+28
1.128176079935100282e+29
4.163487827756075260e+29
-1.019249453098863647e+29
-3.856757552213055919e+27
1.808312163373441376e+27
2.503178369165758618e+27
-8.927163892827065457e+26
3.773243231941555048e+27
1.707486044796874875e+27
2.102255869627141758e+28
-1.642386409813571818e+28
-6.355747634844706127e+27
1.401079042745742225e+28
-2.106304119666673317e+28
-1.050697633612586743e+28
5.039134501736938266e+27
2.168075931051815739e+29
-5.702814442768843885e+28
-2.846046406798856859e+29
1.452445799455656672e+29
-1.188953748831764193e+29
2.095599563158366903e+28
-2.116122091436569547e+27
-4.199098825410187611e+29
3.455895434407340380e+29
-2.979517638845514375e+28
-4.725016038954952283e+27
1.337355049004172173e+28
-1.844547080136257633e+28
-1.261437906228342744e+28
-1.865418176068920116e+29
3.934773845580970114e+28
-2.473836962544507179e+28
-7.194951775969707604e+28
-1.227009417346799575e+29
-3.447502175544310443e+29
-2.291485573202845273e+29
-1.677744111222932480e+29
-4.612310693315448204e+29
-1.307952263344345490e+29
4.185117297363906007e+29
6.562987926274533871e+29
-1.163849624612863974e+28
-4.458175603421835205e+28
-4.652786454488984609e+29
3.226463369572751093e+28
1.205417581199627806e+29
-1.151312279720966709e+30
-9.287852195323435148e+29
1.643787294433300443e+30
1.900447962774626638e+29
4.107114187482524528e+29
9.972773649803011349e+29
1.120936398159030027e+29
-2.378208962469809329e+29
1.742023853937573290e+29
-4.072745798327136737e+29
-2.755116750669464583e+30
-3.164996987568087656e+30
-1.770524322480010090e+28
-5.588288705110304824e+28
5.962148295546397278e+27
7.657676930535929822e+28
-8.153383381681133071e+26
-1.172390844891109718e+28
-1.609396178666588237e+28
1.248935526991617584e+28
-6.374574400843641024e+27
-5.655995137054668387e+27
5.653018258113246070e+24
8.391143993090060081e+28
1.400316349354305772e+29
-4.938606076154763553e+28
-1.718648681146519295e+28
-6.083778627331634894e+27
-2.812074297215900116e+29
-6.051393902637742992e+28
-1.686308221390911917e+29
-1.902851541761455332e+29
2.315149665612653029e+28
3.128333066972204992e+29
-3.697681468183450118e+29
1.733804665271099601e+28
5.697277049377582695e+29
-3.740221013093632486e+28
6.899214269722434008e+28
5.496025926961513682e+29
5.630750356176313037e+29
4.393350341249840643e+29
-2.378868970254910588e+28
5.118464300919037028e+28
4.178986803164178231e+29
4.074260329779021266e+28
5.768949484580335164e+28
4.433557125122291068e+28
-4.017853794245420839e+28
-3.808552879294658820e+29
9.442012215635089155e+28
2.452376228174838770e+28
5.042766980530928771e+29
-1.085089109263687273e+29
5.668873150193147376e+28
2.409949610579016198e+29
-4.734725761172755596e+27
-1.047029808750110150e+29
2.164838541048609867e+30
-4.356324141060211123e+29
2.487861055178582397e+29
9.045156227314216464e+29
6.897983253375806660e+29
-1.118709208993530167e+30
8.697827620884632096e+28
-1.451206710999059767e+29
8.045294395042588445e+29
-1.445171729270971400e+29
2.278533681559040042e+29
-5.355642253314854740e+28
8.904981986042554551e+29
4.807914452759685638e+29
2.094238460408218032e+29
-1.532739389755692886e+29
4.698627404798285899e+28
-1.522262054624391775e+30
-1.793903526289184839e+30
1.136898000238190907e+30
6.730982766963265408e+28
1.156947539487948829e+30
3.427670877254879721e+30
-8.468126552214873372e+29
-3.460939333595715350e+30
7.167517468160671068e+28
1.004976775076915207e+30
4.387566572955344245e+29
-8.608118008837711783e+29
4.440224078049850658e+29
2.065615036732207285e+30
-2.655842330360036333e+27
9.754410264679358019e+29
-9.519824536151389403e+29
5.643978307948103134e+30
3.945935412585858554e+30
-3.598202344361420751e+29
5.219125492751090535e+30
-3.115982866684624738e+30
5.913135154883672999e+28
7.474604552068943032e+28
1.015529382407808557e+29
-1.118172198173581853e+29
-7.874420582953415816e+29
-3.690702058833191334e+29
2.314180711613032763e+29
-1.193605836516004445e+26
-2.638831835544634668e+29
-8.943989665843724083e+29
-5.895200256901485579e+29
5.440641235822361318e+29
5.247547112229352348e+29
2.296266381210370650e+28
-1.116747294329160651e+29
-9.432739594693446385e+28
2.239470640544701016e+30
-8.214329741654452968e+29
1.772145566798137518e+30
3.217422210495768111e+29
1.084268897267335560e+29
5.438460281521303330e+29
1.434571641208128852e+29
-2.038621670068877546e+30
-1.706973754105235531e+30
-1.191076084791273598e+30
-1.686622383850960087e+30
-8.843998142946811451e+29
2.843818613075979087e+29
-2.901294898678336087e+30
1.448053098574300630e+30
-7.816983034685510847e+29
2.280907977158865783e+30
-9.675219733145861638e+29
-1.122923178669325052e+28
-3.713637014803794757e+29
-1.340905363426543210e+30
6.337546263727540479e+30
1.678448465714536381e+30
-8.596435340870324850e+29
1.250761583977536900e+31
6.808884812725871848e+30
2.548664105697186798e+29
8.184182645407053314e+30
6.027799644976155825e+30
-2.053629953990124169e+29
1.887231645150509456e+30
-1.358554994503922493e+31
-1.154970518478846306e+30
-4.191036202814534728e+30
1.687352446784414356e+31
-1.288215826849294787e+31
-1.099227509129212342e+31
3.458056566322947150e+30
7.001063303812675646e+30
-1.647773904699171330e+30
-3.502472024827260478e+30
1.287536665248625674e+30
-6.709844085318844705e+29
3.696896736646683050e+30
3.253080784046672564e+30
-1.228258493708092717e+31
-1.229602853088888232e+31
2.168766990758687030e+30
2.830394589051239750e+30
1.929439555544347991e+30
-7.038269996648921486e+31
-4.730785646891680217e+31
-1.202710114659350107e+31
7.732674811419139256e+30
