-1.782743154733361600e+16
3.802379871285775360e+18
-2.113900295824483942e+19
-7.727729202903125852e+20
1.948151194081867858e+21
-1.515885320839634354e+21
-4.678859280145095590e+21
-8.700169066709962562e+22
-2.608501860525405572e+23
-8.705675504978823168e+18
4.507741145487351808e+18
-1.084088027532579439e+21
-4.490979394876221895e+22
7.894848555334905522e+22
-1.387871377935446688e+23
4.558548210650540147e+23
-4.992731665149949351e+24
1.255249583498500971e+25
2.300901138477374505e+20
3.585320043615768543e+21
3.249002224786759641e+22
5.768618464162591487e+22
1.015992242229277912e+24
2.410360549996834520e+24
5.742223340461044061e+24
1.693240378254316131e+25
8.335459251910631678e+23
-3.150649370250903552e+20
9.150264458449728307e+21
1.100311280398669416e+23
-2.669639242212102122e+23
2.915140825731148821e+24
-5.816566792439803842e+23
-4.222833970129728023e+24
-1.355884465654934121e+25
-7.229651827735091735e+25
7.596684110970783942e+25
7.899692321974671901e+21
-3.948703608718103255e+23
-1.926168553954383170e+23
-1.970483555240941638e+24
9.029815885900039208e+23
-2.967619770642496099e+23
-3.059052308557136430e+24
-1.390347978325625972e+23
-3.856147748503984944e+24
1.272733973525989485e+25
-2.370097719617703773e+25
4.497929782421781665e+25
-4.121775973447726268e+21
2.139078601298740186e+23
-6.750318971876583869e+23
-2.055503107435474337e+24
5.378442071895462782e+24
-3.477975434463017582e+24
3.613480175503696301e+25
1.791860801056066664e+24
3.436426560799375707e+25
-3.293021116375725100e+25
-2.399249924258640742e+26
1.403930559648269863e+26
3.311880147815695534e+26
-4.358456642821996125e+26
-3.251623224223173968e+22
-1.176890679010872120e+24
3.940648423714657600e+24
2.580024600208770081e+25
-1.922836413465454235e+25
2.445338823550343461e+25
-1.048168382544963073e+25
-1.727865483529171835e+24
-1.294211103681308933e+26
1.653907766570249271e+25
1.930991096403872098e+26
-2.798840101756797456e+26
5.618318772875981573e+26
-3.823375577991065504e+26
3.271626534218279731e+26
-3.268114502174234169e+22
-3.041443470196112081e+24
1.154293785289119143e+25
-2.593080592145268076e+26
-7.413394231751716052e+25
5.112682933853159987e+25
3.278013646951846081e+26
3.628019461310045264e+26
-9.540367184448430396e+25
2.936910731866502596e+26
-1.514144714811511289e+26
3.261666386271017644e+25
-1.418516581939364678e+27
-6.269813722540695075e+26
-4.673136864553162768e+23
6.287659173432192212e+25
-8.498694179951302588e+23
6.677814108666021967e+26
3.982198540559656652e+26
-1.386512854687747996e+27
-3.745368981698430536e+26
-8.391607714852059991e+25
-1.240634199244816828e+26
1.556708531991122362e+27
8.737183618844484957e+26
3.388016621852273065e+26
-7.102175531808063256e+26
8.428318661098322002e+20
-8.197889671950216724e+20
4.147187471671206766e+22
-7.563189936773114993e+22
-2.818506896963581824e+22
-9.448701405810459861e+23
3.540308792705507855e+23
3.431837823053697452e+24
-5.346975319960607512e+23
-4.125196527101459655e+24
1.888031403081925334e+24
9.963305046614564074e+24
7.796777245953905241e+24
-5.324996875657475502e+25
-2.202647439925592336e+25
3.828835527712332325e+26
-2.933855021555671420e+22
-2.314023368655194617e+23
-5.521556071945816611e+23
8.333865468225268050e+24
3.395449200979191519e+25
-7.919905139290814764e+25
1.104053729776910840e+26
4.943876060395443374e+26
-5.314297575682627034e+23
-6.328015177798027487e+24
6.671643039957179267e+24
5.622344327557206467e+25
-8.924502739122799681e+24
2.997611052975226002e+26
1.163393837198248615e+26
-3.885775829977628022e+27
-6.197700711991875706e+27
1.668321260653112986e+24
5.077186454165706519e+24
-3.082607936043222596e+25
8.425930703485027603e+24
-3.877453885335421536e+25
-1.300517429920105966e+26
-9.187771243866280206e+25
-6.194108039392139611e+26
1.045540154695681664e+27
-1.225617055286855892e+27
2.647606728485686907e+28
-5.987245449265430410e+24
-1.863247025231559057e+26
-4.098472797632672400e+26
-1.010414102285485789e+26
-1.676319162585149117e+26
7.346567769826051542e+26
1.424881639899705345e+26
-7.993250749685510848e+26
-3.842731133404131087e+25
-3.538662983108455138e+27
-2.102728619002322449e+27
8.152218304286509824e+27
4.565268600529700706e+28
4.494530201338446697e+25
1.907187896331897163e+26
1.596922604439543541e+27
3.612860482594940637e+26
-8.862191702213307380e+26
1.271628667981779747e+27
-1.142883643035070124e+27
-1.410699712740935867e+27
5.530764081115471312e+25
-2.074077599238261649e+27
-2.853608005561612384e+28
-7.101938938158946844e+27
-4.988824188116790480e+28
-3.206554624853030105e+28
-1.554717497012846746e+26
-8.252055162363283570e+26
6.105151313649075513e+27
-6.009698619988389834e+27
5.656115649300119655e+25
4.779491721801814968e+27
-5.095413489441862103e+27
-1.277912477262980349e+27
-4.245521144474641445e+27
-5.871273913737417366e+28
1.102954304281808535e+27
-1.553456765837022287e+28
-4.289770133226867838e+28
1.229723721370665315e+27
1.160642716687901264e+28
2.904192967927603183e+28
-1.346314586952097744e+28
4.009224615076441312e+27
1.665454402532661774e+28
-2.928346905628087861e+27
6.062722010584731224e+28
-2.054483526675067970e+28
1.596760938798178200e+28
-3.589178792949666630e+28
-2.012072545003692455e+26
1.266010021217485980e+21
-2.555404478830326778e+23
-2.876623823867217717e+23
-1.849897799779283185e+24
5.762002749350487773e+24
3.777800485796766443e+23
-1.407451516404721905e+25
1.464790460755668681e+25
2.451636793156892668e+26
3.867634008279568838e+24
-1.026583267270272410e+24
-2.850366158901945469e+26
-4.327748727221933136e+24
1.195651140713209439e+25
1.956263172443880960e+26
2.649725830367705485e+26
1.100640504803638212e+27
9.147758569801341908e+26
2.115784259746411211e+27
-5.125824057846430315e+27
-8.222625368917351903e+27
-4.140878942537668560e+25
6.885155101477024177e+25
-1.299578576837117261e+26
2.057240392961961573e+26
3.306291857068027211e+25
2.299700945626820590e+26
-6.880913635385295718e+27
-1.061610756488324024e+28
8.498371850605598988e+25
-1.575781931840984578e+26
2.981891069167486829e+26
-9.236393806952708579e+26
-3.352843138297677516e+27
-1.967578444553227045e+27
-2.044115734451738688e+27
4.244014324918917242e+27
2.485729982505551624e+28
-1.473473081580132491e+29
-4.948238318885666466e+26
-7.813512208219377000e+26
-3.369192314776095651e+26
-5.105945184942340071e+26
-9.081247026309876475e+26
6.327900151702667574e+26
6.323455824886819689e+27
2.943339437472606929e+27
-4.939089813220406288e+26
2.658229412184909722e+28
-1.803052788576381673e+29
2.369081695512724334e+28
2.042336187259495302e+27
-5.056989035383627129e+25
3.376031124144849429e+27
-9.444282597651377953e+27
1.520543145952444316e+26
-4.302611163016007869e+27
2.039147205487838399e+28
-5.268435915007094815e+27
-3.338256141509057965e+28
8.449937236815407571e+28
-1.025660095696840382e+29
7.985439880752497121e+28
-2.801994498804944098e+29
8.991354740872474884e+27
2.687629928855320439e+28
-1.045367740686733648e+28
-6.842545603348125812e+27
1.914858914485924282e+28
9.009948392597674371e+28
1.576732123549171528e+28
-1.119836686937723107e+29
-1.122378109243419315e+29
2.661089251636689826e+28
-4.562473572464219889e+29
7.828418179097155764e+29
-1.592707963906600749e+28
6.219187294131049284e+28
3.313326917552450373e+29
7.505285724249719549e+28
4.207583373803713890e+28
5.671873178445165959e+28
2.090676270450860114e+29
-3.303601248598140373e+29
1.987113806312238456e+29
-2.387923553534230053e+28
-7.249408764148761652e+29
5.630907373831098062e+24
-7.601212778917440094e+25
3.224686466358603223e+25
-6.908803932680021574e+25
-3.360675997654260795e+25
5.056995653510369117e+26
-1.215087009452287825e+27
-5.641064103581745930e+25
6.781666759341798806e+25
2.022458907931622146e+26
1.643256973854813485e+26
1.146339440952915047e+27
-1.554271420512608055e+27
-1.108326646015125540e+25
-5.150221843556620657e+26
7.184641677066652660e+26
-6.594332250557282954e+26
-9.534886398483958355e+26
1.032152566501092661e+27
4.510154207715615603e+25
2.152080304678384115e+27
2.386346527948865293e+27
1.213620998505239571e+27
-4.394232451713480246e+25
5.902019507969045700e+26
7.234459117354048512e+27
-2.585504785972936792e+28
-6.351701190515111963e+27
-5.033709226391027426e+28
8.713636588459242959e+27
-1.615238209246754454e+28
7.887757600620594948e+28
2.882775384841683758e+28
1.874345999621364973e+28
1.266751946034211859e+27
6.612523965021719795e+26
3.467547723335560642e+27
-4.231142228174752932e+26
-6.438394355270559950e+26
-9.788473946236953480e+27
2.429117991320678251e+27
9.740118503002633072e+27
2.848789995253381107e+27
-2.908053144246418328e+26
-6.357997807461772950e+28
-9.414720298993643976e+27
2.456380530528406152e+26
-2.535462724185805393e+29
1.828099856898189887e+27
-4.163956365809180007e+26
1.470293061448181241e+27
-9.111482808816212826e+27
-6.994094839210917624e+27
-2.012821253210542472e+28
-4.937543648959755828e+27
-5.504802013601415672e+28
8.132493594372677116e+28
-2.069363122078435516e+29
-1.906158559831057029e+28
5.727236705039460175e+27
6.293387007831065384e+27
1.080371515195158403e+28
3.305533807091163117e+27
-3.334766586189790169e+28
2.001008146150025232e+28
2.391518381369661561e+28
1.959534407440057821e+29
7.790844982615413738e+28
6.278945227934366524e+28
2.187616922910318646e+29
3.337441136182945945e+29
-7.004277441451860619e+28
1.828560533391339648e+29
-4.159259630816941706e+27
9.397767822317939021e+28
-2.069091100881541586e+29
-1.124722621592407107e+29
-5.599451657701167516e+28
-2.946684621109304174e+29
-4.817122637025263777e+29
1.036123024866431428e+29
2.517665444189517806e+28
4.608718310582335847e+29
-2.997450193611898024e+29
1.574502006939815846e+28
2.690258200799064875e+29
-9.089397339618332235e+28
-2.301564633633919351e+29
5.164940512636289577e+29
5.783836370787484583e+29
7.898313055018542662e+29
7.245549299752389461e+29
-1.714822835887814941e+26
-4.689522077483625123e+26
-7.065613950952241402e+26
5.120244981255584104e+26
2.721124565558270344e+27
1.169117034342809690e+27
3.266305228881691368e+26
6.485131753824315619e+27
-5.197597312011041907e+27
2.214048074742035081e+26
5.174809229011209705e+25
9.475734311238532302e+26
-1.625205466327219759e+27
7.889710736743533575e+27
-2.214649533873439069e+27
-5.186317937423795299e+27
-8.923057720054597349e+27
7.799250172685152890e+25
-5.711176050164230983e+26
5.196178839644451810e+27
2.094294914503832631e+27
-7.761608637563370215e+26
1.350546719892553946e+28
-1.662023723450945023e+28
2.975505130610508705e+27
-2.211809666093520486e+28
5.339733244845300745e+28
-6.107578906352479120e+28
1.007807589068080668e+29
1.164525480754765532e+29
-2.529338418763866325e+29
2.708285805439312202e+27
-5.489884866869913697e+28
-8.069489431141123881e+28
9.694532272868450998e+28
-2.861440931264911133e+29
-1.057340856816128404e+29
2.282844040043643287e+25
1.626652339580171423e+27
-2.990360616542404504e+27
-8.724177176797423812e+27
-1.498301251212025098e+28
-5.555103289153331530e+27
1.116757735906911690e+28
1.536666821183731143e+28
-1.525107505879121931e+28
3.696606385432883946e+27
-6.818005118626593645e+27
-2.630106803402692044e+27
-6.251629233755756904e+27
2.626294178473429356e+28
3.337659033881058406e+27
6.858559427461182478e+28
7.248339414427308674e+28
-3.861454486161830544e+29
-9.992501056463951587e+28
1.631395824147386759e+28
-9.282108141672710757e+28
1.387226929278715098e+27
1.161451783857261637e+29
7.099759086818860443e+28
1.701386641881111763e+28
9.847058883437313186e+29
2.101054311720797803e+27
2.718494982948761637e+28
1.060279281553994236e+28
-1.209650586390059576e+28
-2.691001732693518104e+28
-5.301110448032397324e+28
3.119884224568529711e+28
-1.123524757524697869e+28
-2.197742603869286625e+28
-1.513329464934592734e+29
2.871398276047231187e+29
1.731356539821500775e+29
1.575932954921777074e+29
-2.891467759786576480e+29
-4.318089049885766668e+28
2.923531884556623637e+29
3.572503388165265683e+29
-1.465644715337588990e+29
1.669891582207140712e+29
7.078934478544838984e+28
-1.047318827929689921e+29
8.970652566672292155e+29
1.426904843204300180e+29
-2.966924828310759361e+29
-7.981716063842336149e+29
7.730672581565074631e+28
-1.136507027821061596e+30
1.198063534352725434e+30
-5.792288607459975441e+29
-5.125251806264458744e+29
-1.158695470071663399e+29
-3.172629031783827307e+29
7.997059693176455376e+29
-3.889162850584550125e+29
1.275692101170722683e+30
8.265103699314712073e+29
-1.398115463930852486e+30
5.478332313912137084e+26
3.868565900443041367e+27
1.613535946169608859e+27
6.646366351946127245e+27
1.313041045918451699e+28
-4.404601518221717610e+27
-6.538198169453684381e+27
-1.189739904342477507e+27
-3.085046774485171885e+28
1.165418210437929045e+27
1.636418481887181601e+28
3.668962606778593064e+26
2.736532540531227048e+28
1.074624640470275011e+28
1.878941793734039612e+28
-1.686968146810128895e+28
3.997395066287083376e+28
6.836095152296523627e+28
-6.280503181043324565e+28
1.392851184659270608e+29
-4.100754758181626009e+28
3.034331535485446960e+27
-1.112858157019200165e+27
3.281368361609699290e+28
4.596425507099268445e+28
-3.754565695981107198e+29
1.139461177095764828e+29
2.071298297273021909e+29
-2.627272721678837890e+29
-6.713157662956146631e+29
1.437506918508621757e+27
1.449287574256231042e+29
-2.812249042121558643e+29
-3.248290148812175321e+29
9.954966964601239305e+29
-7.777865325293557636e+29
-4.538328830770921769e+29
4.518241489982391845e+28
-1.144357177296132508e+28
-7.737860644539628832e+27
6.138044851890507286e+28
-2.678148339935495152e+28
2.402427861250622577e+29
-3.951465243908986746e+29
-2.690387761516830793e+28
-5.228479123478421282e+28
4.831794639324210734e+28
-1.017859047633437416e+29
2.063465247856836762e+29
-2.586909958731117361e+29
-1.134461126765686566e+29
-1.691938029870987407e+29
-4.016213981632890816e+29
1.880143590470348004e+29
-4.305700402819117662e+28
-4.722398585997180672e+29
1.809335426343935958e+29
-9.098004941214330695e+28
1.337365560281966698e+30
9.124100497972742647e+29
1.239127819882466765e+30
-1.424959392713016059e+30
9.515113865271464893e+29
-2.490063084234672228e+30
3.747231126496746074e+28
-2.729403096601783141e+28
1.846551491245795185e+28
-7.224487213640246320e+29
7.769191365421332749e+29
-2.202609659774176515e+28
-2.025241170818930489e+29
-2.582222082758305895e+29
1.411806907392023517e+30
2.130396939057096813e+29
-6.870208723842648355e+29
8.610513905059683399e+29
-9.646609420235041016e+29
1.579408668702194777e+30
-4.850864605103208060e+29
-6.445340418024511292e+29
1.067374797817328493e+30
-1.096304115323594489e+30
-8.584821643929825660e+29
-4.102606993548624857e+30
2.648026061224801769e+30
-6.336759984456210868e+29
7.486012368077851092e+30
-1.336212807230574804e+30
-2.071639434125968062e+30
7.441302652758387707e+28
-4.930763552561532006e+29
-1.055552540636628024e+30
-6.705204324170704450e+29
1.449241566211248949e+30
-1.574055081743310541e+29
2.999683181546009975e+30
5.029442386345546700e+29
7.730117288588615028e+30
4.585942822578621690e+30
5.685959798837718748e+30
-4.023017856907153346e+30
6.288776009407368103e+26
-6.947481875117707889e+27
-7.832027181385134680e+28
2.766902903906879842e+28
2.195164075883817710e+28
-4.897132660559886739e+28
-5.904751945616159102e+28
-1.323080153661511337e+29
4.155708246419893927e+27
-1.139427672277554938e+29
9.369491735255807788e+28
3.530469288176241275e+28
3.468620332137273968e+29
2.120705311961511362e+29
-6.322284651395271477e+29
-4.235665433378739587e+29
8.831967229160298464e+27
1.925626123077897948e+29
3.333725536945372610e+29
4.561365307247516058e+29
-4.051122497926945993e+29
5.977449245809653120e+29
-5.410307166884553421e+29
9.002587133561480080e+28
-2.305160492257168151e+29
-3.168471950334063132e+29
-1.814149949308575770e+29
4.538175724349547094e+29
3.154174272612440051e+30
-2.556276153548933736e+28
3.527579037871245025e+29
8.429227299848517574e+29
-1.063353061127738700e+30
-8.335402285066019532e+29
1.014851106541249043e+29
-8.104411998709458247e+27
3.683053887903271652e+30
2.726526986036984716e+30
-1.856462002995733798e+29
2.669416852827577998e+29
-3.248214623354232819e+29
4.167825980762993372e+29
4.193272850444782504e+30
4.667996722498066247e+30
-2.413059378458560860e+30
1.072922388740883112e+30
1.148172804318774772e+30
3.435887438127944999e+29
3.090463840308045456e+29
-4.430721535129850054e+29
-1.128987704698839312e+30
1.754718317674205874e+30
-1.012153826727542416e+31
3.101594602790907666e+30
-1.763008228159681230e+30
-7.929431219712230055e+30
-9.623759219560997170e+30
2.978031037587268069e+30
-9.316462398937019881e+29
4.844932039976830184e+30
7.533789269714426643e+29
-4.816855665861379348e+29
-1.266920455370911823e+30
1.244905025425395953e+31
-1.302611895237891773e+31
2.650678762791890596e+30
-1.217829965800090570e+30
1.019923522845697973e+31
-1.858535237724569825e+31
3.980073500270517357e+28
5.085824728929159593e+28
3.005825012746041023e+28
1.846411360731440849e+30
-3.095010671041743624e+30
2.469718960044120864e+30
5.200302623572501954e+29
-3.155479739314802035e+30
8.721765216407484115e+29
8.800028329049591692e+30
4.623013787468113879e+29
5.929546173400454023e+30
-2.536064165382547408e+30
-3.919153312064623867e+29
-2.030001807589501353e+30
-1.171352812040753650e+31
4.652608171078831260e+29
1.328778873919406932e+31
3.475443958003796072e+29
-4.191303754790455548e+30
-2.669313630673716442e+31
-8.506864593480794144e+30
-7.934198235800849398e+30
-3.212918541824936032e+31
-3.480446001848955006e+30
-2.299485622819738535e+31
-1.449746375712391613e+31
2.239292042697694885e+30
4.018654435275272130e+31
-3.180442334511750923e+31
3.005940801973828974e+29
7.601129102225438920e+30
1.050295579178802096e+31
-4.495781567769314023e+31
-9.850982703701732755e+30
1.001589984634447169e+31
-3.976180393213326858e+31
4.273543105901978283e+30
-3.847909389179698978e+31
6.697244403937804288e+18
-2.023029122129144218e+19
-3.362368562069016412e+20
2.357452044288589300e+21
-4.120988382677176418e+21
-7.878298411646147625e+21
-9.460712618306624396e+22
9.829360241844359791e+21
2.869034467450372915e+19
-9.229789312873069019e+21
6.467216797054913636e+22
1.794076873170253177e+23
-8.358802241419074758e+22
-1.482537850965662091e+24
4.960636849481995478e+24
-1.188384568092623330e+25
1.186797432545648994e+22
3.937230985161223438e+22
2.323219996307920152e+23
-1.989432687527238398e+23
1.243917266786637180e+24
-1.443679257966061266e+24
-2.933911223797364838e+25
3.336749383867565141e+25
-4.556821819512311513e+22
3.424769043050235167e+22
-1.584500025700530898e+23
-2.263135900678018168e+24
-4.567010915767081364e+23
-3.459820167659477369e+24
-2.229770926283711341e+25
-1.121816465352234947e+26
2.489418092575043550e+25
1.854073164272057566e+23
-1.607064078349844752e+24
5.114511926918513940e+23
-1.641562840129945234e+24
1.063058836353145645e+24
6.615776215886858633e+24
3.585304571712142955e+24
-9.575934535945022660e+24
5.531155694862352282e+24
1.836067570788398239e+26
-5.066866202084339202e+26
-1.026728553240606175e+24
-2.367605728231333562e+24
-1.075182409589245849e+25
1.429623089135911145e+24
8.177022293530617735e+23
-3.762762503347813966e+25
4.964075194112436888e+24
1.394333470361594505e+25
-3.847972046279064934e+24
7.787644557129393588e+25
-3.047108598360635595e+25
7.725634423854928263e+26
-9.435188479797590260e+26
-1.090796591291331684e+24
1.835528030311658088e+24
-2.208612763252078431e+25
-1.160168739731640894e+25
5.286504752100869728e+24
-9.174121978065609545e+24
-4.089373972393879371e+24
1.347580421395322994e+26
9.369895717699090683e+24
1.043768304142843459e+26
2.060821099358868465e+26
-1.871187487425515773e+26
1.226708121395019847e+27
-4.119656867608125159e+26
1.330642914652412231e+25
-9.009941792607356685e+25
-5.571734325788026725e+25
2.989382346453204935e+26
1.172490349056284359e+26
-1.842116037067925421e+26
1.262141724208904492e+26
2.311074951324860745e+24
-1.598510621624513115e+26
-8.569512077768885077e+25
-4.480844285411519866e+26
-7.069393030769578394e+27
6.267268375679882106e+26
-2.989936215023108950e+25
8.692835997309233271e+24
1.015030877803745346e+26
-5.387725513050659393e+25
2.451874544615762545e+26
-5.879832155421375229e+26
-1.454532968924733277e+25
-1.145715552814005726e+27
5.687258792697387533e+26
3.432553191645267992e+27
-1.016034405870289058e+27
1.895176514264602963e+27
1.742148371719536614e+22
-1.048723181774485502e+23
8.277106356026343005e+22
-6.198231641742551024e+22
5.976354618793227872e+22
-1.517128113905054706e+24
4.395438571185240854e+23
2.968461039984578432e+24
-1.293315497312047702e+24
1.015425469983987781e+25
-3.231125826447163378e+24
4.123157107083270790e+23
5.343647375875284910e+25
5.872549882856601428e+25
2.708964416228952365e+23
2.505722439718157924e+24
1.327877148682481462e+25
-5.507330377299611417e+25
2.445254850523634719e+26
6.466947044682192179e+26
3.211189432011791359e+27
2.896503508907658368e+24
-3.475116710011650942e+24
1.133254973333456976e+25
2.977977755159751847e+25
-1.011545528259971609e+26
-5.480876347403504171e+26
6.494940196503081186e+26
-4.709720480592734699e+27
-7.604195488935892848e+25
1.923547539275034598e+24
4.109652603287126503e+25
3.230987361586372859e+25
2.703633006281099904e+26
-7.494073850075309514e+25
1.373987651328395311e+26
-1.051031344126275943e+27
-3.857868169924742919e+27
-9.460279060008168949e+26
-9.107794911378193124e+25
2.309335899541701615e+26
6.982248087456597515e+25
2.370513247290098764e+26
-3.888236720167219307e+26
3.009786326506795292e+26
-1.818241471043093052e+27
-3.728611049583740215e+26
-3.955266820911139740e+27
-4.341415767073730495e+27
8.343208043422030788e+27
1.321271927172791321e+28
1.439725074180941467e+25
7.120982867923122193e+26
1.105737165599586760e+27
-2.015167501597850303e+27
8.770428345985050739e+26
3.661155482794054145e+26
-6.541660037153702157e+27
2.710448684681363717e+26
8.366700792377916998e+27
-2.915574516251794112e+27
-1.874769392236295610e+28
-2.752122428071008696e+28
1.351840408177708091e+28
1.431322610652613177e+26
4.457217077325756248e+27
-2.489123263387019274e+27
1.264871700817914326e+27
-1.140348854698006172e+28
7.440614520071721594e+27
-5.480038411060641866e+27
-3.462969249613271144e+26
-1.260715325993937731e+28
-4.895134080488022152e+27
-4.693823731862822908e+28
1.321236964862635127e+29
-6.807072458193457336e+27
-5.095814341988429243e+27
3.980343229603869150e+26
1.481795681187906861e+28
3.305042396281122923e+27
2.938970208463965460e+27
1.292771141135802703e+27
4.296297713329539431e+27
3.105619324941347984e+28
2.010625988106046148e+28
-8.542587436314198543e+28
-2.109665546569661138e+24
-1.347616401235423783e+25
1.305289277631130729e+25
-6.318233867303960355e+24
2.628700389159369164e+25
1.963524593288986892e+25
-2.715035016037624659e+25
1.888937199031016440e+26
-9.956447150825149747e+25
-2.013444667989064833e+25
-5.503948921122976761e+25
1.086816309757485070e+26
6.241131154980411611e+25
-1.611934374366884194e+27
6.434361209480664724e+27
6.039653808037993203e+26
2.060385345820421647e+27
1.413256258270078509e+27
1.397451225335615235e+25
8.614743978376645860e+25
9.893955637872377901e+25
2.196010215507852097e+26
-2.141501697024745905e+27
1.607221126112498820e+28
-5.277826596549658829e+28
3.219350891921862652e+26
2.081174092779861920e+26
6.243766894059921735e+25
1.113501867816091419e+27
-1.942173311713503353e+26
7.193485727435358364e+27
-1.864293989839465850e+26
1.134803547242350227e+28
8.937767673895855915e+27
-2.790238273153601417e+26
-9.077859762650675520e+26
7.894956333592591556e+26
3.020470084143912324e+27
-5.231649895956592896e+26
5.562369921867444962e+27
6.454548705939187261e+27
7.121047044665008615e+27
-5.796518572865288320e+27
-4.186557124777995797e+28
2.281557177038677295e+29
7.730054321141143993e+27
9.054586726537636789e+26
-1.175690747552621114e+28
-4.895574867196767147e+27
3.088573059959986691e+27
6.810159802633428629e+27
1.689901327033768551e+27
8.110327419718141402e+28
-1.953563154516075485e+27
2.827766748345271371e+28
2.181167808954720638e+29
1.569431278546486361e+29
3.378450161784450539e+28
-1.583274182394166666e+28
-1.392450108910030682e+28
-5.269522348218493443e+28
1.216553598371645236e+28
-4.537686144036395705e+28
1.247698345167790391e+28
7.069135999156746234e+28
5.135630647731551382e+28
-1.909795448794267982e+29
8.264838240950106142e+28
3.026476095291896071e+29
8.002378923761091995e+28
4.705400140836493076e+28
1.723370290238598629e+29
-2.328069929700764921e+28
-2.305659833010981081e+29
3.793666691576928505e+29
7.395456572484958747e+28
-2.008690753709627732e+29
3.150839899248736963e+29
-1.164257809725274942e+26
5.845481120117604233e+25
-9.047427376859263403e+25
-3.243285052469666917e+26
5.110901168044280107e+26
2.796773114554274720e+26
6.635992798050820363e+25
-8.176840801801560713e+25
-5.681008171007957468e+25
-3.015143163093934585e+25
-1.845470268785006964e+26
4.815855342246717132e+26
4.538841559734758769e+26
4.375739585744851209e+27
1.494695381885531130e+26
3.182454174189799708e+27
6.259876114738808121e+27
-3.650355273904059096e+27
1.583381814531279203e+26
2.162496444916345844e+27
1.102494101196190232e+28
-5.963405431433830364e+27
1.075510716119972201e+28
-4.368733299368258407e+27
1.123496628688661244e+27
4.211650885977927322e+28
-1.320738444542854309e+28
1.151153307520913090e+29
-9.195431407121835893e+27
-1.130867295644517844e+27
-3.043140576033414987e+26
-1.887923778417750947e+27
-5.771428883410873928e+27
-3.573648869774484124e+27
1.323162125167839796e+28
2.446288077755435286e+27
-6.103973359039811082e+27
6.754515598983669241e+28
-8.224502939827097943e+27
-7.346362946750568294e+28
1.876317641661229373e+29
3.098503534765744746e+27
2.142556214310071940e+27
1.322365502475175787e+28
5.140829052192663692e+27
1.832038095066728512e+28
-5.220552430813266067e+27
-3.045788764683126457e+28
3.375307423699569175e+28
6.989509443666625587e+28
-2.014090834098341999e+29
4.410240597853299649e+27
-1.652848041847510968e+28
-1.251618394020298751e+28
1.466070263209813572e+28
2.385164727040009473e+28
-1.885072500475651187e+27
-5.974047016893770298e+28
2.468819178919328242e+29
4.300830270643932468e+28
1.040279436422823755e+30
3.034154526241250050e+29
1.100490942447143422e+29
-1.524399958261694398e+29
-3.046652702709422487e+28
-2.517368347593187482e+29
8.974501005931117735e+28
-3.605057930953672402e+26
7.207943093397820914e+29
4.774297929167033502e+29
-6.530227506166360084e+29
1.076142683105431367e+29
-4.566518587236246069e+28
-3.866243007262566651e+29
1.066381570941281308e+29
6.802316696217993405e+28
-5.037716325003504378e+29
-6.719890931201588324e+28
1.033894988110757796e+30
-4.697298575159109860e+29
-2.675654776570524934e+30
2.480261959186416408e+27
-1.718814912177986861e+27
1.764112994921072664e+27
-1.922063746485063185e+26
-1.104722917024307751e+27
3.391845029173630335e+27
-3.321896785556763976e+27
-1.345568360514143851e+27
-2.145453811358281532e+27
3.059806460707808108e+27
-1.133930814183222662e+28
-1.034705592432381120e+27
6.324813727841027158e+26
1.934554666295005572e+28
-6.841993983005677399e+27
-2.450869934740233214e+27
-5.608162000107126767e+27
1.574162604382552056e+28
-4.858973002623567852e+27
3.623539416062544453e+28
1.944375064927669334e+28
-5.652426417920783476e+28
-7.224738790394803386e+28
-2.936328809500830228e+27
-3.118645435315088789e+29
-2.531353795220626768e+28
2.418049671925052291e+28
1.331323716398148763e+29
2.825748230347257185e+28
-2.069391129800426578e+28
1.446955787140994693e+28
-1.617117336829276971e+28
8.248430344387848466e+27
-3.769562192803468502e+27
-6.591793240877494530e+27
1.900013372045225102e+27
-2.255075597918636792e+28
-1.314953162022097993e+28
1.404676969171751673e+28
-5.586817325951612695e+28
-4.026018649494403706e+28
1.475163887152998131e+28
1.957307730323567146e+27
2.131310253258415984e+28
2.622701211324757366e+29
-5.719830459088924722e+28
-2.787545700637243860e+28
7.819989959463649190e+28
1.998482173087803725e+28
3.630328549316862827e+29
3.768174706869288031e+29
-4.913868990384012254e+29
-5.476325726572990430e+29
1.951066015160379635e+29
-3.153280234501010210e+27
2.087261022276332939e+27
2.943388168318266837e+28
-3.490750598343817169e+28
-7.425192441065591530e+28
-3.699459255925705801e+28
-1.196122138152029567e+28
8.008240963869556424e+28
8.140085307246591431e+28
3.860744116071389682e+27
6.459258863831087003e+29
-2.004412199905527729e+29
1.265547043835283400e+30
1.280933686809001666e+30
-2.821947428038156967e+29
3.193266472822027461e+29
-1.110066146876378611e+29
-8.845456443410834273e+28
-4.024152435611520236e+29
-5.942793380401062924e+28
4.081967302353327516e+28
1.087112199516721419e+30
8.324103031511767886e+29
5.258388462046415059e+29
-1.994602595292091469e+30
-8.035301288445403635e+29
-1.106441903557583068e+30
1.815584729719444263e+29
2.949061984701426069e+29
-1.097846863517542537e+30
-2.324922969670869154e+30
3.433276894641292468e+30
1.774607200874586575e+30
-2.637514387717278027e+28
-1.582454126308743959e+28
-2.706423085460833678e+28
-4.194517387479269180e+26
-1.848861361763189682e+26
1.025368076247853872e+28
7.608406205519108350e+27
-4.133650498362920758e+28
-4.384724136905751691e+28
1.676612964991602843e+28
1.736226381669934108e+28
-1.148950492801060047e+29
-3.949450623365971309e+28
2.723553165674644091e+29
5.562622220316540590e+27
-5.716917758037367203e+28
-6.971587651944474430e+28
-1.482990052225815257e+29
1.279868145105180035e+29
5.200832377222558216e+26
7.706801083077826331e+27
2.062945003152945642e+29
1.598890218343532494e+29
5.330716945557304071e+28
-2.798335898921873943e+29
-6.198710275688351338e+29
1.190005118081608615e+29
-4.848808574254619184e+29
-1.971098570801580794e+29
-1.665980349522850693e+29
-1.536914965608562269e+28
1.512048443023722313e+29
-1.614732888952914959e+29
1.613049882746883422e+28
2.104111174601816902e+28
1.149013780063064978e+29
-3.543108741321826353e+28
-1.837369953749868411e+29
1.594392043693782628e+29
2.373430560446378345e+28
3.382978459000570802e+29
3.729319009139223594e+29
2.362330635423528811e+29
6.806541565093573846e+29
-6.378392879850610796e+29
-3.305996182413253001e+29
-1.489660850067921264e+30
9.550104496288934398e+29
-2.607633991123465879e+28
-1.170862609575353850e+30
4.729739416582766680e+30
4.013791944201891667e+29
5.412102965147430619e+29
-7.440313725766539790e+29
-2.188137295818475556e+29
4.391612003778036165e+28
-5.765418898652168541e+28
6.641887780252857330e+28
-6.716432762594089726e+29
-1.178798767807265614e+29
-6.205246908568689991e+28
-8.337068742996276640e+29
-8.625158517879511367e+29
-5.754983040899973906e+29
6.540755221165869412e+29
4.323527353552477114e+29
-1.996764638124091618e+29
-1.130705032819018999e+29
-9.799004146748346004e+29
-1.890027425774061573e+30
1.347951515845300145e+30
1.133918404622406293e+30
2.183318227830863979e+30
6.213356629524345880e+29
-3.392167078863835224e+29
7.361820082633452282e+29
1.244327447737176534e+29
2.074038387366604820e+30
4.517826796319362849e+29
1.770185820566476172e+30
3.949788192582197974e+30
-4.564993216022646981e+30
1.062693264516452782e+31
6.030012538311493325e+30
-5.829552952217311064e+30
-2.415127103919733891e+29
-2.180050913787384858e+29
-1.501964727027767664e+29
1.410910993540048005e+29
-1.637339272870798003e+30
-2.267487788526942873e+29
3.365567283640690777e+29
2.111169095410001505e+28
-1.176180323571480704e+29
-1.737141910500991346e+29
3.066419546179749742e+29
9.418617499861168924e+29
4.010252309888985036e+29
-1.205583405115526168e+29
-1.886876019171704623e+29
8.602373260801539946e+28
-5.499737365819482492e+29
1.808830680428870846e+30
-2.476849798369666826e+30
-1.501333117953144673e+30
2.887091890508833599e+28
1.550979518596535477e+29
-2.055292128655675117e+30
1.839764954584721095e+30
-1.798305876015229639e+30
-2.533644588938982927e+30
-1.404565307172143909e+30
-1.351770277552960359e+30
1.534931422058621802e+29
6.468106111029045062e+29
-9.714090697923801311e+28
1.961297804698573653e+30
5.090282289257981064e+29
-1.675104031815274438e+29
-2.305240674927216918e+29
-4.549068807060857436e+29
4.702842513860424920e+30
-1.874610178258500743e+30
-4.274435726530258042e+29
6.680916600548176810e+29
4.564326153713307676e+30
3.750387149057939254e+30
-1.411831827951242321e+30
-1.173992642472408467e+30
-1.197469858186227938e+30
4.349953240647049517e+30
-4.171654573913968149e+29
1.005230113200950037e+31
-1.489413358564667316e+31
-5.370841968385027850e+30
9.142700373913265254e+30
-1.164691024137900412e+31
1.834050550563178491e+30
-1.998182383080437518e+30
-5.010700074740977743e+30
-3.618499544230068335e+30
-2.300965953071710953e+30
2.653678492544612021e+29
-1.279136956063977154e+30
1.827409792839084727e+30
1.081542974109908061e+31
2.009483887816226737e+29
7.338737707181699782e+28
-4.905388444779473723e+30
3.872972836934978481e+30
-2.766628961788335521e+30
1.033467839714731336e+31
6.529682915816571120e+30
-2.895314511768322593e+31
-7.095618970871752424e+30
