-4.302537189770102400e+16
-7.286791166188457984e+18
4.742370524241099489e+20
5.438475404460412109e+19
1.849609939731655950e+21
1.242189110888350614e+21
4.732144871875562963e+21
2.796655021083967137e+23
1.056815357320387847e+24
1.647486798710606029e+19
3.231668017591663329e+20
-7.835648424868124295e+21
6.453057380666696951e+22
-3.226178389528977678e+23
-9.170492358168990974e+22
-1.577795762241623552e+24
-6.622063545703409696e+24
-2.120060467433921107e+24
6.294167649699417293e+20
-1.369724396965078447e+22
-4.769621315580889085e+22
6.765744167089936007e+22
3.227106834470430302e+24
-1.352577757897902837e+24
8.495649265760453263e+23
-3.740065541679544012e+25
9.765667232499136253e+25
2.083792351874455699e+21
-1.562865016890164930e+22
-2.955091499174569947e+23
9.308559246315270806e+22
5.067644868104739598e+23
-3.122023828842352755e+24
-1.331659403117568744e+24
1.391095361231872698e+25
5.850109167948155730e+25
-3.268635808088647494e+26
1.036478060085175439e+22
-4.424206087014748667e+23
-1.538383680970144476e+23
1.767962668968330205e+24
-1.441684860963899434e+24
-1.649577660555407240e+24
6.224429893942034018e+24
-6.727560762263153184e+24
3.550230064863748991e+25
-1.660039234052460019e+25
2.600886150072005506e+26
1.549785786843917717e+26
-1.427042936902745116e+22
-1.001930107088763823e+24
-3.355287915283224279e+24
-2.552645469566915121e+24
5.358033478189590740e+24
-1.123008534809402541e+24
-7.420332912989062491e+25
1.496129067702988054e+25
3.078428734246636711e+25
4.958578405385291910e+25
2.227029333922682488e+26
6.907378853150247721e+22
-3.838303230156979686e+26
-1.370480545793150406e+26
1.569086804332301727e+23
-2.525115277577321236e+24
-5.924294908381906959e+24
-2.587375061038092950e+25
-1.242986350921735529e+25
2.787116690031201968e+25
1.245711205420445995e+25
1.610366220101634291e+25
-5.030362647791475808e+25
8.123956066747669727e+24
2.937251334693927551e+26
1.171091294743685889e+27
-6.362624505125569215e+25
1.021792506291669113e+27
8.223071621093523547e+26
4.240870613983988967e+22
2.054536387680417369e+25
1.547903050477249495e+25
-2.236365817885329435e+26
8.864084938383962075e+25
-3.023420413022662556e+26
-2.390171370052489239e+26
-9.060029604949631842e+26
-1.040753853755158267e+26
-1.676022376900206260e+25
-7.627947309582072680e+26
-2.868333177322058805e+26
2.690732101204574999e+27
-2.022630334514612416e+27
8.210259231752608452e+23
2.726417884519668013e+25
-4.483635493792049200e+25
-2.461020645118400777e+26
1.573377597899220224e+27
2.352359903022724819e+26
-7.478725875158536616e+26
-2.117626046280541531e+26
4.525278977390589925e+25
2.757053392682862458e+27
-2.236286403089487836e+26
-2.327371306537509719e+27
1.082648958831351727e+27
-1.111377916351409291e+21
4.816457938208844415e+21
-2.085156925641228026e+21
-1.466798808767573797e+23
1.185143074866961213e+23
-7.862640738967574460e+23
-6.695507091274818315e+23
-2.812642982225252249e+24
1.342127438402927240e+24
7.839495597920757461e+23
-1.499539869252466093e+24
-1.256255921364942100e+25
-6.800976155399061863e+24
-1.706321987272632002e+25
-6.064045056846066044e+25
-3.238633843107752148e+26
-6.020588808606723342e+21
-3.729945140568070270e+23
1.240786306409453438e+23
-2.392789294901757204e+25
6.650018535814721122e+25
8.191052269424852691e+25
-6.004747257242106140e+26
-1.362183030280238703e+26
-2.462112035837083596e+22
-8.575182195854182732e+24
-2.529988167530166769e+24
-2.982693055209858261e+25
-5.058795399254596954e+25
-7.393002535508634384e+24
5.539521917756813734e+25
1.814128007758172728e+27
-2.919639579407828924e+27
8.400971994089139546e+24
3.215567983878037289e+25
-1.541642703075904652e+25
5.393713938705945456e+25
-9.859267513332681084e+25
-3.765760601205690581e+26
-1.688069443679687898e+26
1.708014516264460181e+26
-3.654903511427406045e+26
7.720840664590729957e+27
1.050813906651713256e+28
3.794995357421514289e+25
-7.967868882421685923e+25
3.020268646598620014e+25
7.437081661359382038e+25
-9.084476847815862857e+25
3.321404061148079203e+26
7.911112193352920500e+25
5.765002294343497429e+26
-8.364532628279100506e+25
-4.417610202510629394e+27
1.632533049383608071e+26
2.272777877955530606e+28
-2.121710660177652776e+27
8.174919641149538585e+24
2.082602089907438104e+26
1.377306919327957514e+27
-5.256564762997957572e+26
4.422929045429488705e+26
-3.645945992408395861e+26
3.579931604770187961e+26
1.437307753878472570e+27
-6.656263796143713874e+26
-8.078194686480772817e+27
9.719380785059447132e+27
1.439533135713979481e+28
-1.857283913155671061e+28
9.914493933827134716e+27
-2.587774817909930868e+26
2.240593930461799009e+27
-3.682455054699776644e+27
-1.260409448627886174e+27
-4.853282980926469452e+26
-1.678302619314332887e+27
-6.197755870971267457e+27
3.192736101681715143e+27
1.194924646184693053e+28
-1.396362847940985117e+28
2.903605991225699772e+27
3.374906202559107044e+28
-4.765653009857814022e+28
-5.907865521244352377e+26
3.909735053139448005e+27
9.757506706516078465e+27
-2.274803689053886190e+28
6.653011600461784842e+27
4.509102291112924815e+27
-2.998305149772915811e+27
4.860346701707660404e+28
4.273459336909918956e+28
-1.358229851633271906e+28
-2.552865671255325362e+28
1.330381961458263554e+29
-1.209417590395788937e+23
-1.559973392631190954e+24
1.406430427969233663e+24
5.765181608877555867e+24
-1.682853999893243990e+25
-2.107823973431153651e+25
5.098554905629265886e+24
2.609560142860640031e+25
-5.194279459406089504e+25
5.740799219340815654e+25
-3.150474281795243552e+25
-1.866971026189837855e+26
5.289239137718111992e+25
-9.995738733322831668e+25
1.990002452767984817e+26
6.768693600940274116e+25
-1.452929630637688191e+24
1.961605429571303266e+27
-2.203713835005478263e+26
-9.396303831363908559e+27
-1.310940227942907476e+28
1.739591072879042089e+25
-9.275384218491412074e+25
-4.567439540313892458e+25
1.897520236736786691e+26
7.241271726407227692e+26
-3.447813114338707824e+27
-1.103842684119871545e+28
-6.607177795465484641e+28
2.547647380339741418e+25
3.764595199888281087e+26
4.818130867450741171e+26
-5.749036348535215342e+26
4.646441563866365214e+26
-1.236823704394665883e+27
-3.308947375563519788e+27
6.877432579663049796e+27
2.595702648885959508e+28
4.425671642856866535e+28
-6.176313929190811809e+26
-3.192435066254165470e+26
2.571827468972439196e+26
7.947191691712567910e+26
7.975592732218273983e+27
1.644786277547999964e+27
-1.607533194862209318e+28
4.107473391403060884e+27
-1.137337792589216530e+27
6.506255724605587149e+28
-2.242762063991389731e+27
-1.712405941575944479e+28
-3.549025120888393463e+26
6.092736290269016174e+27
-1.435260549297717231e+27
-2.076897614724534551e+26
6.815849842867387076e+27
7.681131859919710831e+27
-6.864760845123292803e+27
6.622742461175488849e+27
-1.673818464501501745e+28
1.677193305532399901e+29
8.655715932950369918e+28
-5.565491579178572477e+28
3.679116592875527457e+29
-3.466228322850164962e+27
-4.908917629026371366e+28
-1.040392723809510227e+28
2.216689257852208067e+28
-3.308833056575520494e+28
2.603386070337913967e+29
-1.308616683203457403e+28
4.006006761776092913e+28
1.445098102255290336e+29
-1.997007857592219568e+29
5.210911129450745115e+29
1.551722240654466598e+29
-2.330018150876520144e+28
-1.268161955886814797e+29
3.084525060859725669e+29
6.975791735265850203e+27
-2.288807937709788365e+29
9.297977861966207492e+28
-5.405072130874811026e+28
-2.137297574605557984e+29
-2.150976653326479365e+29
-3.610763503837234350e+29
-2.888984890648530518e+29
-4.120996612197021246e+24
7.241153472273096227e+25
-7.605567853673720129e+24
5.643404826125922697e+25
1.044142867607243479e+26
9.578353926154641392e+25
-6.643407534174881873e+26
-3.446523307746567035e+24
6.301521475402191332e+25
-9.764460983138099741e+25
2.936951282345397959e+26
-1.744288677855335947e+26
-5.398371462599238946e+26
-3.503374705216433138e+25
-1.136183125892019330e+27
-1.745685835925520552e+27
3.250332972298553681e+27
-7.010620219415284606e+26
2.282501315229270539e+26
-9.869216906211110725e+25
-2.114397855634699505e+25
-1.353832449528456263e+27
-1.624360362877326436e+27
-3.306070027426817432e+27
-3.530969135995730774e+26
-4.174624379506012025e+27
-1.130703765691872383e+28
-1.485099141118423886e+28
8.270163440204591302e+27
-4.490840428496463138e+25
2.166075901896147023e+28
9.765071941063401700e+27
-6.669797270025367799e+28
9.737117187181933422e+28
-4.116924048394563598e+26
-8.316995519494037501e+26
-2.247210523577035420e+27
-4.073426433094028477e+26
-6.998826382293057150e+26
1.753438409385977764e+27
-2.604676859909473188e+27
-1.444936885102406638e+28
-1.444737321831746964e+27
-1.184654839544807664e+28
-3.714113505856471386e+28
3.284806376923082694e+27
-2.091883904559337350e+28
-1.946878396138462726e+28
-1.312452915247513994e+27
3.020567817857132671e+26
-5.289445848336983264e+27
9.012239580100106094e+27
-4.352566811490016261e+27
2.407246033443796079e+27
-5.990565038530069589e+27
5.307263356926097676e+28
1.904347100620370026e+29
4.555333505167782281e+29
1.205892656413879023e+29
-1.220006007685161550e+28
7.285328110805350564e+27
2.902593286900304970e+28
3.238860470172043679e+27
3.652166877282778024e+28
-3.365341438401780168e+28
1.466006315378003199e+28
-5.559190332307020239e+28
8.108546999384121377e+28
-1.867882069270180832e+29
-1.466234025263406211e+29
-5.752974720900373213e+26
-5.749670202599080280e+28
5.180149192844985264e+28
-2.326932177908792029e+28
3.813539472343165170e+29
-5.830119582394579718e+28
8.022842166025254876e+28
-1.205656387883954095e+29
-1.546540909180648497e+29
-1.534418839149528009e+29
-4.071060495772395957e+29
5.930079578554932956e+29
-5.967617607752097764e+28
9.370300316785000958e+29
-2.966738699292574025e+29
3.416003468635015498e+29
1.345036619637684129e+29
3.039180413241333617e+29
-1.252937769779079324e+30
-3.079321011301974014e+29
-1.238097113277786668e+30
2.050905747320003716e+30
1.064651612912001643e+25
3.171836509851735102e+26
1.173076391495989191e+26
9.268333021643678262e+24
-1.567441583871658136e+26
-5.881654125130634973e+25
7.060260301848378164e+26
1.463373141028656281e+27
-5.618754986243886438e+27
4.917092960621890696e+26
-1.806350644022597037e+25
-1.852126303526635698e+27
5.678396929670028574e+27
-8.110810758034801714e+26
-2.827374867539212442e+27
-1.749202322857696706e+28
-4.675489631923278284e+27
6.205692464582855836e+26
-1.785670085650295248e+27
-7.559051152357226227e+26
4.562165522579115545e+27
-1.045810479717914430e+28
1.308236270298151682e+28
4.085756556597915334e+28
-5.303633885224336900e+26
4.781041968679085306e+28
-1.552133947482726942e+28
-2.997035255288155902e+28
-4.495328989225911373e+28
6.364094552425326568e+28
-7.701052209006067080e+28
2.106608218762038198e+27
-6.567859168272132886e+28
-1.315666954066244768e+29
-2.202149970754593526e+29
-4.037302101081448567e+29
-2.375365860879906777e+29
8.454197358346205618e+27
2.609960718371718870e+27
1.220541322170785849e+28
-1.004617213923442735e+28
3.232947076026264735e+27
-2.273624649668814075e+27
-4.797768660279079651e+27
1.025955056302557574e+28
-5.284144088329353907e+26
1.835195101330673376e+28
-2.570493404168364762e+27
2.176935798234411978e+27
1.061163051869918824e+28
-2.334596944973583191e+28
-2.727926294146413874e+28
3.816971451449935366e+28
6.816707843308258723e+28
-1.187621256705486352e+29
4.610886992680357839e+28
-4.138767196044743931e+28
-2.388853949763819158e+29
9.381405461687031343e+29
-2.495789175530218719e+29
-6.130014387209362467e+29
-4.281829069079804790e+29
-2.980222583423031213e+29
-1.091720984042673629e+28
2.301474589041120429e+28
-1.224798269316711975e+28
-2.038552455830936438e+28
-4.708188530477183435e+28
-4.548344220596028207e+28
-7.800908737814755179e+28
-3.683102222252142939e+27
6.315187581569516358e+28
2.005995799594973299e+29
2.743001228684930286e+28
1.424194611661551449e+29
-5.056284169042095636e+29
5.548523789013386417e+29
8.457975419163934329e+29
-4.640252742013821348e+29
-8.679727726530736173e+29
-1.044322531924909836e+30
-1.007917731097777736e+29
-1.594460297405149821e+28
1.792936096790330900e+28
1.226173119938099970e+29
6.260179340944882111e+27
2.743761143037851404e+29
2.532005492968188471e+29
-4.337519384676584174e+29
1.479515657279962582e+30
3.314369933848743943e+30
-4.898755173625196917e+29
-1.039168039060056086e+30
-2.776178279773464116e+29
2.358716081599070136e+29
-1.412507752860038453e+30
-1.162219538042827696e+29
1.181434632244474453e+29
-2.787443070062510462e+30
2.132135031808393293e+30
8.822940780139812551e+25
1.528528932929062030e+27
-7.336984427420579941e+27
1.457696292389972895e+28
-9.583858348047119908e+27
-1.629308998779921277e+28
-2.899797958916029213e+28
1.057743574574029456e+28
1.551886100132556365e+27
6.270624951774992371e+28
-7.060629530916810980e+28
-6.312891461006365915e+26
-6.515268710503834850e+27
-1.547762297673164359e+28
-4.413593386265127938e+27
1.273410408235911357e+28
1.964387596054388619e+28
4.961012690862573813e+28
4.981329689746194157e+28
-1.528891492888707520e+29
5.081893793756729963e+28
-5.927879246099442354e+27
2.931898926834106017e+28
-2.464100992598555846e+29
4.799710078667230131e+28
-8.326532930197320605e+28
-1.928749889993884534e+29
-1.144662847829794582e+29
1.014069390957061566e+29
-1.924567223054683820e+29
4.643153674167398818e+28
-1.966106418213194659e+29
-1.527773300777277728e+28
-9.150921280177596966e+29
1.201739482239400557e+30
-4.907520369454143888e+28
1.580160827365792729e+28
-3.203657879703427057e+28
9.360223085297540468e+28
-4.868573408878913451e+28
5.138138602538213121e+28
-1.496292909639218577e+29
-1.205400083637311656e+29
-1.130851668979005972e+29
1.056985302637578987e+28
1.063964561602064954e+28
-9.436260045668047658e+28
-1.084060327952856056e+29
-3.724740531489044821e+29
-1.252613789493165778e+29
-3.457682375585641564e+29
-4.160194744310451224e+29
6.884650895855868999e+28
-2.001465950288706927e+29
3.289652791939646391e+29
2.170446590023475004e+29
1.561889418435815212e+29
-6.780386623078514577e+29
-5.604059255705529827e+29
-2.714521664724333826e+30
-1.496136667556855452e+30
1.171946860910092020e+30
-6.311336144691924439e+29
-7.204152182640762046e+29
-6.269373309408741168e+28
7.192163957072891386e+28
-7.509542873675136607e+29
-1.648414503116563186e+29
2.367247405893470724e+29
-1.258722534611871047e+29
-2.350374613039592643e+29
-4.722305052098451266e+29
-1.047751798640924480e+30
4.468015786756500114e+29
9.504360742989649500e+29
-1.893175353555879312e+30
1.373616486636849863e+30
-1.758411574265719902e+30
2.263634253157569310e+29
-3.114383743799608812e+29
-2.373257328826690858e+30
1.588923501773971907e+30
1.264797682795106963e+30
5.538490864362524887e+30
-1.686196800216017829e+30
-3.780782918002684527e+29
2.598415355113630999e+30
-1.912794207267155532e+30
-7.246743158835671127e+29
1.626535434994092739e+29
-5.317946802481762968e+29
2.065850133853177359e+30
-6.070252649052006468e+29
-3.521234800568142567e+30
-5.821766207877442338e+29
-6.784505944768785470e+29
-6.543774599693124314e+29
-2.213836104826830388e+28
2.203072994819760429e+30
-1.179966566504584124e+30
-8.719920713307956973e+28
3.569142423085079949e+26
-1.557696461186744088e+27
6.193863022758094297e+28
-4.407048704002914703e+28
-2.391151487412302245e+28
8.853735796646311183e+28
7.329639509253190305e+28
-4.455127300183199975e+28
-2.974720500651708717e+28
-7.240869382020006280e+28
-4.358613947379838777e+29
2.524062318487160048e+29
-5.161541342563587630e+29
-6.589055925309410653e+29
-5.258407771838520417e+28
5.857388400159883400e+29
1.084280667109383911e+28
-4.230911421441309849e+28
8.978946500302532607e+28
-9.161509676779303488e+28
5.996806240188522176e+29
6.649511617934893083e+29
4.131289716481026182e+29
-9.574389452238467821e+29
1.019801485809101266e+30
-1.534560152293527486e+29
1.460786973099579929e+30
1.098318393048034592e+30
-1.781510459858223684e+30
1.095182631307448353e+29
-4.980297270849258798e+29
-6.614846639087244823e+29
1.837904376039662332e+30
-8.060783202773505508e+29
-1.887661897508122774e+30
2.739596732364301233e+30
2.821206508790260460e+30
1.518499523868756226e+30
-7.455059072964173243e+29
-1.972036496861794938e+29
1.343121459042700267e+30
-2.520424103460081357e+29
-1.067913841898851433e+30
-2.414025911222138745e+30
-4.814427732852060736e+26
2.553855948424324990e+30
-1.003948154829989812e+30
6.967413513825894924e+29
-4.490031425562480037e+30
-3.284729057295831802e+30
7.414067050238020458e+30
1.920914774959062417e+30
3.969358772151988380e+30
-1.439085352020904353e+30
-7.425582860158184135e+30
-8.902827046571562944e+30
5.203040016638362387e+30
1.617689499575619348e+29
2.249196967732800149e+30
-3.940067979553203927e+29
3.686492787849914399e+30
2.206926917747774931e+30
4.052771090154123300e+30
-1.092426616156914033e+31
4.427839843277877596e+30
1.106692414978389287e+30
-1.147062480810581837e+31
-7.964568444799900804e+30
2.719112183818709685e+30
2.169553699518783806e+29
-1.840247138773675320e+29
4.479141494245793278e+29
-4.097473955670712029e+30
3.317257768339489607e+30
3.445426383685454141e+30
-1.277257435757731286e+30
3.777851885891722585e+30
1.395961025801340105e+29
-7.145844772438563122e+30
8.940116503259411954e+30
1.105049554703536344e+31
-3.730255718132973290e+30
1.100574398339924474e+30
2.464222522382982077e+30
-2.361621276224964610e+30
1.145350199844976672e+31
-2.235684667616692849e+30
-1.216387346105850526e+31
6.874365886968936797e+29
-3.224408885891448326e+30
-6.927375647518847804e+30
-2.385638848667510854e+31
-5.780684879095289812e+30
-1.109824327455541998e+31
-1.044605907225975332e+31
3.586160792828558179e+30
-3.159055680700771685e+31
-2.134272587214593320e+31
-2.763752315450624418e+31
3.739758591283734397e+29
-8.023800913811627437e+30
-2.987849985045144218e+30
-1.773818901130950165e+31
1.704599417400018292e+31
3.252845501750745857e+31
-2.977733529724977500e+31
2.069171186729469321e+31
-3.784060737909425377e+31
6.654924160694309120e+17
-3.539873623803845018e+20
-7.422506945380130488e+20
-2.268923452772574822e+21
1.142422718569811594e+22
2.728996489698930695e+22
1.441550236390408124e+23
-4.117235874294006054e+23
-2.034915785573097800e+20
-1.114174903224358011e+21
-1.765248558132442117e+22
-1.605446746670307832e+23
2.856063048670546001e+23
-1.158954187771236818e+24
-1.168006066094171964e+24
-3.640337271612417525e+25
-1.545332011906919825e+21
-1.239828165903826656e+22
-4.140080243638636485e+23
6.836685430086514256e+23
-4.120908628537911156e+24
7.857544617918317636e+24
5.843617124135293650e+25
-4.890445887275273137e+25
-2.351499732078935671e+21
6.666623047900571443e+23
-3.343131879304141514e+23
1.746358825740108349e+24
-2.286457459801853044e+23
3.950168347603166493e+24
-1.082643815669829336e+25
-1.524727803633498091e+25
-4.245800040730943748e+26
5.337819990024311223e+22
-4.000674620391185051e+23
-5.907483450080456071e+23
-2.161382114569923299e+23
1.285354343053506311e+24
-2.371129144220978105e+25
1.735306971034893643e+24
2.855021064381290701e+24
3.460021048995900190e+24
-2.503314872850226304e+25
5.257216377441555054e+26
5.443610933418767774e+23
8.562078517211606989e+23
-1.011601457392646253e+25
8.001031137847047646e+24
1.931408560379489874e+25
3.125158285136288576e+24
-7.759473115599480793e+24
3.096148201052996597e+24
2.775036972501883717e+25
-7.781355386418697650e+25
-2.076189348735888003e+26
7.661546406685945261e+26
8.031024382082725544e+26
8.360633644073975399e+23
-6.978930159559896402e+24
-3.429283331962502377e+25
2.500950266598741804e+25
5.313245057754001160e+25
1.824178438994088596e+25
-2.121488362086625737e+25
-3.496521716420474786e+26
-5.971967272748835623e+25
1.010296560344928494e+26
-1.040749120271899257e+26
-2.607424421592144643e+26
-1.062648774936396391e+27
9.161881835250581361e+25
-7.402283781825358574e+24
-2.057731487146787101e+25
-1.475151734335567174e+26
2.823810209420163076e+26
-1.864967531156500446e+26
-2.487005400503023915e+26
-4.012657604448874632e+26
-9.138402435239033124e+24
-3.425316727014597227e+26
-4.541885323639410165e+26
3.144138509956911983e+25
1.799898048546863700e+26
3.390036139388699242e+27
5.306805283782381679e+25
-2.132546253072058960e+26
5.072861094356542230e+25
-1.299434395034616824e+27
-9.895697801344862630e+26
5.901276810662243637e+26
4.566272673060645638e+26
3.307547410370845397e+25
9.423698704085027611e+26
2.940374289599204321e+25
4.839978078181700723e+26
1.331144786958038148e+27
5.537565080218048974e+22
-2.172490520828850135e+23
-6.406962519440666028e+22
1.112130848088918820e+24
-5.137843963484984794e+23
-1.139073446558702244e+24
-3.142282361691580200e+23
-3.218206459340601751e+24
-3.905374798283644112e+24
1.924897581294021543e+24
-2.236705643817975930e+25
1.280571834706873741e+26
-1.779970804116380638e+25
-6.163537995882385197e+25
-2.464735168880856279e+23
-8.890467193784516221e+24
2.062581854617546489e+25
6.540576599430795740e+25
1.671694757114341730e+26
1.365719492315281466e+26
1.281659036303052677e+27
1.267489919369025394e+25
-1.988941209391819828e+25
5.227865121996969156e+23
-7.971088347901762312e+25
-3.404290131149395465e+25
-3.182666834641131485e+25
3.732124691926958311e+26
-3.165940373421407967e+27
-3.125740986008433183e+25
-2.144086654651314163e+24
-4.507340968348827837e+25
4.630140573309307493e+24
-6.057359560597965758e+26
-2.316785611339168324e+26
-3.981867332273085915e+26
-5.089592557310815154e+26
-2.208393175702973726e+27
1.329483311419879957e+28
1.692820783116716397e+26
-8.407397322570637030e+25
6.970016777749264370e+25
-8.395344758566520122e+25
5.579764549925490625e+26
3.518570604668976430e+26
-9.308458505884581915e+26
-5.527620236666611135e+26
-2.992086099701456274e+25
3.868639712217311890e+27
3.941735611473361668e+27
4.328271305173308192e+28
5.152916629214277074e+25
-8.667312560319421669e+26
1.303094390928398691e+26
-4.293963860416216795e+26
-2.009126374755514389e+25
-9.081419505400678716e+26
-6.662905643025531033e+27
-9.372473986054219130e+26
8.511408042189772340e+26
-5.886091078444706622e+27
-7.607174381247003120e+27
1.849730044091110011e+27
-1.839346404966784984e+28
1.784110658685959999e+27
6.764207748768879110e+27
9.302226976626175081e+27
-4.142110817085000350e+27
1.121185538494495789e+28
1.159017768406341972e+28
-3.292370594265706775e+27
-1.088582646774075579e+27
-4.932855916189800394e+28
2.468855408112446704e+27
8.092012027576001680e+28
-4.061319314922452108e+28
2.103555591598498476e+27
-5.532016195377522568e+27
-2.875646876449952760e+28
-2.081806204578539594e+27
8.299648039592099246e+28
-8.963283326859317471e+27
8.202099311853771682e+27
-3.896194813834150099e+28
-2.029510068495239489e+27
2.727387642201624961e+28
2.156903468123343363e+28
-1.479344219963701229e+24
-1.441009023499525638e+25
-2.549590496376130389e+25
8.431239751816606426e+24
-4.202300943183953848e+25
2.445502220379648098e+25
1.851879431822755749e+25
3.402698722537828704e+25
-1.371634276363519748e+26
6.974044648702123000e+25
1.779196874444870042e+26
2.791819708244698888e+26
-6.884434049004759151e+26
3.697549446773180399e+27
-7.751835750699979617e+26
-2.602630748384328082e+26
7.000578628661351702e+27
8.172789811155545119e+27
6.337352581730077596e+25
1.128892604927280003e+26
-1.471803182607596025e+26
-1.042374193856996618e+25
-2.378020037691615053e+27
7.936881560144685352e+27
2.830468317797583200e+28
3.177511912216040159e+26
2.288544205376683041e+26
3.205587959522007206e+26
3.596714569354396789e+26
2.517213985254083869e+26
-7.137338447044841766e+25
-7.184476085066355498e+27
-2.300726795062494919e+28
4.401933125253474991e+28
-2.641875335394637186e+26
3.106486784060206711e+26
7.940738872301564620e+26
5.920227922822917622e+26
-2.217383985246425920e+27
-7.505294553999041832e+27
-9.080830340404022658e+27
-8.766639760015494118e+27
1.801178690612336100e+28
1.085489245073781766e+29
-2.047127757185588649e+29
7.233841393565625313e+27
4.400255952852822526e+27
-3.766570284067328466e+27
3.838943032270469519e+27
-5.524138901097667916e+27
2.498609385618449964e+28
-2.439371041117489138e+27
1.775236082360723620e+28
4.196681487462728574e+28
3.046639975797533681e+28
-3.128885267057957432e+29
-2.523168585911878810e+29
-2.775440129516253610e+28
-2.218429036553377295e+28
-1.251619900226822142e+28
-1.403847505000525585e+28
1.012226271305164176e+29
-2.921191722227564721e+28
1.353073770601689602e+28
-4.963888402633435556e+28
-4.704367245789598189e+28
2.476974633371565428e+29
-3.012454190228653186e+29
-3.281671663944987958e+28
2.851665385069069576e+29
-6.475283839102244393e+28
2.069538584866951510e+27
6.681324119491942726e+28
5.667934344197832874e+28
6.970667739510003442e+28
-1.936920596536578542e+29
-2.905606710590354990e+29
-1.000954206165489289e+30
2.826201729430464202e+26
4.817273478480346671e+25
-1.343282399443683562e+24
8.138457164774440939e+25
-1.180923706966925543e+26
4.999838408461299981e+25
4.446585477894147480e+26
2.831832123744432335e+27
-1.447460359813651812e+26
2.582295567986503887e+26
1.078173756300601094e+27
-7.428201614912284920e+26
-7.703314136509115272e+26
-5.019928632035974235e+27
3.679355739384813399e+24
-2.689478407146228737e+26
-1.029620532288175438e+27
1.525028609926458472e+25
-6.690861815726188015e+26
8.151642870262998421e+26
-1.170069426533188015e+28
-7.100858393376616313e+27
-1.440735100975977602e+28
-7.827404628057993417e+27
-1.617061117208096631e+27
-2.993177198098936502e+28
8.461612485871534914e+28
3.510938647653606041e+28
-1.930386558215119187e+28
8.392663885064644090e+26
-1.561039373015411706e+27
-3.326474018347777651e+26
-3.740729048949844308e+26
-2.685601571304287577e+27
1.718832992967276720e+27
-6.433985402049678353e+27
-2.675011067294485325e+28
5.426427976083938268e+28
3.199234665957877183e+28
1.257655197799268612e+29
-2.697281059240087671e+29
-2.067012094568351679e+27
8.278061966600729157e+26
7.440320795004985915e+27
3.158330831864319917e+27
1.610110443634374041e+28
-4.213565965653886622e+27
9.132236562217860889e+28
-6.313263435964810989e+28
-2.926107713455147048e+29
-3.460069669455538661e+29
-8.740780692969120203e+27
4.003187156059875279e+27
1.094401052138887528e+28
-1.898589578421875712e+28
3.160703651197992077e+28
-1.291253053346425877e+28
-6.047090183937988265e+28
-2.521619668958023926e+29
-1.504326052292473285e+29
4.007704572930973862e+28
3.051752101936209593e+29
-9.199525210791764238e+28
-3.064676226036969956e+28
-5.488345412561478631e+28
-3.335390282447645076e+29
1.060116699088344208e+29
-1.646282439671044785e+28
1.627744907152076917e+29
-6.054960094881816759e+28
-8.073270003324762683e+29
1.255981888415509214e+30
7.224896971344470181e+29
-4.448148364410383214e+28
-7.975133240121679299e+28
3.051855226563039906e+29
-2.902142494758669864e+29
5.937320089072413634e+29
-3.221296705755303057e+29
1.818333269407837298e+30
2.391253590621418290e+30
-2.480206855734162859e+27
-2.101438057169777079e+26
-2.168412476191183730e+27
-2.718017793973055315e+26
7.619120760205519236e+26
-5.803537306798765379e+26
-2.856440322251928783e+27
4.416511844115090982e+27
-2.902804067318284757e+27
1.900229401479860889e+27
-1.308237821243295563e+27
-6.970158128466968891e+26
-3.017098411355286518e+26
-8.820886971871912397e+27
1.506730107780295636e+28
-6.241068195792690118e+27
-1.187599415927258136e+28
-3.049036462893413185e+28
-8.154801205701476510e+27
-5.755718063434807169e+27
1.816215405830844997e+28
1.555903424508411410e+28
2.637596573477307075e+28
7.371524167236027486e+28
-5.470248124596591483e+29
-6.642695157136701489e+27
6.689548580986310774e+27
3.440003675902925201e+29
6.738311227523095263e+29
2.888300493582284861e+28
-1.929465233095599132e+28
-1.442020584915252816e+28
7.895057672561243416e+27
5.345823137321148991e+27
-4.092361225966060850e+27
2.298085414181395286e+26
-5.705874489337885087e+27
-4.474744060785526620e+28
1.421833344694785042e+28
2.648574875584442672e+28
-4.098384497051557964e+28
2.193154342427732164e+28
-1.661760768682844890e+28
5.274515944674587483e+28
1.985315124379969619e+28
2.722495277669431218e+29
3.601435621985377473e+28
2.286446614886652371e+28
-4.805755909375699324e+28
-1.300947866667803112e+29
-3.709703975146398927e+29
4.705628428091953128e+28
7.811281800022655572e+28
1.463414338061033711e+29
1.001469359559206550e+28
-6.599050606774730887e+27
1.043861305621008253e+28
1.276219845166733571e+28
-1.922137552073495114e+29
4.111637438910693906e+28
1.870540571330318034e+28
-1.009472460145926755e+29
1.452627127360798855e+29
4.933267584900508330e+29
1.767226406568665613e+29
3.284171252119242794e+29
7.994045609734449605e+29
-2.278734677935145024e+29
1.334872555828746489e+30
1.337126891423884872e+30
4.967807889219083424e+28
1.818484680268545644e+29
4.735859794910898765e+29
-1.607334940766222932e+28
5.301211235429548590e+29
-1.467815950442750214e+29
-2.436597369302185796e+29
1.374773660719671963e+29
-1.354359057829175086e+30
1.283632821921154191e+30
-3.836228964045496365e+29
2.043353874892722096e+29
4.458039863335468586e+29
-1.568497985670251895e+30
-1.385835915467460044e+30
4.187114099654702675e+30
-1.472065816798289971e+30
2.605752413359931801e+28
-3.400111821827422787e+28
1.553959344442092953e+28
-2.449078334399713890e+28
-5.408104795119747037e+26
9.974487833168675817e+27
2.842890349249907034e+28
2.616443684566301166e+28
9.048592288801374233e+27
-2.917297770745180707e+27
7.996637206794350850e+26
3.090847099877197632e+28
1.784708958305279680e+29
-1.539775981122017933e+29
1.865826800815699286e+28
-3.137142660689918908e+28
-1.711906925928143826e+29
-2.865875796885400248e+29
1.948664709621992817e+29
-2.173300782747065412e+29
5.790772928861773417e+28
9.421085166238336691e+29
-2.694720903266000096e+29
3.033334097638982529e+28
-1.760574206454465006e+29
4.168252681896746663e+29
1.054273109665390659e+30
-5.557198826943362722e+29
2.327051453759159549e+29
1.843142979629892604e+29
9.730025160501456069e+28
2.388215240196806603e+29
4.734694594067308645e+29
-1.233745617592802461e+29
1.354881404331535763e+29
1.691813471714923817e+27
-6.297754193212530821e+27
9.867556242927321839e+28
1.275945306072957541e+29
-9.696080851794013160e+27
-5.670690384607622770e+29
4.294237841014387430e+29
-6.004048246012007022e+29
-3.516211037977417835e+29
6.680665241674754944e+28
1.248807210559566353e+29
-4.241770558171332806e+29
2.317496513488238353e+30
-7.235479447629955328e+29
-1.084728089070929109e+30
1.441558240183262044e+30
-3.488744756043593335e+28
-1.150565326717235496e+30
-2.209166170102769235e+29
2.143662795369243710e+29
-3.438870337438146778e+28
-1.708394613370694286e+29
-5.746272823196830778e+28
5.742793046934960833e+29
-6.398784625359349592e+29
-8.828871011021136545e+28
-6.122846883552676738e+29
-3.716244744276563716e+29
-3.376324289050181169e+29
-1.194129116484028700e+30
-4.146067354431886751e+28
9.230051561221848736e+27
-2.554737554911850178e+30
-9.615829652980762788e+29
-9.856071137488135033e+29
-4.323461686295194572e+30
7.082886055751562631e+30
-1.249570856047243042e+30
-2.391151172681234717e+29
-3.551794406879087872e+29
3.586018112220951730e+29
2.998943567653250915e+29
-1.722213598324114487e+30
3.852362896273540319e+30
2.707039611374789847e+30
3.411128212140888066e+30
5.405791874725737631e+30
-1.654079230716979281e+30
1.479324396104398776e+30
5.493647237008752350e+30
7.106926760441910153e+29
-3.342203029403922983e+29
3.216588860400023947e+29
-1.719105116257990283e+29
3.113428998005299484e+29
6.727919541982566475e+29
-2.222968621727657433e+29
1.829006708054325946e+28
9.790008553033363896e+28
-1.642889633518330230e+29
-2.990770616543136140e+29
4.537033926823342538e+29
-7.192467853496312010e+28
-3.619070080962891217e+29
-2.211181938280409267e+29
-1.903541642918445494e+29
-2.901134010747786337e+29
1.591785145596984839e+30
4.174792181427509335e+29
4.532201548877569286e+29
1.275194363742535700e+29
5.147255474880591323e+29
-2.417612216669259527e+29
-8.790557782013452570e+29
-1.827426647142404272e+30
-3.018638907030761500e+30
-1.093776739016267751e+30
1.424374529483887279e+29
-1.041632995325717695e+30
-2.361675175888825687e+30
-7.360197892617216351e+29
9.302886989020671460e+29
-3.380564959804519493e+30
5.285361924235759259e+28
-7.574984493191157431e+29
-4.821231625175568709e+29
-1.255315220109675835e+30
-2.787446705952378277e+30
-1.915720557283312239e+30
7.844892289975138388e+29
-8.640448182152878012e+30
4.657595399973720188e+30
-6.504719309570906025e+30
-5.397977879028178384e+29
2.744108648293278667e+30
2.104425406263871036e+30
-3.060970160918376305e+30
-1.671458305593929845e+31
-1.672829045676991591e+31
9.111454196120420501e+30
5.510782008209911781e+30
-6.766795678355852512e+30
5.330253234653000182e+29
-9.870290083597151511e+29
-1.945809149823918055e+30
-3.687550762386200993e+30
5.164145958089522226e+30
-2.384203624847365981e+29
1.693760037032505696e+30
-6.604905005653468088e+30
-5.169111049650969875e+30
3.076511154748090556e+30
3.842253322306293281e+30
-3.535727267562573624e+30
-9.453282370940301448e+30
2.880755982271948840e+30
4.732396419454177548e+31
1.726906770325394493e+31
-2.721836469438851350e+31
-7.439623642506322560e+30
