-3.116908703103572800e+16
1.112976348658042675e+19
1.496952079908278764e+20
3.895978539840774472e+20
4.285211703217154949e+20
-1.056061368544352902e+22
-5.831319565846097953e+21
2.743697000876118272e+22
-1.367567192085235509e+23
1.322796443079465779e+19
6.964147019307298324e+20
-9.777391798427473412e+21
-3.369057821671703970e+22
-9.867167744663275491e+22
1.173862871563997838e+23
-2.826921301749647981e+23
3.842417256198596911e+24
2.521484465229223558e+24
1.208619222744286003e+19
6.382221302957066945e+21
-1.903392825896206965e+22
-2.583143080901255732e+22
9.500886520795906819e+23
2.051043273663191649e+23
-5.051556985176988961e+24
1.908010073831352865e+25
2.500822617029687297e+25
1.194927783813323162e+21
5.370057020982238904e+21
9.527958127929925933e+22
2.604887385472929628e+23
1.290427869935178732e+24
2.965340097843692317e+24
4.819655357170735963e+24
-6.097375965453309297e+24
-1.616568528423130181e+26
2.261461667879534304e+26
6.641339676496559604e+21
-5.739059212901384832e+23
-1.606236601767247758e+24
-1.623364243567255608e+24
2.193252077396297458e+24
2.201241841774896609e+24
1.758814092558563616e+24
4.175961435935871511e+24
-1.628372394664665323e+25
3.293297023680315556e+25
-1.762586035660613809e+26
-7.322256651355665588e+26
-1.066238658706040842e+22
-4.018486876404602120e+23
1.899102117925540531e+24
-2.401079122200490532e+25
1.859522140307626725e+24
7.751053304817210645e+24
2.070548610969916224e+25
-7.998264882421359415e+24
7.419122750216299323e+25
-1.367611847462376436e+24
1.397367156453911507e+26
3.986327970423723003e+25
1.137364489428635626e+27
1.074494428788273434e+27
3.032169171798024258e+22
-2.039611746551055671e+24
-1.207433242298649609e+24
-7.487463634683893098e+24
-1.591355872554293578e+24
4.539248446692224711e+25
-2.875879506248160533e+25
1.726034134799408688e+25
2.849931003913835225e+25
-1.628912124951448866e+25
9.250331998093036444e+25
-5.244012778572996126e+26
2.695038853721254315e+26
7.214171726308215412e+26
1.306608293668330074e+27
1.129829806655691796e+23
-9.461675892326324914e+24
-8.123898641962462861e+25
2.065651239462166286e+26
7.138222171341845746e+25
-5.676229602013059151e+25
1.397202203115167422e+26
-4.036909712937820062e+26
-8.400004589277002153e+25
2.337646883321456703e+26
7.983941328514841778e+26
3.445178375935361111e+26
-2.954371990966960524e+27
1.798481326317281916e+27
-6.437581793898068569e+23
-7.476197375293387806e+25
-1.108564353927068514e+25
-7.891846418205394516e+25
-4.348815508243515942e+25
-1.105287256248038760e+27
-2.373309610818927943e+27
-1.936178106155070406e+26
-1.990842387140587105e+25
1.085628951362195020e+27
1.657301658021944319e+27
-1.739898886285991492e+26
-3.643720562182671789e+27
-1.596880335286642409e+21
-4.820716614138103595e+21
9.271330719989440184e+21
3.415800113481877270e+23
2.650220292915051228e+23
4.013139727854414133e+23
3.111767351009526856e+23
-4.679137280509624512e+24
-8.539351777756423945e+23
-6.444893316501853232e+24
-1.645284168539348851e+24
-1.494566875112039320e+25
7.476558398095091095e+24
4.689467850375621721e+25
-1.119194443713611805e+26
-2.106762997535704871e+26
7.251775563632509127e+23
1.138462965623058994e+23
2.116585800714245238e+23
1.593983171511899382e+25
-2.366437266298626950e+25
-1.003832617463155221e+26
-1.853897013012786535e+27
5.664015462052729991e+27
9.838953357306998544e+23
-2.491685157852043773e+25
-1.499029876580825492e+25
6.243955654501074557e+25
-1.324706008397029483e+25
-1.318909297485058215e+26
3.176807352437165564e+26
2.832889441616897068e+27
-4.854041850186712067e+27
-6.720334021062524779e+24
1.925532197278938394e+25
-3.989300496194051077e+25
8.551992689068318701e+25
-2.090845019409950017e+25
-7.530758222351914029e+25
3.438763456225493029e+26
-4.214555994702633690e+26
8.456946311439464494e+26
3.602245981328677759e+27
-2.550866419352282200e+28
6.678874506198682813e+23
-3.024262201058583585e+25
4.594911190032608918e+25
3.285934043684945397e+25
-2.707164020937928545e+25
1.011811718043689874e+27
2.843318155256608439e+26
-1.208810862339576127e+27
-1.104280520609628767e+27
-2.513036010446192258e+27
3.745771154621739464e+27
-1.851443648191882674e+28
1.008485252605398160e+28
1.376520810582670806e+25
3.348301253301156163e+26
3.786334751868092470e+26
7.580877843165119713e+26
2.560130260207866818e+27
2.940269504294647807e+26
4.985337423381888736e+26
5.013461390456209070e+27
-6.908336518013082001e+26
-6.738532782546097242e+27
2.477798776550928313e+27
-1.669034641576611226e+28
5.508800386982338915e+27
7.871879469938279577e+27
-2.596292740140881840e+26
-6.939120690631941815e+26
2.033165512163274235e+26
2.774334187450803812e+27
4.950440138797733387e+27
5.449640200638870135e+27
1.307560820025796851e+28
5.852423687903041968e+27
-9.322911467117956818e+27
3.573615983783627228e+28
9.500817892779728870e+27
7.999380595976206629e+27
-1.096329489650845563e+29
1.439197693337270981e+26
2.729025794144643292e+27
-1.984467756093160607e+28
2.801764166253153200e+27
1.855550012201421280e+28
7.288699373638410496e+27
1.656432106983290550e+28
1.046185314939063541e+28
1.861940170117979022e+28
3.752802398622122983e+27
1.017464692217252191e+27
-1.246083940349514731e+28
3.890614680035533668e+23
-9.526118159309312990e+22
3.055789038421305891e+24
4.402777035370418634e+24
-1.019018265088728270e+25
3.990332615223824699e+25
-2.295366565398254744e+24
-5.241710132744058267e+24
2.156882272631852796e+25
1.261019675260460595e+25
-1.569822201603405526e+26
4.753503820840654641e+25
-9.549915476358497672e+25
-5.055237176914629502e+26
1.674098499120468072e+26
7.202608082133601487e+26
-3.612912281516236208e+27
-4.255911416535810458e+26
1.783442603102242719e+26
1.803175053360263155e+27
-1.130902392387981826e+28
-3.280387352532667013e+25
-1.201257297022538983e+25
5.073060800449770080e+26
4.524136510153631191e+26
4.283968240968022736e+25
-7.978965968279271914e+26
-2.020539441358647355e+28
8.464187835516579454e+28
2.883298935113591536e+25
1.798120825433716313e+26
1.159524106960393192e+26
2.991917394514749691e+26
-7.571733935750645766e+26
1.583167560699241047e+27
-1.314982692710543340e+27
-1.151808415962311088e+27
4.420050533041036519e+26
-9.888385523681244627e+28
-2.990445317405549535e+26
3.936598838504830218e+25
-7.139547922823661184e+26
1.486362376713893078e+27
1.225228589666849774e+27
-6.195967066351537042e+26
7.145448254876537506e+27
1.249946309047380587e+28
4.831585944892352253e+28
7.094691989177870562e+28
5.010781050318198866e+28
-4.114132539886178826e+27
1.214805433847448636e+27
-4.886218218362512441e+27
9.990509000238556346e+26
8.080494390174077231e+27
9.990273893898662971e+26
-2.222625476700754309e+27
1.848924787828463029e+28
-6.113362732382058503e+27
3.280047180946884277e+27
-5.268701636397287957e+28
-2.354834108542760847e+28
-1.789728034337446837e+29
-6.885121399491378509e+28
-5.954396548781438989e+27
-3.154258554891779730e+28
8.808660303314229110e+28
-2.313834974891441847e+28
4.516231645465611385e+28
-2.916640861707888321e+29
-1.773774693418681998e+28
-1.454369480783953418e+28
1.059505441644568665e+28
-8.220719637167966366e+28
8.538706732579775691e+29
1.255102037870965752e+29
-1.813550202581295345e+28
6.675500523094163628e+28
-1.847640461326423444e+29
-1.706469338287891774e+29
-1.079648699991202426e+29
-5.993487079147509616e+27
-2.755152901064241080e+27
-2.871222983022549484e+29
-4.455262193334062980e+29
-1.812847139523177381e+29
-7.656983787249545518e+27
-1.930568859997106807e+25
2.757074968500918556e+25
-4.197364947365005299e+25
1.783373986205912911e+26
3.291527819494338321e+25
-2.053842964876112732e+26
2.430462466817679874e+26
3.600419320976069953e+25
7.356235122826077795e+25
-4.819789444466655296e+26
5.002803446060444747e+26
9.616602204498263595e+26
-6.527369609908197760e+26
-3.810261576161832947e+26
-7.868646994316092276e+26
3.298310056096352694e+26
1.065837365723808052e+27
2.991139928675216642e+27
-2.045768170292958928e+27
5.111223292863694416e+26
6.977416554525426221e+26
2.901484005152789319e+27
-4.117912827905460105e+27
1.145927993514508003e+26
-3.027188225302447077e+27
9.204794181870285193e+25
-2.172078134771210145e+28
-2.425481765740173843e+28
-1.104121766268645812e+28
9.212478482248451539e+27
3.551367653767000075e+28
4.246710298858406754e+28
7.230920807567567699e+28
-5.378205285157250483e+27
9.895501366941001633e+26
2.064211970298582618e+27
2.191975016213345000e+27
-1.213311455320503088e+27
-4.225027298831820896e+26
-1.259400479169311352e+27
-1.584047402372472462e+27
2.946114058141384655e+26
2.291740500346199437e+27
-9.614444677954292135e+27
-9.603771896952067135e+28
-2.500647020165110456e+28
-1.985197640321633018e+29
-2.031313604876761074e+29
5.637887796986987964e+27
3.948668147427390989e+27
6.825121064971760843e+27
4.640415743451870465e+26
4.057331994250129810e+27
-9.912164168730109418e+27
7.990015509184736186e+27
-4.662458423465842080e+28
-6.969097965498155211e+28
-1.985918659048117434e+29
-7.092167989198134287e+29
-1.178779937697138161e+28
1.291413067758532628e+27
-2.148859776563134038e+28
6.538896386488431380e+27
-1.416401690479784760e+27
1.958729406899565357e+28
1.048654901444231740e+28
5.968656368389632377e+28
1.123061963118342760e+29
-1.615547554571422704e+28
1.652085238709921090e+29
-8.556614785685780055e+28
-1.868380679001500872e+28
1.256468632239905435e+29
-5.242748106442710923e+28
1.486227710671469558e+29
2.415485423832924462e+29
2.600970237225271594e+28
-1.471478449263087015e+29
4.534761648892942136e+29
2.238655063393932063e+29
-4.835556978205388649e+29
-1.238388354196718768e+30
-1.744448488510682443e+29
-6.206636121579375842e+29
1.425156821209072365e+29
7.118067391964827636e+29
5.001992514738108342e+28
-1.485038683565024517e+29
-7.544575048721900032e+29
1.127998831052658119e+29
-2.428822090830999246e+29
-3.487772361998009281e+30
9.996850229016651603e+24
-4.104252329232003249e+26
-3.701434405707861653e+26
-4.089616722019032141e+26
-4.049041433852599807e+25
1.310143159836417074e+27
4.246594202054427831e+27
6.977725228150812651e+27
1.491787693084201891e+28
1.526226780530866555e+26
1.639592804807108956e+27
-1.436521008790402065e+27
4.510393936432493478e+27
4.254747519872818365e+27
3.763405571726248642e+27
-1.688543075015715101e+27
-3.683803669942380589e+27
-1.299957543495063317e+27
-3.217568480991059632e+27
-8.466382137960175067e+27
2.432553093949285168e+27
-1.072699858079729910e+28
1.495583999760151318e+28
-6.640325182172348641e+28
9.216675115119022056e+27
-2.586388711580473002e+28
5.501139928582354224e+27
1.174619231528858382e+28
1.788029085641942217e+28
-1.005385926221043071e+28
-2.628698113126470606e+29
9.608494977938384830e+27
-2.835635851483050013e+27
-2.036125009243036243e+29
-2.872331986860038999e+29
4.302723463886408740e+29
-1.100789993222506802e+29
-9.378453060180308628e+27
6.166117250074597036e+27
6.943184294095532941e+27
-7.813183542661036144e+26
-1.668484862313240608e+28
1.989142238041780735e+28
2.339845654890257157e+28
2.024628628279804086e+28
6.398257073013782666e+27
-3.515094934458626897e+28
-3.443175963505401523e+28
-1.483813319055779948e+28
-9.495348557844715492e+26
-1.052209439380637372e+28
-6.027250918697868882e+27
-1.513103611729915391e+29
-2.061052521824199948e+28
1.205651604840643914e+29
4.111253041865430759e+27
2.115988421821478911e+29
-4.441516376152083346e+28
-1.269843844397794149e+29
-7.188584993943477882e+29
6.306024068090088816e+29
1.640367512246775486e+29
1.047607441152863437e+29
6.204131096129466162e+28
-1.561403166941868968e+28
3.307687389893506388e+27
-2.850419107938192794e+28
-1.523891980053738496e+28
-1.161300979031757856e+28
-4.932543164977259283e+28
5.577643110558523352e+28
-5.797158359128672048e+28
-3.420993703380109221e+29
7.640508890510946393e+27
-5.621796752179372074e+29
3.125744762519184824e+28
-5.559509999164923263e+28
6.302341912693288942e+29
-1.486959037672203184e+28
1.669719681284327339e+29
7.638436751314719734e+29
3.064779315054119402e+28
-2.661778652152822732e+28
-2.697325342686785061e+29
-6.655473642827750884e+29
9.489735123081788415e+28
4.940676141919506286e+29
5.726940139538383621e+29
-2.249426094023061551e+29
1.297766671569893276e+30
3.142963664352466758e+29
7.623142332818205644e+28
-8.995605087971764148e+29
4.469853233222350414e+29
2.253661990349532041e+29
1.459741443713187578e+30
2.644160056497645915e+30
1.122169793201635833e+30
1.066778822847406945e+30
-9.198840109302781800e+30
-5.419224326347382551e+26
4.549255805299405177e+27
-1.762735698700803978e+27
-1.371283169994796172e+28
1.245966553089084207e+27
-5.160718348094625194e+27
1.904712322373724375e+27
-3.314071057189575970e+28
2.967127912361463941e+28
-1.210441217847162149e+28
5.469192885980818903e+28
5.591196985212814304e+27
7.442511389590073913e+27
1.994776410397417735e+27
-1.070668592019235318e+28
-1.762410962632236601e+28
-1.328051091264624543e+28
3.207197755563399473e+28
-2.058460977464328628e+29
6.441084828815087349e+28
3.298577265669418437e+28
-4.260736607872814381e+28
7.822480199937502839e+28
6.278428504133214207e+28
5.299034004735915206e+28
-2.290989871100954502e+29
-2.057098686799840274e+29
-3.737386566344691113e+29
-5.372444367281633719e+29
1.181076129912140245e+29
1.034336217930608141e+29
1.142165488329205561e+29
-7.096642224825520067e+29
-6.763632869896853422e+29
8.390055954030994223e+25
-9.455872656671060659e+29
7.681145299924237533e+29
-3.187110884553497580e+28
2.310523024018943801e+28
1.310909481530505634e+28
4.415533096493840687e+28
1.153697723577089837e+29
-1.666554915535640230e+29
-4.116856248741272121e+29
-5.547325197293239986e+28
-5.644374897633924814e+28
8.210137339344667400e+28
-1.596676526760076402e+29
-1.538388975943391714e+29
-2.841041054492376404e+29
7.743995524862727028e+28
9.140552387405420353e+27
-4.012768801653371613e+29
3.057720193472170696e+29
4.911157873994288306e+29
-5.577695709898416531e+28
-6.377124794025212655e+28
1.232083766594131597e+30
1.213290489819244261e+30
-1.001660357736424785e+30
-1.262280388144317375e+30
8.644675243988216613e+29
-1.093885413843395491e+30
1.484179141200883799e+30
1.491237915159371496e+29
-5.636656488353737591e+29
-9.734535347795481820e+27
-7.868959079009838502e+29
1.105372320775836507e+30
3.323523444164170980e+28
-1.074130315377512758e+29
-1.792355138993729245e+29
7.247922961811156101e+29
-5.396865447647979358e+29
-1.902817618223950984e+29
-9.012799827812424506e+29
1.504091917903258069e+30
-6.524030923677553163e+29
-1.404780957138686575e+30
1.919118942759261461e+29
3.505142842066575312e+30
-2.985279317318293932e+30
-5.607603851476122362e+29
5.211537169496160746e+29
7.107111530187359111e+29
6.361895293548213965e+30
8.366477334274038595e+30
-9.757508162458113420e+29
8.221788437289781143e+29
5.000459565049419941e+29
-9.010206451806268417e+28
8.445084187864646789e+29
-3.518224116334476624e+28
-1.913648443615409934e+30
-8.908839656055867381e+29
-1.407612826817370568e+30
1.433140849750922545e+30
-3.109399811458220349e+30
3.706715457619254515e+30
4.899458160461292088e+30
3.272736092492304615e+30
-5.490537837996540745e+27
6.120447362980827751e+27
-7.851748674301329143e+28
-5.448842024870040595e+28
2.490569131614255320e+28
2.503730292670030803e+27
-1.165695060863517192e+28
9.881343187103741490e+28
5.450011615066172140e+28
-1.662597850464235012e+29
1.186685694148211906e+29
3.479194321584471270e+29
1.037261988295219104e+29
-5.049055611923202467e+29
-1.811596986096921805e+29
4.391056733928526425e+29
2.592548019723112634e+28
1.880953009005704306e+29
-9.562804582366022586e+29
-2.015315218738362060e+29
-5.084637858810019806e+29
3.050283853306665891e+29
3.710103854837505826e+28
7.392375732893678564e+29
3.349182807814891704e+29
5.122036596965044658e+29
-8.736321588487485326e+29
4.376016987609613198e+29
1.702756640706140442e+29
-8.903577464781334178e+28
5.741222848652794185e+29
-1.245200723350016940e+30
2.564031261248357935e+30
6.155684820260495414e+29
-9.561144420463177839e+29
-1.770062839901538795e+30
-1.295080929527893554e+29
3.848738721333803212e+30
6.928945900822873001e+29
3.572916669866340094e+29
-4.279009807513187578e+28
1.920352310839771589e+30
-3.735626907255267755e+29
-1.120539471890619625e+29
8.931630065247836680e+29
2.099176587654525432e+29
-1.135146834434915840e+30
2.130293089456757062e+29
8.272115025709815795e+29
-1.407214747089417231e+29
-2.854236962780575829e+30
-2.879548854170844461e+30
4.619239374237955854e+30
-8.083581745620434234e+30
-1.376527278022695933e+30
-1.020504051540316207e+31
-2.492308937643070143e+29
4.594965573574735394e+30
-6.237773053000579259e+29
4.052354346108975850e+30
-2.066823583910209440e+30
-2.175326388628654064e+29
2.008231361768214502e+30
-1.247536148154772115e+31
1.728936471553479562e+31
1.826497731232617184e+30
2.804053398059780895e+31
2.445867805040505307e+29
-1.905964057249728640e+31
7.722432290277348210e+27
-5.455151773355749845e+29
6.276501516519131014e+29
7.729283637444408000e+29
3.632864743179646800e+29
2.189393003346043600e+29
3.793502282944644856e+30
2.906669966506546039e+30
-4.289624828509837301e+30
4.501858759419080290e+30
2.638729526224613072e+30
-7.924535838410992178e+30
-1.225286597361093882e+30
5.775726249046429846e+29
2.075481356158040284e+30
-4.803585730765915991e+29
3.465136217057697898e+29
6.993339856564270234e+30
1.549815242675098643e+31
1.213733471702383900e+30
1.627037856178011620e+30
7.080943406982052389e+29
5.785070413388999753e+30
1.177913105082789130e+31
-1.068426069205427012e+31
2.345601356605063498e+31
2.089943924895296430e+31
9.563252725927277302e+30
-3.957596992395563358e+31
6.272928882217558372e+30
-4.765681111965451172e+29
7.631370166799615955e+30
1.243316012763375967e+31
-3.891023215714941242e+30
3.657210313133670927e+31
2.966805420685768616e+31
-7.010239562752414048e+30
2.152077780825405130e+31
-2.660264801351947156e+29
8.957743275285697536e+18
-1.210603669110996992e+20
1.206927449791263670e+21
-3.095794541760395346e+21
8.665838638353887527e+21
-8.384043613996420432e+21
9.865841426011093205e+22
-2.246015993309557057e+22
-2.191938548646616433e+20
6.059804347907532915e+21
8.587650850139603888e+22
1.829002694701095395e+23
2.199685573472002423e+23
-3.029022385638037856e+23
8.859688181439278921e+24
1.151865842060383765e+24
-4.322777419554661125e+22
2.727826558108927472e+22
-6.627828494150996381e+22
-1.439704760237985653e+24
1.337521144489427432e+24
3.707400876203728110e+24
-4.851159707116708012e+25
1.384297780436680596e+26
7.952501202156931305e+22
1.535815291203646506e+23
9.731727692098432506e+22
9.262898674340380719e+23
-2.749747530701674983e+24
-2.644558224807150148e+24
-7.905418274074077040e+24
-1.093429153907105968e+26
3.111363223085570244e+26
5.346663763038945138e+23
2.500946117646319819e+24
-9.923728441551837830e+22
-5.454786211871372807e+23
1.462430486366900793e+24
5.460176531372714964e+24
4.015366730443125762e+24
8.373455898812370882e+24
4.602038374514900411e+25
-1.734922739080339234e+25
-1.526216488873715952e+26
7.087488806160380807e+23
1.091351790892716855e+25
4.197135652306296592e+24
-1.548663736525888443e+23
-1.718640909174016268e+25
-4.586741905085124782e+25
5.042662011542554825e+24
4.869641040123279736e+25
8.233470080322885051e+24
1.671244177173212162e+26
-1.919297315140821291e+26
-1.143845786404837082e+27
-1.084484762846742774e+27
-4.484163849023692290e+24
1.422532872159147384e+24
1.332235701448677811e+25
-1.366918113312839842e+25
7.813391125248659149e+25
-3.089851742729277209e+25
8.725567678439597833e+24
-1.142002830469101582e+26
2.764607210805600485e+25
-1.207892234130964424e+26
-3.044655347318777185e+26
4.731151985407374608e+26
-7.591317643001670145e+26
-7.338575847560230866e+26
-4.665994468149528233e+24
-5.299709127547265157e+25
-2.631069993970239559e+26
1.486982749797046350e+26
-9.082720589214145918e+25
1.569098508525366485e+26
3.017525764237783891e+26
1.055563728850402463e+26
2.360199882939290334e+26
-2.685819008931906791e+26
-3.240906538266019755e+26
-3.024543789939498722e+27
-1.304229312741786206e+27
5.580779764030295646e+25
-1.965961656749117946e+26
1.037130733482108951e+27
3.118632571826414436e+26
4.757998926133473453e+26
2.769514143613285192e+26
1.755711187441525974e+26
9.664078407851076534e+26
-1.088160262441210769e+26
1.606524404220910544e+27
-1.116771023425740268e+27
9.649845297339387223e+26
-2.248365849543073753e+22
2.414947936234002344e+22
2.528344480049209142e+23
6.066635166940560643e+23
-7.988487491738830467e+23
5.032652036517499408e+23
1.610903927357740866e+24
3.177450083800143385e+24
-5.099520033727914319e+24
-8.892087789307421004e+24
-5.897572754890729917e+24
9.717596682875710063e+25
3.012589054508004399e+25
-7.349934216497912783e+25
2.205351897884956641e+23
2.149262734099154846e+24
-2.087342823865635557e+24
-5.940671979528431819e+25
4.414671610762621620e+25
5.983384610508351880e+25
1.652879304705377730e+26
1.059930770339440691e+24
-4.299896472844000989e+23
6.602942215963547477e+25
-4.425295011283457192e+25
4.422018198362168341e+25
-7.814204183533912288e+25
3.266785275139808004e+27
5.009885176748699142e+27
5.185014222478938369e+25
-3.809093277622896880e+25
-4.399886844441457054e+25
-1.929845039696518985e+25
1.689170595280224561e+26
2.892283132152481758e+26
-5.880233644116827566e+26
-2.328874514722151608e+26
-4.057253154457794877e+27
-4.965722038536110410e+27
-7.514743237047063553e+25
2.090678725224917228e+26
-2.270110373561991892e+24
9.331385216794269692e+25
-2.118341934435541397e+26
-7.967650945126456715e+25
2.949936940304017575e+26
-2.186920399473348849e+27
-1.110031582184169174e+27
-1.785126037762416471e+27
1.287731868597831529e+28
1.349097607154055275e+28
5.688825230647921878e+24
-6.174901035203985206e+26
1.229082716918116573e+26
1.324717069644264777e+27
-3.655648924936068119e+26
1.281584863321834373e+27
-3.753064677449984760e+27
-6.140498067124603730e+26
7.579490258972313627e+27
4.989992377147912580e+27
1.284048053096409850e+28
6.878750069225726946e+27
8.764853829113968608e+27
-5.325858979249287928e+26
4.757834408860731019e+26
-1.852333519819567774e+27
-6.308589210813446243e+27
-8.251243881059701310e+27
1.367934977301766631e+28
-2.276170582831636511e+27
6.322020969023062480e+27
-9.142828100451396678e+27
1.446785426841186939e+27
-6.582447912513192459e+28
1.265870366299762585e+28
4.163570980033896777e+26
-8.098984959510232294e+27
-2.352516288515899919e+28
2.310557440991146697e+28
4.559254737797610620e+28
4.120419926058441199e+27
3.403198121618035103e+28
-1.717161978175518384e+28
2.774279640851728861e+28
3.662324372605154602e+28
7.274573050863326218e+28
6.288322686177452719e+24
2.013621116071671602e+23
1.723430983385925644e+23
-5.798891471293198660e+24
3.269071335163001458e+25
-5.121484549361016876e+25
6.289147736022147668e+25
1.210516537898917543e+26
-1.172370595725368132e+26
-2.592103351816551240e+25
-1.901579943625699766e+26
6.508509786957641657e+26
1.634003550907701030e+26
1.312053956072862208e+27
5.834985510166472021e+27
-1.145637522074911328e+26
5.262889985272453739e+27
-3.654001451359242825e+27
7.462732192204023896e+25
-2.488781123867562098e+26
4.058321158379129032e+25
-1.941484997756552195e+26
3.460013491046605195e+27
-2.153537616045638033e+28
3.573455933640406996e+28
-3.905408378334905311e+26
-5.106744071624570263e+25
-3.803899269880432860e+26
4.402875558708881942e+26
-1.764891780644996640e+27
1.352302488404153133e+27
3.842706396825420554e+27
2.592586710336434299e+28
1.484857124920013183e+29
3.068906732240755328e+25
-6.532931765644204190e+26
-2.816836371388876434e+27
-2.930003969329756650e+27
1.131456075763525146e+27
-8.152676040268875051e+27
-3.711868989579460059e+27
3.764616643769789145e+28
-4.783952074140380014e+28
-3.304138826230269811e+28
-1.243394176667222528e+29
1.204986349864266443e+27
4.188021007115688850e+27
-2.245877880384123664e+27
4.707007460054218082e+27
-5.034982921707001262e+27
-5.302502463647161606e+26
-5.711720007451616059e+27
-3.569231960712715169e+28
1.074147365310456679e+28
-3.108290516994294492e+28
-1.432653720274759605e+29
-2.195335082369336161e+29
6.786094491158116096e+27
6.221115928773820341e+28
-7.297411571484831040e+28
-7.002402284366072784e+28
2.015291018727446312e+29
-5.752185803982815797e+26
1.702589882441677912e+28
1.824323297472389219e+29
-3.703390061341250679e+28
-5.295840476796989092e+29
1.868786429428205100e+29
3.599878717173275852e+28
9.426914439733249235e+28
-1.154472161100844354e+28
-1.468349492138691036e+29
8.920780318792010408e+28
-1.192082243991508392e+29
2.612967323146573727e+29
1.928476678203054554e+29
4.378841296438320373e+29
-3.631318147139168063e+29
2.960409184947309985e+26
-1.674592015932476465e+26
2.953586538152358091e+25
4.002698912055631216e+26
-2.117928978565010984e+26
4.163957978787267884e+25
6.936765882437339945e+25
-1.828560934509482776e+27
-2.106216808023038090e+26
-5.077344744658233994e+26
1.359129148277832245e+27
9.416857466865899531e+26
2.795493909447256025e+26
-4.125554087768596299e+27
-3.652951006606439690e+26
-3.329095771238318761e+26
2.733547347405520580e+27
-9.240446257146005249e+27
-2.013615771553392492e+27
2.813939735616649314e+27
1.369149645871768061e+28
-1.912236225964886489e+27
-8.229667845645685992e+27
-6.599444267740057092e+27
-2.885520899080527371e+27
1.154618519555362580e+28
7.913826496563104693e+28
1.267870819111313593e+29
9.718496682382795196e+28
1.803297049291752046e+27
-2.544992522880278622e+26
-1.147713999016358141e+27
6.846272645820061295e+27
3.341530698676100989e+27
-1.354467744486080995e+28
-1.407968394671398937e+26
1.594192225042076207e+27
-2.061357084355705445e+28
5.605130583415709087e+28
-2.628779883558443775e+29
-1.902198821784617321e+29
-1.587458572389892289e+27
-8.299590460947298218e+27
-6.838446977462636396e+27
-5.427325845031481495e+27
-1.916799388901282478e+27
-7.093564633336094157e+27
-8.762001916684167793e+28
-1.115859403145431232e+29
-3.051882215617184620e+28
4.564011915311481856e+29
-2.326401150523085959e+28
-5.003970370084031968e+27
2.248010479076249199e+28
-1.294897105985317843e+27
4.833821001995037298e+28
-2.023807232680621238e+28
-1.727338284801979713e+29
-1.204764427714905965e+29
-8.559932225224032689e+28
1.186463036935886728e+29
4.970955449509967671e+29
-7.630078340305280562e+28
-6.518774101822849675e+28
-3.232164924071584295e+29
-2.566504995438464128e+29
4.878588432045489004e+28
-1.290665763529437062e+29
1.983988994059839127e+29
-3.213571659386200162e+29
6.509672347151523320e+29
-1.521323707764469039e+29
-2.724032001179335849e+29
3.817245826730145566e+29
-9.407976088483260091e+29
-2.596608419663815094e+29
3.242959242128477434e+29
1.332749311928294363e+30
1.097085058945601376e+29
2.880355707384200954e+29
-3.390294079496463840e+30
-1.872749810962828841e+27
4.426450752465009381e+27
-1.417779518731351217e+27
8.968297942471490028e+26
-9.656319691965778518e+26
-5.314473018536712436e+27
-4.199509473766384860e+26
2.885495392767531507e+27
1.769099371508832342e+27
-1.102430728585248304e+28
-8.824871640149432287e+27
9.260839666569664560e+25
4.908282115538315988e+27
-1.631663672872190074e+27
-1.101301975182980868e+28
2.775500417200095763e+27
-5.252610281120735404e+27
-1.050402504724887499e+29
6.065376551897047490e+27
-2.638100077215709645e+28
5.131640864253325066e+28
1.229185256220159556e+29
3.240107455419201452e+28
3.464689302357134902e+28
1.012861745709266310e+29
-2.346094579043949538e+27
-1.366384957440415656e+29
1.550366233678852846e+29
-3.802845767391995747e+28
-4.747486539892401192e+28
8.915638157929155773e+28
1.974044017142690132e+28
4.226949246709234062e+27
1.497452230447694809e+28
-6.343332001214267189e+27
-2.803061932853520583e+27
4.004844305931718834e+28
-1.482882555564105479e+28
-2.856943974233832208e+28
9.977790136830731740e+28
-7.186412310166330476e+27
1.423027174113895265e+28
2.552626301834432624e+26
3.249518307066089812e+28
-7.373082977760492489e+28
-2.963868532821160964e+29
-2.215799403758292541e+29
-1.226833073095627321e+29
-2.889843356095962638e+28
1.465079372145846579e+29
5.162026040864901739e+29
6.416208346992280264e+29
-6.307501350052925812e+28
5.980179865146476620e+29
4.505987393742415662e+27
4.144212210919199361e+28
2.892728607925853956e+28
2.462796918814542843e+28
2.055347670486495233e+29
-1.199013879317005405e+28
2.892291613125360408e+28
1.158968630352823682e+29
1.975357016007886584e+29
-2.135721994746299200e+28
2.923392868531376635e+28
-7.422991157875960538e+28
1.459020155936694375e+30
-5.412036518935634513e+29
-1.792694592470371127e+30
-2.895254486465343040e+30
1.491982143370641486e+29
1.066727751419610304e+29
-3.115487579411888311e+29
1.202945734269384724e+29
-6.400620330745255663e+28
-5.001420867854436748e+29
-1.467990271890048171e+29
-5.699658926111050436e+29
1.830403384165328279e+30
-4.803004035023200596e+29
1.872237176006314278e+29
-2.801209225294976941e+29
-5.725057410277794619e+29
1.822868295630444339e+30
1.843467505786558505e+30
-9.627703633801297931e+29
-1.875161262721625147e+29
4.057602905493150461e+26
1.856642711552133519e+27
-7.860276482075424812e+27
-5.346467062579606865e+28
2.477387561297978027e+27
1.437556548452800441e+28
-2.796862750892938520e+28
1.855280805669559449e+28
-2.719209986568895707e+28
5.153840873019209438e+27
2.402068301919970263e+27
6.157336105871911675e+28
3.109244694816930634e+28
-8.238589562296096860e+28
-1.752053098036406466e+27
9.626808992860729475e+28
-1.395007385790269711e+29
-1.558085775016399559e+29
1.553920442839240919e+29
3.753457109300500488e+28
-9.081252051649625448e+28
1.578997987883937355e+29
8.706603689830121783e+28
1.820285972907743825e+27
-3.163991028014581461e+29
4.848965810687913354e+29
1.372662994252507702e+28
5.162393804181122209e+29
-8.238153767322903935e+29
-3.866107965872639760e+29
1.074161203124608501e+29
8.381196151330489640e+28
1.168535591891898493e+28
-7.592503816688910432e+28
2.615980473360984675e+28
-3.858193074126650492e+28
-1.052537187413465410e+28
-4.075824340576598340e+29
2.060297821575156198e+29
1.900448519732782120e+28
1.007740379376050971e+29
-5.699885405831384714e+29
-1.955552952196530568e+29
-6.526009157306233279e+29
-4.439917730244966663e+28
9.363687377859970637e+28
-2.413077497734880922e+29
-2.994491289181142799e+29
-4.148426004593412841e+29
-1.181152941471966116e+30
2.964899409086145688e+30
1.211225320318370589e+30
-3.711764427517454202e+29
-3.732826828096732295e+28
7.681501742393694445e+29
3.974712845715524805e+29
-5.710771630194342107e+28
1.299339476950034289e+28
5.735457569621766149e+28
-9.174449112639323902e+28
1.538916636138854729e+29
-5.357834342663156102e+29
1.338287358783674468e+30
8.563206066230326706e+29
-7.434445966295093059e+29
7.936730811384050581e+29
3.346096192247299928e+28
4.673278814467603141e+30
3.435129658796731639e+30
1.990188712122696167e+30
-3.382921402865363774e+30
1.216745339453598722e+30
1.927814919609363568e+30
1.217840237965649116e+27
5.386133142223781512e+29
-8.577623714499850062e+29
1.744005124367261148e+29
4.763386556004186002e+29
1.371434149194348984e+29
-2.356623458847640840e+30
-1.945600859446924364e+30
-1.608158250636675379e+30
-4.343001440215853868e+30
1.347150644519184430e+31
-6.875094360752194727e+30
1.127688068804756465e+29
-4.475444212201339336e+29
-1.415275502362031156e+29
2.252356742531634598e+29
1.556088785742182347e+29
9.708505126928499872e+29
-4.655930074778310392e+29
-4.850424260958352657e+28
7.585861519839653274e+28
9.662390200640404004e+29
-8.731165063553135636e+29
-4.650160024224275548e+29
-2.422637913865588213e+29
5.192336827267952873e+29
-9.912172967059379948e+28
-2.544676539321022879e+28
1.236702975248296696e+30
6.803256538607838191e+29
4.718724064540601434e+29
-5.258428751095001807e+29
4.993102945689872401e+27
-1.199053258110519131e+30
1.719615594797436732e+30
-5.397201273645345637e+29
8.087796039847069827e+28
-1.347504610953264647e+29
5.035784540897150239e+28
1.215301459432049551e+30
2.719287440306512473e+29
1.097344175224484124e+30
-1.231968497826788442e+30
1.143955536763596329e+30
-3.868857835241587883e+30
1.773550396946174692e+30
1.269060953098405733e+30
-2.362527858784351142e+29
-6.811771545744314988e+30
-2.392442611118936466e+30
3.344134148558774881e+30
-3.141552331845926887e+29
-6.835988748840623191e+30
5.625843822720168358e+29
3.641386140486959054e+30
2.342696376275701206e+30
2.900422440367329016e+30
6.029925145624456179e+30
1.033037291178690277e+30
3.772818277879659590e+30
-1.377974186903897293e+30
-5.423594909813347259e+30
5.653037099813144736e+30
-8.253926251129481638e+30
2.578862756349632847e+30
-1.147275288665229122e+31
9.832335971675796249e+30
1.124371571392593803e+30
7.031264470801831460e+30
-1.155181207599556203e+30
4.500324757117216202e+30
1.867607047483928544e+31
-2.207481743138771402e+30
6.247314570365472295e+30
-1.155234596353737018e+31
-2.927826204082797016e+30
-5.387091127127612153e+30
-1.649086867243650539e+30
4.251420549281893327e+31
-1.064874379482172014e+31
-1.896255439672149611e+30
9.321453697318564396e+30
