6.117095139325472000e+15
-2.300251717825398784e+18
-1.334098930492631286e+20
3.276502098945288438e+20
-3.843136600766261494e+20
2.012379930853551374e+21
-6.318204811898070761e+21
-6.185526167342994686e+21
-2.588861289802649043e+22
-8.166101540116193280e+18
2.062241469391590195e+20
-3.673733113855166382e+21
1.074142029848396547e+23
-1.270901031176903852e+22
3.360160383910766916e+22
2.478049872407002056e+23
5.051778682973745630e+24
-7.493915201289761925e+24
-3.401951214797303972e+20
3.586025834083855630e+21
-4.445764310013249061e+21
-5.539531556920015559e+22
-3.405589299354125237e+23
2.179560825305379518e+24
1.576324497700430633e+24
-7.170873080129452205e+24
-3.308705384795131704e+25
1.242566617937178264e+21
-1.549656751049512573e+23
1.894029880885354284e+23
-1.776447291794208588e+23
-1.435796374891506633e+23
1.151161245924357740e+24
-4.359471049879365674e+24
-1.135764518537929416e+25
8.133339477037796672e+25
2.642991003297922660e+24
-4.352085248607610470e+20
-1.890811139188886172e+23
-5.818730352138270225e+23
-4.253189225868358645e+23
-7.695671358467729051e+23
5.684957660760399917e+23
2.436394433583124520e+24
-1.133739360896204349e+25
9.951558150270217504e+24
2.330713572948351051e+25
-6.075297840952753179e+25
4.181042212073102596e+26
3.788250135560517059e+20
-4.261321169684366790e+23
-2.345792465439132194e+24
-4.752170126036992619e+24
1.575385420636164157e+24
-2.524711756791018850e+24
4.256493048197286021e+24
2.748789557170425769e+24
-2.633658580193702173e+25
-1.673137260665362077e+24
3.964226620278734577e+24
-3.981908911744947153e+25
9.154868511636665985e+25
-3.728542535479444413e+26
-7.302601103732925006e+21
9.321093673753393957e+23
6.776194517790346030e+24
3.627022043800375719e+25
3.607189748848783631e+24
4.226678677940525128e+25
9.585432617628318285e+24
-1.453037136819673459e+25
9.412185176983434999e+25
3.151144343840900346e+25
-6.088384997944686176e+25
-3.122923791559205458e+26
2.109670993561919211e+25
-2.832353531731419937e+26
1.773740743238068704e+26
4.967464086845194764e+22
-1.389847677333308378e+25
-4.773744499554482850e+24
1.193367775066965974e+24
2.383682854327630821e+26
1.606978947003563239e+26
1.213319485892661809e+26
2.359043283401930749e+26
7.905181337569249475e+25
1.245144768330533419e+26
-7.376600098055870899e+26
1.086346492564296969e+26
3.689298837317476301e+27
2.791692007201824166e+27
-1.064010351560677529e+23
6.607503630283820946e+24
-2.435583058274735381e+25
-1.111620475509204912e+27
-5.659184414917416805e+26
-2.280989083943503923e+26
-7.724344240539199378e+26
2.050653439165968359e+25
2.586821252110916293e+25
-3.538119872922450640e+26
-2.048466337837789968e+27
1.064474261760854019e+27
-2.868484576770788982e+27
-1.503422911542819553e+21
-6.561405090468540187e+21
4.367470586992877634e+21
3.549553351753167222e+22
-3.010071930012372944e+23
-1.107461936139370033e+24
-6.210384621971569639e+23
-1.096683854579762687e+24
-1.846650296141186326e+24
4.229242298519084031e+23
2.613914000614167000e+24
-5.959562540710537200e+23
1.153985506143817270e+24
-2.650146836274140993e+25
-4.823065275024321427e+24
-3.958605698724529317e+26
2.066361202151621877e+23
-1.216295421982073151e+24
-8.415143354790121365e+24
5.697763811557763000e+24
4.574449936340587771e+25
1.679435919264855781e+25
4.688762358910827972e+26
4.435694229764132155e+27
-8.767002486500116042e+23
5.055912757595490562e+24
-1.668218682072471317e+25
2.706348528730836739e+25
5.116028542692749920e+25
4.800708305951545740e+26
2.171093863440773220e+26
7.951774635914896433e+26
1.978667948144037256e+28
-8.734973458392418932e+24
-2.186382221678987796e+25
1.078021279347161044e+25
8.814055805735451244e+25
-3.829001765724847637e+25
-4.578753490062230316e+26
2.459972248359576788e+25
-1.890013857581738931e+26
-3.455002961189820087e+26
-5.521042106642901324e+26
-7.373900368724171579e+27
-2.180520011404999596e+25
2.646414835026847020e+25
-3.440988782170030952e+25
9.782195883890872592e+25
-1.417490357591870353e+26
8.808628675937521662e+26
-2.795494901519841897e+26
1.166589762859715887e+27
8.166881733072583886e+23
-1.418279045294743918e+27
-4.079976224766670511e+26
-6.745176235666563623e+27
1.632394554133458501e+28
4.574977546185377024e+25
1.342254820056570728e+26
-1.274363953412367781e+27
-1.303020768749205119e+26
-1.661954737036385992e+27
-8.822365485601156175e+26
-6.239546161218649673e+26
-2.320967263713422793e+25
1.352964194566645165e+27
-3.134903312882479022e+26
-7.540336539474907799e+26
8.160645539823214014e+27
4.108916043415127344e+27
-5.380631924062723756e+28
-7.101991663430862692e+25
3.694801027224350291e+26
-5.743212682643575667e+27
-6.536079230705374717e+27
-7.187135064114576803e+26
5.280382476191264007e+27
-2.348054114921816428e+28
3.815076746292555863e+27
1.483060329966391187e+27
3.934276132851332447e+27
7.485802061111007730e+26
-4.556262872693599307e+28
2.826683663268603010e+28
1.262502703047264385e+26
-5.516373134553302288e+27
1.671864818515796907e+27
-4.062360102304361160e+28
1.094023781315224316e+28
-8.128616644872578164e+27
1.124820759597299207e+27
-3.174960810108580430e+28
-2.439799510244682628e+28
1.124903321527059076e+28
-1.028328152072108151e+28
-3.155270786728942262e+28
1.908791269916480404e+23
1.813442031087086740e+24
-2.799294350200877305e+24
-3.176319361453122765e+24
1.340107546346906219e+25
2.569207734154921748e+25
1.124646412696698894e+25
-3.524618747665146668e+25
5.251874442455288874e+25
-2.616343433654832066e+25
8.812833655611742343e+25
-8.273819282719795847e+25
5.807683601163908133e+25
1.812692073078248325e+26
1.943207398262864651e+26
-1.746189108364411877e+26
3.392200344061988730e+27
-5.675348452108196144e+26
-5.442802324103808209e+26
2.978325077811813931e+27
5.927163530806958419e+27
4.564149121831422797e+25
-1.240844993408247662e+26
1.924269518956953290e+26
7.685383532366091871e+26
3.639964102937280566e+26
9.578604336323693687e+26
-1.828214825404174550e+28
-5.949365151869440608e+28
-7.546535671431533696e+25
-1.142392616771767982e+26
-1.369676822513604639e+26
-4.175326714491505960e+26
-4.468053327317915060e+25
1.268355232453943044e+27
1.463312477716781898e+27
-7.642270474737656936e+26
9.448867976069826629e+27
-8.578459587554189991e+27
-7.310118155040194407e+26
9.754845609239223728e+26
1.059794963975054350e+26
1.241926364636616826e+27
3.328367720313215550e+27
3.297204703612420913e+26
8.684409826422440493e+27
-4.407964058175628785e+27
-3.303297026877622292e+28
-4.250315247172358979e+28
2.486812171343550302e+29
-1.695494689514660468e+29
-3.801521430426252411e+26
-3.993133240720265132e+27
-3.852496224206357286e+27
2.212938961511936272e+27
-4.158019471028735919e+27
-5.909804208192877032e+27
3.577205967675638491e+28
1.509870426194220632e+27
-1.486916747557710134e+27
-1.320938740932121546e+28
9.670703731347914698e+27
-2.775038687772903382e+29
2.988991260160151645e+29
1.091704919782768080e+28
-2.237532960739560363e+28
2.457808756698200717e+28
4.424128446532976332e+28
2.206180654752802869e+28
5.625586404975537964e+28
-1.971622150142214590e+27
5.523478761346281328e+28
7.355160929989425879e+28
-5.587180625488378216e+28
-3.405605071320430083e+29
-7.365059968343101206e+29
-3.947044105873482109e+28
6.551265911670812893e+28
1.103600411499151416e+29
-1.001155608870896324e+29
-2.274036428078697812e+29
5.438184745925126887e+28
1.109057836064276884e+29
9.593868282533066340e+28
4.850114544142698762e+28
2.424943585245522643e+28
-5.870235897028700678e+28
-5.072027486134268288e+24
5.995530282527671579e+25
1.107088457015096941e+26
-2.765332865891261681e+25
-5.764735635898414149e+25
-1.533983232105005840e+26
4.980107873176895504e+26
1.922666571153581887e+25
1.121931312590289883e+26
2.651284165613005357e+26
4.987564874402424798e+25
1.310355159602942290e+26
-1.998494858847428997e+27
-4.814454043591991975e+25
3.456986218856372543e+26
-3.445356102421085028e+26
-4.774198650690388464e+26
1.265247306266626208e+27
-2.260559834880236944e+27
-2.225597149580980617e+26
1.346332290337896103e+27
2.565127641154077392e+26
-4.825523074654946728e+27
3.284825499944816737e+27
-1.030509024276201061e+27
-7.092936512800777802e+27
-3.557397414121869727e+28
-3.216321085941697653e+27
-9.738079566759759846e+27
1.026638296651430155e+27
-1.701940779258342828e+28
-8.923671178863301766e+28
2.618277519045982183e+28
1.773827968809788100e+29
5.450051317180671995e+26
-1.976278242942081462e+26
-6.800869214333334683e+26
-2.511907356037512937e+25
-7.755361485497673188e+26
1.745370023408254550e+27
5.654354476732018374e+26
-7.598399120217375799e+26
-2.317129323263913734e+27
8.093860589717399130e+27
-4.235568311751858847e+27
-1.069985726810541382e+28
-9.272924339511857068e+28
3.161729973555430778e+28
4.023904385708216098e+27
3.499025522155559396e+26
3.050141035031052770e+27
4.174172415154472979e+27
7.317310001519873038e+27
1.506452749200368492e+28
4.671429501064886608e+27
-9.317663159350883379e+28
-4.501455408797337020e+28
1.439249373322969144e+29
-3.470743078769270001e+29
-2.039282990933565199e+27
-6.518287203118313449e+27
1.507366274150367416e+28
8.044277376284571516e+27
4.576017769632825655e+27
-8.068795012415018445e+28
7.814159302083450643e+27
2.633070711042911392e+28
5.270939220879167097e+28
-3.718676583215035423e+28
-5.394166653924180118e+29
1.123474589758439379e+29
-3.486159529863815290e+28
-9.545970313370875139e+28
-9.686384974077130253e+28
-1.267403901187984223e+29
1.378989296074599376e+29
-1.594714635499746058e+27
1.896115170949006334e+29
3.457856273257269042e+29
2.053518219124055459e+29
-1.339094394263075678e+30
3.515930035969260774e+29
5.080996491687146196e+29
5.854443009359265042e+29
3.229404826143494088e+29
-1.458854650966608657e+30
-1.768680555592485343e+29
3.390251650845628011e+29
1.081908095965782065e+30
8.008979868188305259e+29
2.787347903517682635e+30
-3.104421985248067834e+29
-1.127722834210637682e+26
1.934028517760390718e+26
-7.342609915889792475e+26
-1.992506754194084376e+27
-2.632731387283110260e+26
7.367196068447864574e+26
5.235783264648542760e+26
-5.560049347864089265e+27
-1.080057775359022402e+28
-2.721033987120665198e+26
-8.874778777229175003e+26
2.352907917947963425e+27
1.172490608455444591e+27
1.836048463309817895e+27
7.857764631177125275e+27
-2.959697036091325820e+25
-2.427940838221207807e+28
-5.029472363567956526e+26
-2.981949292515024986e+27
-1.106959664316447092e+28
4.358077056270418205e+26
-4.800621456587122674e+27
9.291141498504526607e+27
-6.792020733755553109e+28
-1.228928172518128517e+25
2.654581070758041646e+28
-4.578862119510863835e+28
-2.165255478260396922e+28
-3.746244233813171876e+28
-9.975360250357656981e+26
-1.042984646039519251e+29
8.641588535178620244e+27
1.230249379000466761e+29
1.695306492313802871e+29
-5.969553721075334733e+28
6.622574236437409837e+28
-3.310373365931896889e+28
-1.218807504977493280e+27
7.046443327072311305e+27
1.950700396072985345e+28
3.180477254289462122e+27
-2.153471081433302151e+28
4.432396727851537980e+26
-8.066730599450325035e+27
-1.532855269616004588e+28
1.971274408107115014e+28
1.365683157778535230e+28
8.272222007963481273e+25
-4.729033411903498422e+28
1.975985292616998512e+28
3.623480991588544530e+28
-8.203713602565860470e+27
-2.053652504872624198e+28
-6.087459566368986029e+26
3.031486684326067886e+29
-6.270968823131458704e+28
8.352708114508161863e+28
-1.571506734029975255e+29
-1.178416265658247603e+29
-7.540988765413469519e+29
3.776053069073782537e+29
2.940768484148581265e+29
-5.050414005005032352e+29
-1.584668707438776390e+28
2.907248579382279962e+28
-3.937306718556679041e+27
-9.780702214265618983e+27
-1.991532686818608908e+28
-1.276831515404473002e+28
-3.887678782187071686e+28
1.782097685083302510e+28
-5.972488489254469000e+27
-1.862087048696135217e+28
2.825318019304663284e+29
-1.461573885292782978e+29
-5.841984144754761676e+28
-5.570800870713966589e+28
1.398107446368194687e+30
1.459146382632045578e+30
2.421728401319560029e+29
-1.000298911753568364e+29
-1.072965189462445155e+29
-3.682316400342014608e+28
-7.216107516200420142e+29
-1.451122017501340978e+30
-8.030089387036108482e+28
2.728484018429676211e+29
2.005549623236385013e+30
-7.265414839265518393e+26
1.328825504724640506e+30
-1.691420760827531599e+30
-2.558868168258332597e+29
7.178136174382647596e+29
-5.438643073086243559e+29
1.428649206972179122e+29
3.270115159952805455e+29
-1.245549836464491242e+28
1.573350358105752570e+29
1.404768346801350546e+30
-2.895844332774826534e+30
-7.567813235921132459e+25
2.042058368282120067e+27
3.929245895038866635e+27
5.315344762949469827e+27
1.170880746997382679e+27
-3.987701650077946733e+27
-1.025707327941717213e+28
-2.164747131619571925e+28
9.738788815478716155e+27
-9.619996577395088085e+27
3.576833494048203795e+28
-1.379990856952111971e+27
3.440321652836210694e+27
-1.500667950494418071e+28
-5.528363821152784257e+26
-1.280089280181526696e+28
1.193542732546325763e+28
-3.163914864458598378e+28
5.838531304417108734e+28
-7.189196299430681754e+28
-8.154827861378863900e+27
-8.083867102514376106e+27
-8.288877536457925214e+28
-1.209210339434302458e+29
2.670082197556358838e+29
-2.014546581188687080e+29
4.889200178403795143e+28
1.034335718740315427e+29
6.409840680309961803e+29
-6.231235907328283961e+29
2.851741590592886805e+28
3.802020040690344769e+29
1.270651259319593728e+29
5.283629633181739074e+29
-8.759461218630935548e+29
-5.028439151624896237e+29
-3.687229108177553134e+29
-1.228944650933696398e+28
3.559263012030238439e+28
-4.471231709734413014e+27
-3.455316216045715395e+28
-3.168657423545053949e+28
1.070868514032802888e+29
3.905464528891914131e+29
4.903604785786537302e+28
6.742680363453953480e+28
9.194312299088620634e+28
1.514469035749491977e+28
-1.378593415646180857e+29
1.014215237737171163e+27
-5.146595477206289107e+29
2.122462541658516609e+29
3.752565135329106620e+29
-7.173769514631724028e+27
5.305897263991946949e+29
6.718766257922456302e+29
-2.096671604636647961e+29
-2.454902951567339029e+30
1.467800305350703945e+30
4.391096156295117134e+29
2.265925865560094325e+30
-2.101526986067230280e+29
-1.472534976425219365e+30
1.868619862005036608e+30
1.724267423075854841e+29
-2.271967760991069570e+29
-3.103368481033418828e+29
-1.531120108993796862e+30
-6.920005316937852686e+29
-1.414788914532237365e+29
-1.114994458351650031e+28
-2.716360425179617009e+29
-1.311934116656598613e+29
-1.923380879150581754e+29
8.488854330587710879e+29
-4.222442783741274837e+29
-2.197036214543036831e+30
1.956633420211436788e+30
-2.105461555381969081e+29
-9.747448601270537945e+28
1.752427683694171600e+30
-1.135588383400275226e+30
2.814495934293867796e+29
-5.872372577674429832e+30
6.258036045405934435e+30
2.812711724063679711e+28
4.245523412432359420e+30
-6.919249563760970859e+29
-6.444313894404783142e+28
6.137334855671039456e+28
-2.566130736178631888e+29
-1.643949316989067264e+30
-5.341714429986162435e+29
-2.685696769818519341e+30
-1.550008016443333867e+30
2.004610892627619489e+30
-6.542309654720055952e+29
-5.342888181647014518e+30
6.793995413536463536e+30
-1.691584939381393539e+30
5.802430282376584237e+30
1.010177480599286691e+27
5.725914676097290405e+26
-2.163325693611834341e+28
9.331106694543304376e+28
2.886403771548496596e+28
6.981862139075259548e+27
3.694673847351458350e+28
8.387951119124617881e+28
6.734696937895840432e+28
-3.338943938242124299e+29
-1.667344278406874154e+29
2.370116938128089755e+29
-6.017356552960866127e+28
9.968455897999153871e+29
1.345886064475799443e+29
1.222377375666477301e+29
2.839969826379313810e+28
-1.841519873125836903e+29
-2.206321539712703681e+29
1.074558660849013764e+30
-2.988220346582396848e+29
8.055514358169243739e+29
-1.330938924222292662e+28
-7.098932733248369516e+29
3.778539267126298323e+29
-9.713600989464331209e+29
-1.670602699241597450e+28
2.399083336980586691e+30
3.063884146475314663e+30
-1.521099950052509097e+28
-4.880559659407576232e+29
1.113269759020212977e+30
5.207965199411386120e+29
-7.428417977025189224e+29
6.581787513722672975e+29
2.982743926314757391e+30
-1.294458979146889581e+30
5.794421916792230412e+29
-5.301076791246266906e+29
5.523713140562570969e+29
1.321954185356249372e+29
-1.467589297262895669e+30
-2.213811624033227745e+28
1.499589741818487467e+30
6.231577012056470263e+30
-1.756605958865816683e+30
-2.343509983301413427e+29
-1.063890307625081522e+29
1.565002354862967418e+30
5.191528881819058965e+30
-5.814887398093920428e+29
-4.130808517041097716e+30
4.565869258274113419e+29
5.894839023159632141e+30
2.516219301408690979e+30
1.272925807101017305e+31
5.965559164429627403e+30
1.960791438350785281e+30
1.336159601690669933e+30
1.615060488872634835e+30
1.380759022720591479e+30
-2.760089037784245038e+30
4.650763793198186702e+30
-1.321069920199269799e+30
-1.735640574364924802e+31
3.718128304411231767e+30
9.267244681910230206e+30
5.321432047116134840e+30
-1.096775417498724832e+29
4.055381455825474631e+28
-1.529547034931645617e+29
3.035128932440608142e+29
-2.100455880762352590e+30
1.687810569685419516e+30
-8.172730812848251541e+29
2.185938655384115104e+29
-1.492869887765039383e+30
2.257208185752281372e+30
7.669714072735591488e+30
-4.517191000340822964e+29
-2.103511144272622516e+30
-1.279749229780312049e+31
-1.487525549413309642e+29
-2.674033805770139930e+30
-8.624293187960675644e+30
-8.208607100508385632e+29
-3.570225914317127483e+30
1.302821351770715449e+31
2.028551975796097312e+31
1.647817262910770585e+31
-1.692574086385874880e+31
8.655821724208555448e+30
7.889077188680399586e+30
1.447686050934365775e+31
2.309984215069431185e+31
3.880552997658366805e+31
-6.373228319026911689e+30
-1.498126989648212442e+31
2.701011574936861468e+30
3.339370448869892254e+29
-4.449711997244378389e+30
-3.940064168066421077e+30
-3.657840334056083934e+31
-1.355529053021791905e+31
5.945555077619180556e+31
5.223041717011465356e+30
-2.455548610798215373e+31
2.393795488418881046e+31
1.173517405698039194e+19
2.911375178774340403e+19
3.061318498145660436e+20
-6.223839785024395674e+20
-1.160888094305277706e+20
-2.680150091264067371e+21
3.941337508950573475e+22
-2.667139778175989449e+22
1.074054507936342508e+20
1.830715007856693740e+21
-3.312378393489458174e+22
1.740713366737007516e+23
3.790549745967818605e+23
8.792026188533304866e+23
2.234358366080331292e+24
2.355229579662158274e+24
-1.211667140151283076e+22
3.104515286619172897e+21
-7.866303665817446777e+22
-6.234935950756371203e+23
3.438057140874163106e+24
9.687961973803725598e+23
-2.158163799261175160e+25
-7.514450741835946749e+25
1.375031136281702066e+22
-1.089777274984523314e+23
4.608962969762473076e+22
-2.114200417615625803e+24
-2.732373650111107713e+24
-4.485369641348138149e+24
-3.867546625319782750e+24
-8.624815684480866932e+25
-1.880527454106971183e+26
-3.614579237529454012e+22
7.026402690904425937e+23
2.679404429710612962e+24
-2.549789897995304147e+22
-1.618359802952037444e+23
-1.716640478838563153e+24
3.651163736991306047e+23
-1.139638254577132089e+25
-1.347237177297953547e+24
3.022920102821411072e+25
9.221330480856884721e+25
6.808716833497359015e+23
1.920040891123115934e+24
-1.104627640208744924e+25
5.423522908790794725e+24
-1.510855565407886386e+24
2.081134740044110087e+25
2.961021304862228114e+24
5.380866487586325038e+24
1.022144417176610036e+25
4.008956325373514582e+25
1.474758543032185754e+26
8.334479481663512969e+26
-4.788807310225444600e+25
5.632891866899051268e+23
7.179273420083083321e+24
-4.983070359545039066e+25
1.056442733148305277e+25
2.471537017617708969e+25
8.238793924326873822e+24
-2.487310684311755673e+24
-3.123118226790290417e+25
-1.809207381005539469e+25
-1.245800476503599849e+26
-1.494393890442063940e+26
-1.058997546968194161e+26
4.816746047445639230e+26
9.569623934645891559e+26
-3.376598569355070872e+24
5.621716395723882387e+25
1.191349279226835485e+26
-3.852242913764686187e+26
-2.688129920705363882e+25
8.364899906508823249e+25
6.296214802653534412e+26
7.554012000644884945e+25
7.345734696320970862e+25
-1.918147929287295252e+26
1.086083629302054113e+25
1.519395974634269691e+27
-1.168426614262853139e+27
1.162997019495345466e+25
-1.157692139894748262e+26
5.175565144000964941e+26
-1.093847527715987603e+27
-3.042114326664245110e+26
-5.007049133477781622e+26
5.257670221844254938e+25
1.689532325776319422e+25
-1.390559161771349955e+27
-2.334528379582902903e+26
-4.400155006666691887e+26
7.934169384463085166e+26
-1.234715701638094683e+23
-1.596698146773308906e+22
-1.310676222857452926e+22
1.735378593213445516e+24
1.451184972767422233e+23
2.466811016788283945e+24
1.258138790575364981e+24
-1.731502109003845967e+24
-2.980143139033612026e+22
-1.437290946034110413e+24
-4.950364960871485031e+24
-8.414366775319933808e+25
4.053383873985786486e+24
3.622804618631483522e+25
5.983605114983059544e+23
9.288925173919598477e+24
-9.446427522922156518e+24
-6.726783329356448501e+25
2.917919370324930401e+26
3.979772965741941656e+26
3.443001920779930517e+27
-2.853336597703786171e+24
4.416748839724909836e+24
4.206282257638119314e+25
-2.348554579866205534e+24
8.064359630335643411e+25
-1.392768369667424846e+26
-7.267813719258178832e+26
7.304778621573066022e+26
2.335447259856298068e+25
7.435491011965751653e+25
5.112218631025268014e+25
-5.378792784691562948e+25
2.203036785648547621e+26
1.730873353779236020e+26
5.723507597579769992e+26
-9.868198679674754458e+26
4.013159670763712418e+27
6.921089346722208783e+27
-4.938229884403370642e+25
1.499380711870641745e+26
3.145215931026315236e+25
-1.324133079217815307e+26
-1.140279009392450165e+27
2.672929008651170460e+26
-1.175102009449221326e+27
1.448785940024192550e+27
1.756864464438188459e+27
-3.357422168460224046e+27
-1.705770911938045140e+28
-4.293662330249769691e+28
1.350419695807339821e+26
1.314482611392200427e+27
2.306473978813121756e+26
4.460095269029769254e+26
1.177576459980413648e+26
7.764011412054188843e+25
4.359447926371577173e+27
1.257219481151820435e+27
7.064696903597235220e+27
-1.648903772308285238e+27
-1.745684913863362449e+27
9.083828062917767106e+27
-1.349672103487708962e+28
2.917471686215228428e+25
-4.405346175692475027e+25
4.326267979596134902e+27
2.348271476559242939e+27
6.276012743552800017e+27
-2.370482569170264891e+28
-1.922736378161218126e+27
7.787787566610947829e+26
3.440783269787287579e+26
3.708558301130823815e+27
9.730533339424214646e+28
-1.698919967990034483e+28
-1.133968363863664590e+27
-1.625441532618154243e+28
-1.399758668011053095e+27
3.274006810314774649e+27
1.946856199648178344e+28
4.309966117437844735e+27
1.458292540014606437e+27
1.648507611549728718e+27
-5.280575521078578848e+28
-1.135855639462217936e+28
-7.578369776856779072e+27
2.850988773991240559e+23
1.200163867569620109e+25
-1.025664938585035593e+25
-1.430879708081824162e+25
1.311655140238188021e+25
5.287664955857453340e+25
-1.224262429592475633e+25
9.712281602032277311e+25
-2.192525804703830353e+26
-4.120992598863685218e+25
3.265361652636389395e+24
-8.895217001875218289e+26
-6.998913818017102582e+26
1.312439621467781763e+27
-4.255695773172508638e+27
8.391232224530706378e+26
-3.800470428290768116e+26
-1.580593887691349893e+27
1.737700908575951713e+25
-2.779682553586988119e+25
-5.503893416019782132e+26
-1.263130114668888410e+26
-1.602892280694291031e+27
-1.567254197180528020e+28
1.064770776892175120e+29
-1.371021951076403056e+26
2.778984311526744182e+26
5.729848722720416925e+26
1.091067560560523346e+27
2.902420703533550142e+25
2.290901715122291707e+27
3.045413601014666694e+26
-6.529362139137335806e+27
-4.504112748433097325e+27
1.078519524851313212e+27
2.682347912933686162e+25
9.028578283593554600e+25
-1.407243302141067575e+27
-1.975488398225202231e+27
-4.564564392418377913e+27
-5.734765076544770473e+27
-2.754145757555432940e+28
-4.805508082656148104e+28
-2.303886735771136378e+28
-2.098534164259734908e+29
-1.970251815548330486e+27
-2.486235908625334652e+27
3.674826788768133906e+27
-3.134911150454189560e+27
-1.151646282315055311e+27
3.492630239962454782e+28
5.735382451559500563e+27
-3.958548663292659642e+28
1.182282782604039660e+29
-9.083754955929904080e+27
2.207292908715321676e+29
3.938571504449568494e+28
-2.773983977751530684e+28
8.011818085902140473e+28
7.468266673275151715e+27
-3.662302454117110263e+28
6.611416957900859216e+28
1.591987886876867915e+28
-2.391048748490024797e+28
5.587516684412847145e+28
6.960238383361226874e+28
2.261919066279232167e+29
-4.427155449746159631e+29
-1.184220241811102465e+29
6.684408102569992020e+28
-7.631070721283802130e+27
-4.725352035645512637e+29
1.012840641010227753e+29
-3.387613843015629578e+29
-3.850746686863736602e+28
-1.422216682903415493e+29
9.245963847108402510e+28
-1.970973599959578223e+29
-3.928069587047670683e+26
3.166830933973196614e+26
-1.648410204601731187e+24
2.499018676002599820e+25
8.973144260290908411e+26
3.338752216811905325e+24
1.625314915528163444e+26
2.074699263196086963e+26
-3.907713311247296376e+25
1.197746757857482376e+27
6.826946169641523867e+26
-5.220187249083624532e+26
1.744272434914398232e+27
7.722366097581213593e+26
-3.043845940214162208e+26
-1.654353857845751141e+27
5.445649078882686149e+27
-2.303605656552671756e+27
-3.771652792578044996e+27
-6.586074295318003673e+26
6.482555775705648215e+27
1.900861543832059596e+28
-9.376236630123393037e+27
-4.786908516948494057e+28
4.275900334756857356e+27
2.285641767720311035e+28
-8.798286738274516824e+28
6.594812218893745718e+28
6.261932247758604304e+27
-8.627371032669070559e+26
-3.639688223900202740e+26
4.695404079100213580e+27
1.468526090948979280e+27
3.396194499077151710e+27
8.576796490906486108e+27
-2.945453375402461430e+27
3.845542596676805747e+27
3.491271682608675177e+28
-2.432737212130898950e+28
-3.695909053941824261e+28
8.054311137668041328e+28
3.266601684018248410e+27
-2.531149767384042593e+27
-1.111561822002131357e+28
3.816985702208375447e+25
5.268235601280879744e+27
-2.439200537380038926e+28
-1.506105117994417457e+28
-3.754154866023765535e+28
2.602617309781137371e+29
-7.488043324002063722e+28
-5.834979904503001897e+27
2.883926287588409969e+27
5.605439901949918248e+27
2.651530283030347167e+28
-1.160127843191392613e+29
4.671502853001188109e+27
-1.276271601280342721e+29
-9.165130470289500076e+28
7.131583385006027672e+28
-3.972845431361569616e+29
6.980104790685223249e+29
-8.210119391746434469e+28
1.078917099584029118e+29
-5.768958828829532255e+28
-7.502541969379726970e+29
8.856737610286780775e+28
-4.229186582077534355e+28
-6.081465322356050939e+29
-1.989834853329612058e+29
-1.163185296846529491e+30
2.071620448459166516e+30
-3.470937357001538225e+29
-2.712403198055551261e+29
-5.833711733499463972e+28
-2.166748372454735829e+28
-2.942059051234821743e+29
5.758378825230826805e+29
-8.158560401841029621e+28
-1.011527142044300026e+30
1.042796214315449307e+30
-3.003669692660777665e+27
1.596874674676951165e+27
1.849817960659975811e+28
-3.267103674260703102e+26
6.346157842409473424e+26
-7.872471118335442089e+26
-9.849817715533651580e+26
4.268158530739750564e+27
-2.421123817996270034e+27
-1.120015078081851677e+27
-1.281401219495774515e+27
2.357770244794056103e+26
3.288198607328101898e+27
1.028609826366686461e+28
-6.635811628265158865e+27
1.236543640877470382e+28
5.251605380505978239e+27
4.806794085882665431e+26
2.062543805903800313e+27
1.401702780852755446e+28
2.419808578884526364e+28
1.133758856314997095e+29
9.697389246965842429e+28
2.186188889332777843e+28
-3.114912571474288771e+29
1.308932422415316270e+28
-5.363754464310608791e+28
1.155664508463620161e+29
-1.450917672997902381e+29
1.926972628099454493e+29
-1.886838413323140615e+29
1.596810685263173986e+28
1.887461097281976160e+28
-1.246561422187875811e+28
1.808397828153708510e+27
4.612783510443582969e+26
-6.307160642016189645e+26
-3.148286438658765655e+28
-3.461301447901597803e+28
6.898887087746607728e+28
-4.389383333488135050e+27
2.643810231993431720e+28
5.724936884547812909e+27
3.302019212097269942e+28
-6.974222328205658259e+28
3.761290460424424608e+28
6.266937446018821700e+28
1.225027602146388200e+29
1.651368389947329600e+29
1.018846891334312479e+30
-9.990943797632762036e+28
3.282291744195048219e+29
-4.595281473262222853e+29
-1.679617930191103986e+29
1.213205657759328153e+28
2.869393073138919880e+28
1.514993016432141222e+27
2.733097546969292050e+27
6.760503040657170687e+27
5.599210623551068275e+28
-6.431799441232024277e+28
-3.586106396891769798e+28
6.358459455187733235e+28
-3.550256340849416320e+29
-2.404654694354739296e+29
-3.969293171386221439e+29
4.306873600594088934e+29
-2.201657835172078313e+29
-3.202448222968752116e+28
-5.512839829450407259e+29
-2.791487397962099225e+29
-1.429895534874207303e+29
-8.470779588889449218e+29
1.023974990488116692e+29
-1.326345683866389506e+29
-9.982242298908357389e+29
6.324190808301504752e+29
2.653668199278142937e+30
2.756674806866823242e+30
1.466804005231994601e+28
1.333647189264265750e+29
-3.334116014005285760e+28
8.437298416074102715e+29
-7.242703604261012034e+28
-1.689229059050978937e+30
2.720224294832697161e+30
8.771185046891329648e+30
-1.081752396541356678e+28
-6.414468966364773031e+26
-1.353669294558682126e+27
-2.119515251294841806e+28
9.782230193258593602e+26
-2.200976262363923653e+27
2.288727249459130692e+28
-2.864798300001010009e+28
-1.465507788483291941e+28
3.412348118059032630e+28
-2.034147807789602635e+28
9.897796931296849039e+28
1.098630947669721495e+29
-2.215612770842660957e+29
1.449186015130820379e+27
-4.347768555070667654e+27
-1.801715620082299655e+28
-1.173829950323366914e+29
-3.199537143618051661e+29
-1.423080148569930864e+29
5.901696211446249588e+28
1.722192229626329395e+29
-1.260186246435874578e+29
-8.836714108872609182e+27
8.824791784851454605e+28
4.541114138378756767e+29
-3.205971044110855364e+29
1.040242111607002290e+29
-4.408439085202796081e+28
2.211160953339294432e+29
-2.264062110151996655e+29
-2.491633898545717466e+29
-5.721903476570512826e+29
-9.702436382350310080e+28
1.018529041941291555e+29
7.163270166600532852e+28
-1.671436412448086159e+28
4.861254775748938368e+29
1.170355230820370567e+29
-5.915890177817557872e+28
3.805992395058793294e+29
5.707558962446753286e+29
-1.873153700485516925e+29
-6.672149178818795880e+28
2.472843884587217550e+29
2.454673771300411664e+29
8.410768084085416222e+29
1.176045878703417901e+30
-3.398312384390091787e+29
1.701319166682892881e+30
1.364568357430859578e+30
-1.945897626128603022e+30
4.614926700276237231e+29
-3.739349503892467139e+29
-1.255113630113459884e+29
2.282944312172916635e+28
2.412563328068444984e+29
-2.030952683218372485e+29
1.155565925094527672e+30
-2.857396956373092278e+28
-2.317401134640980415e+29
4.282235359375102340e+29
-1.740241552936763293e+30
-1.285416598063176108e+29
-2.331675994465014329e+29
4.876727257966544693e+29
-1.661752586976713723e+29
9.582106934025772199e+29
7.126721571569094164e+30
5.431478063821258146e+30
1.311367903807208179e+30
3.726552724331270633e+29
2.613052354630581396e+30
-1.709890146786513737e+29
-1.929889617991178662e+29
-1.406296156763402035e+30
-1.171713149298850009e+30
2.159183217590851358e+30
1.993090983283234432e+28
-1.171903834055707822e+30
-5.265430951386874366e+30
8.014962114040030270e+30
-6.993458617187790690e+30
-7.918707855061321664e+30
6.348813752259280347e+30
-1.233984121683019797e+29
-3.505240097217887747e+29
2.939833826742607905e+29
-5.376110046190630785e+28
1.315384459805678194e+29
1.903107370980425947e+27
2.579297515893318477e+29
8.674862776529713503e+27
-3.904914243480872699e+28
-4.818878365853031216e+28
-1.117115656880967098e+29
8.797055357063036593e+28
-2.356559003952563195e+29
-1.281813076810677710e+29
-1.102007205981223449e+29
-4.401501396264289924e+28
1.549028965653318791e+30
1.806887537833112384e+30
-1.937750779171932597e+29
3.090677601838093356e+29
6.383013657563141207e+27
4.235639448470887424e+28
-1.714077477768882670e+30
1.645109963056300915e+30
2.249768263434562208e+30
1.119433626774047999e+30
-7.292708711185102404e+29
-6.846954393907587687e+29
-9.320942337966838823e+29
-2.134487472192765542e+30
-1.703285341871527115e+30
2.131930500499227299e+30
1.031788068783037514e+30
-1.398131439201122271e+30
2.116309689496081276e+29
-4.106685208432441167e+29
8.193123814606837780e+30
-5.357432723319438191e+29
5.166174344190793705e+30
-3.507671084957946346e+30
5.387950645649010981e+30
-1.750915576033052741e+29
2.319241555374764141e+30
1.795125043362867007e+30
3.975665904827245059e+30
-1.937069597609577472e+30
-5.370960045169490152e+30
4.877875996957151843e+30
-2.193129890118426111e+30
-4.590294190974150671e+30
-1.506906156209679845e+30
-1.439112139309185668e+31
2.417116912241414988e+30
-1.785035391484090351e+30
-8.238430045929388034e+30
1.981689634581522166e+30
-4.368965644866740353e+30
-1.749741075788253585e+29
-2.537244552343051321e+30
6.090679143176565800e+28
4.467780948480432314e+30
9.859270688575229634e+30
-3.507517045002376447e+29
6.957293873393852424e+30
-4.236712114306708286e+30
-6.343483599420048587e+30
-2.723497558987434752e+31
-1.489562227597832569e+31
2.245228359161626256e+31
1.597014800599293937e+30
