-2.687423338722985600e+16
-5.537130102063762432e+18
3.942596413458800640e+19
-8.029430446335024169e+20
5.997071061515790975e+21
-1.370418540384216311e+22
-1.940608710939580039e+22
7.383641498011819835e+21
3.195485717126721411e+23
2.691754412909656064e+18
8.658561049197805568e+20
-1.364217343037863572e+22
-3.317234743843116129e+22
-9.800434048760413998e+22
3.909938861772498503e+23
8.365854499612486082e+23
4.915388284622872102e+23
-2.758138517703586770e+25
2.120983458825611510e+20
1.374502212471113332e+22
-2.319306152636000187e+22
-3.059712966620148767e+22
5.897130660722060705e+23
-1.355986061285198188e+23
8.982179182936295593e+24
-1.967181266190245480e+25
-1.488289158847810939e+26
8.599851388837405655e+20
3.547206982421191223e+22
-9.233979083049732627e+23
-4.283268965431320416e+23
6.335703686741284765e+23
-1.508211802616753482e+24
3.785973782674085301e+23
-3.055002678674877139e+23
1.924459858140049318e+26
-1.437640643891263255e+25
8.200697649140323058e+21
3.772169653328557669e+23
2.825013804397116114e+24
1.810677685194970681e+22
2.666113963786144236e+24
-1.355263874561988715e+24
1.443111375290328733e+25
-1.087749097088325704e+25
8.483066731816480892e+24
-8.512986573670256231e+24
6.041766080447054622e+25
8.565209168983051166e+25
-1.682699646240087553e+22
1.155318985876403749e+24
4.975263367591482098e+24
6.855937970374634637e+24
-1.270192245187747980e+25
-3.136192741901555418e+24
-8.240145238921518550e+24
-7.594663450047065876e+24
-2.412275101244348987e+25
4.144805893622122190e+24
1.421176074569572045e+26
-2.366550874976776736e+26
1.962253183212915833e+26
2.112301449760711759e+26
-7.026200492432645161e+20
-9.369219074164449440e+23
-1.719253204248253506e+25
1.090101969836456748e+25
-1.705935332960948774e+25
-1.921016389707086262e+24
3.651290459963734936e+25
-8.677950856949467315e+24
2.339200895299554186e+25
2.592837091923851161e+25
-1.143416142421525122e+26
-9.434617603002362232e+26
-4.056601451020080697e+26
-1.757357805647308992e+26
2.232701162431933976e+27
-1.721455036706703310e+23
-1.454001111578395344e+25
-2.856016022554806341e+25
-6.308607448056784300e+25
-2.378222520881438801e+25
1.927466770287351301e+26
7.899339452657641131e+25
4.340818423944867893e+26
6.467233568733642102e+25
-4.603467732340331432e+25
-2.324767429738652328e+26
1.043046927030795912e+25
-1.990842102315641663e+27
2.855680527821361525e+27
5.900875245536234648e+23
-1.912536066461216198e+25
1.195619521057136742e+26
-2.470959782725622262e+26
-9.069631583950988453e+26
6.290168034816106063e+25
6.858229743352066346e+26
-8.406145434275833204e+26
-1.348749390468845085e+27
1.084681765082636622e+27
1.508204950992933608e+27
-1.922909182469853053e+27
-1.888368242990315797e+27
3.058029359551507071e+21
-1.903541574789383586e+21
-5.555133532672568066e+21
1.117678552495331549e+23
-7.972540877960196286e+22
9.695823272982198039e+23
2.667492995876008231e+23
-1.303676062398539469e+24
-2.731076199009969745e+24
8.591533711610155371e+24
7.531307136172774937e+24
-9.014117985521585824e+24
3.019501744911728456e+25
5.678792430280701931e+25
1.577864804732045711e+26
-6.398327567868166939e+26
9.890531041043777638e+22
1.336127119400455136e+24
2.885252521827660607e+24
-1.807594485960108628e+25
-2.884494595572961542e+25
2.016922767218539437e+26
-4.307100479034586389e+26
1.707619010579028153e+27
1.910689591754473683e+24
1.870624478872044631e+25
9.341280350898347961e+23
-2.986929769017705029e+25
-7.833133538721775037e+25
4.308323469277070767e+25
-3.156542686787074005e+26
-5.401215421646687617e+27
1.217633935163734118e+28
-1.242209612454533580e+24
-1.618438864959779285e+25
8.007848025037019648e+25
-4.540481696963158401e+25
-1.033134275931313020e+26
2.209553321079402207e+26
3.362679663626844411e+26
-5.996307933289935710e+26
-1.229573323786101209e+27
2.704229099849212829e+27
-4.566897342124494780e+28
2.007858039699638285e+25
-5.170337892082927766e+25
4.434122899487416118e+26
-1.432430665843194068e+26
-2.630454837910178822e+26
-3.012085044590114496e+26
1.701313792259721509e+26
1.559139432452498814e+27
-2.678659108555952761e+26
3.961062449448016609e+27
-9.770433359273752558e+27
7.333176149996720080e+27
-4.571911310665371152e+28
5.701772924619753997e+24
5.963357727592571806e+26
4.479831419431724424e+25
1.485495293065715169e+26
-1.756664224133116051e+27
-8.326653928825492465e+26
1.214421874780200935e+27
-2.601657446266506609e+27
-2.194367265927075974e+25
-4.588457464544087165e+27
4.299642071257448404e+27
4.708716756827877169e+26
9.653388422834949421e+28
-1.814724971127313061e+28
2.091940686785252057e+26
1.822857524953027401e+27
1.155181691715598517e+26
4.000347278796346310e+27
1.446395547910894907e+27
1.347953806204813655e+27
-3.327124413576508776e+28
5.401692914631025172e+26
1.131391215245386055e+27
5.627206239068787491e+28
5.591219684448004740e+27
-4.647105527227170193e+28
3.639097954497483576e+27
1.251581877362581275e+26
3.602418492240906440e+27
-2.902590407686677012e+27
3.046177862645338834e+28
-3.085902296697560831e+28
-5.063970421601023781e+28
-2.654715272580383734e+27
-1.021367149773975790e+29
-1.384344579918070774e+28
2.033708983332748081e+28
3.744935542301268636e+28
-2.149336909627997766e+29
-6.954192964800897907e+23
1.086868861297373177e+24
-1.222800222700665188e+24
-2.329614475474401891e+23
-1.840021231533599725e+25
-2.974672938892824813e+25
-4.589055099978183476e+24
-6.394423329919384323e+25
7.098770589950339607e+25
-2.564820424567656976e+24
-1.601772500780981863e+26
1.857531740950483523e+25
2.479111834420004006e+24
-1.144963728321895292e+26
-3.452672559774448738e+26
-3.075511174260274022e+24
-2.319603179545436078e+27
2.668132445414306037e+27
-1.085172187050417899e+27
4.959928198946825350e+27
-5.204797297383465675e+27
7.736312797536070121e+25
1.854197178726587028e+25
-6.262776322412001285e+25
3.835829602929109984e+26
9.612159018796914757e+26
2.746583753160627661e+27
1.000580530346206441e+28
-3.772413486470130727e+28
-1.940105132274679915e+26
1.755041380405976476e+26
-3.327797812980122547e+26
-2.716313945722709739e+25
3.509418590322656836e+26
1.693639592864029104e+27
-3.103776397507390291e+27
-1.436291072786945528e+26
-1.866013193842808008e+28
7.097838564057616588e+28
2.843766402260954620e+25
6.024788701861698021e+26
-1.538250103930241929e+27
1.121849974533738763e+27
-1.173056747437893610e+27
2.079820385998207255e+27
2.549271657247212428e+27
5.948995897164472961e+27
-2.158163165660896739e+28
-1.926481385383594816e+28
-3.166292492232689021e+28
1.900525103916736289e+29
-3.355502512483398576e+26
2.252483010347658173e+27
5.855286225125186227e+27
2.765331748037807979e+27
-3.717514871905000556e+27
-3.521645451309857919e+27
1.724915259036942633e+28
-2.903796886669015776e+27
-7.508872591152106492e+26
-7.420128201078959100e+28
-1.916497307362756711e+29
-3.185675241843168176e+29
-7.616786055516434917e+28
-1.681664089850984561e+27
-1.673533191307949071e+27
-5.457615075771150860e+26
1.122186409528784309e+28
-4.082649476830924531e+28
3.413979972213246436e+28
3.873122937139243885e+27
-9.154843359193471820e+28
2.749937433860481024e+29
-1.254916378281131046e+29
5.868128183428531821e+29
3.942372773139961416e+29
-2.888243371424655656e+27
-5.017261987088584624e+28
9.909346723202781693e+28
-2.165028247341246831e+28
-3.154642745616791737e+29
-6.870797050275239969e+28
1.215299270189802410e+29
1.056801143742444910e+28
-4.134061144614884924e+29
1.937621839471462655e+29
1.438178264971451448e+28
3.972179082053751029e+24
-1.592880092729883003e+25
9.135868084147898548e+25
5.989411875811098797e+25
-7.704367288418073991e+25
-2.671281757904150736e+26
-3.037936071618935606e+26
-5.760095698201194949e+25
-1.612403408632943824e+26
-3.255084990965779298e+26
-6.673268659900820262e+26
4.766009408316501006e+26
-1.582382379282518465e+27
4.483488127473561467e+25
5.425912859785552763e+26
-1.661911999171314069e+27
1.058857996498879414e+27
2.221748704353566309e+27
4.452743655346514155e+26
2.118624156870933560e+26
6.154338094993275063e+26
4.205654676434784821e+26
-5.792468170082785105e+27
8.023048374834494343e+27
5.517973144297808548e+25
-2.122509010450534885e+27
1.659720264991460066e+28
2.509466058462397156e+28
1.195090415642940256e+28
-2.673761609464443873e+27
-2.361969591700560997e+28
-5.224776842598789854e+28
1.932155933091364673e+28
8.068672501194299076e+28
-9.662202082366317349e+26
2.229732901119647620e+26
-1.260141317654081023e+27
-1.383707035785517192e+27
-3.986292176466506661e+25
-2.049028787254136283e+27
-1.709816195487342131e+27
-7.201995086923207514e+27
1.122359198339716613e+27
5.248488343590858539e+27
-9.441247666070072329e+28
-5.638722457098985767e+28
1.750294213380539023e+29
-4.978868501199626827e+28
3.327745260626255941e+27
1.724962211805951739e+27
2.198657524458142515e+27
-3.748578139181676886e+27
6.030521184253057993e+27
-1.925666311270208194e+28
4.475493109183176535e+27
1.271227770924628707e+29
-1.816694161968372131e+28
2.451767077968187780e+29
-2.964912626023226966e+29
2.106224592790760566e+27
7.228379432340289603e+25
3.187210404180142968e+28
3.614734660664628224e+27
-2.252430030167020430e+27
2.272879477942320931e+28
-1.246252811364852592e+25
-1.107950008458748252e+29
8.312863022788164031e+27
-2.105319390468743361e+29
-1.191226684496062894e+29
1.458766160542932467e+29
6.159702497976295523e+28
1.337660965662446962e+29
1.157337665546814964e+29
-1.810987581446603634e+29
7.219085869284199337e+29
-3.862940971743238163e+28
-1.088061189532064511e+29
6.092406256560153798e+29
-1.745182880339230554e+28
-5.763445672644642370e+29
4.832145058989994659e+29
-2.102965859378599177e+28
-5.330382184267508570e+29
3.370053545599715651e+28
6.486037856564837609e+29
1.609036645995406872e+29
-5.818824531885468355e+29
8.340387275605504687e+29
-1.206599030507520498e+30
1.180800848810014440e+30
1.004903338084840437e+30
1.798464643115092163e+26
-5.647838677154048920e+26
-1.519966220862615765e+27
1.241523081131136522e+27
3.799592243703141556e+26
2.130873087236720491e+27
-3.065042154602784616e+27
4.529514415156485232e+27
3.891200288854583901e+27
-3.678705473901175529e+25
-2.637130794490104612e+27
-3.805907072090241846e+27
6.273225665626469373e+27
-1.117314851355679642e+26
-7.676120286697972606e+27
5.568289758825387437e+26
4.058932322049453692e+27
-1.380109158997011473e+27
-6.436791465521002650e+27
9.152950748911689268e+27
-1.810620123200857416e+28
1.181954845879666234e+28
9.877057370498761653e+27
-2.562021223906287113e+28
-1.956638616619750115e+27
-1.508578896537539224e+28
6.911011251796897991e+28
1.199396351486261921e+27
-1.069248600662371713e+28
-8.122329811125560732e+28
1.751670216765700437e+29
4.179035842249592601e+28
-1.278958758222370974e+29
5.047106006976574619e+28
-1.920297916345028420e+29
-1.394562051838108830e+29
3.518806857189986967e+29
1.243368889170753151e+28
-4.181114445392097539e+27
-2.537984461733870995e+28
-8.540376630972080550e+27
9.274337452402756435e+27
1.628395458954609090e+28
-3.253669132502043297e+27
1.544739083649348213e+28
-7.697434682524245267e+27
-1.155553085361173303e+28
-6.050115875040466671e+27
7.381162875826182504e+28
2.114490570334509876e+28
7.750511331970522314e+27
-3.770078306295265395e+28
-1.078899209604569928e+29
-1.091882804600790376e+29
-7.793522922818170504e+27
-1.893527873363181824e+29
1.445287928092190686e+29
2.663761361826999390e+29
1.834746748048428651e+29
-7.220153787069953315e+28
7.301463664906975808e+29
-6.190386659916815488e+29
6.153247334468145758e+29
2.955243755528136773e+28
-1.830900024910299802e+26
2.652585159988484118e+27
-1.135582262171689556e+28
4.235044386410694002e+27
2.060367668542660424e+28
-7.038276800683711861e+28
-1.308825021294659728e+28
7.011265570288975281e+28
1.036889787017205946e+28
8.740278187432106635e+28
3.556238533686690822e+29
1.050516019058176464e+28
4.339540795629355052e+27
3.312174232393057612e+29
4.193271918292582691e+29
1.501942877235921904e+29
1.201542155758110150e+30
3.271229261192992186e+28
7.612152554968020577e+28
-6.909857417806996637e+28
4.969255048648585245e+29
-6.503677000644000009e+28
1.849406310298215799e+29
-5.646883725735395255e+29
2.385684372198844050e+29
-7.835320455986241932e+28
2.239015116281313036e+29
3.068701931462629185e+29
6.625463080929374756e+29
-8.713166070345903755e+28
-7.676926290232762214e+28
-2.756802557367137620e+29
-6.235486862017573478e+29
2.035587904104272709e+30
-4.378639982553148665e+30
7.598385680612159988e+29
1.619317645081602134e+26
3.514475198298900675e+27
-1.226952639256475732e+28
-3.444576684365906397e+27
-1.905270434782048807e+28
5.028708273191798811e+27
-6.754270741804822695e+27
-1.144301907179411201e+28
3.603267469401571394e+27
-2.210180316767772814e+28
4.918272595508222790e+28
1.041507684032742293e+27
-6.721991550654466557e+26
3.872651527396918697e+28
1.894033615757692397e+28
6.160366580162921823e+28
-2.351276772065362245e+25
-1.498597182596947445e+28
1.998814822912834960e+28
5.474907132097448117e+28
-1.164763143557368781e+29
9.309536266965082117e+27
7.007108166566360931e+28
1.252654499260797920e+29
-2.319356553275808812e+29
-9.000861074469829495e+28
-8.366606046732011395e+28
-3.442315052604883172e+28
1.519499813875589283e+29
-3.242591432446751636e+29
-3.828321152753020908e+28
-2.014676888742239722e+29
5.690752539302373470e+29
-2.370266477729567891e+29
-5.803773903071902322e+29
1.543172080195668477e+29
3.850057932323393962e+29
2.813186052975274961e+28
-1.439776583193388856e+28
2.066027925392174744e+28
-4.734722743646061433e+28
-1.353236338251681206e+29
1.684708876733669256e+29
-7.164066856863560009e+29
-8.841977542978868744e+27
4.422931820943925545e+27
-8.813050124895336467e+27
1.008641781068329331e+29
-1.095200937399097556e+29
6.624940791496393983e+28
-3.864663260330985915e+29
-5.594085389827801357e+29
-5.652898160193877794e+28
-6.830680187011862095e+28
-6.497446722824789051e+29
2.669821215959682422e+28
2.836897948780755026e+29
-7.948854693442289675e+29
-1.115306433069449894e+30
-2.526349501563433020e+30
5.572228882287811712e+29
-4.445563051223518172e+29
-8.806133465555260819e+29
-1.241531746409530299e+30
-5.793586182931522149e+28
-1.311659699791257761e+29
-2.481665884589302429e+29
-2.011718805390927207e+29
-1.483941437177739686e+29
2.938914791784898160e+29
5.076621848669478746e+28
2.111553351736854934e+29
5.689522158399230062e+29
1.580627777558314853e+29
9.329327437328059488e+29
-2.612108218792580164e+29
-1.539932168111582019e+30
-1.281251449917316141e+30
4.547809416975288920e+29
-1.344091412760239702e+29
-9.867067878818066969e+29
-1.484218758375970512e+30
-1.624427140332060574e+29
2.060472279226350316e+28
1.968805881510830286e+30
1.329620746781333882e+30
-7.204323078546929466e+30
-5.440344981795146731e+29
-3.725111460559497644e+29
6.094858065908997368e+29
-2.045019764711836575e+29
1.413971818449574265e+30
-1.248497677680760022e+30
1.368662541278220159e+30
1.536823983138839643e+30
-3.331947916965204027e+30
3.075658388732942273e+29
1.822313543212765291e+30
8.620887595335560973e+29
-1.572839856711922574e+31
9.485495771436567712e+30
-2.870805452808730438e+27
8.818752296510363425e+27
-3.750013633887532204e+28
6.098892699394425623e+28
-4.387661268074745504e+28
-3.640507757122376851e+28
-9.224420708562330322e+27
4.628560755085885312e+28
-1.520155446660521499e+29
-8.660397887218266620e+28
-1.193441170978376331e+29
-4.088799109971679658e+29
-7.135853408194310083e+28
5.019550169667296976e+28
8.149701002907319154e+28
2.412734692947205577e+29
1.010986528696644230e+28
4.901438306744605350e+28
-3.039193215063051306e+29
2.143790655312213310e+29
-4.094946600018962024e+29
-1.886576251260905568e+29
-1.393614268215563116e+29
1.053941762036712219e+29
2.130291271062887173e+28
4.221052058830441135e+29
-4.882568081462863164e+29
8.497033486127167661e+29
-3.017691962649244142e+30
-9.557658949538266204e+28
-8.966934261135714239e+29
3.295558172835142168e+29
-2.083226205687269428e+30
-7.417235704114626916e+27
-1.605200643728159000e+29
6.040161723151127499e+29
-5.860772348991471777e+29
-1.063547715837350421e+30
-2.601546766542941037e+29
1.069024039626422510e+29
-6.796497950099461146e+29
-2.415111873511440541e+29
1.697591205700506682e+30
-1.799390235789529461e+30
-3.363068872496038574e+30
-5.902708933840938986e+29
-1.635993956259685478e+30
1.762907198886790547e+30
-3.096984540498292584e+30
3.829421843969562991e+30
2.287526819427713858e+29
3.025770456399431786e+30
-7.459562415285763806e+30
2.861905818474311549e+30
1.129762879301279557e+31
8.484857923687162765e+30
-1.125903177531485570e+31
-8.926049806960336992e+29
-4.149309941385102956e+30
9.277865288437707930e+28
-3.951988328668020139e+29
-8.781749277011501275e+29
-1.245135315583754459e+30
-7.672704161584151502e+30
2.363564737378582815e+31
-4.633350549059792423e+30
7.478352721041950428e+30
-9.998089998564787146e+30
-7.801310048783042982e+30
-4.131211456064474650e+28
5.321189219599305431e+29
-1.712771470330850807e+30
8.533768116383689812e+29
4.688973022723862955e+29
1.152323588057490485e+30
-1.663583077936240096e+30
-1.341195754857829990e+30
1.038740235061009461e+30
5.610511249544169017e+29
-5.958145430193231307e+30
-2.894399548170726094e+30
1.263533224935122531e+29
1.116412004797870782e+30
-1.217107348751959976e+30
8.764147072811585050e+30
8.102840342558483199e+29
1.647860164114262857e+31
8.838055853338159179e+30
-2.688059606663833659e+30
4.192794057919260349e+30
-9.308998977204769179e+30
-1.388391787109028459e+31
2.852894408368614774e+29
1.228078377986514149e+31
-1.731231854638457834e+31
3.935471184748113456e+30
1.585205200877838758e+31
1.259576592705218888e+31
-1.844273100823539225e+31
1.705450759650379876e+30
7.955947989560757460e+30
3.443028331796862753e+30
-2.137864018618114450e+31
4.254387369764554541e+31
-2.878844814653960316e+31
-3.251917850827552543e+31
-2.383843051262936991e+31
-1.306012312798774979e+31
-3.179864667518046208e+18
-1.482700227116856443e+20
-4.098701492518797312e+18
-4.186003345486736916e+20
5.475886190402104984e+21
1.626685110042884886e+22
-1.050569761840216775e+23
2.991842099728544380e+23
-3.116157113002681303e+20
1.521514672058385249e+22
1.681292759383119149e+23
2.053270425100916328e+23
-6.512418516581916942e+23
-1.908424540589311643e+24
1.958996093876032518e+24
1.863359501785506876e+25
2.323768392179011656e+22
-8.007962086410869015e+21
2.873604003460345066e+23
-1.950565211114845445e+24
-1.851262787326201735e+24
-5.010344178347668616e+24
-3.201015569296390843e+25
-6.010707256692722687e+25
1.015445670397327715e+23
-3.146586263143032124e+23
-1.451642293118651377e+23
-3.179833025285317619e+24
-2.549866692878750443e+24
-6.791519522242500315e+24
2.238675073528514717e+24
1.112279090581895115e+25
2.257522200072243913e+25
6.618527199746092905e+22
-4.814681300284262706e+23
1.173461122141514327e+24
7.890380364443217507e+23
3.784989252463949922e+23
9.712001448376340725e+24
1.146225632365008849e+25
-2.093870506966859893e+25
2.172101028411831541e+25
1.039576223419821937e+26
5.020420500089548053e+26
-1.867397303117115136e+23
1.410379317925243731e+24
6.413066496016873475e+24
-2.615796080415396128e+24
-2.372410694461619468e+25
-1.183348605998320144e+25
1.951696975191138707e+24
1.026431474661902096e+26
7.801638342194603793e+25
1.822183212959966523e+26
4.318664936935486453e+25
2.139931422932195032e+26
1.454867322478924167e+27
4.545876489445817606e+24
3.366602651372253324e+25
-7.346595760322133184e+24
-1.969839551100532088e+25
-4.374881396004687944e+25
-4.141208471454548848e+25
-1.897731272072399454e+25
2.023865653566096779e+26
-4.113604723436475696e+25
-2.026165762299763888e+26
1.215698444495638099e+26
-2.059197312483435170e+26
-1.298705354463517054e+27
1.885795126236333010e+27
-1.065214482064581172e+25
7.908917536060013053e+24
-6.265070697080365612e+25
1.002809992838809117e+26
3.321569254921822055e+26
-1.021295871258230248e+26
3.880393806922908947e+26
1.347288437140469563e+26
1.365864875412792468e+26
-1.108725052270692640e+27
-2.914007204937206097e+26
-1.052735152558625268e+27
-2.185944718376949456e+27
-9.294269413891724112e+23
2.780929840449762952e+26
-4.264675143072316846e+26
1.793406525209553920e+27
-2.774649148115224641e+26
8.383300326166329089e+26
3.237779370147570158e+26
8.970573720364622840e+26
1.628181880721631052e+27
6.749957717191227842e+26
-1.423642367780679476e+27
2.119673236879041696e+27
-7.875982282368809645e+22
1.431337311318578760e+23
2.032584219388440635e+22
1.843965442931418276e+23
4.920766160491144471e+23
-3.546434028484588787e+24
1.130741174720275920e+24
1.496367006050978913e+24
1.011551077414747647e+25
-1.584493725486895106e+25
-1.823506122468687802e+25
6.867504752485963439e+24
1.172614697026389534e+26
1.373426237709972117e+26
-1.039414824418436685e+24
-1.531210702520404020e+24
2.422333044959180870e+25
6.634606169569999968e+25
1.118006100514945904e+26
8.539575855591229477e+26
1.259973754066283676e+27
-1.210471965843063642e+25
8.370432526112365675e+24
-1.627047323567599821e+25
-4.882858424676800699e+25
-8.704433120899219204e+25
-2.277409367023880883e+26
2.232232279738756980e+27
-2.050487673220183584e+28
-6.458640383624516980e+24
-2.725814179492939827e+25
-7.672067597033803696e+25
-4.973342555054960481e+24
-1.249645962011239468e+26
-6.087767188623839893e+25
-6.050083142263879334e+26
-1.366119267597665233e+26
-5.178651817491939160e+27
-1.951688783170367947e+28
1.319575232621716001e+26
-2.596582964846350316e+26
1.194573258979191439e+26
3.207912226615390066e+26
-1.556204716591665365e+27
-6.522259153905365573e+25
-5.417105323152238138e+26
1.142836845593740442e+27
1.315294392686818769e+27
-1.189585973336887875e+28
6.577708993014506831e+27
3.072187446882325013e+28
2.772670012886157719e+25
-8.394194061113698699e+26
-1.419927688330401464e+26
-1.887134673576431120e+27
9.598647635115794586e+24
1.858809514850933914e+26
-2.101835486885749322e+27
-7.424718519594684695e+26
3.025964757254465801e+26
-1.123554885230834899e+28
-1.257428181692703728e+27
6.641480898690352976e+27
-3.088994528994292735e+28
2.290150045342130708e+27
-6.058078234065524550e+27
9.334793474698771805e+27
-9.886398415718403942e+27
-2.140350093132637365e+28
4.861761732342073944e+27
1.749113455385433652e+27
-3.304496375024199635e+26
1.371020095695957500e+28
-5.314619342997165671e+27
1.368811205995814204e+29
-5.109703235845342744e+28
9.124600961181361800e+27
6.873257935041734625e+27
-1.440134913448599256e+28
6.922043064900097149e+27
3.342627384675351622e+27
-1.492745634289152112e+28
1.121112286712670639e+28
-4.340154787784946982e+27
-7.107707545932092386e+28
-8.919518655939754796e+27
-5.974977562364408235e+28
1.025011492126017605e+24
3.495531988340759751e+25
-2.419509276038979403e+25
8.941400811710685433e+24
-8.182508521724118330e+24
-1.227145095413140451e+24
7.379323637993925444e+24
-7.987741107022000908e+25
1.889633836188883028e+26
-5.281814191261161937e+25
-2.297952993863940189e+26
-2.325445893225719936e+26
1.938505644593475067e+26
-5.673413679959423822e+26
-1.001247854878928684e+27
-8.751485945502146350e+26
5.007548807791016062e+26
5.172703073444320956e+27
1.555311797699204619e+26
-2.146573569304619482e+26
3.508669619599639288e+26
3.537384073557398837e+26
3.013586978548086699e+27
7.576938078381332540e+27
-8.548187008473995362e+27
8.215513741945641916e+25
6.840906589709838781e+25
1.494666961417283328e+26
6.206095790559209719e+26
1.572902266993476054e+27
3.317183651324399069e+27
1.382183784288561922e+27
1.133045685003405858e+28
-1.214036603909316484e+29
-1.918842045291138039e+27
-9.736500908934760807e+26
1.181090403070278170e+27
1.375330875482009466e+27
-1.521926474862406580e+26
1.261795912037185920e+28
2.380874125371912593e+27
-3.699634358038904764e+26
-2.247011301980649488e+26
-5.213108140332164410e+28
2.995893555910563214e+29
-5.850456630811793884e+27
3.201308414285991896e+27
-3.280268392914611309e+27
-5.897053458544916648e+27
5.291798334832565602e+26
-4.207628269816210942e+28
1.753314310146808772e+27
-1.461665478063955732e+28
-1.012558729628510464e+28
-4.842528145452205613e+27
-1.891871701166822807e+29
-4.947466410642893790e+28
2.607619782924668448e+28
6.648864169179748012e+28
-1.052612146226178478e+27
-7.216410953024193813e+28
-5.370648818856603621e+28
-3.179251679801210410e+27
-7.303609660931214875e+28
-1.505363707521072101e+29
1.108933592101937395e+29
-8.149845767475718005e+29
1.461226845027573470e+29
-2.190842445296587175e+28
-1.495066792799308831e+29
-8.151015906850437425e+28
3.855740058866701754e+29
-3.644592476656599629e+28
3.398462833467306711e+28
-3.503335145432783582e+29
5.898711609148830731e+29
4.298590332243148175e+29
-5.879968867793798596e+29
-2.000273843285813218e+26
1.032286389047533927e+26
-1.582355986341206722e+25
1.606892659671546468e+26
1.148499338472384512e+26
6.101851425926488862e+25
4.200361417986782257e+26
1.901890669274347698e+27
-1.766001806758907821e+25
-3.531276361979395451e+26
-3.777426486299784626e+25
-2.133826936653177962e+26
-7.092993936099895095e+26
-3.476912292491033775e+27
-1.449211908295773883e+26
-8.380049804323173150e+26
-1.217195822584270865e+27
2.889970993704627216e+27
9.211071249209362276e+25
2.282200692255618365e+27
4.428539888408385534e+27
-6.384151559612642520e+26
-6.585154402824421416e+26
5.307964351270125176e+27
-5.579776611302353367e+27
-8.936683391748454017e+27
-9.334210555104252205e+28
4.045864737378084952e+28
2.134555807604048416e+28
-2.561872323983585160e+26
-2.076734270347300176e+27
-6.478845372060437340e+26
-1.705804183814270269e+27
-7.273429067894031949e+26
-1.025387755944751622e+27
1.108147807836222091e+28
-1.373910207014936753e+27
5.805389049991029328e+28
1.705005100112830248e+28
2.341048611023825352e+29
2.385471969656062014e+29
-1.726689844616146819e+27
-7.286316076678162586e+27
-1.237450035012940581e+28
-2.568448485562049072e+27
-1.398483544240569224e+28
1.673021406523674416e+28
-5.651149462732461817e+28
7.695659394776702437e+28
-2.342198682646452779e+29
3.271880211483993631e+29
-1.589783062173534290e+28
5.504959546214780605e+26
2.481451905771189041e+27
-1.795537760501578131e+27
-9.565071703484783671e+27
-2.429206386090354350e+28
-8.646069434820677627e+28
-3.211131557684741940e+29
-1.894421088118784550e+29
3.321561267233279309e+29
-1.356570393409768614e+29
2.556360642516202492e+28
-4.487036033192251381e+28
1.291552040658406955e+29
-4.261088583067151867e+29
6.865325598737609338e+28
7.971167905924650392e+28
-3.187149387212078325e+29
1.119862133500052723e+29
-1.165943622588028904e+30
1.348143102618317499e+30
-6.718155512109983253e+28
-3.778903784549569043e+29
-6.035802379524129523e+29
-1.008483107640672278e+29
-7.561866608297793356e+29
5.305194169672455099e+28
6.065383168985447618e+29
-1.592181092388322084e+30
-2.377507608205151834e+30
5.632501452945336706e+27
-2.037483016193951242e+27
1.211739499336614688e+27
2.147190315267292825e+26
-9.357020391737963756e+26
-8.314143235944882013e+27
-1.913403802601238213e+27
6.313294483038845017e+25
-7.303039010745497929e+25
7.552590655210836037e+27
1.966431749825790764e+25
9.599977561201031406e+26
4.490121977528864054e+27
4.505754664584168904e+27
-8.310261893049714336e+26
5.838087831950102873e+27
3.886708884089551667e+26
-4.954063367079476949e+28
-9.682555612982393123e+27
1.151498997677939642e+27
-6.823376406439552964e+28
1.767530360778391575e+27
2.368861467625111188e+28
-2.294963723834456220e+28
1.668734031793630896e+29
-1.819450145108515157e+27
-1.388289038918890985e+29
-6.545761807855961835e+28
-3.288970108953071920e+29
-5.636167896424346819e+28
1.121764196297463482e+29
-8.816783689484661350e+27
1.974893489366915020e+28
-2.077363094197819855e+28
3.612339300885822258e+27
2.080177290901026626e+27
4.963017009663443886e+28
-9.350709075347782495e+27
4.560384814877956503e+28
1.397852152644740037e+28
6.750320034982509513e+26
-1.777920819560020277e+28
-1.997020134581768769e+28
2.725315789156643002e+28
-2.663863741650453983e+28
-1.446415169622566841e+29
-3.447559248988972069e+28
-1.241267890913188285e+28
8.728101243961372882e+28
2.089236298284208551e+29
4.324708039701904228e+29
1.427185763824233719e+29
-1.290859960345880258e+30
4.510383437129916909e+29
-1.400857638669529284e+28
-3.027536810935778841e+28
-3.776737748525493770e+28
1.569983712659328243e+28
2.477131212774807510e+28
-3.077779728767094749e+28
5.309457331634711416e+28
1.238691357880040767e+29
2.136591330024842957e+29
-3.884293526085853610e+29
-1.155109569724942901e+29
1.142751228030647522e+29
-5.392219920374196263e+29
6.471335432037950167e+29
4.170921083139078341e+29
1.106534234185096197e+29
7.215840486121672443e+27
-4.144577131607863321e+28
-7.233431336793682784e+29
-1.194272944161351411e+29
1.645503844194031223e+28
-1.428446237724385641e+30
4.348480762102014124e+29
-3.255106610578887785e+30
-3.681178327553736890e+30
-1.727116075614425218e+29
-9.778695794865912616e+29
-3.621434154086586680e+29
-2.901153836097627882e+28
-6.252371474928121360e+28
3.203217160861485222e+28
1.088915398356975113e+30
-3.398188880944460716e+29
4.264590367410683882e+28
4.877419944873959630e+27
-2.478929318129621879e+28
8.492029231424835767e+28
-3.147874522770313416e+27
-9.375728042347237431e+27
-1.750653173172144439e+28
4.727637749835790725e+26
-1.945906770016704813e+28
-3.150502982982323589e+28
-2.400607527230320998e+26
-6.322478860688484160e+28
-1.008745957616332725e+29
4.154162836822156876e+29
8.699318075849795862e+27
-4.644675254061944601e+28
-9.562702626553460160e+28
3.213249269262959350e+28
-7.428575606212426021e+28
-3.959554190648359541e+28
-5.634004728663529237e+27
1.138747118557269963e+29
1.325466011355398403e+30
4.175945250129653692e+28
-1.500833668848429538e+29
-1.663821803560477946e+29
-3.956781391799510453e+29
-4.974258518075099559e+29
2.278396473348362597e+29
-5.288730316870374592e+29
-1.641029096931531118e+29
1.855150266988759040e+28
-4.690365368561628333e+29
-3.676950006231708557e+28
1.344797527607274335e+28
8.375717826420154128e+28
-1.878429449907224072e+28
-6.730165379598528010e+28
-1.982254786742754492e+29
-5.162123446075402501e+28
-9.668952363469561773e+29
6.834551785494703450e+29
1.409225141122427644e+29
1.176915768765826387e+29
-1.763243503884322011e+29
4.556928110761233237e+29
-1.451100525376384252e+29
2.554357789570284846e+29
-7.375526426592058523e+29
-8.325393733671879251e+29
-9.854052433566130141e+29
1.507957150710317360e+30
1.720843943267943903e+29
-1.470912296426636309e+30
-8.121575249717989366e+29
5.591362728307086485e+28
-2.397770629826949780e+28
1.310812081508123320e+29
4.948860461936260939e+29
-6.399550711259299998e+29
2.315890160534250566e+29
-3.547828831012364297e+29
2.644384685586979802e+28
-1.593477668003276296e+30
1.452979149392047022e+30
-1.027299036853875525e+30
2.975914538418919738e+28
1.327447892180035322e+30
7.815457616965534399e+29
7.897510169276460271e+29
-4.641690409127548756e+30
-1.880151170391085831e+30
-2.092559815680137093e+30
-8.265476081683717580e+29
-7.061133764323769932e+29
1.401412538324652027e+29
6.547283707961305363e+28
-6.912556856068520986e+29
-2.152112669074978242e+30
-7.491313792417187960e+28
-1.610621747197536416e+30
1.310543035811064052e+30
3.829382481761695113e+30
2.985955655267541440e+29
1.271653439645635930e+30
9.238594800927453891e+28
1.376934582647104812e+28
2.443618548872824077e+29
-2.521853813875163606e+29
5.097289536768691014e+29
1.740311848260515450e+30
-1.080677974273694278e+30
6.691592407464011461e+28
2.339339851499917305e+29
-7.977777094602511343e+29
5.119471584880598627e+29
-9.241722130648998249e+28
5.294379668668864132e+29
-4.019476646424792527e+29
-2.993148086694983530e+28
1.328699554230538782e+29
7.449788246226470206e+28
4.936262285147880823e+29
-5.824307077553733778e+29
4.275230419924925857e+28
-7.661627339019338697e+28
-7.314432870811182758e+28
-3.357202200927267215e+29
1.407039784241969343e+30
-3.190727249820242303e+30
1.251354411950214478e+30
-5.619236175634887096e+29
2.403509575503043001e+29
4.779188352923298195e+29
6.858187958980026807e+29
-1.457199640780547678e+30
-1.268274821900064107e+29
1.588100775579983314e+29
-3.136581696509499769e+29
-1.456521756799892046e+30
3.299287552119589849e+29
1.518019930776578510e+30
3.008363112824434182e+30
-3.626690375014082118e+30
1.311659582570695213e+30
-8.170737414139353593e+29
9.507121379346515551e+30
-1.442047162561221998e+30
-3.354289692741357465e+30
-6.533040612709046439e+29
-4.247719447108922532e+29
-1.222268324076269276e+30
8.236833024160121329e+30
-8.300501977397214967e+30
-6.912931773939478072e+30
-7.204329619895708197e+30
8.260331382024370682e+30
-4.058875523859928228e+30
-2.998884772880910431e+30
-5.391322081729054458e+30
-9.621084057955529190e+30
4.224618921153003940e+30
-4.267304073286719877e+29
-1.529389743586153156e+30
2.341098459143257901e+30
2.642946399788038013e+30
-2.359548611349360517e+29
-2.917040708980988758e+30
-4.294738493879999030e+30
3.805735584091186402e+30
2.699804515293279420e+30
3.295301301631237237e+31
-1.062993741323222874e+31
1.427363149063910146e+31
-8.368578182958504484e+30
