-8.266020649890880000e+15
8.168536903883110400e+18
-5.341182144189496525e+19
-1.767283578026992861e+21
1.834385097838765801e+21
-1.017604475551561967e+22
-4.248451320042954424e+21
-1.337115677071423654e+23
-2.631355449032736003e+23
1.020801669599325798e+19
-9.669645240421493965e+19
-2.932577752918432154e+21
1.989888552728029404e+22
-8.473709488457082366e+22
-2.519561585821162647e+23
-1.895047393712275456e+20
7.846788752341992095e+23
6.489514283256414852e+24
-1.394616767102894080e+19
-6.864254355476537410e+21
-2.048039313652661302e+22
6.724210143276769581e+22
-1.188987429644655571e+24
-1.555065003414746124e+24
-2.509721258141557713e+24
-1.293455411660652159e+25
9.232247628615561866e+25
-2.957898799962921107e+21
1.054186325149321527e+23
1.400993607306263606e+22
7.197217656323571418e+23
6.627979189072337956e+23
-1.696934318123814622e+24
3.703330934904241217e+24
3.483993209943352056e+24
-1.787052868752706592e+26
1.225584880405662708e+26
-3.947524841074072748e+21
-2.372753898052262371e+23
3.431811872206964805e+24
7.981016442196187813e+23
-1.334922590246768598e+24
-1.159531685401525186e+24
-9.830170319442427005e+24
-9.783712410045670931e+23
3.705225637547536590e+25
2.212777309742227193e+25
2.016832230933761144e+26
1.382079408984198054e+26
-1.199934113211769212e+22
7.626255729668574203e+23
-6.231616344241019141e+24
-3.067500862421040835e+24
7.807865822985418512e+24
1.114495954788883582e+25
-1.816576161381089857e+25
4.076906824795872970e+24
5.574951001017113790e+25
6.694018396373355698e+25
1.164581701543260674e+26
1.059216388719719221e+26
3.129441193535144805e+26
-4.638762172561663972e+26
1.013254690061122798e+21
-3.158815448035571783e+24
1.802018645748359407e+24
3.192642765125337303e+25
-6.192545447730044306e+24
-5.379092464034265055e+24
-2.565765588647991264e+25
1.409099257900516519e+25
5.777372009261001389e+24
-1.781711602852202300e+24
2.236712130163495144e+26
-4.498358079893849160e+25
-3.195862023535727832e+26
-1.328365415410024044e+27
-1.879270268162839404e+27
-4.377815067499268659e+23
-1.779329941370011127e+25
-2.384346889036483847e+25
-2.144019072810204130e+25
7.313959641989780628e+24
-2.743220606550106379e+26
-2.891134195592092903e+25
3.064899571078776151e+26
-1.531114286387479288e+26
-1.547479087114515006e+26
-1.442776229083981504e+27
-9.679083217961428935e+25
-3.315881386308962555e+26
3.339758757404907792e+27
-7.655991586770929771e+23
2.769430220322871288e+25
2.183965923356928118e+26
6.040507723005853043e+25
8.176493386994781539e+26
-3.493872756187291367e+26
5.761849309079190107e+26
4.102013008537548712e+26
1.244500548552000452e+27
-9.714455061021678638e+26
5.392166669112266898e+26
-1.369104882158583476e+26
-1.331494330598048953e+27
1.323288780911475163e+21
3.143905091765919547e+21
5.616293748068287775e+20
1.362937546619382944e+23
-2.840630949395021850e+23
2.780369282036307853e+23
-3.174077211766947840e+22
-3.539333600600552993e+23
-8.442579226203133051e+22
-4.861812893989131006e+24
-6.363004847235068707e+23
7.479405825232038674e+24
-3.023510196981844480e+25
5.926931353980015401e+25
-4.873859396741143583e+25
-5.188963557019016284e+26
4.525712096826633654e+23
-1.060842513580294253e+24
-1.488128030013961005e+24
-1.356533412677236393e+25
3.541472943921980666e+25
-3.657823455536553385e+25
-1.075980663973142859e+27
3.898401173175478073e+27
2.556329138444717154e+24
-7.296706790989445871e+24
6.941878736806058326e+24
1.214457231884952104e+26
-5.091300255428950524e+25
1.894919140007527296e+26
-7.018709226692132970e+26
3.218748003352704556e+26
1.554041060568388932e+28
4.945403153866594248e+24
3.410355140385537439e+25
7.432131261608399372e+24
-5.004830613693815482e+25
-3.528954558687452889e+25
1.286580148293659421e+26
5.099465859737171068e+26
-1.342824995255465642e+27
-3.424821395138930511e+26
1.282797828945420908e+28
-1.556229562215395059e+28
1.771546218489422509e+24
3.117362866763562128e+25
1.225532234965618045e+26
-5.685508042671497351e+25
4.220270562600933818e+26
-9.115928040295924773e+26
-1.825597893173348763e+26
-1.421336721973053199e+26
-2.654832102143930250e+27
6.270962528578385838e+27
-2.468785922101112547e+27
5.090809511018494186e+27
-2.681910266872842641e+28
-4.424759166088427484e+25
-8.858402171333326857e+25
-1.180491270401064258e+27
-4.202586996702585750e+26
1.584582765488551192e+27
4.737326122031143498e+26
-4.268709328020327873e+26
-3.623288375155410719e+27
-1.308921333709424757e+27
-6.023875474379872769e+27
3.520725284513696699e+27
3.309000936771131047e+25
4.162985416381036197e+28
2.040517197060934430e+28
-2.557887005178962174e+26
2.397343220319610586e+26
-8.998517846014926323e+27
1.569339925078362449e+28
-5.618556082625072213e+27
6.985470027635385817e+27
-1.230416690036563936e+28
4.625613019405486981e+27
5.245346207137980674e+27
-4.887809313938092488e+28
1.273128037750500472e+27
-4.014270706697799239e+28
8.570346573966093646e+28
3.864975300586172905e+26
1.486047486929635706e+27
1.719828039023480736e+28
-4.894849410583059868e+28
-7.648421706202127601e+27
-3.753713497655614863e+28
-6.995247037894139455e+27
1.132228404928863345e+28
5.980012041767750585e+26
-6.567855614782769287e+27
1.067517302526423551e+28
5.484380386069200784e+28
-2.943426701995668155e+23
-6.692994686057578119e+23
-5.269586962292575589e+23
-1.603393572092729151e+23
4.857429526104694726e+24
-4.675159855722798309e+25
-8.226842660297824040e+24
1.518977029664011422e+25
1.256056185030177529e+26
2.513625308692090638e+25
-1.280788406860654548e+25
7.213706282080888083e+24
4.855832723009835777e+24
-1.207512798046060693e+26
-5.570015570517932152e+25
-9.758913395119167883e+25
3.588496085170364609e+26
2.401295076615401004e+27
1.742591155480388927e+26
2.805027824821574509e+27
6.617899015156513788e+27
-2.543369049425811290e+25
-7.143865487609194657e+25
-1.192964389423514573e+26
8.383216492408720200e+25
-6.529099147606659503e+26
-1.392527019039571672e+27
6.330775319431058442e+27
1.346067948661213885e+28
-3.060539187557177245e+25
-1.420820664608874697e+26
1.088989660610997216e+26
1.033332104149074400e+26
1.452542157507076998e+27
-1.661347291990241090e+27
3.904032081172054418e+27
-2.680656547568114812e+27
4.879407662389206194e+27
8.027640515466552412e+28
-9.429646003356275003e+25
-1.242283678994099620e+27
-1.160394096645195721e+27
-1.219800119089930430e+27
-5.295012423966040378e+26
-7.622027880718138369e+26
4.778116375907594132e+27
-1.069802831617996840e+28
-3.781140280127518199e+27
-1.346058511695849195e+28
-1.296923176847181405e+29
7.787036488367525308e+28
6.344067527154081863e+26
1.877181189441695990e+27
1.859381452825853045e+27
1.939506679225969476e+27
-1.125564569138509457e+27
-5.359906300243074278e+27
-2.838670382444048460e+28
2.938331388806201189e+27
-2.249170161455063684e+28
2.439708485057237095e+28
5.072977322855758097e+28
-7.553903187589718700e+28
8.767137826784061283e+27
-3.579055410621989988e+27
1.394784152847479584e+28
-3.505791000744170734e+28
2.814594052922839380e+28
-1.066461152073500493e+28
-1.785902961948063654e+29
-2.393319504793799313e+28
7.755363339868619948e+28
-7.899594930752208978e+28
-4.512111814922073049e+28
2.852717923845813899e+29
1.697739344444388709e+29
3.049070285174298643e+27
2.023614476705926787e+29
-6.049031092519221018e+28
-1.421512852896281202e+29
6.090097225596893151e+28
-5.627233391229750563e+28
-2.760550679281526488e+28
-2.020126621324592292e+28
-2.594824544730477585e+29
-4.131409358425150675e+28
-6.342023177568154298e+29
1.788973733070014796e+25
5.946147255250487372e+25
2.169078252206694323e+25
-8.050913187001044283e+25
4.742643528666448926e+25
-6.729855211152755655e+26
4.005247429531895549e+26
-7.330312478472698716e+25
-2.529850261337452856e+26
1.543161026976462509e+26
-4.637790007554560114e+26
4.054888694359451965e+26
9.231300178315124861e+26
2.841154052016062741e+26
-1.303362844894564245e+26
1.720040729515088400e+27
-7.990893707378024193e+26
-3.241481937490509995e+26
-5.934243272544384845e+27
2.386832179157584720e+26
1.918396865240923368e+27
3.188621185526303188e+27
1.491346480604709364e+27
-4.337049066084708621e+27
2.939038050942931220e+27
2.105940749965518410e+27
1.425004254579823629e+28
-2.046682962154116986e+28
1.074097540527931543e+28
1.259700815633459164e+28
-1.478297297604216470e+28
4.933077857413284725e+28
3.491249768838053811e+28
-5.597900449372219783e+28
1.398730456765433901e+26
6.148923188106781103e+26
8.822860702802811683e+25
1.683531692904360655e+27
5.738443326768670322e+27
2.952781295187200829e+27
6.847153093814707145e+26
-6.236133617641242565e+27
1.054829092771485436e+28
-4.863449843768231347e+27
8.994183864821365588e+27
2.467184758488972914e+28
-6.399324326172669284e+28
-6.129611214884609124e+29
-1.821928865037910466e+27
6.230045863532297951e+26
1.033559339931980594e+27
-1.767788835045986805e+28
4.384465112840375533e+27
-4.707280378624792638e+27
6.714084445483033705e+27
3.546512210636734833e+28
-4.707466958237917055e+28
-1.040249694342051452e+29
-1.933918329297267135e+29
-2.178362764220836848e+28
2.320488948190504703e+27
2.399446628397421686e+28
6.357559444341603461e+27
1.934091237819313328e+28
-7.736251583520488368e+28
1.881257564341077459e+28
2.302050719018656926e+28
1.098483377400217463e+29
-1.672329086929911542e+29
1.219435893321726350e+29
3.300649942605442817e+29
-6.519513158415921087e+28
2.011766822129070343e+29
8.386505735395586983e+28
1.000485332843315636e+28
3.914557804887425786e+29
-6.979314889783720511e+28
-6.785603850840570837e+28
-6.230301522857101838e+29
-1.124204703913558831e+29
-1.067016966856057159e+29
-1.062610238241119671e+30
-4.669834444091498552e+29
-5.802096806164301489e+28
7.169646541559780822e+28
6.871320594901516991e+29
-4.649956240482175956e+28
-1.462114827332869708e+29
-6.231137104307152657e+29
-2.553160680118983403e+29
1.782792292495031769e+30
3.430116752472614077e+30
1.074265800243462197e+26
2.443714237766235771e+26
-1.699067375347255429e+27
1.417670653378806569e+27
-4.918352606173465091e+26
1.626313972781297169e+27
9.948212049906719017e+26
8.154851179658797426e+26
-1.023848111376998208e+28
-4.038761288378260138e+26
-1.178239925586451097e+27
3.243526376829625831e+27
1.911538185454747260e+27
5.603729520995377647e+26
3.463297010845501280e+27
3.642090520492873539e+27
-8.873725743803343827e+27
-5.087607692213809530e+26
1.002613521683682902e+27
1.533338911885551994e+28
1.184143157468779047e+28
8.029616185583877207e+27
2.030238283600786698e+28
-1.058999621623355724e+29
-2.818380752606073657e+27
2.546551558769162516e+27
5.649964334401423877e+27
-1.379417041205303314e+28
-3.085388060041601544e+27
-5.701744130085688269e+28
-1.361946438451813893e+29
-1.211689713176530542e+28
-6.309317344581009563e+28
-2.307100221674824657e+29
-1.167695331631802465e+29
-3.037636228376847225e+28
-4.543655940975221603e+28
1.309412779836673163e+27
-1.760693500253716679e+28
-1.025360077654616530e+27
1.537074686085552434e+28
-8.388124639285487825e+27
2.724948370350985099e+27
9.922761606606452736e+27
1.599591060762733240e+28
2.562688367604305806e+28
7.106041923297160076e+27
-4.943347337347949269e+27
-2.138828603188607447e+28
1.546177712087922968e+28
-2.363047047323019653e+28
3.258756353343252952e+27
4.036381822942998884e+28
-6.159271319283905176e+28
-2.084323228272656995e+29
-1.933087642004920241e+28
-2.019214928262013484e+29
-6.613485402787465368e+28
3.986453386734841909e+28
-2.360148705977304841e+29
7.693848201441945011e+29
-4.717043862579912359e+29
7.657443975458053780e+29
2.424384504753967947e+28
3.884159744223054306e+28
5.513707718563183370e+27
8.701049785386059024e+27
-1.985335069868311924e+28
1.987325808542026200e+28
-1.084909890400069731e+29
-6.082921235515190108e+27
3.014456747893920998e+28
2.277350299616262861e+29
-9.031715406725269228e+28
-1.817197931140352191e+29
1.468949759643956024e+28
9.663991466556254410e+28
1.015639179937797085e+30
1.310809943894497659e+30
2.733837762798856016e+29
3.679869085474391381e+29
-3.424101304827583610e+29
4.553274009025249663e+28
-6.570083287054882029e+28
8.083738130533083481e+29
6.454097968699124317e+27
3.178587602700240785e+29
-2.108743128469074356e+29
-1.719789826510596063e+29
-2.546404336466255743e+30
-3.598653660906266368e+30
9.850782766170789416e+28
-5.472786552937364033e+29
1.686952000275121342e+29
-4.794278457769521847e+29
9.296990107444574873e+29
-1.785126731811004780e+30
-1.245182757567645885e+30
-1.337817304288377839e+30
4.899285555642761640e+30
3.597290312905394665e+26
5.776051146537304801e+26
1.332801167921646573e+28
-2.561188832286600457e+27
-7.952940154227132743e+27
-6.945841906932542594e+26
8.938736865368645909e+27
1.861632607249667076e+28
-3.981414507174455655e+28
4.551229174013769712e+27
7.795722351234850416e+28
4.780875511053242866e+26
-1.424861860957547935e+28
-1.230018524001809824e+28
-2.014497491271147058e+27
7.336406507324946191e+27
3.603971424713864624e+28
-7.018219748568003780e+28
1.359990861580815323e+29
-2.147534310809932788e+28
-3.616724626445626017e+29
2.542746481868404247e+28
1.959087244041224324e+28
6.359819276982001562e+28
1.583837037094424973e+29
1.334181387629112279e+29
-8.238814235408892427e+28
-2.851737115079727877e+29
1.036455655867534644e+29
5.231230334610457808e+29
6.400163325200558193e+28
-4.009585300025570901e+28
-5.445566099532159660e+28
5.463106075012700759e+29
-7.168525381434008364e+29
-6.438776528816876530e+28
-2.748721292381234374e+29
-4.549990727375203129e+28
-1.708608445455327051e+28
-3.299733021362736637e+28
1.533071697170743598e+28
-1.967001617902481551e+29
2.465972084905370836e+29
-5.985290069588719256e+29
-6.452174306395182706e+28
9.560387396070598784e+28
-2.804606815105945512e+28
-3.106329670751859478e+28
-6.051720567768740288e+28
-6.683249009421204885e+28
-4.831362829079320212e+28
2.536866211061804427e+29
7.984440166678675274e+28
-3.798917451507059092e+29
-3.003679134450056240e+29
-1.026521691786653862e+30
-6.695622141681291507e+29
-5.500796442829617562e+29
-2.385057396686599617e+29
8.008337203522847085e+29
6.887318623555067147e+28
-2.075886185021391465e+29
8.170284543776365822e+29
-2.299637877195460766e+29
-3.961044619296781985e+29
-2.024920992442512521e+28
-1.514071531116858084e+29
4.272584524838171357e+29
-1.765692125486189212e+29
1.619421035620656610e+29
3.073665458091526774e+28
1.992360035975414296e+29
-5.640828824483477355e+29
-1.128106214145597670e+30
-1.380036181790145306e+30
-1.850279003923280681e+30
4.220140531683076596e+29
1.206089482834219197e+30
7.652437089244408566e+28
-1.284296922457811451e+30
-1.188195434757237268e+30
-6.481706179517547988e+30
1.997589305662370044e+30
-4.616048495796046216e+29
5.010391053532264219e+30
-1.960674996684604158e+30
2.807653419336133405e+30
-1.841969959132454843e+30
-2.877598369451551348e+30
3.608732788491974430e+28
-1.542459889480911660e+28
-6.225121587221311079e+29
-9.496801924718066524e+28
-4.324157610034080493e+29
-1.559459275853157396e+30
2.901004271477537117e+30
1.159785166794335712e+30
3.710608083888671532e+28
-1.895660606104408936e+30
-6.882302331278408918e+30
4.513892333611171745e+30
-2.670610096712079188e+27
-1.860235702800844462e+28
3.575263530951402276e+28
1.189299191312693126e+29
9.602513484075138304e+28
6.531506396321961935e+27
4.430728384289007658e+28
-1.160465266884118004e+29
4.732646714256355535e+28
-1.249352163644102896e+28
7.160539951910031494e+28
2.884225158950387299e+29
5.097613048116622253e+29
-1.433329230316693317e+29
-2.406370261935079481e+29
5.592022600345090548e+28
3.702207758584458955e+28
4.892556511028481646e+28
-1.889567988685912425e+29
3.116116172011535335e+29
-1.588668471477535478e+29
2.018887047757389399e+29
-9.480677263522616201e+29
7.083643713566289713e+29
-3.554072009185563209e+29
-7.541477637305766621e+29
1.216321498783487390e+29
-1.805811004909689379e+30
-4.209342410945883573e+29
-5.515708382400670677e+28
2.138932415097176841e+29
-8.275709786027011385e+29
6.504995408681148722e+28
7.414621329166095759e+29
1.027761501811152839e+30
8.375483039052229259e+29
5.468007378693216215e+30
2.271052806459170031e+30
-1.327724297014006505e+29
-9.272571883907796746e+29
5.501000037621192269e+29
1.851000145301648106e+29
1.748995330956493030e+30
9.554950434744998693e+28
-2.303837702239177682e+30
1.319307674308474622e+30
1.710951378339208463e+30
-2.233952143453300610e+29
-4.065542004308079748e+29
4.229004313739458662e+30
7.042033977789967361e+30
2.485838486860545698e+28
7.226707479791300521e+30
-2.986129349827488316e+30
-6.861976220201152292e+30
-1.704779518333912416e+30
-2.915528941795475693e+30
4.215437227493916435e+30
1.609675145257752333e+29
2.678390833620863958e+29
-3.601879190107249718e+30
-2.415731532870544391e+30
8.273535886332522751e+29
4.426402165035405072e+30
4.020754976516911956e+30
-1.446258397534320189e+30
1.442070431276299570e+31
-8.222629547527270619e+30
-2.623734977534179356e+30
1.379707944476462749e+29
1.215962458380614094e+29
5.158212768447753556e+29
-2.888498247166495827e+30
-9.456205360775684446e+29
-3.578053534245652999e+30
5.737729942100913050e+29
1.334370299539031790e+30
-1.367196113497145784e+30
1.349512475039542100e+31
2.089178699075989683e+30
6.663446467475615385e+30
-1.054753855734203120e+31
4.541804616044489523e+29
3.002541451872289827e+30
6.845275767515679429e+30
-1.132551599358924807e+31
1.469475695792186082e+31
-6.750513941664672285e+30
1.924779388449085232e+30
-1.605029238971702296e+31
-2.581610154956599537e+30
3.214710487850245405e+31
-3.488467096785088811e+30
1.524437937253799605e+31
-1.303727820290181648e+31
4.967458462642783251e+31
1.481928213980009646e+31
-1.683259868253718619e+31
-3.382434338730464890e+31
2.120521632101896184e+29
-3.573068329268895134e+30
6.930090088747116998e+30
4.791217859932151631e+31
-2.458199306667681417e+31
-1.148542483251917459e+31
8.743481765025002029e+30
-9.727954056709047223e+30
-3.845617555648616267e+31
1.783121353357403904e+18
1.457860498039392174e+20
3.488195589059656417e+20
1.852352629168947593e+21
4.609186215285131837e+20
-5.183510311097770967e+21
7.390664797791363426e+22
2.719502650695663915e+23
-2.408401950326536274e+20
-7.628954181392685597e+21
1.589486089321243371e+22
-2.511196894697720119e+22
4.934246530058334702e+23
-4.372120153058390248e+23
-1.191325539175581312e+24
5.834843222973258838e+24
-2.412853081943923124e+22
1.356554385783084024e+22
-1.214228134240464352e+23
-6.450774469196474567e+23
-4.705961527052681840e+23
-3.422622806642511594e+24
2.902956896532935965e+25
-1.877060642416599581e+25
-5.884994187222846747e+22
-9.499297225547915146e+22
1.441938147303380232e+23
-4.070446433520662516e+23
8.222461864467987358e+23
-3.862135369448436301e+24
-1.552268338586394650e+25
7.377060987723322439e+25
-3.223538036154716201e+26
4.666860795584523429e+22
7.463841499204549146e+23
-1.148640115178958861e+24
4.021645473067428825e+23
4.987294307090550028e+24
1.875385476575479347e+25
4.942691333945320727e+24
-1.414510331896008655e+25
7.906174715073317145e+24
1.911299672591915628e+25
3.668345652643137482e+26
-3.263928155321091888e+23
4.000379750269614650e+24
2.169078928682563624e+23
-5.544692355015636054e+24
4.366836674556032876e+24
1.819755461288603330e+25
5.577047481501508300e+24
3.542333176123663072e+25
9.128110330837126475e+24
1.346398632345440312e+26
3.052295735892739685e+26
-6.260442736801317303e+26
-1.276407954338258494e+26
-6.093368011363208030e+22
-6.183338435183190393e+24
-9.002011798351570012e+24
-1.804714928203699629e+25
4.200201822791714718e+25
-5.533652407362352660e+24
-1.716050034968136423e+24
-1.501027447132117829e+26
-1.934901162394883284e+25
4.320076324674252163e+26
-2.711345264749682618e+26
-3.887367872654482046e+26
-4.900862634679904946e+26
6.505211840694125248e+26
1.379713692313233529e+25
1.571665990090464777e+25
-1.089095035065771620e+26
4.566392221437576036e+26
1.140467737392242583e+26
3.129697882428105681e+26
3.894109992091222394e+26
-1.834641386517154091e+26
7.081463209223117935e+25
6.271168660254800547e+26
1.152982904393494529e+26
-2.642344382028760619e+27
-8.897128653892277353e+26
2.287141159527090507e+25
-2.261035374767757002e+26
4.020392932846723122e+26
6.360786162272087839e+26
7.930969863660630265e+25
-4.596567392241433208e+26
1.816477236532897018e+26
-2.496897149791147668e+26
5.908484817846373017e+26
1.876511847072053204e+27
-9.915152431219503007e+25
-9.994971452173556234e+26
-7.823453020905422193e+20
2.002346448568659109e+22
-8.740284347111232766e+22
1.089180154489777261e+24
-1.014961642825206999e+23
-1.816137624554182460e+24
-1.554053266864699504e+24
-5.541761129908434213e+23
2.083000269827656498e+24
-3.562695150559445880e+24
1.077882524530738008e+25
-2.242804659865209621e+25
2.406679489574723097e+25
-1.039277139177667274e+26
1.252913936845652890e+24
-7.799000287452629576e+24
-1.668283590436539008e+25
6.841945198756856209e+25
-1.061196295228314180e+24
6.737098080148498746e+26
2.807276031939873373e+27
2.715100334199923384e+25
1.959888124943700458e+24
-6.316029854144885487e+25
-1.457395672804151180e+25
1.184894682397719246e+26
-4.217262754877136200e+26
4.163606715314185264e+26
-1.230475247581527069e+28
4.741427840681565001e+25
4.501483379022837035e+24
-6.122704515171807822e+25
-6.736225172854654471e+25
1.005210660699701621e+26
-8.588855067722602236e+24
7.238455697497276504e+26
-2.766695859016997197e+25
-1.712696536176304214e+27
-1.841480305347094785e+28
1.454269139913347133e+26
7.140695841087682175e+25
-8.835423644355515826e+24
3.455221854417822865e+26
-7.722279748320861214e+26
-2.155443159980839038e+26
-4.508366479405606087e+26
9.774766339615528876e+25
-1.191911109388590458e+27
-2.984994210878475129e+27
-1.458185059400174330e+28
-3.392450249967452428e+27
-1.445924958447176663e+26
-8.994261801377383533e+26
-6.901939749824883390e+26
-1.060941783674738817e+27
8.361115129550884559e+25
7.015169905177121627e+26
5.020999911808979727e+27
2.107715198453689471e+26
6.719370123865768505e+27
-6.037990720422727864e+27
-6.709704684716635618e+27
-1.884713974618968724e+28
2.099033387297342618e+28
-2.652762832858173187e+27
4.882179222346090191e+27
-8.317962252476910355e+27
1.781481550127912158e+26
-1.032066715262057027e+28
-1.412804162735105334e+28
-5.099161368870498992e+27
-7.226146051040717021e+27
-2.234577560884047309e+28
-2.479597923144421648e+28
-5.035735455589637644e+28
8.040845421057878728e+27
3.907559654418156749e+27
-2.464987855213782582e+28
-2.083440158489443986e+28
-2.130664089910403513e+28
6.555124463472361450e+28
2.367126177511799307e+27
4.399699354151909601e+27
-2.418075608978494841e+28
3.736100630179524623e+28
-5.284199106018304659e+28
-7.969580446213102047e+28
-5.775655454210138854e+23
7.803080756636416974e+24
-5.676206754378020362e+24
-2.317320808204279153e+24
4.501073220912419476e+24
-3.052790090991616924e+25
2.221168958119636673e+23
-8.942355132995013752e+25
7.109022019722536308e+25
-2.286408279079184895e+25
4.015941660088827213e+26
5.298061223096414994e+26
-7.277078225151994110e+25
-2.161597905026290805e+26
2.538110227709797491e+26
-1.345369741704880943e+26
1.343271575440253135e+27
-1.021895830529782775e+28
1.178054597679222822e+26
-8.641519856553135140e+25
-1.267813727245850146e+26
1.510333325894000940e+26
5.642249101020466907e+27
-7.311443113319802792e+27
3.865206328925281867e+28
-1.704136190420496762e+26
4.829722991156767711e+26
-1.831251034279060964e+26
1.283415815263421392e+26
2.657020240251981993e+27
2.905289396050875712e+27
3.692617600448698584e+27
1.904826878245584542e+28
7.313195585877250122e+28
-4.820527344442497520e+26
-1.249275639716039100e+26
2.798961245066075780e+27
-1.666766892050252092e+27
6.715518795038380483e+26
9.515897789417651472e+27
5.169423920782982415e+27
-1.552205290936820642e+28
1.637324053452658879e+28
-1.285758187288560783e+29
-1.654218814927496544e+29
2.782374587189857210e+27
-3.345000804524283778e+27
-3.667381497492597575e+26
-1.360362814243539960e+27
-6.521701026383821798e+27
-2.132091652918376878e+28
-1.427095530541735357e+28
6.870466393548642035e+28
8.050983883584851379e+28
5.535295325732640126e+28
-2.968508247333719596e+29
-1.259695881819511955e+29
-3.419606063990884000e+28
-1.681299559356392000e+28
9.980567780496587337e+27
5.850519938069120134e+27
-1.118664463039673375e+29
-1.655930043304335986e+28
-3.103650623985030114e+28
-7.378903071187116077e+28
5.318271000832818449e+28
-7.169600485592382193e+29
-8.494931111026240080e+29
6.142040793805464989e+28
8.936881209595223968e+28
-2.229184843986548094e+29
-1.863819852555344097e+29
4.323066422782673351e+28
-7.167008168263875355e+27
-3.419029038153232814e+29
2.871889618923232206e+29
1.992953204024673335e+29
-2.307457873983875285e+29
-1.801221746386953908e+26
1.906571847039972715e+26
-6.174144515645111270e+25
6.458971703786153135e+25
-3.512729672189906518e+26
-5.790551905364120196e+26
4.987591488210970428e+26
-1.411259163153409007e+27
-1.916875711547940491e+26
8.611585331214133593e+25
-9.811087486464696771e+26
-1.897861444572916261e+27
-5.188885215258286556e+26
3.018476707914279115e+27
-2.955516803097587995e+26
1.820055496698388913e+26
2.282176773032355060e+27
2.538404298778958074e+27
7.800200696112583091e+27
-2.880065795184235983e+26
-2.936493378547959618e+27
-1.255089240662378620e+28
-1.421506322266489404e+28
5.598803036899218871e+28
-5.312636248131668253e+27
4.557644137734624743e+28
6.073304555346403730e+28
2.969809017560282904e+27
3.297216456300471721e+28
1.615753562321412727e+26
6.926407144400266639e+26
2.543771904575322934e+27
5.943474799242449348e+27
8.166623305652870691e+27
-1.338352818454412429e+28
1.147039124535791958e+28
3.326506216591092499e+27
-2.809487525723025359e+27
2.615455056532498623e+28
-9.975922382428693107e+27
-1.015923052219424669e+29
-5.916153358034215759e+27
2.204626616594080446e+27
1.023599714635806851e+28
4.086836377924786018e+26
4.677921373961204613e+27
3.935162293197921494e+28
-2.052291382829647996e+28
-5.933219166453559980e+28
6.684952808181220624e+28
-2.464806825618857920e+29
-3.290810265738416677e+27
-1.356937473330307078e+28
9.699912967452090039e+27
-4.466944430898072173e+28
9.378054855101327947e+28
-7.780286514656874129e+27
1.182518025724899772e+28
-2.772882742285292400e+29
4.836010868464931761e+28
2.198248225304352898e+29
3.028243107681018441e+29
1.335150428945316408e+29
4.410737946946406773e+27
-3.266579716845819749e+28
6.243692698753618273e+29
1.550073217345448173e+29
-6.723026363220499379e+28
-3.137899301125507473e+29
2.388722099877493840e+29
1.822924474522813914e+29
3.758894316631358888e+29
-2.968183540952698135e+29
-2.872887354198587419e+29
-6.731126675790486216e+29
-2.928766084255930581e+29
-1.971271317471431617e+29
5.220082568150122272e+29
-7.048770594691291736e+28
4.982537559832520523e+29
7.229829596668189394e+29
-6.864036742222579674e+27
1.274836270046963746e+27
4.000975276938621470e+27
-4.512681256770709435e+25
1.408365290246111833e+27
1.914731101516322099e+27
1.309974178642977455e+28
3.688419200268018271e+26
-8.128869539773672019e+26
-9.523331205847414159e+27
-8.190126668744033535e+27
1.982302593594563147e+26
-6.735994334426267062e+27
2.779596132464260129e+27
-5.099452035613353754e+27
-1.467139793018850612e+28
-6.960042104927734945e+27
-6.709602376590141846e+28
-3.317654600310405850e+27
-1.222266621666007501e+28
1.506321618563762084e+29
1.079641101067091656e+29
-7.831137103235673055e+28
5.951733865977829408e+28
2.788287344520845423e+29
5.274708967187496008e+27
1.035531163607393643e+29
2.032298090074816322e+29
3.956357780365176369e+29
-4.001408337595865052e+29
-1.101334736962978922e+29
6.313392958870745862e+27
1.138789442013241684e+28
-3.211109443498959799e+27
-8.670308707836153262e+26
-1.741274975576612679e+27
5.755452041130784549e+27
2.457612088726293985e+28
-2.648643415317107507e+28
-2.562665073517495733e+28
-2.317033693866415204e+28
4.607897148228843366e+28
2.051977184860890454e+28
-1.035431408345344660e+29
8.929181596073904561e+28
-2.035292880744474508e+29
1.133337538114329853e+29
1.386950096525216529e+29
-7.668736541367197892e+28
9.756742948228452257e+28
1.804982368426610282e+29
-1.656177240987250220e+29
3.150971769109460070e+29
1.678231519953286708e+29
4.728607103384729719e+28
4.636485170695804512e+27
-2.721467234931187494e+28
-5.065143670256545484e+27
-2.733372229709199173e+28
-3.886423600737904524e+28
-1.813200013687724508e+28
1.555671731669534279e+29
-1.740746241289095312e+29
3.361834449888424828e+28
-8.883860523984387392e+28
-2.291286081324098365e+29
-3.176681370265284466e+29
2.793320587834290681e+28
9.793489561421287017e+28
1.447972989384558744e+29
-2.472796942837577914e+28
-1.450283964075421360e+29
3.276854489423944069e+29
-2.298876013205769094e+28
-4.118443055098812133e+28
-9.912232577592710416e+29
4.402881902153607478e+29
-1.224313046201890342e+30
1.309985497958687565e+30
6.084301815150792527e+29
-5.878508253661375883e+29
2.910661545868448001e+28
-5.097475331706336323e+28
8.496972220846610775e+29
1.938253248903388120e+30
-1.119894074189947641e+28
2.294639487687912957e+30
5.420631476286542614e+28
1.124344675013403703e+29
3.075001808237252468e+27
-7.783212285129041387e+28
2.074789825659928288e+27
5.770961691058928719e+27
-9.011784420491737804e+27
-1.410488954918433392e+28
-1.903495600234767173e+28
-8.977101646196643034e+27
7.723584421089028976e+27
-1.409877818267345993e+29
-5.227959413382355641e+28
-1.379171219077964853e+29
3.449490316137413129e+27
-6.458980293287760170e+28
-2.556866499469011950e+28
-1.708383545889320928e+29
1.010417278123843444e+29
1.810471446041788533e+28
8.278423584072671850e+28
-3.260744516236387931e+29
8.126374001088741849e+29
-5.424116237443042556e+28
2.404075464367893076e+29
1.774282667534412852e+28
3.571306964755186628e+26
9.846947702605997683e+29
2.345485463445837728e+29
1.917135708452831893e+29
-3.588358048974066465e+28
6.937725722092900773e+27
-1.082469355931220261e+29
1.708388982088033644e+28
7.154645881959844168e+28
-4.738733502400005807e+27
-4.677676483281824814e+27
4.193680180005853435e+29
-2.952249886807477966e+29
-4.288886202433698341e+28
-4.458729116255353269e+29
7.787596905466140815e+29
-1.887645637063691110e+29
6.132413947541881163e+28
2.104312609916686565e+29
2.656756816276337200e+29
-8.289708818672351616e+29
-1.202289663511129282e+30
-2.506572810514011576e+29
1.440700509103429332e+30
1.382740331783967106e+30
1.919311141638632396e+30
8.795510005406664541e+29
3.449894065144332775e+26
-2.023661696646908480e+28
8.858362850233104559e+28
-1.682434846091913755e+29
1.135431947354292442e+29
-8.659654681151990974e+28
-1.415043302390961640e+30
7.613710347616275817e+29
6.680870046985758619e+29
2.491842384116824079e+30
2.731389132541150551e+30
-7.262814420054034342e+29
8.358126126208715339e+29
7.288974814089980653e+27
-1.618943916324264195e+30
1.668138670099344675e+30
1.037718800771340160e+30
-5.974629761453354959e+30
-3.120015709516255879e+29
3.317518989870500610e+30
-2.289918058079531076e+29
-8.599419368740385108e+29
-1.274516139413430560e+30
-1.094748820078962060e+30
3.887721082928762733e+30
-1.097661436898320462e+30
-2.699361886998136049e+30
2.336038692114254262e+30
-9.443805032972650743e+30
2.939947072797552259e+30
2.608881844952805583e+30
-5.162930766216379885e+30
-4.401847359982443566e+29
1.198180987724166455e+29
-3.070452625855047815e+29
1.952270165863159637e+29
-4.574946037598150471e+29
-9.068125969546005935e+29
6.463820009462224970e+29
1.733924151319016273e+28
6.436492605880870450e+28
-5.295365771959005031e+28
-1.312893518102058412e+30
4.789586808979730369e+29
4.022100423171743105e+29
2.113411285347397070e+29
2.881794143149412732e+29
-5.390120291015596606e+28
1.826232320408422336e+29
4.859037194767726286e+29
9.877097072216425771e+28
-5.294260462014315914e+29
4.327118213166380333e+28
-4.771356120293864979e+29
4.436021789705782458e+28
2.189753781301458728e+30
-1.292333831737955655e+30
8.569488195335136922e+29
7.103867220711881890e+29
4.086975777829324300e+29
-3.562834582757339390e+28
4.942788226392839342e+29
3.566484814498435804e+29
2.537579740649325501e+29
-8.007497175106198094e+29
9.349450924109155257e+29
8.720745653051108331e+29
-9.813862731485587723e+29
-3.681882585226075618e+29
-1.004063580300844095e+30
-4.394552807101829835e+29
3.855673109307957041e+30
-8.751853957994134976e+30
4.383838832314983122e+30
-2.211663597168761832e+30
-2.262737270687315493e+29
1.790496662235055509e+30
3.553529957850204771e+29
-3.634582505046055481e+30
-5.809322243570915805e+30
-5.798381273786374181e+30
-3.142207151493231663e+30
-1.250265844702385113e+31
-8.339158835679427247e+30
5.180007843746664830e+30
-1.132878503379210089e+31
-1.077188379704153491e+30
-1.104646040946172842e+30
-2.005527892353810748e+30
-4.060900495686904431e+28
8.884933834012118063e+28
9.386615586434197724e+30
6.403088869308112425e+30
1.045135111429287877e+31
6.954514192190146128e+30
5.703454224932086292e+30
6.127320363479699012e+30
1.154165798069408679e+30
1.830323514472232774e+31
1.211788535669066363e+31
-6.190622642324511247e+30
-1.088128316579100431e+31
