6.558617422832856000e+15
4.998567234454482944e+18
1.078288457442102149e+20
5.124116791324949873e+20
-1.478598342290623169e+21
-2.695471790656609321e+21
-4.195755023770366509e+21
6.728735512062921068e+22
5.066437051875474801e+22
-4.580769329431377920e+18
2.143700972833991885e+20
-1.082990838766642004e+21
-7.045640769204828242e+20
3.846314878853374280e+20
2.031514804494561633e+23
1.819809190596521545e+23
-8.619726765410723970e+23
-1.268067921362396439e+25
-2.965622902524084224e+18
1.311876841658448871e+21
1.067513099287700229e+22
-2.461955681269197172e+23
-3.913538465222882356e+23
5.476429723527111980e+22
-9.310225681671645078e+24
-7.509588297167001497e+24
1.237734582626506717e+26
8.678070579206811812e+20
-1.227344708399553220e+23
2.568985883710204024e+23
-9.029266343269320203e+22
-7.903164383735443651e+23
1.617647763687308685e+24
-1.566145424585735574e+24
-7.759099712159022387e+24
2.936478839715268367e+25
1.073920684391434682e+26
-7.768288980135570309e+20
1.758538800029574218e+23
4.186175710239108880e+23
8.431446190638981563e+23
-2.641731855838407712e+24
-3.751095928613458768e+23
-1.393054044727099479e+24
-7.141358277994704129e+24
1.771325284629991523e+24
3.009573593081572306e+25
-4.742503956349267557e+25
-5.258648544315339059e+26
-6.837735964549331288e+21
-6.186725673968316176e+23
-2.917498657936308389e+24
-1.420164900883410365e+25
-5.745732932777413622e+24
6.056885604994474276e+24
-3.571161628473392444e+25
-3.206052050210066467e+24
-3.242826543951538677e+25
2.117221102891141451e+25
2.160756899950851777e+26
1.176012798474585615e+26
5.974406464357029595e+26
6.009913610747922805e+26
2.460300429486518908e+22
-1.674338465006432773e+24
1.725336777865721400e+25
-5.427518452211339827e+24
-1.229001790181331310e+25
3.034934157987788697e+25
1.577041430006417606e+25
2.493826763576343426e+25
-1.444970673777928843e+25
4.463770921456132233e+24
-2.190107632509141570e+25
-2.175484038851868217e+25
-1.371635294802159778e+26
2.293214982588959179e+25
-4.249504716897743429e+26
1.807677091581074289e+23
5.515756006746756554e+23
-2.649811648575037181e+25
9.174964025486798477e+24
2.687549583100718196e+26
2.049581812826959811e+24
2.283592596450333371e+26
-1.439750504900206248e+25
-1.083514211675549358e+25
-3.131310941603756498e+25
-2.016792919904379605e+26
-8.564114500831617896e+25
-1.580656657346619697e+27
-3.289702396163308843e+27
1.145672290227791761e+23
-3.265933370999663299e+25
1.311950869600129575e+25
2.835689301632783485e+26
3.304935861225942561e+26
-2.346979449400463574e+26
-2.918838944504645905e+26
2.694893802144776062e+25
2.288519643105050697e+26
4.909534524950808653e+26
6.080218643907347589e+26
1.286863473945502826e+27
1.003100470846068536e+27
-2.087902828762730332e+21
3.331282883726383514e+19
4.272300649878995652e+22
2.681727931669491105e+23
1.831521685144661813e+23
1.067109734063303597e+24
-2.023600360741012924e+23
2.124558230909584989e+24
-1.576202168270027812e+24
-5.358495782111540410e+24
3.054710259258016722e+24
-7.270489520611731572e+24
2.475727751814523029e+25
-2.883922051441622134e+24
-7.908168603610846575e+25
-3.085514889892107561e+26
4.184457306401175618e+23
-4.955729410973130125e+23
-1.512641684699705390e+24
3.465567417808667129e+25
5.691144338365476933e+25
5.671177429994374574e+25
-4.298711507810755226e+26
2.720168685768827597e+27
1.230567020903409281e+24
-1.431625688984643194e+25
8.558128825543506663e+23
2.728550600433524686e+25
8.053749653132958547e+25
-1.405166174184338593e+26
-9.360200710323277143e+26
2.290433745564289391e+26
9.039425708504951053e+27
1.363194852929879541e+24
9.244756389795830139e+25
2.158637107960016480e+25
7.268202077295750993e+25
-6.288993601490087744e+25
3.046109889536314930e+26
-2.602737987302236150e+26
-1.173566260588122607e+26
-3.573952093800102724e+26
-2.383824136525551907e+27
3.153762864386303474e+27
-3.092968601887028109e+25
1.163370897930886454e+26
6.248256343328988459e+25
-7.521929352231593699e+25
-6.724564795775138208e+25
-1.023967401716974750e+26
1.244695058899171376e+26
-1.333663406312941941e+27
1.592599196210121030e+27
2.454602187559525051e+27
-2.198287371149710102e+27
1.858271641613914334e+28
-5.252425321614981187e+27
1.311669065857352095e+25
-6.464966422851528199e+25
-1.812270081795295107e+26
3.511797395683167787e+26
-7.093102816280653117e+26
3.786868377584690428e+26
1.618853268513808082e+27
-9.429501587230890808e+26
-2.463343896754151559e+26
-9.657716743388606082e+27
2.286641347360556785e+28
-1.248125502264467349e+28
2.627795612745206932e+28
2.384103415298864889e+28
-1.775593549071254959e+26
3.725920530933984171e+26
-2.103318198999338200e+26
-7.598077672225440721e+27
-1.014687030925516235e+28
2.861126862315891883e+27
-2.013486503547708987e+28
1.488693936987714971e+27
2.015519891046024371e+26
-1.756388165808727004e+28
-3.303440297210613118e+27
1.987762742975572813e+28
-1.038674474740044438e+28
-7.062457269880115934e+26
-8.050944375818047235e+26
2.830814530174012650e+28
3.988771068731742074e+28
-2.669523567393525972e+28
-1.771968727122220511e+28
1.477677646270897427e+28
6.915884457143235860e+27
-5.077557135071889452e+27
-3.446487990907542528e+28
5.240552680699685408e+28
6.669244351183023677e+28
1.130771806843448171e+23
-8.170552095743134778e+23
-1.013676174332937508e+23
-2.064795817126465395e+24
1.241562142893804671e+25
6.531270185782416696e+24
-2.937034564304312488e+24
-1.568109780355009112e+25
-6.495915967054563506e+25
-4.097170459602542403e+25
5.264595070752049483e+25
7.182850838209418972e+24
-3.169392787521874920e+25
-1.205998384973996415e+26
3.219370267287486029e+26
3.832434098354181577e+26
-3.562193609996803153e+26
3.036311145929960593e+25
1.855809857528462837e+27
9.026503171269887706e+26
9.204991479206254502e+27
-8.526757846612317310e+25
-5.509932654489285501e+25
6.893147694562195041e+25
-8.398414658947704420e+24
-9.308634794158183128e+26
4.634946571733565178e+25
-9.774445025497023132e+27
-4.055247246770088978e+28
-1.587782479840082472e+26
3.524135941905986230e+26
-4.284636741682795437e+26
3.453432124741002662e+26
-2.039224484010214082e+26
2.571772367764909348e+26
4.775264921198646323e+27
1.515167577652809430e+27
2.806475171985868767e+28
-6.439324502060309925e+28
-4.190934961138611434e+24
-2.160699680059397019e+27
-1.133954475211666568e+26
-1.184473086167340880e+26
2.211289392073316749e+27
-9.058223249632447243e+26
9.815262843881248941e+27
4.254281613632851291e+27
1.533255269460279028e+28
-3.134421536260393765e+28
-4.028634195222286699e+28
3.066592464671351713e+28
-2.581532324458493760e+27
-2.059479344227877485e+27
6.842750537030168893e+27
-6.213097012581294714e+27
-2.746505224174619525e+27
1.694819829385457184e+27
-2.377989737572911249e+28
-3.907216846393334586e+27
4.611725212811866352e+28
-1.034250610638732790e+28
-6.516067476431793578e+28
2.275431961614390960e+28
7.164851490287933808e+28
1.559124319190730048e+28
7.256413220041920086e+26
-2.844243383699354586e+28
-2.584829490953606662e+28
1.752634897940490141e+28
-9.849252608377452148e+28
-3.977738621775047259e+28
-2.455181919155541474e+28
-1.786372182432400315e+29
-5.152481035156878734e+27
5.699000329938714791e+29
2.530976953382989620e+29
2.138988537500920919e+28
1.072501336527119878e+29
-3.820786446510918885e+29
6.985762483424739946e+28
7.062567695950814776e+28
-2.248271931792635191e+27
-1.648163777094402220e+29
2.364180251752434920e+29
-1.895497373347185225e+29
1.837936877388374589e+29
3.506936022951850007e+29
-2.235848575938406533e+25
-2.831238179617835966e+25
-1.669665828575591677e+26
6.050266079853255242e+25
-9.564892794392459321e+24
-4.317694374689452803e+26
-9.749212069103278310e+26
-4.594305389563142854e+25
2.622246572607926555e+26
1.940254630281162196e+26
7.251479970189165362e+26
-8.504313502541132810e+25
1.417516278331930205e+27
9.944959760305147429e+24
-3.150476929405571840e+26
-1.117232728093865113e+27
7.693726393249500489e+26
-1.537575270883205679e+27
6.609993163372765084e+26
-3.507377140564010600e+26
-3.533622874141262972e+27
5.147964142879228437e+27
3.486619545169305279e+27
-7.272444605110995810e+27
1.214443405310698477e+27
1.576778741006906302e+27
4.598625391797270272e+28
-1.885559075847301881e+27
-5.394655385582426300e+27
9.261323161049748445e+27
-1.842291534770334248e+28
4.282891993007816588e+28
7.147047789553205265e+28
-9.490082556849156630e+28
-9.451113682984962608e+26
-1.024830616329217599e+27
1.631714745209639047e+27
-1.157888573122813857e+26
-2.645153869357481700e+27
4.228020849453279877e+27
-4.660337988515326348e+27
1.129634372926456522e+27
8.387189758901169451e+27
-5.284882282763696113e+27
-1.641533709479928726e+28
-1.988734732716230270e+28
2.401631349157867422e+29
-1.979693721268054953e+29
1.637728159361396499e+26
-3.078802532740423392e+26
2.765606823294167155e+27
2.970300956558877758e+27
3.878667410992791955e+26
1.557449494924395724e+28
-2.049398162546288755e+28
-6.618976935181636227e+28
6.065276567322545918e+28
-1.066249135757402169e+29
7.776468313059194096e+29
-1.064399151895716036e+28
-8.886858766905131108e+27
3.091947690366942688e+28
-1.576558621017267393e+28
-8.564870655035781915e+27
-3.330541653520146577e+27
-1.399137867297727811e+28
-9.773624758716560612e+27
-2.019254328983518013e+29
1.765433161734256104e+29
-6.268256986354189097e+29
-6.980685369014520645e+29
1.930467475358975155e+28
5.195810933213783959e+28
-7.295743272444787128e+28
-3.154294809076345252e+29
-2.052175116167982933e+27
5.404186987443590696e+28
8.211682314354125367e+28
6.437779814693828889e+29
6.191094832169828135e+29
1.586451499093732512e+30
-1.462387367399164936e+30
-5.847555455314411190e+26
-4.096095938680373272e+29
-1.503405926296618705e+29
-8.774851846503030505e+29
-2.152844358866904892e+29
4.688730759684730825e+29
-6.236603816514878278e+29
4.160346204701604016e+29
-7.340203830710006069e+29
3.028475547638420331e+30
1.035686112116320558e+25
1.509464396175515417e+26
1.939318764888250585e+27
-1.573943910699172184e+26
3.898374585693156447e+26
1.048833587508999575e+27
6.395133609995676212e+26
8.300408637699765749e+27
5.158347536270589583e+27
6.604256592620322028e+26
-4.263915887289392664e+26
9.161913646279989958e+27
-4.044891196140700632e+27
-3.738544884173431364e+27
-4.813521696303900903e+27
-5.926437281345849507e+27
-1.207259717052571782e+27
7.724538100921804947e+25
2.449685920851839661e+26
-1.289159870733471302e+28
-1.300082513615435582e+27
-5.310270113335866790e+27
1.184540868837779533e+28
-7.401187014742581070e+28
-3.565973094840152015e+27
4.303074632155419899e+27
-7.332989990262770501e+28
7.212778929498197804e+27
-1.358899608183964164e+29
-1.513887440186831268e+29
-3.153612656617506875e+29
3.905758640095330645e+27
3.943851460498637738e+27
-1.575684067196206535e+29
-2.459845323079428133e+28
2.669936462465868853e+29
6.351620142238882154e+29
3.829184417465595806e+27
-7.323957576303708861e+27
-1.483667740480583303e+28
-1.020392686615351571e+28
-9.417414977610533693e+25
-1.531463256721385014e+27
4.125961559569229202e+27
-2.865808277827157849e+26
-2.167851560735617209e+28
-2.908757047695965345e+28
-4.848375149387862502e+28
3.344396733733930051e+28
-1.152007555444219823e+28
1.088328770262448139e+28
-9.449047902626469568e+27
1.482175585406641568e+29
1.159658132549390063e+28
8.895200408577474958e+25
-1.291902084363584432e+28
-9.292713481425792434e+28
-2.196677789581745289e+29
2.958907019280613501e+28
-4.563904188687672780e+29
-7.877444492541240995e+27
1.108905484824835954e+30
-5.359636147729581765e+29
2.415626978452888530e+28
7.383328801225629878e+27
1.125948520501682828e+28
9.967817574790151885e+27
4.729698144361989798e+26
2.259170709658840293e+28
2.208819648298074253e+29
9.256141467562743816e+27
-8.201455136328762110e+27
-3.702462433599892558e+28
1.140615762717032948e+29
-2.048689841637432927e+29
3.144506362672084219e+29
2.202147331098558279e+29
1.315800653847819306e+29
8.629839848924856894e+28
-6.156084520386632356e+29
-1.164430823754205177e+27
-2.084912460935014206e+29
-9.412482455374697253e+28
-5.047536181199006715e+29
-3.787607459666422972e+29
7.410795224806050085e+28
-8.119249081596833530e+28
-1.833905200997925643e+29
3.386392302723331034e+29
2.382983829373412773e+29
-1.846283294722136487e+30
1.871712885873164388e+30
3.250203842795217595e+29
-3.398974997168853571e+29
7.423061983665133395e+28
-7.420459271996977815e+29
-9.435962381096639093e+28
-7.253577105210912746e+29
-1.191415522074194792e+30
1.938758358886847265e+30
1.793386949930528056e+27
-1.123507887694753763e+27
-2.021900342247511491e+27
-6.584469038461208086e+27
-1.651636580978758059e+28
-3.903267083297355738e+27
2.886315395916912909e+28
3.541743781102378759e+28
-3.355220983402434312e+28
-4.182013088952437110e+28
2.291069539261436179e+27
-3.768465206875129807e+26
6.228664911385414444e+27
-4.863323321242763871e+28
1.361925049751098738e+28
1.211588023019920161e+28
9.624107911330369841e+27
-4.185499282488805853e+28
1.024134247382848997e+29
-8.742182586814921330e+28
-2.287241619812180923e+29
-2.505416664301034023e+28
-1.678802392699338690e+28
-1.265226930378487228e+29
3.117108832413904699e+29
1.246034990123521842e+29
-2.094208791975596666e+29
2.215223884683002443e+29
-3.860063239845823227e+29
-1.595416795382868699e+29
-8.258814820822771581e+28
4.489629470535684852e+28
-5.585872357835963072e+29
7.203675717648504278e+28
1.073824776697968051e+30
5.887261251048261902e+29
5.551151089927245579e+29
-2.098316069773529618e+28
-3.728079700502920386e+28
-5.390104102126919741e+28
-5.724465536692754563e+28
-1.783892227293408413e+28
-2.209395643793012619e+28
-2.143923074386113698e+29
-1.901582315242797805e+28
-3.945593259052372593e+28
-7.975156449268293624e+27
8.525488304130222027e+27
-1.482400183857567124e+29
-5.872588471154778659e+28
-5.665268439343605992e+29
-4.640151708779949490e+29
-3.064897984136267993e+27
3.149480625507080431e+28
4.844558259822539550e+29
2.664901232236198753e+29
2.527335935526283631e+29
2.213477125472857203e+29
-9.363423742757226098e+29
5.621870133014967027e+29
1.222156963317051247e+30
-4.800510722498333485e+29
-4.787874750883588321e+29
-1.629224751198113881e+30
4.642814776856707465e+29
-7.414893567952416009e+28
5.172698393561106482e+29
-6.927977906355173283e+29
5.113086230546410704e+29
3.138572422672681353e+29
-1.477923906699639803e+29
5.618451995215607396e+29
4.070109615216053015e+29
8.805830865277369028e+29
8.284163036520349668e+29
-2.237047193779796738e+29
-2.212032430181187819e+30
1.557768299915954564e+30
8.393271269762603298e+29
1.692323293216696530e+29
-2.050925723128335661e+30
-5.081761046385440116e+28
-8.190385698746148334e+29
5.172711769649877319e+29
3.768408829816701944e+30
-2.329447040438239751e+30
7.575798937760316161e+30
2.209440684827216937e+30
6.093661150875310866e+29
-7.106943664746980770e+29
2.967448691317879280e+28
-6.982137270295707355e+28
-1.763206779009545710e+29
-1.200972497288562076e+30
-2.379960571929379486e+29
-1.951627774457691930e+30
-1.247350218967879063e+30
-2.255630024518314721e+30
4.625115172490054800e+30
9.206982993848398035e+30
-1.472109092454237823e+30
-2.306398844745918652e+27
-1.185633227313696684e+28
-6.123549824967102281e+28
-6.526940759385825141e+28
-1.538126813450663911e+27
-2.959812302039857067e+28
-1.819165824540886649e+28
-1.171912522138206190e+29
2.625883939514581244e+28
-1.244374757978236545e+29
-3.043037160526730160e+28
-2.243141285909151392e+29
-1.051210869972298601e+29
5.985178434171320124e+29
-7.578343383433965848e+29
-1.140167797182572482e+30
-5.801856361885069835e+27
-1.492640077350363733e+29
4.632499578149018313e+29
-2.335308003563670174e+29
2.027610935144673672e+29
-9.415375403400601099e+28
-7.732311845869713000e+29
4.613513953783018675e+29
-1.679193483757071868e+30
-1.509581332208331352e+30
-7.020188734299383468e+29
-1.264341560242672448e+29
1.001883215206887566e+30
6.830417201898925707e+28
-3.966489402284798068e+28
-8.506847917428830395e+29
-1.213060509531430339e+30
9.117612181070836347e+29
-7.036200265462714034e+29
4.216139379564275854e+29
-1.690570333895568400e+30
2.047679207597802339e+30
-8.993098195009830606e+29
6.692909560593010917e+29
-1.053550938414420543e+30
-1.233797275450273461e+30
-9.247819862741190934e+28
2.006281458804555774e+30
5.458406214915831096e+29
-1.619028015649348247e+30
1.899341431080524981e+29
2.371333871777523252e+30
2.995352718078093701e+30
4.868127067336408008e+30
2.998650767347683591e+30
-1.120313618011779419e+30
1.222658873126690632e+28
2.438962516453760854e+30
9.642276029910831750e+28
9.542842583702672829e+29
3.879260699790911269e+30
4.455864405375191736e+30
1.419935695874451540e+30
-6.296787764118236252e+29
-1.919145401780459304e+30
1.126028310159212130e+30
2.760621535655325021e+30
-1.739899411731097826e+30
6.455736256549862369e+30
1.741830246288551506e+31
1.987756577308291775e+31
3.624243021249456313e+30
1.523427516695470796e+31
9.452031659800687750e+28
2.799875402745016014e+29
-2.741417276284112902e+30
1.848510267630710491e+28
-3.005628451498288073e+30
-2.530045921502547802e+30
-5.944904448487733850e+29
-1.849849178957898001e+30
-2.944600724138363391e+30
7.388455718204701981e+30
9.092223251051038073e+30
-6.309136736277975447e+30
2.369320628520309549e+30
1.456715886562000010e+29
-4.877474889662903147e+29
5.316106268225886565e+30
9.378868328154963460e+30
3.908500272478794983e+30
3.555638730690721284e+30
-1.881697418874369382e+30
-2.167340079835603980e+30
2.086193131039352522e+31
-2.261957220538638955e+30
-1.890228487072333764e+30
-2.252378615359047694e+31
1.033093979920209745e+31
-5.798327834740611253e+30
1.517874527660881325e+31
-2.864947293541463667e+30
-1.545953583175948445e+31
4.676524808771532403e+29
4.597906574117815389e+30
4.124511202207927815e+30
-2.160767990511696286e+31
-1.158694576097829608e+31
8.733219239804822201e+30
9.280198161641316694e+30
-1.831692944942818242e+31
6.565744110984682773e+31
-2.696837858042423296e+18
-6.301351191056488858e+19
6.278334194904343511e+20
-9.542267049468470231e+20
-2.254185996877740638e+21
5.918384381590682730e+21
-3.678778536631348494e+22
-1.631588919873711311e+23
-3.004364103063804314e+20
6.791315434749034496e+21
-5.176696921959344112e+22
4.886953364057485633e+22
-8.334619403757909390e+22
-6.254581664105779650e+23
8.955506729229324481e+23
-8.516881444605028387e+24
7.745922183055506670e+21
9.106961296284173992e+21
-1.916205944484018646e+23
2.604989999783532906e+23
5.022866982551674180e+23
8.141376808016064461e+23
-1.832385511507173545e+25
-1.952625230111599895e+25
9.093125813305067176e+21
-1.134324434236549051e+22
-7.387423332819241481e+22
-1.774345298762778783e+23
-6.557455872641957773e+23
1.324312552991311983e+24
1.565335743912654135e+25
-3.567241985343546927e+25
6.090607212242258517e+25
-3.251587461476644773e+23
-2.392814554516701535e+24
1.443565210694582205e+24
-2.303147137598335819e+23
1.594925114812861669e+24
-1.358876997481628747e+25
1.721264142710803765e+25
1.005201659380696569e+25
2.847918693626208861e+24
5.365860442339908943e+25
-2.727978291228642473e+26
4.357574936329609596e+22
5.329035419490552572e+24
8.258328760990390288e+24
5.368689639857008201e+24
7.561212211340668450e+24
5.022729098765651900e+24
-3.543120686824357850e+24
1.749173764107721852e+25
1.299290214514826082e+25
-1.245703951229656913e+26
-2.497147316182076648e+26
5.211186048079906873e+26
-2.469197142701947272e+26
-2.631409496736714101e+23
1.157946301825831110e+25
2.471395013828920532e+25
2.828186367760732977e+25
3.238924089791488624e+24
-5.900620563993745403e+23
1.370561047339298919e+25
8.108238929099364384e+25
6.854319379984112446e+24
-2.551946121180333882e+26
1.320265136313606303e+26
-2.114393245192307068e+26
-8.577311498956849048e+26
-8.622477965623427035e+26
6.823558379266335079e+23
4.121257197627201869e+25
-4.445841988931910258e+25
-4.330108157657508105e+25
1.253323451121236392e+26
-1.880710672352691353e+26
-2.093546261859480080e+26
1.013189655020544939e+26
-1.525762073405883947e+26
6.755722010386441084e+25
-1.104009506064294784e+26
-1.501821214927698875e+27
-2.144783400765865315e+27
2.299991960807676892e+25
-1.926012635006438706e+25
8.958948935048214356e+25
6.443083844169899740e+26
1.920322332156717144e+26
-5.095046510826746068e+26
1.805957483678531654e+26
4.958583583671329689e+26
5.397803050378881454e+26
1.250419804972405192e+27
-1.177393364938509324e+27
1.258977842855428824e+27
5.741952229804824802e+22
-1.827464686685806133e+21
2.590897968819078336e+23
-3.888130393811043714e+23
4.480769339509862040e+23
1.005776825159124026e+24
-1.243139450255754916e+24
3.940072783317115056e+23
4.820301111854938488e+24
7.637013389810463603e+24
1.428923255220070544e+25
-1.423506621823475759e+26
7.921197030888468735e+25
-8.087616097916995674e+25
5.748073242051886700e+23
1.741918353126959025e+24
1.678928634678863154e+25
-1.448572151645889088e+26
-6.448162023234154753e+24
-1.166763993951847430e+27
3.186862544568042457e+27
1.526749029157763735e+25
4.994011062460422531e+24
-6.777393612437165986e+25
-9.099682739141373776e+24
-1.947953506532397987e+26
-4.244008827987069393e+26
5.813452844636977315e+27
1.555463897855082754e+27
-3.669181715810080089e+25
1.463112740677088476e+25
1.800880092080549520e+25
-1.400010609050856689e+25
3.471682700244118473e+26
-3.145843345351294242e+26
-3.075949495651457032e+25
3.085124848680483694e+26
6.708022282336772139e+27
-4.642786876056593892e+27
-1.344198977777813435e+25
2.363101013935080431e+26
1.659792113951714278e+26
1.023135216271622098e+26
9.233412035036228711e+26
2.098397250180547621e+24
-9.620293633204676466e+25
1.502345429928100036e+27
-1.558827637159399845e+27
-1.121257943292182055e+26
-4.088553311744671939e+27
1.866381482382433199e+28
-2.226323429867304559e+26
4.907869914376006084e+26
-9.198078165231187561e+25
-4.576980235385910230e+25
-3.772446538219566322e+26
5.447912653079595263e+26
7.009213551041848149e+27
9.560010327632299820e+26
-1.852337395552570812e+27
1.904195086492222011e+25
-8.001905963031065449e+27
-7.819594744381524894e+27
1.570249608652616149e+28
9.138961803392959908e+26
1.274631117920901021e+27
3.314150221642440563e+27
-2.577587307527604258e+27
-7.444564055365388240e+27
-4.446737951278836391e+28
-1.003134255221953688e+27
3.799313674111146005e+27
1.751770914568841225e+28
-1.766875050699377720e+28
-6.079866899564542257e+28
5.173220061498742183e+28
-8.966897251038740146e+27
-4.367930552830437145e+27
-3.731690084940533324e+28
-1.203665578452976919e+28
-2.317736342140268427e+27
-7.617708567462132954e+27
3.147368215952923766e+28
-1.004968985571498006e+28
1.295907937093103043e+28
4.533556753947657103e+27
7.263707669158824742e+27
-1.446300599949636305e+24
5.696703079515030251e+24
-2.502468734499003197e+25
3.892295964685894597e+24
4.745333655025509009e+24
-1.021795386064819956e+26
3.594409275828762113e+25
-3.266595633143915363e+25
-3.937375398110469547e+25
-6.033560369409618133e+25
4.202747903801352074e+26
1.420742333196824689e+26
-4.838629516794286538e+26
-7.002172547384067289e+26
-2.799483188629835560e+27
-4.006739130939019961e+26
-3.100575506103325431e+27
-2.489326448670829908e+27
-3.730718900144050700e+25
-2.912207303414342464e+26
-2.597860896396586680e+24
-7.866966541223475928e+26
5.949359302260533124e+26
-4.602125538504245465e+27
-3.703597193453489233e+28
2.148620428333114889e+25
2.023170127445494791e+26
2.303216525959306932e+26
-1.060884903967051646e+27
7.255566246522856834e+26
-5.196784755065712380e+26
-1.499088007528219010e+27
-8.068789187024304600e+27
-6.266775333016180800e+28
-3.376333462248338626e+27
6.895729544560004164e+26
9.093897233597334654e+26
-2.740189546819160216e+27
7.034194056011059261e+25
-5.954030682067790911e+27
-6.936499073267052486e+27
5.623245622497637476e+27
-4.723370768009819285e+28
-1.563769488861455351e+29
5.939983687847212729e+28
2.419296096826498971e+27
2.251240410860251638e+27
-9.423663241219507200e+27
-1.767363943985600529e+26
-3.853570401197395344e+27
1.730688381787593151e+28
2.941473437925763812e+27
-9.295905387493132001e+27
7.456465001570189957e+28
-8.540918429776727383e+28
-7.301907029655340308e+27
-2.681270453556572259e+29
-2.560167689018822881e+28
5.221865443872904922e+28
-3.135326860737256054e+28
-2.268579195457189013e+28
9.590966271681003823e+27
1.795851247692837146e+28
2.141163978040460842e+28
1.085736230669598204e+29
-3.018779245973481573e+28
-4.442782381861382744e+29
-4.692412304953391769e+29
1.709346650192040322e+28
9.927849720596171576e+27
-3.151554364084135811e+28
4.567046495267583533e+28
7.320484317550286591e+28
3.024387352231901803e+29
-2.388982927274424082e+29
2.501744428652768640e+29
-5.537832039290911317e+28
-3.617854292959936153e+29
-6.186591078803475138e+25
8.786651196139109761e+25
-6.087430366226927293e+25
-3.784626842287088178e+26
3.297837246267773712e+26
-5.086066276774071062e+26
-2.575197985917181909e+26
-1.079796684715671478e+27
-2.844584441479591356e+25
6.207767542422158842e+26
-2.700968032427242642e+26
-1.055847607015150102e+27
-8.316085838726597678e+26
1.700370085335028187e+27
-6.348509402421687737e+26
-3.466423263854999304e+26
-4.044008259279843591e+27
-2.337202121094833606e+27
-3.130671798790442720e+27
-4.588285830288829322e+26
-8.483414423910314171e+27
3.751503589457158741e+28
-8.265275875339361523e+27
-1.238137383819944492e+28
-6.925367291787058540e+26
7.201323789352373030e+27
-7.752980866992662731e+28
2.577460280920299905e+28
-5.912867011376520070e+28
-2.288608656779580284e+27
-7.940372901407424269e+26
-6.436878890121006369e+27
2.523896851570474245e+27
-3.179281601914961540e+27
-3.357265694871053231e+26
-3.059831846170101065e+27
-1.720335260711093575e+28
8.103004908148721248e+27
-2.830600552926835032e+28
2.515220872444079169e+29
5.147338356499494585e+28
-5.280330289257051553e+27
-4.636224558238449947e+27
-2.233202497051082796e+28
2.365650737899601840e+27
7.630051320863276671e+27
-9.675125365912065275e+27
9.296488268861807149e+28
-4.825835591032213172e+28
1.152079572143810925e+29
-1.486043451549452682e+28
-6.264978602523522705e+27
-2.675333406373128241e+27
2.242580921940704226e+27
-2.692558688199499205e+28
1.026580635122223674e+29
-5.129601998164519285e+26
-1.279357891123948483e+29
1.855576606567053812e+29
7.052541527218982120e+26
2.464611936124390899e+29
4.466191628514916718e+29
2.184853300809097939e+28
1.495458270582740948e+28
-9.086255284687275944e+28
-4.497687228646584644e+29
1.359094419677661547e+29
8.455319107142458328e+28
-3.844894144496869349e+29
3.480146121885516549e+29
1.958393121620164654e+30
-5.975808159671376567e+29
-3.089592438558444290e+29
-4.700343930439284141e+29
1.703884994213911988e+29
1.560546119014872455e+29
-4.426708751127034401e+29
-1.995172348607720093e+29
-1.384305760816760914e+30
1.789706913266624058e+30
-1.065468725535772910e+30
1.149935098728786206e+28
-4.845645030597347455e+25
-1.477064805798938517e+27
-5.178966218297390867e+25
3.343045021378817360e+27
3.089740652268754892e+27
1.586829385809604084e+27
1.540676561669219203e+27
2.571705275814421565e+27
5.236988191863556492e+27
3.042368666189324338e+27
-5.077319281548674525e+26
-4.210383314036331966e+27
-8.367845679540803376e+27
-5.493103033381157162e+27
8.411235310528058495e+26
-5.789369353432786462e+26
-2.667524188923235111e+27
7.173242433614872008e+27
2.189941897192720058e+28
-3.080274920508747564e+28
-4.528569498266007333e+28
-1.054012135044707839e+29
-9.771129494017107086e+28
1.311575016371119499e+28
-4.879842304085986188e+27
-9.406290719841862046e+28
-1.242278155684083017e+29
-1.712254434372190979e+29
-5.193733690135691918e+28
-1.192916182321839253e+29
-4.094246626384580958e+27
-6.319252473758631960e+27
5.618920133213916287e+27
3.734579541252245312e+27
-1.899065273207949207e+27
-4.751729699924964748e+28
-1.155493836506567161e+28
1.902683714643104698e+28
-1.051751896552675638e+28
-8.640503641915999184e+27
2.235226762591443968e+28
4.298517279483033089e+25
-6.637382800831172086e+27
-2.043594493930540920e+29
-6.972971712914615938e+28
5.120393396122167835e+29
1.473034716128455544e+29
-5.957550536255260889e+28
1.579164906666817248e+30
-3.912421593420390287e+29
-1.124517216644430619e+30
-5.886818086106656876e+29
-3.954806460959517620e+29
-2.787342181710506215e+25
-7.791052520502061181e+27
-2.338112807992759693e+28
2.618613818695389447e+28
1.042589171427183795e+29
-2.621579861623250180e+28
-5.074887809207143372e+28
1.843647449605591958e+29
7.553774056668172197e+28
2.057472247099277868e+29
3.304846511098556483e+28
1.945510179073248988e+29
-1.691217397681330373e+30
-2.858493716119358950e+29
1.623810117719193101e+30
1.135911408316746392e+30
-1.363759536746192504e+29
3.140023724035995363e+29
2.959761179609971281e+29
-1.084857303839105134e+29
1.060715407620661650e+29
-6.558844200024481715e+29
7.911560644833775246e+29
2.626200060329861013e+30
-1.278427074265874724e+30
2.549386607137342719e+29
4.523099751793045971e+29
6.965337264674931692e+29
2.889731597135416107e+29
2.295524408947112759e+29
-3.144872211881401401e+30
2.286957777814544213e+30
3.485900539649410323e+30
-1.470700660663620216e+28
4.556055050376809615e+28
4.666930060145218452e+27
3.378947355839280007e+28
6.720470150404875859e+26
-9.484541268426897058e+26
-1.387922892234280103e+28
-3.826010565163722043e+27
1.073022769689239565e+28
-2.143074362560600899e+28
4.647346857349662978e+27
-9.894744897193055622e+28
-1.817097690615131626e+29
2.393468087711634648e+27
9.105152178479285907e+27
-1.662046012043722841e+28
1.235374914620146560e+29
-7.479059159560770638e+28
1.343037897800596250e+29
4.964584061330931041e+28
-5.879753611628137239e+28
3.921748764860971430e+29
6.733384223600037794e+29
1.877142066338066427e+27
2.532436205643608149e+29
-3.053075685881068228e+29
-2.771740895889920653e+29
-2.495992385016595412e+29
-8.132575858852173864e+29
-2.014657707738853740e+29
1.803887785629594199e+29
1.938242660864601118e+29
-2.534541615478465834e+29
5.431651348024803164e+27
3.231159012013200458e+28
-3.285474308177240642e+28
9.099951077995839635e+27
-6.603671862650047417e+28
-1.292649210456994321e+29
1.056920802122126126e+29
-4.828560375542907157e+29
-1.066864508534432259e+29
5.175065349109032641e+29
1.960406572550940374e+29
-1.881997007969877736e+28
-4.860877025359906177e+28
5.695027289713538058e+29
1.092936435514253639e+30
-2.149960444208585803e+30
-1.615197976101820699e+30
4.867647239625580618e+28
1.796589974108823767e+30
1.675244716537640174e+30
2.740283797693100086e+29
4.307378511435319640e+29
-7.910989832544274019e+27
-1.208502206774206372e+29
6.028210315497151229e+28
-6.321532329204662970e+29
-2.176916352883518647e+29
4.654001785017718714e+29
9.874111649259677393e+29
3.950074218815527474e+29
-4.586520468163769122e+29
9.005810329590475504e+29
-5.302135619345095732e+28
-7.771415503477821262e+28
5.123081326418910513e+29
-4.770143892401186455e+29
1.286161242375288237e+30
-9.219053376332734463e+30
-3.020853104366027743e+30
-3.122896504451133100e+29
6.231570564579440187e+27
-2.672893435449578839e+29
-6.604012809612343212e+29
9.135636028473729109e+29
1.225412288787400228e+30
-1.228022343854091884e+30
-9.939299348259153924e+29
-2.365675396721046611e+30
-8.052192464860066454e+30
2.197990247958811378e+30
-7.949242880167225141e+30
5.514067054054749018e+30
-3.106021662829338628e+29
-5.983817079296019789e+28
1.217076088622736729e+29
-5.164240193061178184e+28
2.358922574623761036e+29
1.212661781884382794e+29
4.280445823282483261e+28
-1.408978282745340480e+28
-2.171172839910299161e+28
1.228120857674861362e+29
9.380761671015264564e+27
-2.282911682577460004e+28
-2.224608771259701866e+29
-1.569614434577554159e+27
2.313382293364424011e+29
1.225752384740711809e+29
1.020099740141871408e+30
1.667056779526255844e+30
-1.594070572890380986e+29
1.328619110855994280e+28
1.035918921143718344e+29
-9.420881444291427824e+28
7.946282497979846626e+29
1.249120203193657735e+30
-9.713145205817542450e+29
8.077137323041561208e+29
8.408412235490948052e+29
9.048635385047551801e+29
-1.180674527584895611e+30
5.603813766941265136e+29
-4.655019839090152762e+29
8.307512299816023531e+29
-1.208633604827263131e+29
-5.226650676471885747e+29
-1.142837388651600228e+30
1.167328553254135164e+29
1.983337999898592472e+30
7.177408418115966702e+29
-2.243918170180813940e+30
3.014420868030040358e+30
-5.519820126360178598e+30
-1.393411281077103162e+30
-1.324279397566232781e+30
2.318354238955285514e+30
-1.015960762838282817e+30
5.345396812382514740e+29
1.951653839624905255e+30
-1.991888749134409025e+31
-2.844686122118688259e+30
4.829680843434159795e+30
3.311806533066734739e+30
-1.640658816711529291e+30
1.035713542281410708e+31
-6.067923819888282971e+29
-9.424738405271590858e+29
1.996546420513131409e+30
-1.488708889463341141e+30
9.119695334444050548e+28
-2.133330650409674762e+30
-5.931325179274097608e+30
2.681645360337831986e+30
4.475218626578992452e+29
-5.302552713080771274e+30
1.448218442489309940e+30
1.904286943594922183e+30
-1.283615095071302823e+30
-1.409903259044125180e+31
-4.712697252232577880e+30
2.531977347977616163e+31
1.955340092205739648e+31
