5.698868898084920000e+15
-3.336380067423967744e+18
1.283824083153188291e+20
-7.886182545825592771e+20
-1.252014773305116983e+21
-7.446782861985214104e+21
-5.692034466001830543e+21
-9.770576601620536099e+21
8.669263294887185560e+22
1.588066567942266368e+18
-3.074570416302057718e+20
7.743676455997450224e+21
6.898811163516094487e+22
1.096021805479411927e+23
-1.062272556858220783e+23
-5.498626829224369602e+23
-4.300127846108758335e+24
-2.180663117981411617e+24
1.670653761752179016e+20
1.617424723739718504e+22
-2.123155711335141789e+22
-1.503677048547892401e+23
5.399080863427399967e+23
-8.848237599777534069e+23
-7.948461661334554815e+23
2.832087166963629504e+25
-4.210243641742801773e+24
-1.381362955997754687e+21
-1.762186765283529631e+23
-1.632572236339614633e+23
-3.525518605259986876e+23
-1.138551274504280835e+24
-1.998256866514200728e+24
-4.560840728318875709e+24
-2.061626991500925950e+25
-8.421901273249250700e+25
3.680182661328653415e+26
9.650358308253078651e+20
2.574596664140157325e+23
-1.357285188106032505e+24
8.820266275068687942e+22
-9.753929842386212781e+23
-3.557757320207646235e+24
-9.558352866044446557e+24
-8.863012143775355800e+24
-3.465900524188764150e+25
1.167570768715784051e+25
-1.456784781470764205e+26
6.490736017754894268e+25
-3.040349766744853709e+22
-3.485140842197652655e+23
4.457055746351664665e+24
-7.293423148999709253e+24
8.416743214352886909e+24
-4.795748770666330553e+24
-9.915137138053542029e+24
6.806809457973085723e+24
3.140737421572399247e+25
-1.923396145292678577e+25
-1.666578263914121515e+26
2.049249182524364705e+25
5.605704767774360284e+26
-1.341054380387478765e+26
-2.464764765765659263e+22
2.510050992669317646e+24
1.164505348055432700e+24
-1.840713052913237624e+25
-2.024335877399398201e+25
-3.810370367776193195e+25
-1.564209074286630704e+25
-2.408340922053413798e+25
-6.779904767835955276e+25
4.981905813686117099e+24
-1.455274492451194440e+26
-4.516232705843730873e+26
8.275888502072826627e+25
-1.486972464537966553e+27
5.914486488008911589e+26
6.455432107969876695e+22
2.496395410950978686e+24
5.224246435859386952e+25
-2.086869963074544753e+25
1.050717479925601508e+26
-2.010391689720159953e+25
-2.176439576883305096e+25
-1.291729687963413872e+27
5.091757703752201895e+25
-7.479005817094322253e+25
1.076881478717614619e+26
1.349946787301961603e+26
1.714659769106799662e+27
-2.488274240279832676e+27
2.619887624466346237e+23
-3.269439832763268149e+25
-9.201514127519902834e+25
-7.065255700257117948e+26
-6.098728295202274697e+26
-6.529643537065791136e+26
-1.298693378034353162e+26
-2.552915565451328529e+26
-3.023017954587058594e+26
2.766754679694548042e+26
-6.820358495700337869e+26
5.513984219142173588e+26
3.829508024273644983e+26
-6.425156331120565944e+20
3.701513498637528728e+21
2.860169625722106675e+21
-6.637238516194129582e+22
2.666904510239917296e+23
2.214530510166711366e+24
-4.126430789705698954e+23
4.271391590475603294e+23
1.265123437364389714e+23
7.769585012021222735e+23
-6.246180204612691241e+24
-2.073917871950581654e+23
-2.800652300911010860e+24
-4.856493665516710741e+25
7.750588611452851165e+24
4.855944879892981799e+25
-3.227131558046055006e+22
-1.215750077506883718e+24
-1.875194552644461392e+24
-1.209045207549772385e+25
-1.361947190158976824e+25
1.861841862087612894e+26
-3.392374182862164032e+26
-2.725498293244011882e+27
2.286922191221333506e+24
-1.263720316914669294e+24
2.130522270055069572e+25
1.176244272106398574e+25
3.842698962007782007e+25
1.462973424093072277e+26
6.138609863086221373e+26
1.871622873130449751e+27
4.469803161499822107e+27
-2.982426060427678236e+24
1.913315455733351357e+25
-5.668115651675817097e+25
-6.826444690611954129e+25
9.507987706088417266e+25
-1.628443779526084074e+26
-4.645177177912160482e+25
-6.931105207270286026e+26
-7.087748326714331978e+26
1.349695572394302416e+27
1.696625242014576885e+28
-2.235053191101407555e+24
9.006212472237271590e+25
1.595915252497139675e+25
2.781150441762131769e+24
-8.789965545626004609e+25
1.636611161377450971e+27
1.755785790129687856e+26
4.095554239875801352e+26
1.273054300320587995e+27
-3.380440533327242613e+27
-2.788599359803323704e+26
-2.152202259778106502e+28
-3.211448189313397011e+28
2.693567110815353771e+25
1.622892019514600221e+26
1.553839484419816136e+26
-4.878327606871556241e+26
-8.260015101045812561e+26
1.277824823403172953e+25
6.157774079458424499e+26
2.860490654140940398e+27
-7.240416899595808996e+26
2.663371227585889662e+27
5.806799208014291576e+27
-1.487399474946363865e+27
1.234693306910294663e+28
5.308714851748477844e+28
-1.779433150801780615e+26
2.206035406125306761e+27
1.039325908312293792e+28
4.910022797307886383e+27
7.045399694614526818e+25
-1.045153058868053029e+28
-2.438694961139442418e+28
-1.930958314523650581e+27
3.744010381117640127e+27
1.443237646266287448e+28
-5.771853366836602985e+27
-6.151898263528961578e+28
-6.965969416390346109e+28
1.880352983730989414e+27
7.730135359795488349e+27
1.872193045844284615e+28
-3.067612190135240178e+27
-2.995342883701840175e+28
-6.873902441091953430e+28
5.486286479303936328e+27
-1.228626882663369128e+28
-7.312373233114439269e+27
5.821079264431433627e+28
-4.669423585786370245e+28
3.824107151836250663e+28
-2.401389982916380144e+23
1.150573754948604895e+24
-2.211343403318585988e+24
-1.005807233284632546e+25
2.781913124785283836e+24
6.102551770778450491e+24
-1.207230180496941343e+24
-2.955097438731276168e+25
-6.722097507960739502e+25
-2.084037562060036628e+25
-4.200698270638440751e+25
-2.040242218599506499e+26
2.188879337369845171e+25
-4.735721089436053349e+24
8.918589640593554953e+26
3.428663686780837982e+26
-1.143973793883349108e+27
1.944963530368171453e+27
1.098250676153160810e+26
2.140636322468279823e+27
6.369707302696682626e+26
2.655060462657810899e+25
-4.160779558301206144e+25
-4.650705852093375056e+26
3.598823274429344771e+26
-6.235189675903038418e+26
4.632118293793811196e+26
-1.975940618516611346e+28
-2.132542781851424405e+28
5.451512981583739516e+25
-2.725495540358977072e+26
-4.747070616974592547e+26
-2.077793212291298115e+26
-1.088965204203233223e+27
2.129581824055888670e+27
3.409356196729574263e+27
2.394219803197528367e+27
6.903063265884751399e+27
5.665049006222128670e+28
1.639693512481822126e+26
-1.832281661983298640e+27
9.056200045100266623e+26
3.573650865951365596e+27
-1.701147176924838191e+27
2.605680385688890397e+27
6.160842029957309477e+26
-6.655288528907258102e+27
3.082988562270431395e+28
4.852407901122964444e+28
1.463221421738147592e+28
-1.236720102226766586e+28
-7.481167433702282162e+25
4.196410247590145137e+27
1.833673595468186679e+27
7.576419998541076756e+27
-9.576305987868834419e+26
-4.954655855657055203e+27
-5.248505952976762579e+28
-5.881159794644911871e+27
-7.762076036051728736e+28
5.631798190571127856e+28
-5.074901953713002859e+28
1.101028615644139187e+29
1.656598298489110335e+29
4.643401673487660844e+27
2.671795594083123899e+28
-2.311981706143008802e+28
-3.911660349391302566e+27
6.217259222542293827e+28
1.181466309754856073e+29
1.708077910179952715e+28
7.724063396747116715e+26
1.326810253281258523e+28
1.158047006746331211e+29
-6.112452718134916337e+29
-4.040696101430043673e+29
2.697210044550124974e+28
-2.435395859730003825e+28
-5.425668539470399373e+27
5.379028875734469056e+28
-4.180790199234485477e+28
-3.067151407478636940e+28
-1.706458388499018517e+29
-5.180506630542231316e+27
1.654503782576560462e+29
2.807544690354370113e+29
-2.884586487822002042e+29
1.690979107796885302e+25
-8.481645262737770129e+25
-3.574781255020082161e+25
-4.780793399996609526e+25
-6.568979119659049607e+25
-1.794972481711235963e+26
1.037852367220311709e+26
-1.258696499984872853e+25
1.671397860868444971e+26
2.981743427909357839e+25
-4.868869304819524784e+26
-6.347425031667100065e+26
1.356911717437623496e+27
-4.916996766393183689e+25
4.372476731538595039e+26
1.345712359518997810e+27
-6.947634896370596668e+26
-1.621614064479516356e+27
-1.396975886801812042e+27
-1.944331100170817915e+26
-2.753189610007157157e+27
6.446359523595230592e+27
2.141330798191667484e+27
3.882008366954282138e+27
2.175999332531332330e+27
-3.201096815328063554e+26
-1.608219409311318908e+28
1.731282179545183645e+27
1.200323993263195594e+28
2.441828968655279101e+27
1.654804645175957723e+27
7.232214647219339738e+28
2.081979486859975080e+28
1.066760595766434369e+29
2.842687742685403917e+26
4.707215106603700292e+26
6.448327889815916351e+26
3.538639566592229442e+26
-2.175635289155276287e+27
-2.291635273485925880e+27
-4.459136060913912430e+26
-1.600973033282995438e+27
-1.577953404354331533e+28
6.684852966401319776e+27
3.401758905781862365e+28
-2.285015599912018529e+27
2.250938774913848452e+29
1.840100908546934840e+29
-5.009975314866271670e+27
5.028740488016698709e+27
6.269820379150119735e+27
-6.613118815761082402e+27
-4.077655569196396413e+27
-1.180274322814874154e+28
-8.640995919439027331e+27
1.652732922617489395e+28
-9.766721475357623199e+28
3.200397532517926231e+29
2.546198166464770483e+29
4.030167940613724802e+27
-1.178912170788937772e+28
1.487156281429610568e+28
7.602781731989113934e+27
-6.676210406105855316e+27
-2.409013126888512096e+29
2.302193541680299248e+28
6.433142781706365638e+27
1.024406581123047782e+29
-2.492848553242826909e+29
-3.914995692402451411e+29
-3.469329538475844768e+29
-2.779994603629640355e+28
4.189998827017028206e+29
-4.476009841193655949e+28
1.591127686145963022e+28
-3.066927811465551189e+29
-4.337556262004053921e+28
-2.485732494325502841e+29
1.115225065251513824e+29
4.641439188135934864e+29
6.882064174088616559e+29
-2.067577153772007564e+30
2.632774747504901904e+29
1.108201900130633282e+29
5.193184835868035778e+29
2.324002335091506344e+29
-2.718770262488884244e+29
3.881708008116853832e+29
-7.658754860930498440e+29
2.063481121887436321e+29
-1.695511005810828492e+30
1.789520232026937745e+30
1.872498687158477582e+25
7.541323258248144595e+26
-1.619436777693741159e+27
5.514680776574912122e+26
-7.417423441996792864e+26
-3.670423122228335362e+26
-1.087380965632174196e+27
4.666946815873703503e+27
-5.101739617265751818e+27
-2.884270716786977978e+26
-6.940197065273025941e+26
5.831621687475887146e+26
2.865723269812678725e+27
1.663907690410325173e+27
-1.342216774947908743e+28
-7.321301290839962237e+27
7.372255061195748392e+27
-2.028767585175204056e+27
-4.951984314006842674e+27
1.160057019110554853e+28
9.168642041290760267e+27
-9.901472243612743716e+27
-6.828570753523956859e+27
1.313945583609414295e+28
-1.021977562289721283e+27
3.359598029571141850e+27
-7.028534556509422445e+28
-6.292214125703054122e+28
1.407948486643609260e+29
8.482124584756005952e+28
1.820322301661594542e+29
1.632566283650011084e+28
-1.508801252049481602e+29
1.299812532394335511e+28
-5.624500748397179004e+27
1.162804902224091106e+29
1.025877702285423822e+29
-7.010067992052805263e+27
-1.162672561207129393e+28
3.219118069491974690e+27
-1.331538987724935537e+28
1.208361270268368339e+28
8.409582330480619642e+27
5.983634945992339086e+27
-2.620103613199637467e+27
-1.843775862156154302e+28
3.888648603488980292e+28
3.816339862020741070e+28
2.207009713258238798e+29
-1.756664476459170950e+28
1.778649937729570827e+28
5.241505761071023753e+27
-1.130098580699243739e+29
-1.366326285218022652e+29
3.755579990500478766e+28
1.233502252708367212e+28
2.288162663348222481e+28
1.915085666838836623e+29
-4.557545830458565687e+29
-1.967267896619536974e+28
-3.511691287533704499e+29
1.052960064307748582e+30
7.510934794757855158e+29
-5.375813164024389631e+27
-3.455833063003255739e+28
-1.602109582049667669e+28
7.775917150322358018e+27
-1.969509783885474527e+27
-5.365996635320033246e+27
-9.310260161188015343e+28
-1.252369743852918898e+27
-4.980489386205504363e+28
-9.839639689893104097e+28
2.783379736477168111e+28
-1.454830549140747712e+29
-5.975711043471803178e+29
2.533176692024586566e+29
-1.142468373156352203e+30
8.071154219515649791e+29
9.754691781264265497e+29
8.039475103589643316e+29
3.925623943528999013e+29
-3.378928749724146612e+28
3.595935331826276270e+29
-7.979742243358900063e+29
4.636836759066471938e+28
2.470190952740880389e+29
-5.535320716343084128e+29
-1.128803200863518226e+29
2.330096501789454530e+30
1.037455469529872408e+30
1.024237094916382748e+29
-3.004214291425465294e+29
2.572406436175948502e+30
-3.953260313147616802e+29
4.884446679438524090e+29
1.460371950877728148e+30
-5.568720317213032446e+29
-5.013111652802061091e+29
-3.724451016061895405e+29
-9.820816562703292962e+25
1.673855860461530374e+27
-3.204652386543996673e+26
1.672757724410350709e+28
-9.416622710486686388e+27
-1.903068950293843955e+28
-2.090005305106619068e+28
-6.134942454737524346e+27
-7.437216361829570970e+27
8.179652618119171994e+27
-1.324326721692681616e+28
2.073731929279495367e+27
3.025722039656313507e+27
-2.635213967616823214e+28
-1.575741087490896352e+28
1.733115439221862973e+28
2.805900238352852672e+27
9.025638427315346386e+27
-1.425685611233336183e+28
1.242481722357038682e+29
3.199797488224727728e+28
3.315292475173976664e+27
6.283274916817954050e+28
-3.764044262936435405e+28
-3.414369782894496688e+27
-5.674280058918192545e+28
7.934604740295114638e+27
-1.224305170983524533e+29
-7.696580282144064701e+28
3.288271326875994803e+29
1.319189394793300797e+28
1.379712713716737052e+29
-4.397441743913439229e+29
-6.756666732812428742e+29
-1.920657378673198973e+29
3.977441275696159425e+29
1.344643771937285966e+30
-2.598107596037257257e+28
4.308625844859862925e+27
-3.525657951470697587e+28
6.687445914274067017e+28
-2.283496233609880570e+28
9.079837281348269636e+26
1.185965159166563236e+28
6.822550230505834769e+27
4.737348212853735135e+28
-7.773478874381072256e+28
-1.791671428177214724e+29
-3.868116331232997629e+29
-1.036128018224266836e+29
7.877962279156523087e+27
5.010077596979783471e+29
-4.531811781017350980e+28
5.727319316236841860e+29
-1.546846339641457047e+29
2.381057695634635689e+29
7.003820690655838725e+29
-8.805180563593164621e+29
1.292049599863200711e+30
-1.467504459877715289e+30
-3.256532414834643593e+28
1.642137477522326927e+30
-9.689018439280497722e+29
5.161996236609339481e+29
4.972189110548254544e+29
-3.610186568011890965e+29
-4.507651879036073698e+29
1.484393720343940829e+30
3.191547045934574923e+29
2.278345383108452303e+29
1.681417848511845992e+29
3.992731302024492862e+28
5.616515010245852273e+29
-4.501060620870466694e+29
1.298503359146190912e+30
4.262114275835211582e+29
-3.486548384534828753e+29
-1.130905525106831470e+30
1.522205430399464670e+30
1.055378833137125247e+29
-2.265553860626570602e+30
6.012564466894466286e+30
-1.369714560380307186e+30
1.124000640379155385e+30
3.123535388417244982e+30
2.672083025755899672e+30
3.179986723356648071e+30
-6.742157036293454163e+29
7.056863352828067201e+29
2.702311922635052634e+29
-2.736874911027958609e+29
-6.452374710461628720e+29
-2.275377912513478624e+29
-1.215285522417144478e+30
-2.428268491226564252e+30
-1.071695127993724732e+30
-4.690254999008358454e+29
5.805822560676972642e+30
7.211681980553524886e+30
-4.948676857286401220e+30
-7.584492934166710622e+30
-4.311402265872923919e+27
-8.394366884800623808e+27
-9.097827648332650271e+28
1.354960721548823314e+29
1.057848053651563263e+29
-1.386310765234669424e+28
-5.750248823821067990e+28
-6.561250005838864359e+28
6.983709792288624116e+28
-5.878571944023156816e+28
5.801905530018846126e+28
3.685756278698327649e+29
7.701154392566002543e+28
8.611746309494322716e+28
-3.809924442179162135e+29
-1.189462188886254349e+30
2.699943940323577419e+28
5.358277735547089715e+28
-5.796055920911439714e+28
-3.528584949693436699e+28
-2.150233311855818229e+29
5.669235834982434643e+29
8.496181058294236445e+28
-6.702259410091219041e+29
-5.384237076025505204e+27
-1.235937322297604537e+30
-5.011966278213684080e+29
7.288448704182490565e+29
-2.970166279239098066e+30
-1.298813720857816806e+29
-2.559479190265258488e+29
-1.660550544362687028e+29
2.531345696711166381e+30
-2.285945203368601645e+30
9.461048134162739071e+29
-5.309704003889553525e+29
-1.323277969347684864e+30
-8.435968765883812144e+29
8.671694036204327318e+29
1.124320091229826577e+30
7.500902639209778860e+29
-2.479568935170237708e+30
-2.324422746588068962e+30
-2.414447652677599878e+30
-1.726884495802176872e+29
1.203850406172015653e+30
-2.487318450206201579e+30
1.678976358486543892e+30
-2.295985295163176287e+30
3.636235136856816637e+30
3.735460859056473087e+30
1.534760081701138182e+30
-7.790938771305839601e+30
7.559401121278397706e+30
8.100743740880230627e+30
-5.714753789382694600e+30
-2.346556523673942497e+30
4.402643686657734549e+30
8.992758697644625756e+29
8.323889827297554165e+29
-1.065923983198677814e+30
2.124564392840389270e+30
4.306407205391356345e+29
-2.105545206862893471e+30
2.360594995038971872e+30
-3.071014433314216573e+30
2.892531023998938264e+30
-1.198880143858495351e+31
-5.181087144953302630e+30
-8.558045878474399907e+28
7.030698960351089106e+28
9.001017343668307360e+29
4.478735136105929773e+29
1.673498351846103094e+30
2.643221217324450811e+30
1.120040890715484848e+30
-2.322174990704567767e+30
-4.320915964997057315e+30
1.476109726519301450e+31
-3.010406682807836070e+29
5.767196931689284727e+29
5.131525003725146653e+29
8.612543463360173703e+29
1.826361073095763352e+29
-2.636488988555869802e+30
-1.780598531464875403e+30
1.449904961573359904e+31
1.401131283613461491e+31
-9.591505168432304833e+30
-1.568081467944587154e+31
-1.039391917749990379e+31
-2.269943004256645901e+31
1.182509009931383623e+31
3.162474136334537600e+30
7.212507449674232116e+30
2.501944548316320993e+31
2.620048224115028546e+31
1.836559164526050242e+31
2.756547199171744514e+31
-1.412272519615548803e+30
-4.889499575428997193e+30
-1.643131381379221577e+31
-1.960420884814603306e+31
1.347946604549648003e+30
-5.912792562487426002e+30
1.208603943940129762e+31
3.891433777420588534e+31
3.447280344314284502e+31
2.234225986019662080e+18
-9.493629953499437466e+19
-1.373536994347111055e+20
-1.734907117343338660e+20
-4.990733451131129692e+21
1.175786285700055092e+22
-1.943488650311438329e+22
1.327995178624767702e+23
-1.020932186668355748e+20
-4.290656972235495440e+21
1.829976799644368031e+22
-1.528306889208775846e+23
-7.675502073433316540e+23
9.032536690661148653e+23
4.221362024001480251e+24
-1.410851243726676135e+25
-1.452998256192540744e+22
-8.445609326004003144e+20
-6.748369576632512833e+22
-2.138949990495347477e+23
3.117963472151957733e+23
4.839615187853498575e+24
7.452186758907720791e+25
4.106419553609490184e+25
8.655566815796991204e+22
2.491954519214192234e+23
-2.334042332069388375e+23
-1.858419546398899428e+24
-1.943493392646133137e+23
1.251646779358357739e+23
-3.381678742443254025e+24
-8.250749822783340744e+25
2.640981574411548732e+26
1.046791929061569630e+23
1.304075658399895555e+24
-8.373420748909639526e+23
-2.295344395200793596e+24
6.039418387747701701e+23
-1.767048780110329356e+23
5.161476054422432994e+24
-2.451204872553453282e+25
-6.262491645645750167e+24
-2.684713253224828922e+26
-1.492265809437970881e+26
-2.968732731611677972e+23
8.736489074074333479e+23
1.171100797632081631e+24
6.549204893617054206e+24
-1.296454625066035210e+25
1.883098234583055531e+25
2.962202709401256147e+24
-8.775733809781170816e+24
3.157972003185604389e+25
7.828486805705146970e+25
6.544683201584365438e+25
-1.681431627448974428e+26
-2.432505988808539999e+26
-1.449252844704347047e+23
-1.224370547928690959e+25
1.542840513565231815e+25
-2.596430836330879491e+25
4.705175359814015583e+24
7.456300861159483732e+24
-4.531272052560583379e+25
1.406524517648305492e+26
1.291259635234321547e+25
2.299699618177684043e+26
2.650262299515514432e+26
4.579104495872072657e+26
8.017614011084540371e+26
2.102638381590487596e+27
2.127449632940837218e+24
-1.622412692389843698e+25
-2.530317176352744715e+25
-1.993196123890290464e+26
1.977271586570985510e+26
-2.847758204625753319e+26
6.264013575297106954e+26
-1.069323684434482102e+26
3.456245152382531816e+25
-8.630294222023565857e+26
-2.215457216727240374e+26
6.577029717552170224e+26
-1.188689141266741527e+27
-1.550980969941225472e+25
1.131862659250602778e+26
1.787169701045953177e+26
1.018778116772763364e+27
4.528023283935846089e+26
-8.914196641955582924e+26
-1.452091547046992775e+26
-5.568058365848386299e+26
3.609557028214630518e+26
-1.112372084095262041e+27
-4.978430312511381670e+26
-9.094128465934759261e+26
2.215042107883388509e+22
-3.648277768967351278e+22
1.664889526916792745e+23
-9.554090097570396494e+23
-2.266080716411635593e+23
-1.539586221059805169e+24
1.295814560078026980e+24
-1.509118454255450608e+24
-1.225082003224062136e+24
2.114063509975186029e+25
4.287163112486815134e+24
1.069191774898040594e+26
-5.631992212164504232e+25
5.938465654695158258e+24
-7.312020563606165573e+22
7.991370790945979978e+24
1.686470838738250568e+25
-3.163292370196207128e+24
4.463582242761011210e+25
1.036178191666905504e+25
3.463789085209598275e+27
-2.581299591042589513e+23
6.410803309485694153e+24
-5.228020871620251174e+25
7.525142707811855891e+25
3.320754683002918683e+26
-5.959003980015153413e+26
5.789157974179004401e+27
4.224157665842703199e+27
4.549975457033511527e+24
1.689638318436943971e+25
-7.852720230501343146e+25
1.961525815419494602e+25
2.255077286203284899e+25
2.079430369001168786e+26
-7.172927109736612515e+26
7.990672084309194514e+26
7.517465211261096573e+27
-3.249305349414571841e+28
4.726656902908682879e+25
2.466046123040771900e+25
-1.578494073334261702e+26
3.045926930250554728e+26
-5.524091376737518272e+25
-6.281358316168250108e+25
5.067171129101147971e+26
1.298942035473195911e+26
5.132843992383722462e+27
4.240298470928352968e+27
-1.905930426236763917e+28
-1.987254416515542673e+28
-1.411529474559196000e+26
-9.810178842454092268e+26
6.107024455836051208e+26
5.415976228337409837e+26
-6.032867393704569875e+26
5.405497095396187778e+26
2.040508396135543775e+27
7.693373337682683764e+26
-7.992820045431571664e+26
8.269914638968417091e+27
-2.819007018208550698e+27
-1.831321925624556191e+28
1.926880678848784532e+28
5.353703623612107958e+26
-7.309528679708452614e+27
7.358980746813468217e+27
-1.393215545327554760e+27
-3.966191065843961886e+27
3.641892652818553507e+28
-5.562542164280856362e+26
6.744398963134420553e+26
-3.350973109612771959e+27
-1.336792336311410631e+28
4.377744813513406732e+28
-1.046834509576816685e+29
1.074577607370115314e+28
1.351989580246930846e+28
7.973186353255398595e+27
2.586030382574942889e+28
3.788750935019599873e+28
-3.659355485838347191e+27
1.422043362930434632e+28
5.292101428126445091e+28
-7.182267146654188049e+27
-2.083397839616431343e+28
8.466916438265342677e+28
-9.417347791258692029e+23
1.779526200850723989e+25
3.408545328700258779e+24
-6.331548305917231581e+23
-6.109513019951296698e+24
-7.249219544110814945e+25
-2.652630798443470708e+25
-3.451583545618633832e+25
-1.774523850426586798e+26
-6.210234321266189987e+25
3.128442557044875000e+26
-1.222947373180851177e+26
-9.387500352874717732e+25
-1.377019277824841792e+27
-7.620326387358984242e+26
1.592353220061235389e+27
-8.936153971814386917e+27
-1.213388920649297372e+28
-5.461509754329767683e+25
-7.904832539399629115e+25
-5.236528863503970374e+26
-6.720381337474040428e+26
6.647399138275149772e+26
-7.578113150042653581e+27
-3.149647568247748213e+28
-3.148355456931563023e+26
-2.594225938827383164e+26
-3.878425604112197936e+26
-2.548599938362118358e+26
2.188645363155197010e+26
-2.445384086234184213e+27
2.632077129221874117e+27
9.936069631796151837e+27
-3.318476060073218333e+28
6.205977224496751036e+26
-1.444745791124560858e+27
2.883013384645080571e+27
-1.213515926812007916e+27
5.648810431307255804e+26
-9.521373471242397684e+26
1.800477793958500888e+27
5.802422360382426142e+27
1.180727310374596367e+28
-1.784807176498553711e+28
1.986887478443101608e+29
-4.005416121424907318e+26
4.027967969454602479e+27
-3.304164505367834959e+27
7.177762700394486162e+26
5.561799775659770886e+26
6.669195889104177830e+28
2.128859362879234613e+27
-1.977914540990330189e+28
-4.400497791672165659e+28
2.593738964605695611e+28
1.203750808177412492e+29
1.246942743405204142e+29
3.075615143175560082e+27
-4.778093850227636169e+28
-1.526799908538501575e+28
-4.546441170273819152e+26
7.182259561229592225e+28
1.515298856995087566e+28
-1.524707825936788681e+28
9.221692320870149637e+28
2.543700783464412329e+28
1.837568045601708512e+29
-4.434468527362725970e+29
2.886674566803151626e+28
-3.768431412303889991e+28
1.730473848087097473e+29
7.280717076678268826e+27
1.384149761702827429e+29
-3.328371955340932953e+29
-1.150222665204212929e+29
1.219204459358656171e+28
1.218113793769856051e+29
1.782047391751194216e+28
3.602559025589956846e+26
-1.917357814604656644e+26
7.917966520308489504e+25
2.931961412578843238e+26
-2.165232905930923720e+26
-1.077237813713745156e+27
-2.627018086659274392e+26
1.094706394650946972e+27
1.689114298492325602e+26
9.520657918262927187e+26
1.253909505970691395e+27
4.728416522447192327e+26
-8.255750273851683483e+26
-5.122479531767006878e+27
-4.336744187929363435e+26
-3.455664442203805508e+27
2.816390307796810794e+27
-2.625728680758881252e+27
-4.063300540989280896e+27
2.111594225810502216e+26
-1.181109211955514998e+28
3.874211186450057585e+28
1.249881957212833878e+28
4.843953922542843633e+27
-3.422673954863350711e+27
4.250585733709043192e+28
-7.176521571378244927e+28
8.940117101957652243e+28
-2.039539799593833606e+29
-2.769595661788852391e+26
8.456927423542025110e+26
-1.968071575860396799e+27
-3.779631058611329310e+27
-1.033592345567290627e+27
9.489195205461108091e+27
-5.197254642049313191e+27
-1.459923524479440461e+28
2.540292389348677557e+28
4.810398808965944844e+28
2.542813080467959545e+29
-8.903709841247331513e+28
-1.245305172648225899e+26
2.249600755135327119e+27
-2.774056012663648025e+27
3.154476920159869312e+27
1.681212438556349195e+27
8.509608958107971365e+27
1.748006582336083729e+27
-5.103115471462568478e+28
-1.974046011074067924e+29
1.202572098900296580e+28
1.337852159176443941e+28
1.436919031283231748e+28
1.711166719947960997e+28
-3.246740309184637167e+28
1.095997372185366347e+28
-2.599711824367955851e+28
4.636209476994611295e+28
-1.896584177406421957e+29
-3.874317374156654376e+28
-8.898505655254666980e+29
-3.393631876754195199e+29
5.321189659982540847e+28
1.262072069763653674e+29
1.828773111367333125e+29
-5.107028913788132495e+29
-9.367484658076460623e+28
2.788566882381111876e+29
1.744550711396342586e+28
-1.095957255150235174e+29
-4.731583866524759906e+28
8.574921164113182903e+29
-1.146851821274505913e+30
-6.652830645142730493e+29
-2.976208427090037619e+29
-8.322689706330817326e+28
6.950952685184681498e+29
-6.009278538889297441e+29
1.140627325403065528e+30
2.412810889261636381e+29
6.404775103551003520e+29
-8.555352568015154840e+27
5.781404432790365437e+26
1.444470851389024739e+28
1.483813579666488510e+26
-1.760463533753170980e+26
2.336939722553256028e+27
-7.612953850486527458e+27
-2.610942825932438899e+27
3.411760240110080828e+27
-1.832694551444171448e+28
-8.365857894443060861e+27
-1.323494411909880952e+26
3.241199120680978739e+27
3.388999154308090746e+27
6.924655072883507164e+27
4.075217915010817636e+27
-4.239475717997665391e+26
-9.271843731214226132e+28
-4.600924387645388404e+27
-2.421197224006681811e+28
-1.706147128996976428e+28
-1.782194845393372862e+28
4.536526410589170255e+26
-1.448710409484811738e+28
4.239654694507328512e+29
-3.227499379080797791e+26
-6.398109355391011794e+28
1.641932853447502750e+29
-9.869582742141306002e+28
1.895428517045564729e+29
-8.369592036903516137e+28
1.397823990790286271e+28
1.916708505007011220e+28
7.054896383969979138e+27
-4.403634526000682576e+27
8.465980235851053699e+26
3.088494609779398927e+28
2.851458600044118705e+28
-3.593392885917195870e+27
9.847563454855755703e+28
-1.457419013855040910e+28
2.135690278274009511e+28
-2.312684383702199640e+28
-1.689623545323638527e+29
5.315187276667745714e+27
5.706323346037110722e+26
1.460236299456089355e+29
1.315045841426994059e+29
-6.641824775365799608e+27
-1.859111054227917188e+29
-1.701705035207058568e+29
1.032977916125652940e+29
5.893593538200659326e+28
-1.552995939826041213e+29
-1.036371662418461608e+28
1.448181909648317465e+28
-2.875830531726303015e+28
3.547967993719076490e+27
-6.628531463857717249e+27
-4.699550388992873526e+28
6.147074886930268150e+28
1.023408826189575017e+29
-1.259579881884693533e+29
3.278756538588110461e+29
-1.961771293052486175e+29
4.808162427480104128e+29
1.261365062090475785e+30
-2.764819306833860008e+29
-1.126530241843855252e+30
-1.323578961073632166e+29
4.515199695980713422e+28
2.353332620451394015e+29
-4.400700302266426146e+28
-1.727114921141034715e+29
1.275120290116033036e+29
-5.156156533602386998e+28
-3.125101593464072851e+29
3.935970599733738486e+30
-4.807366367423727766e+29
8.525995116942986585e+29
-1.637846095450974217e+30
1.755447444991838627e+29
-1.279237496682751307e+30
-1.261351016227711846e+30
-2.584439996546210100e+30
-3.279842454880801984e+30
9.392440103376424687e+29
1.948159188691583538e+28
-1.787514659983262116e+28
3.598659869380577258e+27
1.414802265368667671e+29
-2.800938459859843726e+27
-1.411050111342279853e+28
1.818274608011828550e+28
1.709997368633105810e+28
2.201125741209307782e+27
-5.644737626027757245e+27
-9.802521381325969289e+26
-1.475113654559104861e+29
2.280167220186675467e+28
2.277628549310915643e+29
8.059901899143800759e+27
-9.550098756480189978e+28
2.380312095771311554e+28
-2.426362457368519777e+29
9.514624967743216449e+28
-7.613543963960836842e+28
-3.118828909616684250e+28
4.563392835416528300e+28
-8.641145711879519165e+29
6.209706400433791614e+27
1.907123268842311432e+29
3.638382401052385485e+29
-1.996147028385799726e+29
-5.525271893545573028e+29
8.236807030667151139e+29
-7.356075349036962935e+28
-2.086716505351862329e+29
-3.350680551792454242e+28
-2.345330210070150913e+29
5.706748801428031525e+28
-3.611010998470365834e+28
2.930718470269291362e+28
6.958796089766744007e+27
-4.548754232595094456e+29
6.284150958063909680e+28
3.862948993827419475e+29
-7.966490218020101640e+29
1.255409446132423579e+29
2.021923763670225791e+29
-1.056812205116854402e+29
1.071867722570056282e+29
-7.730520454598802162e+28
5.563320822243260722e+29
2.516519900484368834e+29
-1.138038594724552004e+30
7.421046488143268659e+29
-6.724061865421456074e+29
6.275195116535653588e+29
1.403773383682781008e+30
2.889731396384916776e+29
1.310065983389456234e+30
5.192846772887463908e+28
-2.186583620416313009e+29
-2.765367369639595989e+29
-1.510649883367988757e+29
5.644831431933735948e+29
-3.168066891709760802e+29
2.225786977801857906e+27
1.070318148530336851e+30
1.335643714090549514e+29
1.715173424681757335e+29
-7.224405130568718808e+28
-4.612297417633285457e+27
3.895208896068055068e+30
-2.775771880445005574e+30
-2.743220112322760408e+29
8.037804051536743735e+30
-7.852604096921596371e+29
-2.475602649813878494e+29
-6.770858502749639955e+29
1.913717845688897881e+29
1.376875148010207393e+29
2.017732066625102685e+30
5.879723154990443097e+29
-3.025937957662166155e+29
3.930943952987160260e+29
3.114487943825117197e+29
-2.187066843454610912e+29
-1.066938560309080188e+31
-2.134461360511947143e+30
6.491678815415555161e+29
-6.873065572209886617e+28
-1.343772554036451772e+28
-2.116710968996451845e+29
7.630935176824735255e+28
1.151720931387075657e+29
1.935192613626806746e+30
-7.083368671927151793e+29
-2.443576308760884545e+27
-4.901205650425239974e+28
1.457726087345815491e+28
1.347386791195752004e+29
-7.125908751492667691e+29
1.919794348917648083e+29
-1.769935636118558504e+28
-9.660789108612736928e+28
-1.398805092490268709e+29
-2.002103210857640783e+30
-1.151047801486068325e+30
7.222153091966541734e+29
3.421243603782502401e+29
9.407390747533224436e+28
-3.456635234802675754e+29
-1.924364161280410310e+30
1.569871761691642913e+30
-3.586323728739361528e+28
2.564465200896520706e+28
-1.301906691201864842e+30
-6.416972988575991687e+28
1.073625530325785310e+30
4.907585838958095310e+29
-3.775346941334840456e+30
-1.782485702139037825e+28
-3.420607160109824164e+29
-2.649945666614333276e+29
-8.627984982211189608e+29
-3.506404780643557033e+29
-7.270177703159832289e+30
-1.678722920025346817e+30
-5.076751589167693022e+30
-3.877519819142196936e+29
2.647293219406832626e+30
-5.113842906248408207e+29
-1.803569988533362059e+30
-4.949231167596393579e+30
6.461401818874020683e+29
-6.050634024051921316e+30
3.422612428793716477e+30
8.172081034556267311e+30
-9.052882883671462263e+30
-3.827416683749821701e+29
4.371854949992436190e+30
-5.411576444315629993e+30
5.156243053704887569e+30
-4.542974796821961191e+30
1.323218144220682522e+31
6.218230867513208142e+30
2.852882240290724356e+30
8.083707072324578411e+29
-1.454917914738559986e+30
7.519140849072610450e+30
9.795820154964281324e+29
6.183471107730798010e+30
5.905613424419753920e+30
-5.780173031584363472e+30
6.566045425542911014e+30
1.922834030582325349e+30
1.864767612535263303e+31
-1.659388074060082222e+31
-3.317493424401647329e+31
-1.551556136356638271e+31
