4.053094309257632000e+15
6.277448720834392064e+18
-1.443689864519619379e+19
3.153931420164619633e+20
-7.850193193260204687e+20
1.235388107886403518e+21
1.433613309097636004e+20
1.204718801021009134e+22
2.027751312974956483e+23
1.200663659182234010e+19
1.877669908596334592e+20
5.506354367903105548e+21
-1.623233169028166766e+22
-8.316640438350554910e+22
4.942181713363657241e+22
7.176479966543690009e+23
-2.634319711193065975e+24
1.091304191165566568e+25
1.599282982521822904e+20
-4.491363121446164890e+21
1.912571334682840610e+22
-1.130274839493011413e+23
-1.303655608805601837e+23
-1.973540434953936822e+24
4.262992086758341539e+24
2.597199744360432260e+25
-1.206647166717315920e+25
1.661499250359115448e+21
-5.564708110155165100e+22
1.311141221651737383e+23
1.195994858337179890e+23
-5.453867078829779053e+23
2.436022494181961991e+23
-2.080495527073190488e+24
-7.945765563783469513e+24
8.919315541618546562e+24
5.297043802782436736e+25
-5.395478961123706798e+20
2.057946606178424534e+23
7.543134356670898609e+22
2.647906340296060956e+23
3.324234152802310146e+24
-9.881819960610629007e+23
-1.867390109482573443e+25
1.105123722174580826e+25
5.503987242927359883e+24
6.550784347531343070e+24
8.583453218415737611e+23
3.711318203400096883e+25
1.416264104525725434e+21
2.222495903734382041e+23
-2.148481694939704023e+24
9.833286004706588081e+24
2.397409061536583918e+24
3.700399079141631402e+24
-1.009049791217119722e+25
3.597627736810008774e+24
4.831366577720282844e+25
2.287122833617709060e+24
-2.434585401552770040e+25
3.520320537704633476e+26
-2.850520723590161937e+26
4.679365531221915135e+26
-7.733127699616531218e+21
-5.386575059028968923e+23
-1.387257882486973925e+24
1.568908096393611494e+25
-1.804716827740005544e+25
2.874541154081432238e+25
-2.216883288101047967e+25
2.669508810140406497e+25
4.226877222258126733e+25
-9.199010021075216595e+24
2.854080127641072426e+26
-2.769969514891094559e+26
-3.323134011613879781e+25
7.906485730833171084e+26
-1.264560701591054075e+26
-1.103598285661874359e+23
-2.744498784737016330e+24
-2.886103657888315295e+24
7.141000947848179761e+25
2.272094652022870688e+26
-6.537565134636575571e+24
4.422934121336988222e+26
3.177880734010505240e+26
-1.438773952333608982e+26
8.678166690918299642e+25
9.420893063995781295e+26
4.491132694641648744e+25
1.162459553911152128e+27
-1.584495364788731781e+27
2.504623507363971392e+23
-1.124425054936721137e+25
-1.028825501943853717e+26
2.758756148333060185e+26
-7.501535076329250886e+26
-2.444864448858549045e+26
3.092560817200165212e+26
3.198608756364015880e+26
-1.137437545867069216e+27
4.875385347145286165e+26
-6.730256043874030010e+26
3.187327003468205751e+25
-1.797642510302489758e+27
1.166623467360356663e+21
-1.116204903477758919e+21
3.208882743375197477e+22
-1.883995767132868785e+23
1.180302306122611137e+23
-2.431914196687806257e+23
-2.247818165603884954e+23
2.997764314458307890e+23
-2.780425803678948545e+23
3.922946399813154613e+24
4.970804685290407780e+24
-2.139625584847278942e+25
-3.399534194640258489e+25
-1.587624748172096896e+26
1.158636374651811547e+26
1.691905533436758652e+26
-3.838836640968073187e+23
1.045697135382847495e+24
-1.180922638528663526e+25
3.538407113228157661e+25
1.067040105404103197e+26
1.151251378338406120e+26
5.757088084184203841e+26
5.919041236866941225e+27
2.663759165832225884e+24
-3.984003031982109297e+23
8.571128992212669432e+24
-5.643476318050971642e+25
1.261200719545111051e+26
-1.454648195506793855e+26
-3.654808122766247263e+26
-3.657714232228859774e+27
6.058336742472574842e+27
-3.120229911974337611e+24
1.551355930940800490e+25
-7.083886057627406253e+24
7.666418272593302631e+25
-4.411581287415223007e+25
2.081377722973949441e+25
8.326046803285181266e+25
-3.542056891114527460e+26
3.968635400997532456e+26
4.518968035564089008e+27
2.918342665645861246e+27
-3.324777790854508698e+24
-3.633322772725230746e+24
-3.015776787592929815e+26
9.627660946570876024e+25
1.416636201710150208e+26
2.203719664327096674e+26
-5.431236652976440499e+25
-3.240218499452295599e+26
-1.917445050003309284e+27
-7.863536720090947148e+26
-4.684400441007507994e+27
4.791679252049662353e+27
1.519645165739909176e+28
-1.366796290671886418e+25
3.359714675841435063e+26
4.196740061693792484e+26
-4.936416582961858679e+26
1.172260495918050858e+27
2.521296808249030140e+25
-6.395012328437555283e+26
-7.003278525349477841e+27
-7.400745433531365756e+26
-8.795826440082472090e+26
1.297261513002794663e+28
6.451302179921142140e+27
6.495920777602813543e+27
-7.985866408384854514e+28
-3.194532315586409905e+26
-3.232272683856306404e+26
1.158184006755568416e+28
3.571477015911852535e+27
-4.663203609790119328e+27
-8.025113521430798470e+27
-2.924460879140193260e+28
6.074650505477194461e+26
-8.773922711832755504e+26
2.198047113063647545e+28
-7.714726610235365687e+25
-5.962365542466486682e+28
-7.700976565581556866e+28
-2.591209328957625383e+26
4.163811794996909813e+27
-5.735040686533307364e+26
2.144001547310985666e+28
-3.259019270834636207e+27
-3.165550322413033572e+28
7.117152047728118879e+27
-3.365138519480136052e+28
-8.537684871370246143e+28
1.626950791946974292e+28
-5.634827623398518530e+28
-4.335904534057483584e+28
2.677489296727505675e+23
6.294519103307154698e+23
-3.053042862240766120e+24
1.034757080017035803e+24
-4.487450783061936662e+24
5.110940215880233890e+24
-6.461290012539182599e+24
5.022024602030116101e+25
7.075007219843412341e+25
-8.373909770832315769e+24
3.874902092095041833e+25
-1.693254624878463213e+26
-2.217088330028634918e+22
-3.605156447669361852e+26
5.805144702231954356e+26
1.998700243422583056e+26
-1.241173798490323445e+27
-1.803836535064236516e+27
-5.703290296316735639e+25
-6.122282617162145384e+27
-6.621881080158659578e+27
2.232045471180590504e+25
-4.486848659895199155e+25
1.185191887563855159e+26
1.742765058255925094e+26
-5.452040378489389393e+26
-1.542066019826432038e+27
1.304746335785358153e+28
-6.519161003330434108e+28
2.067897090109753367e+26
-2.101040786350079361e+26
2.215084675305270902e+26
9.928610854655875622e+26
1.932617124156060533e+27
1.526094831297455752e+27
1.719080818403660652e+26
3.755988288447008462e+26
-1.484062733781551473e+27
1.886434224960649967e+29
2.020640712438708024e+26
-1.201046779673816405e+27
-8.154550699519911218e+26
7.671417177171452029e+26
1.766083194771741642e+27
2.195039392054249385e+27
2.863402074333585568e+27
1.966006553661594141e+27
-6.119666221371278963e+27
-2.796247861420607296e+28
1.174141721625864325e+27
1.144944296660714049e+29
1.643629952425143373e+27
3.033337172098851563e+27
-1.127267918445043716e+27
1.196038399901098431e+28
-2.631966765946274673e+27
-5.387835551962531732e+27
-1.691190939958975931e+27
-3.876264691063393081e+27
2.579310022964094267e+28
-1.247164349643734688e+29
2.715610870887359766e+28
-2.377198247759916819e+29
2.150338263697294697e+29
4.505498629673776278e+27
-2.997404891014019354e+28
-3.844335042285364222e+28
2.394332933428451129e+28
-1.718000149984502187e+28
-1.425617113740411200e+28
-4.797832662330478113e+27
5.643231630533292046e+28
-1.605945796702737804e+29
4.195900230586388241e+27
1.112182389538132789e+30
-1.187947398746614567e+29
-4.049185765530627299e+28
-4.563625754286647996e+28
2.888311127317482600e+28
-8.317806539483466928e+27
-8.789580547897554595e+28
-9.231935366617759398e+28
4.878537294008973853e+28
1.257830046318179966e+28
-2.271430094686590614e+29
1.418672727738393133e+29
-7.451420552091177321e+28
-1.883673953785546436e+24
2.623412801537489827e+25
1.711257553409999295e+26
6.271194099142768942e+24
-1.622880967124611619e+26
4.857577943545731790e+26
-3.319501976464244333e+26
-4.461390895161663025e+25
-7.925959967130808884e+25
2.862311748563605862e+25
-3.278810445772590125e+26
3.147972367735682266e+26
-1.137708526357767865e+27
-2.100842657169497622e+25
-5.112055834752110822e+26
-2.547957351895661362e+27
1.928371380305218850e+27
1.213036641727357465e+27
-5.018182359217357498e+27
2.362170789032027725e+25
-6.828471444786091281e+26
5.847189070350477452e+27
-6.024851697904503782e+27
-5.337649872772389236e+26
-1.047169288043950118e+27
-9.882116188709390125e+27
4.419138032486554781e+27
1.837408993415184620e+28
-8.347189630331715839e+27
-4.497300115858413612e+27
3.292664425341864073e+28
5.453415372013032175e+28
6.658841108948224290e+27
-2.363549612154948183e+28
6.367351744698294879e+26
-3.375393125433974727e+26
-1.391378446175563599e+27
1.436330623848269680e+27
2.690287458931879313e+27
-1.947834844167384210e+27
3.336125425843252882e+27
-7.100684742438657709e+26
-4.437100302474161289e+27
1.115713290108804375e+28
4.097334443414534318e+28
-6.357973297704619504e+27
-1.385398021487486367e+29
-9.126756539627937590e+28
-6.286725473271088753e+26
1.205856092906411584e+27
6.307030379870008855e+27
-4.515639459385616860e+27
-6.928102790058590697e+27
-1.290162736553520821e+28
1.456969390086794378e+28
-1.270290780241217464e+28
6.487882939642342866e+28
-1.058125382611770811e+29
-2.944108832741488559e+29
-2.253661828950782566e+27
-6.671680827254746693e+27
-2.531386739609062668e+28
1.476739870625636833e+28
2.707055923808916876e+28
-2.507580960089183705e+28
6.754737249575130664e+27
1.072913098938717587e+28
3.652378879638775893e+29
-1.858205788033967000e+29
-3.507541716516964865e+29
9.293449287333313554e+29
-4.456429410603216113e+28
-1.475775391692768980e+29
4.539732315303655520e+28
1.160877344889052541e+29
8.280684732489322047e+28
-1.341252353507607233e+29
-2.272349769534530204e+29
2.018317943890902854e+29
3.392940165909745895e+28
3.446580575393800858e+29
9.775939959631329169e+29
-9.802920835368358317e+28
-5.811471946069701344e+29
3.496344184722204127e+29
1.117387318015356693e+29
-2.433367109615630941e+29
-5.185450662609193362e+29
-7.648723867181297078e+29
-5.376062535913773529e+29
-7.190429424618712424e+29
-1.305018223783944263e+30
-5.257106781785928150e+25
-6.781202722399461708e+26
5.848953032434695339e+26
1.027806934670678194e+27
-1.163538435195422087e+27
-7.734691790557269342e+26
-1.730983715767687641e+27
-3.544225401797341649e+27
-2.305645930909443697e+25
-2.962254597680346764e+26
-5.298449647346241686e+25
-7.391907179221101596e+27
3.258343177459565044e+27
-4.548591809037914283e+27
-3.145982094225545799e+27
4.335128282415595883e+27
-1.537007028163763723e+28
-3.257318632612588689e+26
6.154411718827904853e+27
7.079753902713942575e+27
3.321430160097222314e+27
-3.817097011412880055e+27
1.221673475659588338e+28
2.371449841338390660e+28
6.893223109469517633e+27
-1.618521396952465486e+28
7.561095715930440821e+28
-9.589712670390624171e+27
-3.519187768699710983e+28
-1.012438313104937242e+29
-2.268089210192392098e+28
-6.793570868817683457e+27
7.943396010481749160e+28
1.062624572825175659e+28
1.208524871855829538e+29
4.861370728936767196e+29
2.494194075724499870e+28
1.352108847684315305e+27
-1.550219929838456575e+28
-1.421436731936124399e+28
-1.921175067992694924e+28
1.538164356801309757e+28
6.253287075683323678e+27
-1.350282707772264377e+28
1.613186785117736690e+28
1.846237314978282480e+28
5.040760384348694692e+28
4.004211399707046714e+28
-1.080229078200593806e+29
2.232299220144693616e+28
-3.089656178541742042e+28
-4.955555757257176830e+28
-3.281525016765691141e+28
5.994114361041546903e+27
-2.518525706510050578e+29
1.257438781760048779e+29
-3.914851362195189783e+29
2.471666548727717337e+29
2.448191521531014837e+29
3.274214996283268694e+29
8.878508631285192071e+29
-2.909916092364024716e+29
1.341817021421263610e+30
8.785510561175087927e+27
4.756474323340063399e+28
-1.212757351196071562e+27
8.092552639792718867e+27
-3.261170836128723055e+27
2.465564840858049279e+28
4.235375564760583501e+28
7.602010187757599328e+28
-5.606490292055028628e+28
-2.548046058797686486e+29
-2.025541728621847925e+29
-1.026323566851323539e+29
3.442218467576336000e+29
2.977452200432510268e+29
6.289185370862288854e+29
9.642698607025134099e+29
-4.337482921022908531e+29
-4.102679964552228089e+29
-1.390715543474610091e+29
-2.365933885929070070e+28
-2.475593683466886451e+29
8.178503442524893331e+28
5.700192223857470137e+28
4.405235757583107907e+29
-8.152299118542976764e+29
2.775263154214818565e+29
-1.184901818553297723e+29
-1.791938676057385738e+30
1.224938839687260415e+30
-1.280301967356320569e+29
7.511890702373432164e+29
-3.917080390076028949e+29
1.756995202567133446e+30
-8.924937696269544151e+29
-1.686719322227851826e+30
4.578829321138446348e+29
-3.208229462103553546e+30
-1.608749997273377097e+25
7.391403555927697454e+26
2.440433419748025665e+27
-1.386868277208179519e+27
1.858065889695267621e+27
4.085221591885211955e+27
1.699685974239998914e+28
9.143402981695736834e+27
6.134810720520734029e+27
7.922609903603602730e+28
2.747326615952104684e+28
-3.946619748210549115e+26
6.748894677289975469e+27
-2.169229694532689657e+28
1.483477159047304459e+28
-6.191122126610879599e+28
-6.090633960075981823e+27
2.783254687782905355e+27
1.334317455073126765e+28
1.781036846055829509e+29
2.261825908575426088e+29
2.266599438648051771e+28
-4.735641330986206472e+28
9.660509458179170906e+28
-1.229371120585766608e+28
-4.020313981770051234e+28
-6.109543784033049235e+28
2.799669540534781714e+29
-5.390391745818413346e+29
5.246106576086955440e+28
-1.177454994213956598e+28
1.034539972498680498e+28
6.594552425193308536e+28
1.520038976028469691e+30
-4.310462306990950797e+29
7.393552186535141491e+29
4.543797589373757523e+29
2.685053194449438101e+28
-3.077344605233392181e+28
-5.329187354945658126e+28
8.363869527823152280e+27
7.312525559808560231e+28
1.772106405975550283e+29
1.585411886914037451e+29
6.048756089468302701e+28
8.746157178302937406e+28
8.676958340934187234e+28
2.053366382316190428e+29
-4.899820219640969576e+29
1.441548238696154097e+29
-6.475168534086623507e+29
5.196781813008322509e+28
2.783797002092494664e+29
-8.700604973810772680e+28
1.361747604035323988e+29
1.436556635207962945e+29
-5.548221616725357086e+28
-6.608023860307454745e+29
9.716755426365532250e+29
-1.006470561085543489e+30
9.528936842106840112e+29
-2.412596724811560463e+29
6.899340752062528388e+29
9.818859362937014863e+29
-1.559107589101880032e+29
2.626900172053629809e+29
-3.088553420480559795e+29
-3.309820270761752278e+29
2.624592446487565303e+29
-1.105065584873157831e+28
-2.857907226113141789e+29
1.770832987503912790e+29
-4.325831974916542229e+29
-5.569864387148901106e+29
1.338325912320471794e+29
3.688178005497115121e+29
-3.409504872625159854e+29
1.222381907813365349e+30
-2.842887917153227759e+28
-2.587409690872913032e+29
6.291199933840564510e+29
3.308217780467666101e+30
3.146392599096547234e+30
-1.705536337163594408e+30
-2.349636493956220472e+29
2.153648842442944005e+30
3.177471914810705097e+30
2.414135225621449168e+30
-1.371967928054413396e+30
3.949625148592715103e+28
-3.307552960788861461e+29
-5.732768628897466666e+29
-1.118406571902860926e+29
2.994444855975967594e+30
-9.945643031590099761e+29
1.576194135691603046e+30
1.091019219679998401e+30
-3.552890995714347419e+30
6.132592205768344003e+30
1.822832800056359805e+30
-2.235387190419798158e+30
-7.194994284770006313e+26
-1.333699349576012661e+27
-2.185737516554925099e+28
4.715415570877224222e+28
8.874264867238561837e+28
-4.793168846551631365e+28
4.780689805863227621e+28
-1.514480374756835964e+29
-2.767755860600598859e+28
1.302817106267872439e+27
-5.873708989850079468e+28
-1.973963423323944105e+29
-5.044392137947968180e+29
7.659179605274465699e+28
-7.884302739881833986e+28
6.076968368680555454e+28
2.421135307998418512e+28
-8.372163854145705182e+28
-5.727182094312175257e+28
4.111526300319082279e+29
-1.186298030440120919e+29
-4.938383685881911300e+29
1.158746180652748230e+29
-4.515707655681672365e+29
2.114525193889758801e+29
4.139060513473623911e+28
2.324671356525691125e+30
1.097816990508152759e+30
-1.359256660241583583e+30
-1.591270227684637502e+28
-6.247109197202654022e+29
6.407913032612455200e+29
-3.486032666289731922e+29
-6.230129105943184696e+29
7.250132271548513001e+28
5.062281385341238030e+30
8.498203171892764746e+29
2.476828844076700236e+30
2.199644964618277961e+27
6.872018788329382105e+29
-4.538747145989446294e+29
-8.083099158081230438e+29
-1.124196747617985065e+30
-5.897342084636556287e+29
-3.438210504362673635e+29
1.743146042506343505e+30
-2.685307332892788492e+30
2.300158551814902248e+30
2.374492458099066823e+29
-4.726487717001217960e+30
-2.512600013887367749e+30
-1.999204754089415459e+30
-9.334073385112637715e+30
-2.823660938298035509e+30
3.618841796038014910e+30
7.248741689154762091e+30
2.896661945898389794e+30
3.692740221657319276e+30
4.681553597730915144e+29
-1.015917952234575976e+30
2.420983340160525761e+30
2.432343468567860704e+30
-1.911756424081201234e+30
-5.424694505942560510e+30
3.296393324254909483e+30
-5.322302809717697620e+30
7.695422256588500497e+30
2.861650755973819264e+30
-1.405351761565715910e+30
2.512118502595295354e+28
3.679601302991018360e+29
4.636633874686655870e+29
-4.972461435569202095e+29
-5.549696746988621974e+29
-1.167551766084268648e+30
-3.981275631394471513e+29
6.446261310295144429e+29
-1.266182551470737376e+30
8.250147082765792643e+30
8.720183514881517844e+30
-1.038343096858716850e+31
1.590112734810442126e+31
5.277976324682581146e+28
-3.487836085855000323e+30
4.046393351075510556e+30
-1.368761396000050874e+30
7.203061277491843730e+30
6.753339961790195546e+30
-1.330508554205507204e+31
6.995194092380245180e+30
-2.123342983776920615e+30
-2.188004406373286251e+31
2.900725517043718300e+31
9.035273304550329519e+30
-1.708705394290766976e+31
-1.465009559190180956e+30
-1.116450240382931682e+31
-1.984314158092397862e+31
3.200726236048247419e+31
1.236932895358090990e+30
4.909173756435891946e+30
1.701229882230927560e+31
-1.541877556097827927e+30
-1.715560846084152112e+31
4.085638519966485903e+30
-9.932007821718008571e+30
3.335866715952755367e+31
3.582008584853714856e+31
-1.824380719787218432e+18
4.032926257521164288e+19
-2.201956307621868012e+20
-7.571919923235880960e+19
-5.253729663239178158e+20
1.033297976592799105e+21
-2.794097095467648575e+22
-3.439526934297822678e+22
-5.675328471367383450e+19
4.000743808842942382e+21
-5.471689198516878862e+22
1.067149514524435730e+22
-1.865876185215194953e+23
5.853724955745562174e+23
-5.716277160012504130e+24
4.269347475730858160e+24
1.066741967334524165e+22
5.769533696238059258e+21
-1.305761953044883938e+23
-8.087446128344209084e+22
1.368169076255425749e+23
-2.453054790274807060e+24
-3.360768420308370235e+25
-8.730370100407198301e+25
1.017015544706128958e+23
-2.789610737034988534e+23
-1.784763460638529856e+23
-5.185137145826576664e+23
-3.774065921140041816e+23
8.764448182535197190e+22
5.795222501324661392e+24
2.181897879094161345e+25
-1.622724198150267406e+26
2.907468914585262201e+22
1.185646320950297198e+24
2.432263630381009632e+23
-3.599203940011677739e+24
3.680699112483440967e+23
-2.093451144400604100e+24
-2.066029066425481057e+24
1.685101987448981055e+25
-2.048230393890314364e+24
-1.456739572303676181e+26
-2.964278922595145695e+26
2.629397873976103928e+23
1.953552600251768777e+24
-2.245902782072338225e+24
-7.838260551622779661e+24
1.302359200823915219e+24
-4.809623057893583646e+24
1.832942139284198745e+24
-2.285326611623312557e+25
-3.664423099153469365e+25
-1.123593321281964127e+26
3.635427485330951387e+25
2.950906222492999787e+26
4.264294936202076513e+25
-1.938088829909726814e+24
-3.443002123700065240e+23
-1.597326941609420910e+25
-3.809034853394226738e+24
-7.520150153971064537e+24
1.665757090151685402e+25
-2.860059005962180327e+25
1.512266122649765785e+26
-3.366850617431778562e+24
7.139609475554338445e+25
-1.911979182107069651e+26
3.807850785777945989e+25
4.143336915341732869e+25
2.999282108849398318e+26
2.974960983403854903e+24
-4.510767358322796116e+25
4.597412903109542721e+25
-2.599364576621143330e+26
6.586405013042433587e+25
8.221488777252804237e+25
4.655517735366827063e+26
-1.926338011835573460e+25
1.803200746107125243e+26
-2.372456768366308954e+26
-8.637148108119849034e+25
2.064748566960026498e+27
3.950823222298258248e+26
-6.656465141095217043e+24
-6.690430450535066486e+24
6.529918137120987339e+26
-3.060131694844131424e+26
5.243414942285856323e+25
-1.085493065432951607e+27
1.224154698154801822e+26
1.582423410063122800e+26
5.381858003013764922e+26
-1.188912098342295363e+27
5.740589943992486692e+26
-5.434870753298250855e+26
9.264514871134643028e+21
6.577465608662354074e+22
-1.544416190285086930e+23
5.883299127435593316e+23
7.373051336860588174e+23
2.898502916227136601e+24
1.949222129423899433e+24
9.709324203300462254e+23
-3.796107581111994061e+23
-6.000089935966198917e+24
-3.816667174388261476e+25
3.065184521038982548e+25
6.431165230496735678e+25
1.362782527611695400e+26
-8.074173691591375580e+23
-7.973882930274669118e+24
-2.339261889838088864e+25
-1.256618230521844601e+25
1.063173647846049205e+26
-3.842475061182309485e+26
1.073209987401679425e+27
-2.063793417333675078e+22
4.824348833846636086e+24
-3.989344232911537193e+25
3.688033048911975040e+25
-1.087461214992530940e+26
3.347002942570339713e+26
-1.003538935206168858e+27
-1.177646031232633128e+28
-5.149005704543250137e+25
-1.614782435792507380e+25
5.647622925854627706e+25
-3.848615806632904891e+25
-2.561401942148190960e+26
-7.151819731349506629e+25
-1.871396065705250958e+26
2.967962836927740827e+26
-7.287488018093213418e+27
5.828098208822693648e+27
-1.408749186862120945e+26
8.916929510638373360e+25
-4.973757626119308302e+25
-2.454735407443184143e+26
-6.665335019272775124e+26
1.517166735035340644e+26
1.442939361583327050e+27
-2.202173861869496079e+27
6.014502488485273005e+26
-2.279516174903101928e+26
-1.642570528116625449e+27
1.063579838628318638e+28
8.542888461467156159e+25
-5.304784725031992891e+26
-3.453931623467255601e+26
-5.091612930376845554e+26
-3.506930024089390358e+26
-3.291638367664857765e+26
-3.435471821198837110e+27
4.418024613032534063e+26
-4.804812876445122301e+27
-7.854174424421501717e+27
5.302494099554435534e+27
5.096655956770476766e+27
3.181310028622559336e+28
1.324160051487925936e+27
3.374412447345806837e+27
1.501886831123417956e+27
4.801287808817736118e+27
3.762153141794381495e+27
-9.141845426624068394e+26
2.489138131957746117e+27
5.253536508634611917e+27
-2.941775748303332835e+27
1.729654609876171351e+28
-1.652596567164173997e+28
-2.605041431682082903e+28
-6.523323495290819804e+27
-1.722459350057454518e+28
2.890692323210942024e+28
-9.385581984646462118e+27
2.748118651034379466e+28
-1.581107792758182040e+28
1.637497761728443474e+28
4.221710939423565045e+28
1.385617216427123446e+28
1.668693159364834427e+27
-2.402076226241645640e+28
2.819051451930442950e+24
-8.274730560960569090e+24
9.637857659787658786e+24
-1.455990305184901218e+24
4.996249654946218966e+25
-2.311992011353738956e+25
1.762632771730597822e+25
1.047480316711603782e+26
-2.989216725149601417e+26
-1.477874994771182355e+25
5.695102563131034434e+26
-3.307702256604149966e+26
-6.261793798567923435e+26
4.779434423808340498e+26
4.212670870631449921e+26
8.460871656653406526e+26
-7.997008886570471632e+27
-7.983541662888252727e+27
-2.441969325450111493e+25
-1.493352588401361487e+26
-4.018200954496392612e+25
8.221299432053993646e+26
2.535858493436751605e+27
2.728490444221805190e+28
-4.411189319014945215e+27
-1.103810400562975824e+26
-4.018044039126411360e+26
2.931398707041118704e+26
2.538146035940859491e+27
2.786003812319942101e+26
-1.676626631129639404e+27
1.033009086046001858e+27
9.479604557256599072e+27
-7.904940805181341274e+28
-6.270475089124529972e+26
2.113763780727123539e+26
-5.117631041184121156e+26
1.747024344076526458e+27
-2.565708003126508963e+27
-6.385624541631191950e+26
1.148245387391810341e+27
4.620657415884561383e+28
2.352412300165377771e+28
6.212614429789633789e+28
-2.939252863844852751e+28
-7.249942440265877662e+27
-6.838188854580655482e+26
-6.573814022685673142e+26
-2.526471762083708537e+27
1.905873506658234833e+27
-2.627402010055702671e+27
5.551403118719884405e+27
-1.563203681557349648e+28
-4.314783725437694241e+27
4.907996506080057864e+28
-5.110285755966526555e+28
6.800665187453064490e+27
-4.875980787351979923e+28
-4.938338567147775689e+28
-3.919843276949770863e+28
2.822343406054919153e+28
5.215935731023698605e+28
1.299776649092613597e+28
2.877906246028187245e+28
-7.899868048675245343e+28
9.260076723485384678e+28
1.057448486455066223e+29
4.195259211013535405e+28
-2.670067646424018603e+28
-1.037688261430353601e+29
8.213716388641335762e+28
-3.252123396100142945e+29
-4.104550640419899825e+28
-2.958698094020128541e+28
-1.893626779678077739e+28
1.660369124081887552e+28
3.694697971821155676e+29
4.426827267612334072e+29
8.678176282318884008e+26
-1.022537447424107740e+26
-2.959898131361564411e+25
-2.416670167756199918e+26
4.594325391818724484e+25
2.588237357980988264e+26
1.709139298592270782e+26
-6.573964205854037109e+26
-3.006558398811176996e+26
6.520801160590914852e+25
-6.783073681215706513e+26
-8.520300793665534145e+26
4.031468911269405888e+26
2.417789785011712099e+25
2.921650759095316600e+26
-1.591827545697692350e+27
5.476434035030632346e+27
3.697512915288323222e+27
-2.928683263704098816e+27
-5.760352500268977259e+26
2.466516750354333625e+27
1.101726739103470481e+28
5.534850266002897731e+27
-3.337285248925487905e+28
-4.397507917826814204e+27
-1.729825575802921545e+27
9.200062804772557842e+28
-3.588372537261381073e+28
-1.579280448128936626e+29
2.169507597811377260e+27
1.370258400084879482e+27
-3.377147813635903296e+27
-2.555720612360210849e+27
1.272305135111141988e+27
-4.070904986685742199e+27
-1.943738750307035855e+28
-1.033378473601229203e+27
6.744723163976474679e+28
-5.726172831242929170e+27
9.688113657774928566e+28
-2.587144107884872375e+29
4.851004520728431516e+27
-4.762761993813289699e+26
1.065213944927018835e+28
-1.310203253548972748e+27
9.763155751260065042e+27
2.165818195401411095e+28
1.965417303028308757e+28
7.284240886622128574e+28
1.876929208182869902e+29
4.073717838159730553e+29
-7.627798472587012541e+26
8.767332930181530334e+27
-4.896733620768248226e+27
4.689263549465662349e+27
-3.959927326626440179e+28
6.802238593327104728e+27
1.527786639226904484e+28
1.297484217610982617e+29
6.776313425118200886e+27
1.126221517620724903e+29
-4.062501499050667734e+29
-6.210235872157250238e+28
-2.384780204638477425e+28
-5.727386686086132899e+28
-8.800340340744587194e+28
-4.159296594452794962e+28
-1.629696089821570267e+29
-4.685942621292740601e+29
-4.140695281330003673e+29
-1.987928914327720292e+30
-2.752989173144334405e+29
-1.699420470914842207e+29
2.919680727097972702e+29
5.616473350870663060e+29
1.054691178574473658e+29
-1.433443473738644973e+29
-8.510044257676482721e+29
1.367043459840585679e+30
-1.395550239863909457e+29
1.379282855154005966e+30
2.246589638095627211e+27
-1.181440440019363095e+27
-4.096175461492110792e+27
-1.971563199069500756e+26
-5.280027654060855028e+26
1.779458187994256404e+27
-3.150280680166361524e+27
1.144739850598394382e+27
-7.697875764815948003e+26
1.052629161855711347e+28
-1.366516204602059400e+28
2.286739638172229080e+26
-6.105817513468668608e+27
-4.777231261036815056e+27
-2.050685784684923964e+27
1.205017293138580592e+28
-6.300470455861825271e+27
2.731627443544581150e+28
-6.264177335554567404e+26
-1.739597002305460771e+26
-4.728241456074519628e+28
1.648528164443151946e+29
7.062945327857701189e+28
-1.112005008325904791e+29
-7.837359731451521401e+28
5.538331101406567184e+27
1.225634446463168439e+29
-2.860475483463717778e+29
1.891368813495312444e+29
-2.295789001232898720e+28
1.511076319345665196e+29
2.006364571401052910e+28
-5.931931294651183237e+27
1.013713244539330865e+28
9.338840247733877301e+27
-4.031926856947652935e+27
3.557455388088468121e+28
-2.448909443375962274e+27
-3.090753675381304732e+28
-3.276754437217370843e+27
-7.357897673218669052e+27
6.171784885202223057e+27
-2.681972244716293205e+27
-9.374137845533231483e+28
2.553162696330598694e+29
1.467996128163537370e+29
1.061974981966029100e+29
-9.838096053824941145e+27
-5.199657246555315650e+28
-4.350268933096434763e+29
-4.943881540726381816e+28
9.930379012549705496e+29
-4.531530784594637518e+29
-1.782612152419283298e+29
2.528833402714649191e+28
3.407178927692867993e+28
-4.504305615886964686e+28
-7.969038128604408880e+27
-2.271351174367130853e+29
-1.347499002728232465e+28
5.622256070445363180e+27
-2.833406573806651843e+28
5.862654970185239622e+27
2.089097502180924558e+29
-3.296155321145234463e+29
2.278391843108151597e+29
-1.070450258952827037e+30
6.316738116473181143e+29
1.330047153792856824e+30
1.299664231172362597e+30
-3.188202456676592746e+29
1.136417752902475271e+27
1.729212991793826846e+30
1.566119148581675449e+29
-3.994703325160624765e+28
-2.605167469760315996e+29
-1.447565427119472800e+29
8.838195455098497336e+29
-1.865831098694266482e+30
6.420825104542309682e+29
6.708821333201412098e+29
-4.153130692028171380e+28
8.475696363015544194e+29
1.402431456787180843e+30
8.973748094489875272e+29
-1.870634760726978611e+30
-1.299830414409542109e+30
2.025583448861930592e+27
2.649378838988182607e+28
-1.241206588857051382e+27
-1.653852250671043430e+28
-2.484453212719637336e+26
-1.066562580443652375e+28
3.510024961760984456e+28
2.045545370511347511e+28
3.648460650136353613e+28
-2.346921764977754495e+28
-7.428183442821779850e+27
1.230113844955460157e+29
1.173940292028624275e+29
2.826240558191867272e+29
-9.044898277607698467e+27
7.207445551955830702e+28
2.052354760810281193e+29
6.486948963892565184e+28
-1.504233616816878190e+29
-1.118075965405911160e+27
1.490240666537675526e+28
-2.328620662028680093e+29
4.776682505665481527e+29
2.423243117653609471e+28
-6.808207265587180540e+27
3.203679884292088814e+29
3.655759551047343388e+29
-5.869810635231008794e+29
3.737749127602059985e+29
-6.125241166693942132e+29
1.046497594681443557e+29
-1.681866116812327624e+29
7.372837336413199651e+29
2.219805580581419115e+28
3.582840088497020637e+28
-5.034359670483983667e+28
2.691563684478123446e+28
2.868453213470237197e+29
1.116798242498980654e+29
3.627169727791693086e+28
-4.840657258308534417e+29
-1.221089204098723378e+29
1.938661928755325262e+29
2.884731263944683750e+29
-4.163929944558054028e+29
1.084228947007220651e+29
1.083884124698051730e+29
-1.021485657227250324e+30
5.981841995643096382e+29
1.030133669837821234e+30
2.866136286557041043e+30
-1.027228845676031384e+30
3.498099891038809401e+29
7.697055313385830095e+29
-9.896080715931866094e+29
7.074013341028761127e+28
1.138107104228628245e+29
-6.884685032288097882e+28
3.992184856271542272e+29
-6.077271849943817295e+29
5.521284628476987422e+29
-8.186682560411132856e+29
-1.446221225417795283e+30
-2.687746356062705356e+29
1.227443798025905424e+30
-1.015454335456570632e+30
6.835311762969264978e+28
-5.139515703220238201e+30
1.823220911378162844e+29
-9.931271889614293770e+28
2.869131848023322551e+30
-1.146776980058545535e+30
-3.071417088735687798e+30
-3.510624951259039785e+29
4.174456886782139915e+29
-6.075375199312035302e+28
-8.955831398338519202e+29
-1.883656918272584444e+30
-9.898735025646753910e+29
2.203836267316431634e+30
3.569737253477218439e+29
-1.769296618579206374e+30
-3.287541809671626942e+30
-6.549798727255640113e+30
1.606385050593745110e+30
4.229428059155134344e+28
-2.997846470297629024e+29
-1.625065128553282856e+29
1.347678883676523735e+29
-6.393147108655811806e+29
-1.415424191667378647e+29
-1.499019859273502047e+28
-2.164824466528426799e+28
-8.753271735055190280e+28
3.853075568871181329e+29
2.376859703712408301e+29
-2.196873935177039652e+29
-2.812125866430348635e+29
-1.425740551196050815e+29
2.072606330409284662e+29
-4.466807540039229672e+28
-7.847531017971340196e+28
-1.726817073605498509e+30
6.229057602439602255e+29
-5.150124425469458170e+29
6.333642074838047893e+28
6.576208707878837912e+29
6.351272383705929638e+29
8.208969167114515653e+29
-7.681867621425711985e+29
4.603779072050169750e+29
8.948942970693828549e+29
-1.153830670335891856e+29
-2.806595276148972108e+29
3.997219669548051302e+30
-8.288514045502321452e+29
-8.540984183066573519e+28
3.975049234725472125e+30
-1.831440863470943882e+30
1.696204134251464723e+29
-1.827163579172378877e+29
-6.483422147980325519e+30
-6.062504676752381499e+29
-4.279112749397487547e+30
-4.494518907705003616e+29
-2.554984846336263143e+30
4.599775130386984491e+29
-7.466652368397624032e+30
-6.735972765710920750e+29
-5.838357325191985690e+30
7.230592788615540031e+30
4.195933475311484517e+29
-1.777905080114544016e+30
4.596292451529519971e+30
-1.284660571894853616e+31
-1.120252395754136795e+30
2.103820227546872397e+30
-2.982187139103270124e+30
4.469707662576799093e+30
1.222735980969955528e+30
-1.865549410277395837e+30
2.754073841426530892e+30
-1.105141284614878096e+30
3.440555234633338875e+30
-6.646605356900022675e+30
-5.255979376479306483e+30
5.401929810779336934e+30
3.408620341610165143e+30
7.722281774099275518e+30
3.598784999103455830e+30
-4.540849498972514935e+29
-2.197143618333345154e+31
-5.273970036024202591e+31
-8.252857101731855415e+30
8.164791471829017413e+29
